# t
0.000000000000000000e+00
7.908171699999999585e-12
3.139031099999999953e-11
3.724572999999999785e-11
7.982935100000000393e-11
9.187824999999999496e-11
1.048062700000000031e-10
1.161457699999999953e-10
1.686786799999999935e-10
1.746822400000000116e-10
2.273440200000000073e-10
2.322227999999999883e-10
2.422297000000000078e-10
2.433722400000000091e-10
2.758642499999999762e-10
2.761119200000000132e-10
2.895770000000000227e-10
2.992468699999999903e-10
3.068200400000000037e-10
3.226581999999999953e-10
3.377912299999999773e-10
3.550728700000000103e-10
3.575187100000000147e-10
3.595581199999999975e-10
4.062600700000000029e-10
4.064312699999999826e-10
4.421156999999999935e-10
4.461390999999999943e-10
4.541608399999999795e-10
4.563529100000000187e-10
4.859879400000000195e-10
1.481613699999999867e-01
1.481613699999999867e-01
1.481613699999999867e-01
5.062102400000000335e-01
5.062102400000000335e-01
5.062102400000000335e-01
5.225332400000000099e-01
5.225332400000000099e-01
5.780566999999999789e-01
5.780566999999999789e-01
9.171110000000000095e-01
9.171110000000000095e-01
9.171110000000000095e-01
9.247162700000000068e-01
9.247162700000000068e-01
9.247162700000000068e-01
9.247162700000000068e-01
9.862016900000000197e-01
9.862016900000000197e-01
1.028754399999999958e+00
1.028754399999999958e+00
1.028754399999999958e+00
1.119378699999999949e+00
1.119378699999999949e+00
1.119378699999999949e+00
1.119378699999999949e+00
1.128684599999999927e+00
1.128684599999999927e+00
1.170122399999999896e+00
1.170122399999999896e+00
1.181820499999999940e+00
1.181820499999999940e+00
1.248451399999999989e+00
1.248451399999999989e+00
1.252286100000000069e+00
1.252286100000000069e+00
1.300029099999999938e+00
1.300029099999999938e+00
1.328090900000000074e+00
1.328090900000000074e+00
1.362050599999999889e+00
1.362050599999999889e+00
1.374632899999999935e+00
1.374632899999999935e+00
1.374632899999999935e+00
1.374632899999999935e+00
1.374632899999999935e+00
1.387547800000000109e+00
1.387547800000000109e+00
1.414209999999999967e+00
1.414209999999999967e+00
1.414209999999999967e+00
1.414209999999999967e+00
1.414209999999999967e+00
1.456612400000000029e+00
1.456612400000000029e+00
1.481643899999999903e+00
1.481643899999999903e+00
1.501232399999999911e+00
1.501232399999999911e+00
1.505984400000000001e+00
1.505984400000000001e+00
1.509533299999999967e+00
1.509533299999999967e+00
1.568175000000000097e+00
1.568175000000000097e+00
1.568175000000000097e+00
1.568175000000000097e+00
1.657853500000000091e+00
1.657853500000000091e+00
1.673049000000000008e+00
1.673049000000000008e+00
1.811478499999999991e+00
1.811478499999999991e+00
1.819025600000000020e+00
1.819025600000000020e+00
1.819025600000000020e+00
1.851865000000000094e+00
1.851865000000000094e+00
1.861686200000000069e+00
1.861686200000000069e+00
1.861686200000000069e+00
1.861686200000000069e+00
1.940597600000000034e+00
1.940597600000000034e+00
1.953232000000000079e+00
1.953232000000000079e+00
1.954291199999999895e+00
1.954291199999999895e+00
2.045577600000000107e+00
2.045577600000000107e+00
2.051059799999999989e+00
2.051059799999999989e+00
2.069805999999999813e+00
2.069805999999999813e+00
2.125812799999999836e+00
2.125812799999999836e+00
2.127519899999999797e+00
2.127519899999999797e+00
2.161839099999999902e+00
2.161839099999999902e+00
2.255535300000000021e+00
2.255535300000000021e+00
2.292007700000000092e+00
2.292007700000000092e+00
2.328245599999999804e+00
2.328245599999999804e+00
2.344129600000000035e+00
2.344129600000000035e+00
2.352122200000000163e+00
2.352122200000000163e+00
2.365155500000000188e+00
2.365155500000000188e+00
2.365155500000000188e+00
2.366973400000000005e+00
2.366973400000000005e+00
2.366973400000000005e+00
2.386104399999999792e+00
2.386104399999999792e+00
2.387189300000000181e+00
2.387189300000000181e+00
2.420409400000000044e+00
2.420409400000000044e+00
2.445036400000000221e+00
2.445036400000000221e+00
2.470824700000000096e+00
2.470824700000000096e+00
2.470824700000000096e+00
2.472925599999999946e+00
2.472925599999999946e+00
2.511533800000000038e+00
2.511533800000000038e+00
2.515303600000000195e+00
2.515303600000000195e+00
2.525294999999999845e+00
2.525294999999999845e+00
2.536020399999999952e+00
2.536020399999999952e+00
2.564747699999999853e+00
2.564747699999999853e+00
2.575764299999999896e+00
2.575764299999999896e+00
2.583125900000000197e+00
2.583125900000000197e+00
2.590535899999999891e+00
2.590535899999999891e+00
2.590535899999999891e+00
2.590535899999999891e+00
2.593262999999999874e+00
2.593262999999999874e+00
2.599589200000000044e+00
2.599589200000000044e+00
2.618513999999999786e+00
2.618513999999999786e+00
2.618513999999999786e+00
2.636021799999999971e+00
2.636021799999999971e+00
2.636021799999999971e+00
2.636021799999999971e+00
2.636021799999999971e+00
2.636021799999999971e+00
2.641193799999999925e+00
2.641193799999999925e+00
2.648485200000000095e+00
2.648485200000000095e+00
2.648485200000000095e+00
2.691606000000000165e+00
2.691606000000000165e+00
2.713107400000000169e+00
2.713107400000000169e+00
2.727834599999999998e+00
2.727834599999999998e+00
2.749949599999999883e+00
2.749949599999999883e+00
2.773066599999999937e+00
2.773066599999999937e+00
2.789645000000000152e+00
2.789645000000000152e+00
2.795928299999999922e+00
2.795928299999999922e+00
2.853723299999999963e+00
2.853723299999999963e+00
2.871532100000000032e+00
2.871532100000000032e+00
2.911640499999999854e+00
2.911640499999999854e+00
2.933834699999999795e+00
2.933834699999999795e+00
2.966587000000000085e+00
2.966587000000000085e+00
2.971834100000000145e+00
2.971834100000000145e+00
2.987750999999999824e+00
2.987750999999999824e+00
2.988384899999999789e+00
2.988384899999999789e+00
3.006662299999999899e+00
3.006662299999999899e+00
3.036496500000000154e+00
3.036496500000000154e+00
3.061483200000000071e+00
3.061483200000000071e+00
3.061483200000000071e+00
3.061770999999999798e+00
3.061770999999999798e+00
3.070359100000000119e+00
3.070359100000000119e+00
3.070359100000000119e+00
3.110784000000000216e+00
3.110784000000000216e+00
3.182750400000000202e+00
3.182750400000000202e+00
3.185848500000000083e+00
3.185848500000000083e+00
3.238297699999999946e+00
3.238297699999999946e+00
3.248343000000000202e+00
3.248343000000000202e+00
3.264581600000000083e+00
3.264581600000000083e+00
3.269101000000000035e+00
3.269101000000000035e+00
3.286750300000000014e+00
3.286750300000000014e+00
3.332647699999999880e+00
3.332647699999999880e+00
3.358671399999999974e+00
3.358671399999999974e+00
3.375595699999999866e+00
3.375595699999999866e+00
3.379412499999999930e+00
3.379412499999999930e+00
3.381589299999999909e+00
3.381589299999999909e+00
3.403579699999999875e+00
3.403579699999999875e+00
3.403579699999999875e+00
3.432733499999999882e+00
3.432733499999999882e+00
3.438404999999999934e+00
3.438404999999999934e+00
3.446776400000000073e+00
3.446776400000000073e+00
3.446776400000000073e+00
3.446776400000000073e+00
3.450324199999999841e+00
3.450324199999999841e+00
3.456695400000000085e+00
3.456695400000000085e+00
3.473896700000000060e+00
3.473896700000000060e+00
3.506737199999999888e+00
3.506737199999999888e+00
3.533522399999999841e+00
3.533522399999999841e+00
3.544173400000000029e+00
3.544173400000000029e+00
3.553344599999999964e+00
3.553344599999999964e+00
3.588583700000000043e+00
3.588583700000000043e+00
3.595171699999999859e+00
3.595171699999999859e+00
3.603200199999999853e+00
3.603200199999999853e+00
3.617435500000000026e+00
3.617435500000000026e+00
3.656420799999999804e+00
3.656420799999999804e+00
3.657851899999999823e+00
3.657851899999999823e+00
3.683983899999999867e+00
3.683983899999999867e+00
3.693216699999999797e+00
3.693216699999999797e+00
3.694635700000000078e+00
3.694635700000000078e+00
3.701123500000000011e+00
3.701123500000000011e+00
3.729621100000000133e+00
3.729621100000000133e+00
3.730798300000000012e+00
3.730798300000000012e+00
3.736674700000000016e+00
3.736674700000000016e+00
3.762909099999999896e+00
3.762909099999999896e+00
3.787105799999999967e+00
3.787105799999999967e+00
3.799345100000000031e+00
3.799345100000000031e+00
3.804672300000000007e+00
3.804672300000000007e+00
3.827538099999999943e+00
3.827538099999999943e+00
3.827538099999999943e+00
3.827538099999999943e+00
3.827538099999999943e+00
3.827538099999999943e+00
3.846760199999999852e+00
3.846760199999999852e+00
3.849413399999999985e+00
3.849413399999999985e+00
3.878434799999999960e+00
3.878434799999999960e+00
3.900275399999999948e+00
3.900275399999999948e+00
3.905086100000000116e+00
3.905086100000000116e+00
3.906445199999999840e+00
3.906445199999999840e+00
3.921056200000000214e+00
3.921056200000000214e+00
3.940774199999999894e+00
3.940774199999999894e+00
3.946116400000000191e+00
3.946116400000000191e+00
3.947495299999999929e+00
3.947495299999999929e+00
3.947495299999999929e+00
3.947495299999999929e+00
3.955421299999999807e+00
3.955421299999999807e+00
3.976545100000000055e+00
3.976545100000000055e+00
4.003533599999999915e+00
4.003533599999999915e+00
4.024188900000000402e+00
4.024188900000000402e+00
4.050310500000000147e+00
4.050310500000000147e+00
4.050310500000000147e+00
4.050310500000000147e+00
4.050310500000000147e+00
4.050310500000000147e+00
4.072470899999999894e+00
4.072470899999999894e+00
4.074473799999999812e+00
4.074473799999999812e+00
4.081122900000000442e+00
4.081122900000000442e+00
4.088890400000000369e+00
4.088890400000000369e+00
4.096023800000000215e+00
4.096023800000000215e+00
4.107844799999999630e+00
4.107844799999999630e+00
4.124353700000000345e+00
4.124353700000000345e+00
4.133842699999999759e+00
4.133842699999999759e+00
4.134418199999999821e+00
4.134418199999999821e+00
4.140265499999999932e+00
4.140265499999999932e+00
4.160147799999999840e+00
4.160147799999999840e+00
4.168653400000000175e+00
4.168653400000000175e+00
4.168653400000000175e+00
4.190891800000000167e+00
4.190891800000000167e+00
4.267131400000000241e+00
4.267131400000000241e+00
4.291827500000000128e+00
4.291827500000000128e+00
4.293240100000000226e+00
4.293240100000000226e+00
4.299864499999999978e+00
4.299864499999999978e+00
4.303576699999999811e+00
4.303576699999999811e+00
4.322699499999999695e+00
4.322699499999999695e+00
4.322699499999999695e+00
4.339989799999999676e+00
4.339989799999999676e+00
4.353566700000000012e+00
4.353566700000000012e+00
4.364988399999999658e+00
4.364988399999999658e+00
4.367688099999999629e+00
4.367688099999999629e+00
4.371396500000000351e+00
4.371396500000000351e+00
4.408724600000000216e+00
4.408724600000000216e+00
4.409146699999999974e+00
4.409146699999999974e+00
4.409146699999999974e+00
4.409146699999999974e+00
4.409146699999999974e+00
4.409146699999999974e+00
4.409146699999999974e+00
4.415498000000000367e+00
4.415498000000000367e+00
4.425635999999999903e+00
4.425635999999999903e+00
4.427883399999999803e+00
4.427883399999999803e+00
4.465370100000000342e+00
4.465370100000000342e+00
4.469803899999999608e+00
4.469803899999999608e+00
4.474583799999999556e+00
4.474583799999999556e+00
4.474927600000000005e+00
4.474927600000000005e+00
4.476006800000000396e+00
4.476006800000000396e+00
4.514012499999999761e+00
4.514012499999999761e+00
4.523545499999999997e+00
4.523545499999999997e+00
4.567674199999999907e+00
4.567674199999999907e+00
4.620691299999999835e+00
4.620691299999999835e+00
4.621749900000000189e+00
4.621749900000000189e+00
4.621749900000000189e+00
4.636017500000000346e+00
4.636017500000000346e+00
4.636590400000000223e+00
4.636590400000000223e+00
4.636590400000000223e+00
4.686337100000000255e+00
4.686337100000000255e+00
4.700589599999999812e+00
4.700589599999999812e+00
4.700589599999999812e+00
4.700589599999999812e+00
4.710625000000000284e+00
4.710625000000000284e+00
4.757308300000000045e+00
4.757308300000000045e+00
4.768063099999999999e+00
4.768063099999999999e+00
4.783248300000000341e+00
4.783248300000000341e+00
4.788211500000000065e+00
4.788211500000000065e+00
4.803735099999999925e+00
4.803735099999999925e+00
4.811155199999999965e+00
4.811155199999999965e+00
4.820276500000000297e+00
4.820276500000000297e+00
4.823321100000000250e+00
4.823321100000000250e+00
4.825852300000000206e+00
4.825852300000000206e+00
4.831142100000000106e+00
4.831142100000000106e+00
4.853822899999999940e+00
4.853822899999999940e+00
4.860383399999999909e+00
4.860383399999999909e+00
4.872984100000000041e+00
4.872984100000000041e+00
4.875477000000000061e+00
4.875477000000000061e+00
4.881110600000000410e+00
4.881110600000000410e+00
4.893003399999999559e+00
4.893003399999999559e+00
4.893079199999999851e+00
4.893079199999999851e+00
4.897334400000000088e+00
4.897334400000000088e+00
4.925457599999999658e+00
4.925457599999999658e+00
4.925457599999999658e+00
4.936964200000000247e+00
4.936964200000000247e+00
4.944188800000000050e+00
4.944188800000000050e+00
4.944188800000000050e+00
4.944188800000000050e+00
4.950990299999999955e+00
4.950990299999999955e+00
4.953155899999999612e+00
4.953155899999999612e+00
4.956093400000000315e+00
4.956093400000000315e+00
4.966776799999999881e+00
4.966776799999999881e+00
4.976673400000000136e+00
4.976673400000000136e+00
4.983941699999999919e+00
4.983941699999999919e+00
4.998378699999999952e+00
4.998378699999999952e+00
5.000769400000000253e+00
5.000769400000000253e+00
5.007558699999999696e+00
5.007558699999999696e+00
5.020182400000000378e+00
5.020182400000000378e+00
5.067212600000000400e+00
5.067212600000000400e+00
5.085821900000000007e+00
5.085821900000000007e+00
5.102968999999999866e+00
5.102968999999999866e+00
5.102968999999999866e+00
5.106797700000000440e+00
5.106797700000000440e+00
5.121499199999999696e+00
5.121499199999999696e+00
5.124928899999999565e+00
5.124928899999999565e+00
5.124928899999999565e+00
5.127650599999999947e+00
5.127650599999999947e+00
5.129291799999999846e+00
5.129291799999999846e+00
5.144255399999999590e+00
5.144255399999999590e+00
5.152590599999999910e+00
5.152590599999999910e+00
5.202766500000000072e+00
5.202766500000000072e+00
5.251230999999999760e+00
5.251230999999999760e+00
5.253416399999999875e+00
5.253416399999999875e+00
5.264834300000000411e+00
5.264834300000000411e+00
5.264834300000000411e+00
5.319498300000000235e+00
5.319498300000000235e+00
5.319498300000000235e+00
5.327317200000000419e+00
5.327317200000000419e+00
5.352392299999999992e+00
5.352392299999999992e+00
5.357446099999999767e+00
5.357446099999999767e+00
5.357446099999999767e+00
5.364734600000000242e+00
5.364734600000000242e+00
5.366848100000000343e+00
5.366848100000000343e+00
5.366848100000000343e+00
5.370810900000000387e+00
5.370810900000000387e+00
5.370810900000000387e+00
5.400883300000000276e+00
5.400883300000000276e+00
5.418390500000000110e+00
5.418390500000000110e+00
5.418390500000000110e+00
5.425759399999999566e+00
5.425759399999999566e+00
5.448741499999999682e+00
5.448741499999999682e+00
5.477476300000000187e+00
5.477476300000000187e+00
5.498313999999999702e+00
5.498313999999999702e+00
5.534458100000000158e+00
5.534458100000000158e+00
5.534458100000000158e+00
5.548868500000000203e+00
5.548868500000000203e+00
5.555445599999999651e+00
5.555445599999999651e+00
5.566381100000000082e+00
5.566381100000000082e+00
5.566381100000000082e+00
5.566381100000000082e+00
5.590099900000000233e+00
5.590099900000000233e+00
5.610264899999999777e+00
5.610264899999999777e+00
5.627866400000000269e+00
5.627866400000000269e+00
5.666663999999999923e+00
5.666663999999999923e+00
5.672418399999999750e+00
5.672418399999999750e+00
5.689027199999999951e+00
5.689027199999999951e+00
5.720255700000000054e+00
5.720255700000000054e+00
5.727261399999999725e+00
5.727261399999999725e+00
5.737063000000000024e+00
5.737063000000000024e+00
5.752998100000000115e+00
5.752998100000000115e+00
5.752998100000000115e+00
5.754644400000000104e+00
5.754644400000000104e+00
5.804660000000000153e+00
5.804660000000000153e+00
5.913294999999999746e+00
5.913294999999999746e+00
5.914044299999999588e+00
5.914044299999999588e+00
5.945473899999999645e+00
5.945473899999999645e+00
5.959352599999999889e+00
5.959352599999999889e+00
5.959352599999999889e+00
5.962742200000000103e+00
5.962742200000000103e+00
5.967318299999999631e+00
5.967318299999999631e+00
5.978199199999999713e+00
5.978199199999999713e+00
5.978199199999999713e+00
5.978199199999999713e+00
6.034796799999999628e+00
6.034796799999999628e+00
6.038809699999999836e+00
6.038809699999999836e+00
6.051146899999999995e+00
6.051146899999999995e+00
6.051347599999999716e+00
6.051347599999999716e+00
6.051347599999999716e+00
6.053129099999999596e+00
6.053129099999999596e+00
6.053129099999999596e+00
6.062162200000000389e+00
6.062162200000000389e+00
6.062162200000000389e+00
6.062162200000000389e+00
6.078257699999999986e+00
6.078257699999999986e+00
6.096940599999999932e+00
6.096940599999999932e+00
6.123301800000000128e+00
6.123301800000000128e+00
6.123301800000000128e+00
6.141414100000000431e+00
6.141414100000000431e+00
6.173719799999999758e+00
6.173719799999999758e+00
6.177787200000000034e+00
6.177787200000000034e+00
6.177787200000000034e+00
6.191578299999999757e+00
6.191578299999999757e+00
6.192736100000000299e+00
6.192736100000000299e+00
6.192965700000000240e+00
6.192965700000000240e+00
6.198863000000000234e+00
6.198863000000000234e+00
6.201952499999999979e+00
6.201952499999999979e+00
6.206935099999999927e+00
6.206935099999999927e+00
6.207628999999999841e+00
6.207628999999999841e+00
6.225437900000000191e+00
6.225437900000000191e+00
6.241850999999999594e+00
6.241850999999999594e+00
6.242139899999999741e+00
6.242139899999999741e+00
6.242976699999999823e+00
6.242976699999999823e+00
6.266137900000000371e+00
6.266137900000000371e+00
6.266137900000000371e+00
6.319517000000000273e+00
6.319517000000000273e+00
6.365186399999999800e+00
6.365186399999999800e+00
6.410394000000000148e+00
6.410394000000000148e+00
6.415205699999999567e+00
6.415205699999999567e+00
6.462199899999999886e+00
6.462199899999999886e+00
6.462199899999999886e+00
6.494682899999999925e+00
6.494682899999999925e+00
6.498923800000000028e+00
6.498923800000000028e+00
6.524886000000000408e+00
6.524886000000000408e+00
6.534937199999999891e+00
6.534937199999999891e+00
6.553886399999999668e+00
6.553886399999999668e+00
6.561361200000000338e+00
6.561361200000000338e+00
6.577711899999999723e+00
6.577711899999999723e+00
6.604061899999999596e+00
6.604061899999999596e+00
6.611063299999999643e+00
6.611063299999999643e+00
6.617021199999999936e+00
6.617021199999999936e+00
6.620270599999999561e+00
6.620270599999999561e+00
6.636327699999999830e+00
6.636327699999999830e+00
6.670706000000000024e+00
6.670706000000000024e+00
6.735701999999999856e+00
6.735701999999999856e+00
6.752156399999999614e+00
6.752156399999999614e+00
6.768830099999999739e+00
6.768830099999999739e+00
6.771852499999999608e+00
6.771852499999999608e+00
6.771852499999999608e+00
6.771852499999999608e+00
6.795036200000000193e+00
6.795036200000000193e+00
6.800933099999999953e+00
6.800933099999999953e+00
6.800933099999999953e+00
6.813921699999999859e+00
6.813921699999999859e+00
6.816067399999999665e+00
6.816067399999999665e+00
6.816067399999999665e+00
6.816801400000000122e+00
6.816801400000000122e+00
6.816801400000000122e+00
6.816801400000000122e+00
6.832923899999999939e+00
6.832923899999999939e+00
6.851141100000000428e+00
6.851141100000000428e+00
6.851141100000000428e+00
6.852689999999999948e+00
6.852689999999999948e+00
6.906201099999999649e+00
6.906201099999999649e+00
6.929961200000000154e+00
6.929961200000000154e+00
6.943442100000000394e+00
6.943442100000000394e+00
6.943442100000000394e+00
6.951791499999999679e+00
6.951791499999999679e+00
6.959631700000000087e+00
6.959631700000000087e+00
6.971178700000000283e+00
6.971178700000000283e+00
6.979162800000000111e+00
6.979162800000000111e+00
6.980766199999999699e+00
6.980766199999999699e+00
6.993661799999999928e+00
6.993661799999999928e+00
7.001483300000000298e+00
7.001483300000000298e+00
7.030064099999999705e+00
7.030064099999999705e+00
7.039273599999999576e+00
7.039273599999999576e+00
7.045654599999999768e+00
7.045654599999999768e+00
7.061106599999999567e+00
7.061106599999999567e+00
7.063744299999999754e+00
7.063744299999999754e+00
7.063744299999999754e+00
7.068334000000000117e+00
7.068334000000000117e+00
7.089943400000000118e+00
7.089943400000000118e+00
7.094054100000000140e+00
7.094054100000000140e+00
7.095697900000000224e+00
7.095697900000000224e+00
7.095697900000000224e+00
7.121044900000000233e+00
7.121044900000000233e+00
7.134146999999999572e+00
7.134146999999999572e+00
7.154110000000000191e+00
7.154110000000000191e+00
7.164726899999999787e+00
7.164726899999999787e+00
7.188078299999999921e+00
7.188078299999999921e+00
7.188078299999999921e+00
7.188078299999999921e+00
7.198535999999999824e+00
7.198535999999999824e+00
7.198535999999999824e+00
7.198535999999999824e+00
7.232147999999999577e+00
7.232147999999999577e+00
7.232436400000000098e+00
7.232436400000000098e+00
7.232436400000000098e+00
7.232436400000000098e+00
7.232436400000000098e+00
7.232436400000000098e+00
7.237398899999999635e+00
7.237398899999999635e+00
7.251221400000000372e+00
7.251221400000000372e+00
7.258673499999999557e+00
7.258673499999999557e+00
7.303521599999999836e+00
7.303521599999999836e+00
7.337797700000000312e+00
7.337797700000000312e+00
7.343214699999999873e+00
7.343214699999999873e+00
7.375091499999999911e+00
7.375091499999999911e+00
7.377856500000000040e+00
7.377856500000000040e+00
7.380710800000000127e+00
7.380710800000000127e+00
7.380710800000000127e+00
7.380710800000000127e+00
7.384864699999999615e+00
7.384864699999999615e+00
7.421887400000000135e+00
7.421887400000000135e+00
7.421887400000000135e+00
7.432319399999999909e+00
7.432319399999999909e+00
7.435345599999999777e+00
7.435345599999999777e+00
7.439658299999999613e+00
7.439658299999999613e+00
7.444171599999999778e+00
7.444171599999999778e+00
7.454216699999999918e+00
7.454216699999999918e+00
7.454216699999999918e+00
7.455975900000000323e+00
7.455975900000000323e+00
7.482997000000000121e+00
7.482997000000000121e+00
7.504372700000000229e+00
7.504372700000000229e+00
7.510648599999999675e+00
7.510648599999999675e+00
7.513886799999999866e+00
7.513886799999999866e+00
7.514135999999999704e+00
7.514135999999999704e+00
7.551594999999999835e+00
7.551594999999999835e+00
7.556351300000000215e+00
7.556351300000000215e+00
7.576940300000000406e+00
7.576940300000000406e+00
7.576940300000000406e+00
7.579100699999999691e+00
7.579100699999999691e+00
7.584082200000000107e+00
7.584082200000000107e+00
7.594608499999999651e+00
7.594608499999999651e+00
7.617299000000000042e+00
7.617299000000000042e+00
7.620363799999999799e+00
7.620363799999999799e+00
7.620780700000000074e+00
7.620780700000000074e+00
7.681990700000000061e+00
7.681990700000000061e+00
7.687715599999999760e+00
7.687715599999999760e+00
7.695841999999999850e+00
7.695841999999999850e+00
7.695841999999999850e+00
7.712629500000000249e+00
7.712629500000000249e+00
7.712629500000000249e+00
7.712629500000000249e+00
7.734092699999999709e+00
7.734092699999999709e+00
7.746279900000000218e+00
7.746279900000000218e+00
7.759458900000000270e+00
7.759458900000000270e+00
7.759458900000000270e+00
7.760479400000000361e+00
7.760479400000000361e+00
7.760490800000000355e+00
7.760490800000000355e+00
7.761102199999999840e+00
7.761102199999999840e+00
7.776574199999999770e+00
7.776574199999999770e+00
7.804904900000000367e+00
7.804904900000000367e+00
7.825528600000000168e+00
7.825528600000000168e+00
7.827454200000000029e+00
7.827454200000000029e+00
7.827454200000000029e+00
7.828277100000000210e+00
7.828277100000000210e+00
7.828277100000000210e+00
7.830261499999999764e+00
7.830261499999999764e+00
7.844062300000000043e+00
7.844062300000000043e+00
7.844062300000000043e+00
7.862476400000000254e+00
7.862476400000000254e+00
7.862476400000000254e+00
7.863750200000000135e+00
7.863750200000000135e+00
7.863750200000000135e+00
7.868209600000000137e+00
7.868209600000000137e+00
7.868209600000000137e+00
7.876024799999999715e+00
7.876024799999999715e+00
7.877265600000000312e+00
7.877265600000000312e+00
7.883731000000000044e+00
7.883731000000000044e+00
7.892840900000000381e+00
7.892840900000000381e+00
7.907276099999999808e+00
7.907276099999999808e+00
7.913549899999999582e+00
7.913549899999999582e+00
7.925193700000000341e+00
7.925193700000000341e+00
7.932382600000000394e+00
7.932382600000000394e+00
7.939207800000000148e+00
7.939207800000000148e+00
7.956158000000000285e+00
7.956158000000000285e+00
7.976500899999999561e+00
7.976500899999999561e+00
7.986302399999999579e+00
7.986302399999999579e+00
7.986302399999999579e+00
7.986302399999999579e+00
8.000512199999999297e+00
8.000512199999999297e+00
8.006766100000000108e+00
8.006766100000000108e+00
8.015783499999999506e+00
8.015783499999999506e+00
8.019745900000000205e+00
8.019745900000000205e+00
8.019745900000000205e+00
8.020644100000000165e+00
8.020644100000000165e+00
8.035023000000000692e+00
8.035023000000000692e+00
8.037098300000000251e+00
8.037098300000000251e+00
8.047969500000000664e+00
8.047969500000000664e+00
8.065265800000000596e+00
8.065265800000000596e+00
8.077593500000000759e+00
8.077593500000000759e+00
8.111051099999999181e+00
8.111051099999999181e+00
8.111336299999999611e+00
8.111336299999999611e+00
