# Barrier Energy Step Time
0.000000000000000000e+00 -6.273429999999999609e+02 0.000000000000000000e+00 0.000000000000000000e+00
4.060000000000000275e-01 -6.271520000000000437e+02 5.000000000000000000e-01 7.908000000000000635e-12
0.000000000000000000e+00 -6.275579999999999927e+02 1.000000000000000000e+00 7.908000000000000635e-12
6.209999999999999964e-01 -6.267229999999999563e+02 1.500000000000000000e+00 3.139000000000000095e-11
0.000000000000000000e+00 -6.273429999999999609e+02 2.000000000000000000e+00 3.139000000000000095e-11
4.060000000000000275e-01 -6.271520000000000437e+02 2.500000000000000000e+00 3.725000000000000061e-11
0.000000000000000000e+00 -6.275579999999999927e+02 3.000000000000000000e+00 3.725000000000000061e-11
6.199999999999999956e-01 -6.267229999999999563e+02 3.500000000000000000e+00 7.982999999999999730e-11
0.000000000000000000e+00 -6.273429999999999609e+02 4.000000000000000000e+00 7.982999999999999730e-11
4.060000000000000275e-01 -6.271520000000000437e+02 4.500000000000000000e+00 9.187999999999999705e-11
0.000000000000000000e+00 -6.275579999999999927e+02 5.000000000000000000e+00 9.187999999999999705e-11
6.209999999999999964e-01 -6.267219999999999800e+02 5.500000000000000000e+00 1.048000000000000026e-10
0.000000000000000000e+00 -6.273429999999999609e+02 6.000000000000000000e+00 1.048000000000000026e-10
4.060000000000000275e-01 -6.271520000000000437e+02 6.500000000000000000e+00 1.161000000000000049e-10
0.000000000000000000e+00 -6.275579999999999927e+02 7.000000000000000000e+00 1.161000000000000049e-10
6.209999999999999964e-01 -6.267229999999999563e+02 7.500000000000000000e+00 1.686999999999999965e-10
0.000000000000000000e+00 -6.273429999999999609e+02 8.000000000000000000e+00 1.686999999999999965e-10
4.060000000000000275e-01 -6.271520000000000437e+02 8.500000000000000000e+00 1.747000000000000016e-10
0.000000000000000000e+00 -6.275579999999999927e+02 9.000000000000000000e+00 1.747000000000000016e-10
6.189999999999999947e-01 -6.267250000000000227e+02 9.500000000000000000e+00 2.273000000000000061e-10
0.000000000000000000e+00 -6.273429999999999609e+02 1.000000000000000000e+01 2.273000000000000061e-10
4.040000000000000258e-01 -6.271539999999999964e+02 1.050000000000000000e+01 2.322000000000000098e-10
0.000000000000000000e+00 -6.275579999999999927e+02 1.100000000000000000e+01 2.322000000000000098e-10
6.209999999999999964e-01 -6.267229999999999563e+02 1.150000000000000000e+01 2.422000000000000011e-10
0.000000000000000000e+00 -6.273429999999999609e+02 1.200000000000000000e+01 2.422000000000000011e-10
4.060000000000000275e-01 -6.271520000000000437e+02 1.250000000000000000e+01 2.434000000000000073e-10
0.000000000000000000e+00 -6.275579999999999927e+02 1.300000000000000000e+01 2.434000000000000073e-10
6.189999999999999947e-01 -6.267250000000000227e+02 1.350000000000000000e+01 2.758999999999999985e-10
0.000000000000000000e+00 -6.273429999999999609e+02 1.400000000000000000e+01 2.758999999999999985e-10
4.040000000000000258e-01 -6.271539999999999964e+02 1.450000000000000000e+01 2.761000000000000082e-10
0.000000000000000000e+00 -6.275579999999999927e+02 1.500000000000000000e+01 2.761000000000000082e-10
6.189999999999999947e-01 -6.267250000000000227e+02 1.550000000000000000e+01 2.896000000000000132e-10
0.000000000000000000e+00 -6.273429999999999609e+02 1.600000000000000000e+01 2.896000000000000132e-10
4.040000000000000258e-01 -6.271530000000000200e+02 1.650000000000000000e+01 2.992000000000000111e-10
0.000000000000000000e+00 -6.275579999999999927e+02 1.700000000000000000e+01 2.992000000000000111e-10
6.189999999999999947e-01 -6.267250000000000227e+02 1.750000000000000000e+01 3.068000000000000159e-10
0.000000000000000000e+00 -6.273429999999999609e+02 1.800000000000000000e+01 3.068000000000000159e-10
4.040000000000000258e-01 -6.271539999999999964e+02 1.850000000000000000e+01 3.226999999999999817e-10
0.000000000000000000e+00 -6.275579999999999927e+02 1.900000000000000000e+01 3.226999999999999817e-10
6.189999999999999947e-01 -6.267250000000000227e+02 1.950000000000000000e+01 3.378000000000000122e-10
0.000000000000000000e+00 -6.273429999999999609e+02 2.000000000000000000e+01 3.378000000000000122e-10
4.040000000000000258e-01 -6.271530000000000200e+02 2.050000000000000000e+01 3.550999999999999938e-10
0.000000000000000000e+00 -6.275579999999999927e+02 2.100000000000000000e+01 3.550999999999999938e-10
6.209999999999999964e-01 -6.267229999999999563e+02 2.150000000000000000e+01 3.575000000000000062e-10
0.000000000000000000e+00 -6.273429999999999609e+02 2.200000000000000000e+01 3.575000000000000062e-10
4.060000000000000275e-01 -6.271520000000000437e+02 2.250000000000000000e+01 3.595999999999999783e-10
0.000000000000000000e+00 -6.275579999999999927e+02 2.300000000000000000e+01 3.595999999999999783e-10
6.209999999999999964e-01 -6.267229999999999563e+02 2.350000000000000000e+01 4.062999999999999825e-10
0.000000000000000000e+00 -6.273429999999999609e+02 2.400000000000000000e+01 4.062999999999999825e-10
4.060000000000000275e-01 -6.271520000000000437e+02 2.450000000000000000e+01 4.064000000000000132e-10
0.000000000000000000e+00 -6.275579999999999927e+02 2.500000000000000000e+01 4.064000000000000132e-10
6.209999999999999964e-01 -6.267219999999999800e+02 2.550000000000000000e+01 4.421000000000000036e-10
0.000000000000000000e+00 -6.273429999999999609e+02 2.600000000000000000e+01 4.421000000000000036e-10
4.060000000000000275e-01 -6.271520000000000437e+02 2.650000000000000000e+01 4.460999999999999898e-10
0.000000000000000000e+00 -6.275579999999999927e+02 2.700000000000000000e+01 4.460999999999999898e-10
6.209999999999999964e-01 -6.267229999999999563e+02 2.750000000000000000e+01 4.541999999999999928e-10
0.000000000000000000e+00 -6.273429999999999609e+02 2.800000000000000000e+01 4.541999999999999928e-10
4.060000000000000275e-01 -6.271520000000000437e+02 2.850000000000000000e+01 4.563999999999999956e-10
0.000000000000000000e+00 -6.275579999999999927e+02 2.900000000000000000e+01 4.563999999999999956e-10
6.260000000000000009e-01 -6.288419999999999845e+02 2.950000000000000000e+01 4.859999999999999761e-10
0.000000000000000000e+00 -6.294690000000000509e+02 3.000000000000000000e+01 4.859999999999999761e-10
2.536999999999999922e+00 -6.250199999999999818e+02 3.050000000000000000e+01 1.481999999999999984e-01
0.000000000000000000e+00 -6.275579999999999927e+02 3.100000000000000000e+01 1.481999999999999984e-01
6.199999999999999956e-01 -6.267229999999999563e+02 3.150000000000000000e+01 1.481999999999999984e-01
0.000000000000000000e+00 -6.273429999999999609e+02 3.200000000000000000e+01 1.481999999999999984e-01
3.820000000000000062e-01 -6.290860000000000127e+02 3.250000000000000000e+01 1.481999999999999984e-01
0.000000000000000000e+00 -6.294690000000000509e+02 3.300000000000000000e+01 1.481999999999999984e-01
2.536999999999999922e+00 -6.250209999999999582e+02 3.350000000000000000e+01 5.061999999999999833e-01
0.000000000000000000e+00 -6.275579999999999927e+02 3.400000000000000000e+01 5.061999999999999833e-01
6.229999999999999982e-01 -6.267200000000000273e+02 3.450000000000000000e+01 5.061999999999999833e-01
0.000000000000000000e+00 -6.273429999999999609e+02 3.500000000000000000e+01 5.061999999999999833e-01
3.820000000000000062e-01 -6.290860000000000127e+02 3.550000000000000000e+01 5.061999999999999833e-01
0.000000000000000000e+00 -6.294690000000000509e+02 3.600000000000000000e+01 5.061999999999999833e-01
2.507000000000000117e+00 -6.248360000000000127e+02 3.650000000000000000e+01 5.224999999999999645e-01
0.000000000000000000e+00 -6.273429999999999609e+02 3.700000000000000000e+01 5.224999999999999645e-01
3.820000000000000062e-01 -6.290860000000000127e+02 3.750000000000000000e+01 5.224999999999999645e-01
0.000000000000000000e+00 -6.294690000000000509e+02 3.800000000000000000e+01 5.224999999999999645e-01
2.507000000000000117e+00 -6.248360000000000127e+02 3.850000000000000000e+01 5.780999999999999472e-01
0.000000000000000000e+00 -6.273429999999999609e+02 3.900000000000000000e+01 5.780999999999999472e-01
3.820000000000000062e-01 -6.290869999999999891e+02 3.950000000000000000e+01 5.780999999999999472e-01
0.000000000000000000e+00 -6.294690000000000509e+02 4.000000000000000000e+01 5.780999999999999472e-01
2.507000000000000117e+00 -6.248360000000000127e+02 4.050000000000000000e+01 9.171000000000000263e-01
0.000000000000000000e+00 -6.273429999999999609e+02 4.100000000000000000e+01 9.171000000000000263e-01
4.050000000000000266e-01 -6.271530000000000200e+02 4.150000000000000000e+01 9.171000000000000263e-01
0.000000000000000000e+00 -6.275579999999999927e+02 4.200000000000000000e+01 9.171000000000000263e-01
6.270000000000000018e-01 -6.288419999999999845e+02 4.250000000000000000e+01 9.171000000000000263e-01
0.000000000000000000e+00 -6.294690000000000509e+02 4.300000000000000000e+01 9.171000000000000263e-01
2.507000000000000117e+00 -6.248360000000000127e+02 4.350000000000000000e+01 9.246999999999999664e-01
0.000000000000000000e+00 -6.273429999999999609e+02 4.400000000000000000e+01 9.246999999999999664e-01
4.060000000000000275e-01 -6.271520000000000437e+02 4.450000000000000000e+01 9.246999999999999664e-01
0.000000000000000000e+00 -6.275579999999999927e+02 4.500000000000000000e+01 9.246999999999999664e-01
6.189999999999999947e-01 -6.267250000000000227e+02 4.550000000000000000e+01 9.246999999999999664e-01
0.000000000000000000e+00 -6.273429999999999609e+02 4.600000000000000000e+01 9.246999999999999664e-01
3.830000000000000071e-01 -6.290860000000000127e+02 4.650000000000000000e+01 9.246999999999999664e-01
0.000000000000000000e+00 -6.294690000000000509e+02 4.700000000000000000e+01 9.246999999999999664e-01
2.507000000000000117e+00 -6.248360000000000127e+02 4.750000000000000000e+01 9.861999999999999655e-01
0.000000000000000000e+00 -6.273429999999999609e+02 4.800000000000000000e+01 9.861999999999999655e-01
3.820000000000000062e-01 -6.290869999999999891e+02 4.850000000000000000e+01 9.861999999999999655e-01
0.000000000000000000e+00 -6.294690000000000509e+02 4.900000000000000000e+01 9.861999999999999655e-01
2.507000000000000117e+00 -6.248360000000000127e+02 4.950000000000000000e+01 1.028999999999999915e+00
0.000000000000000000e+00 -6.273429999999999609e+02 5.000000000000000000e+01 1.028999999999999915e+00
4.050000000000000266e-01 -6.271530000000000200e+02 5.050000000000000000e+01 1.028999999999999915e+00
0.000000000000000000e+00 -6.275579999999999927e+02 5.100000000000000000e+01 1.028999999999999915e+00
6.270000000000000018e-01 -6.288419999999999845e+02 5.150000000000000000e+01 1.028999999999999915e+00
0.000000000000000000e+00 -6.294690000000000509e+02 5.200000000000000000e+01 1.028999999999999915e+00
2.507000000000000117e+00 -6.248360000000000127e+02 5.250000000000000000e+01 1.118999999999999995e+00
0.000000000000000000e+00 -6.273429999999999609e+02 5.300000000000000000e+01 1.118999999999999995e+00
4.060000000000000275e-01 -6.271520000000000437e+02 5.350000000000000000e+01 1.118999999999999995e+00
0.000000000000000000e+00 -6.275579999999999927e+02 5.400000000000000000e+01 1.118999999999999995e+00
6.209999999999999964e-01 -6.267219999999999800e+02 5.450000000000000000e+01 1.118999999999999995e+00
0.000000000000000000e+00 -6.273429999999999609e+02 5.500000000000000000e+01 1.118999999999999995e+00
3.820000000000000062e-01 -6.290860000000000127e+02 5.550000000000000000e+01 1.118999999999999995e+00
0.000000000000000000e+00 -6.294690000000000509e+02 5.600000000000000000e+01 1.118999999999999995e+00
2.507000000000000117e+00 -6.248360000000000127e+02 5.650000000000000000e+01 1.129000000000000004e+00
0.000000000000000000e+00 -6.273429999999999609e+02 5.700000000000000000e+01 1.129000000000000004e+00
3.820000000000000062e-01 -6.290860000000000127e+02 5.750000000000000000e+01 1.129000000000000004e+00
0.000000000000000000e+00 -6.294690000000000509e+02 5.800000000000000000e+01 1.129000000000000004e+00
2.507000000000000117e+00 -6.248360000000000127e+02 5.850000000000000000e+01 1.169999999999999929e+00
0.000000000000000000e+00 -6.273429999999999609e+02 5.900000000000000000e+01 1.169999999999999929e+00
3.820000000000000062e-01 -6.290860000000000127e+02 5.950000000000000000e+01 1.169999999999999929e+00
0.000000000000000000e+00 -6.294690000000000509e+02 6.000000000000000000e+01 1.169999999999999929e+00
2.507000000000000117e+00 -6.248360000000000127e+02 6.050000000000000000e+01 1.181999999999999940e+00
0.000000000000000000e+00 -6.273429999999999609e+02 6.100000000000000000e+01 1.181999999999999940e+00
3.820000000000000062e-01 -6.290860000000000127e+02 6.150000000000000000e+01 1.181999999999999940e+00
0.000000000000000000e+00 -6.294690000000000509e+02 6.200000000000000000e+01 1.181999999999999940e+00
2.507000000000000117e+00 -6.248360000000000127e+02 6.250000000000000000e+01 1.247999999999999998e+00
0.000000000000000000e+00 -6.273429999999999609e+02 6.300000000000000000e+01 1.247999999999999998e+00
3.820000000000000062e-01 -6.290869999999999891e+02 6.350000000000000000e+01 1.247999999999999998e+00
0.000000000000000000e+00 -6.294690000000000509e+02 6.400000000000000000e+01 1.247999999999999998e+00
2.507000000000000117e+00 -6.248360000000000127e+02 6.450000000000000000e+01 1.252000000000000002e+00
0.000000000000000000e+00 -6.273429999999999609e+02 6.500000000000000000e+01 1.252000000000000002e+00
3.820000000000000062e-01 -6.290869999999999891e+02 6.550000000000000000e+01 1.252000000000000002e+00
0.000000000000000000e+00 -6.294690000000000509e+02 6.600000000000000000e+01 1.252000000000000002e+00
2.507000000000000117e+00 -6.248360000000000127e+02 6.650000000000000000e+01 1.300000000000000044e+00
0.000000000000000000e+00 -6.273429999999999609e+02 6.700000000000000000e+01 1.300000000000000044e+00
3.820000000000000062e-01 -6.290860000000000127e+02 6.750000000000000000e+01 1.300000000000000044e+00
0.000000000000000000e+00 -6.294690000000000509e+02 6.800000000000000000e+01 1.300000000000000044e+00
2.507000000000000117e+00 -6.248360000000000127e+02 6.850000000000000000e+01 1.328000000000000069e+00
0.000000000000000000e+00 -6.273429999999999609e+02 6.900000000000000000e+01 1.328000000000000069e+00
3.820000000000000062e-01 -6.290860000000000127e+02 6.950000000000000000e+01 1.328000000000000069e+00
0.000000000000000000e+00 -6.294690000000000509e+02 7.000000000000000000e+01 1.328000000000000069e+00
2.507000000000000117e+00 -6.248360000000000127e+02 7.050000000000000000e+01 1.362000000000000099e+00
0.000000000000000000e+00 -6.273429999999999609e+02 7.100000000000000000e+01 1.362000000000000099e+00
3.820000000000000062e-01 -6.290869999999999891e+02 7.150000000000000000e+01 1.362000000000000099e+00
0.000000000000000000e+00 -6.294690000000000509e+02 7.200000000000000000e+01 1.362000000000000099e+00
2.537999999999999812e+00 -6.250199999999999818e+02 7.250000000000000000e+01 1.375000000000000000e+00
0.000000000000000000e+00 -6.275579999999999927e+02 7.300000000000000000e+01 1.375000000000000000e+00
6.209999999999999964e-01 -6.267229999999999563e+02 7.350000000000000000e+01 1.375000000000000000e+00
0.000000000000000000e+00 -6.273429999999999609e+02 7.400000000000000000e+01 1.375000000000000000e+00
4.050000000000000266e-01 -6.271530000000000200e+02 7.450000000000000000e+01 1.375000000000000000e+00
0.000000000000000000e+00 -6.275579999999999927e+02 7.500000000000000000e+01 1.375000000000000000e+00
6.189999999999999947e-01 -6.267240000000000464e+02 7.550000000000000000e+01 1.375000000000000000e+00
0.000000000000000000e+00 -6.273429999999999609e+02 7.600000000000000000e+01 1.375000000000000000e+00
3.820000000000000062e-01 -6.290860000000000127e+02 7.650000000000000000e+01 1.375000000000000000e+00
0.000000000000000000e+00 -6.294690000000000509e+02 7.700000000000000000e+01 1.375000000000000000e+00
2.507000000000000117e+00 -6.248360000000000127e+02 7.750000000000000000e+01 1.387999999999999901e+00
0.000000000000000000e+00 -6.273429999999999609e+02 7.800000000000000000e+01 1.387999999999999901e+00
3.820000000000000062e-01 -6.290860000000000127e+02 7.850000000000000000e+01 1.387999999999999901e+00
0.000000000000000000e+00 -6.294690000000000509e+02 7.900000000000000000e+01 1.387999999999999901e+00
2.536999999999999922e+00 -6.250209999999999582e+02 7.950000000000000000e+01 1.413999999999999924e+00
0.000000000000000000e+00 -6.275579999999999927e+02 8.000000000000000000e+01 1.413999999999999924e+00
6.189999999999999947e-01 -6.267250000000000227e+02 8.050000000000000000e+01 1.413999999999999924e+00
0.000000000000000000e+00 -6.273429999999999609e+02 8.100000000000000000e+01 1.413999999999999924e+00
4.060000000000000275e-01 -6.271520000000000437e+02 8.150000000000000000e+01 1.413999999999999924e+00
0.000000000000000000e+00 -6.275579999999999927e+02 8.200000000000000000e+01 1.413999999999999924e+00
6.179999999999999938e-01 -6.267250000000000227e+02 8.250000000000000000e+01 1.413999999999999924e+00
0.000000000000000000e+00 -6.273429999999999609e+02 8.300000000000000000e+01 1.413999999999999924e+00
3.830000000000000071e-01 -6.290860000000000127e+02 8.350000000000000000e+01 1.413999999999999924e+00
0.000000000000000000e+00 -6.294690000000000509e+02 8.400000000000000000e+01 1.413999999999999924e+00
2.507000000000000117e+00 -6.248360000000000127e+02 8.450000000000000000e+01 1.457000000000000073e+00
0.000000000000000000e+00 -6.273429999999999609e+02 8.500000000000000000e+01 1.457000000000000073e+00
3.820000000000000062e-01 -6.290869999999999891e+02 8.550000000000000000e+01 1.457000000000000073e+00
0.000000000000000000e+00 -6.294690000000000509e+02 8.600000000000000000e+01 1.457000000000000073e+00
2.507000000000000117e+00 -6.248360000000000127e+02 8.650000000000000000e+01 1.481999999999999984e+00
0.000000000000000000e+00 -6.273429999999999609e+02 8.700000000000000000e+01 1.481999999999999984e+00
3.820000000000000062e-01 -6.290860000000000127e+02 8.750000000000000000e+01 1.481999999999999984e+00
0.000000000000000000e+00 -6.294690000000000509e+02 8.800000000000000000e+01 1.481999999999999984e+00
2.507000000000000117e+00 -6.248360000000000127e+02 8.850000000000000000e+01 1.500999999999999890e+00
0.000000000000000000e+00 -6.273429999999999609e+02 8.900000000000000000e+01 1.500999999999999890e+00
3.820000000000000062e-01 -6.290860000000000127e+02 8.950000000000000000e+01 1.500999999999999890e+00
0.000000000000000000e+00 -6.294690000000000509e+02 9.000000000000000000e+01 1.500999999999999890e+00
2.507000000000000117e+00 -6.248360000000000127e+02 9.050000000000000000e+01 1.506000000000000005e+00
0.000000000000000000e+00 -6.273429999999999609e+02 9.100000000000000000e+01 1.506000000000000005e+00
3.820000000000000062e-01 -6.290860000000000127e+02 9.150000000000000000e+01 1.506000000000000005e+00
0.000000000000000000e+00 -6.294690000000000509e+02 9.200000000000000000e+01 1.506000000000000005e+00
2.507000000000000117e+00 -6.248360000000000127e+02 9.250000000000000000e+01 1.510000000000000009e+00
0.000000000000000000e+00 -6.273429999999999609e+02 9.300000000000000000e+01 1.510000000000000009e+00
3.820000000000000062e-01 -6.290860000000000127e+02 9.350000000000000000e+01 1.510000000000000009e+00
0.000000000000000000e+00 -6.294690000000000509e+02 9.400000000000000000e+01 1.510000000000000009e+00
2.508000000000000007e+00 -6.248360000000000127e+02 9.450000000000000000e+01 1.568000000000000060e+00
0.000000000000000000e+00 -6.273429999999999609e+02 9.500000000000000000e+01 1.568000000000000060e+00
4.050000000000000266e-01 -6.271520000000000437e+02 9.550000000000000000e+01 1.568000000000000060e+00
0.000000000000000000e+00 -6.275579999999999927e+02 9.600000000000000000e+01 1.568000000000000060e+00
6.199999999999999956e-01 -6.267240000000000464e+02 9.650000000000000000e+01 1.568000000000000060e+00
0.000000000000000000e+00 -6.273429999999999609e+02 9.700000000000000000e+01 1.568000000000000060e+00
3.830000000000000071e-01 -6.290860000000000127e+02 9.750000000000000000e+01 1.568000000000000060e+00
0.000000000000000000e+00 -6.294690000000000509e+02 9.800000000000000000e+01 1.568000000000000060e+00
2.507000000000000117e+00 -6.248360000000000127e+02 9.850000000000000000e+01 1.657999999999999918e+00
0.000000000000000000e+00 -6.273429999999999609e+02 9.900000000000000000e+01 1.657999999999999918e+00
3.820000000000000062e-01 -6.290869999999999891e+02 9.950000000000000000e+01 1.657999999999999918e+00
0.000000000000000000e+00 -6.294690000000000509e+02 1.000000000000000000e+02 1.657999999999999918e+00
2.507000000000000117e+00 -6.248360000000000127e+02 1.005000000000000000e+02 1.673000000000000043e+00
0.000000000000000000e+00 -6.273429999999999609e+02 1.010000000000000000e+02 1.673000000000000043e+00
3.820000000000000062e-01 -6.290860000000000127e+02 1.015000000000000000e+02 1.673000000000000043e+00
0.000000000000000000e+00 -6.294690000000000509e+02 1.020000000000000000e+02 1.673000000000000043e+00
2.508000000000000007e+00 -6.248360000000000127e+02 1.025000000000000000e+02 1.810999999999999943e+00
0.000000000000000000e+00 -6.273429999999999609e+02 1.030000000000000000e+02 1.810999999999999943e+00
3.820000000000000062e-01 -6.290869999999999891e+02 1.035000000000000000e+02 1.810999999999999943e+00
0.000000000000000000e+00 -6.294690000000000509e+02 1.040000000000000000e+02 1.810999999999999943e+00
2.536999999999999922e+00 -6.250209999999999582e+02 1.045000000000000000e+02 1.818999999999999950e+00
0.000000000000000000e+00 -6.275579999999999927e+02 1.050000000000000000e+02 1.818999999999999950e+00
6.179999999999999938e-01 -6.267250000000000227e+02 1.055000000000000000e+02 1.818999999999999950e+00
0.000000000000000000e+00 -6.273429999999999609e+02 1.060000000000000000e+02 1.818999999999999950e+00
3.820000000000000062e-01 -6.290860000000000127e+02 1.065000000000000000e+02 1.818999999999999950e+00
0.000000000000000000e+00 -6.294690000000000509e+02 1.070000000000000000e+02 1.818999999999999950e+00
2.507000000000000117e+00 -6.248360000000000127e+02 1.075000000000000000e+02 1.852000000000000091e+00
0.000000000000000000e+00 -6.273429999999999609e+02 1.080000000000000000e+02 1.852000000000000091e+00
3.820000000000000062e-01 -6.290860000000000127e+02 1.085000000000000000e+02 1.852000000000000091e+00
0.000000000000000000e+00 -6.294690000000000509e+02 1.090000000000000000e+02 1.852000000000000091e+00
2.507000000000000117e+00 -6.248360000000000127e+02 1.095000000000000000e+02 1.862000000000000099e+00
0.000000000000000000e+00 -6.273429999999999609e+02 1.100000000000000000e+02 1.862000000000000099e+00
4.050000000000000266e-01 -6.271530000000000200e+02 1.105000000000000000e+02 1.862000000000000099e+00
0.000000000000000000e+00 -6.275579999999999927e+02 1.110000000000000000e+02 1.862000000000000099e+00
6.189999999999999947e-01 -6.267240000000000464e+02 1.115000000000000000e+02 1.862000000000000099e+00
0.000000000000000000e+00 -6.273429999999999609e+02 1.120000000000000000e+02 1.862000000000000099e+00
3.820000000000000062e-01 -6.290860000000000127e+02 1.125000000000000000e+02 1.862000000000000099e+00
0.000000000000000000e+00 -6.294690000000000509e+02 1.130000000000000000e+02 1.862000000000000099e+00
2.507000000000000117e+00 -6.248360000000000127e+02 1.135000000000000000e+02 1.941000000000000059e+00
0.000000000000000000e+00 -6.273429999999999609e+02 1.140000000000000000e+02 1.941000000000000059e+00
3.820000000000000062e-01 -6.290869999999999891e+02 1.145000000000000000e+02 1.941000000000000059e+00
0.000000000000000000e+00 -6.294690000000000509e+02 1.150000000000000000e+02 1.941000000000000059e+00
2.507000000000000117e+00 -6.248360000000000127e+02 1.155000000000000000e+02 1.953000000000000069e+00
0.000000000000000000e+00 -6.273429999999999609e+02 1.160000000000000000e+02 1.953000000000000069e+00
3.820000000000000062e-01 -6.290860000000000127e+02 1.165000000000000000e+02 1.953000000000000069e+00
0.000000000000000000e+00 -6.294690000000000509e+02 1.170000000000000000e+02 1.953000000000000069e+00
2.507000000000000117e+00 -6.248360000000000127e+02 1.175000000000000000e+02 1.953999999999999959e+00
0.000000000000000000e+00 -6.273429999999999609e+02 1.180000000000000000e+02 1.953999999999999959e+00
3.820000000000000062e-01 -6.290869999999999891e+02 1.185000000000000000e+02 1.953999999999999959e+00
0.000000000000000000e+00 -6.294690000000000509e+02 1.190000000000000000e+02 1.953999999999999959e+00
2.507000000000000117e+00 -6.248360000000000127e+02 1.195000000000000000e+02 2.045999999999999819e+00
0.000000000000000000e+00 -6.273429999999999609e+02 1.200000000000000000e+02 2.045999999999999819e+00
3.820000000000000062e-01 -6.290869999999999891e+02 1.205000000000000000e+02 2.045999999999999819e+00
0.000000000000000000e+00 -6.294690000000000509e+02 1.210000000000000000e+02 2.045999999999999819e+00
2.507000000000000117e+00 -6.248360000000000127e+02 1.215000000000000000e+02 2.051000000000000156e+00
0.000000000000000000e+00 -6.273429999999999609e+02 1.220000000000000000e+02 2.051000000000000156e+00
3.820000000000000062e-01 -6.290860000000000127e+02 1.225000000000000000e+02 2.051000000000000156e+00
0.000000000000000000e+00 -6.294690000000000509e+02 1.230000000000000000e+02 2.051000000000000156e+00
2.508000000000000007e+00 -6.248360000000000127e+02 1.235000000000000000e+02 2.069999999999999840e+00
0.000000000000000000e+00 -6.273429999999999609e+02 1.240000000000000000e+02 2.069999999999999840e+00
3.820000000000000062e-01 -6.290860000000000127e+02 1.245000000000000000e+02 2.069999999999999840e+00
0.000000000000000000e+00 -6.294690000000000509e+02 1.250000000000000000e+02 2.069999999999999840e+00
2.507000000000000117e+00 -6.248360000000000127e+02 1.255000000000000000e+02 2.125999999999999890e+00
0.000000000000000000e+00 -6.273429999999999609e+02 1.260000000000000000e+02 2.125999999999999890e+00
3.820000000000000062e-01 -6.290860000000000127e+02 1.265000000000000000e+02 2.125999999999999890e+00
0.000000000000000000e+00 -6.294690000000000509e+02 1.270000000000000000e+02 2.125999999999999890e+00
2.507000000000000117e+00 -6.248360000000000127e+02 1.275000000000000000e+02 2.128000000000000114e+00
0.000000000000000000e+00 -6.273429999999999609e+02 1.280000000000000000e+02 2.128000000000000114e+00
3.820000000000000062e-01 -6.290860000000000127e+02 1.285000000000000000e+02 2.128000000000000114e+00
0.000000000000000000e+00 -6.294690000000000509e+02 1.290000000000000000e+02 2.128000000000000114e+00
2.507000000000000117e+00 -6.248360000000000127e+02 1.295000000000000000e+02 2.161999999999999922e+00
0.000000000000000000e+00 -6.273429999999999609e+02 1.300000000000000000e+02 2.161999999999999922e+00
3.820000000000000062e-01 -6.290860000000000127e+02 1.305000000000000000e+02 2.161999999999999922e+00
0.000000000000000000e+00 -6.294690000000000509e+02 1.310000000000000000e+02 2.161999999999999922e+00
2.507000000000000117e+00 -6.248360000000000127e+02 1.315000000000000000e+02 2.255999999999999783e+00
0.000000000000000000e+00 -6.273429999999999609e+02 1.320000000000000000e+02 2.255999999999999783e+00
3.820000000000000062e-01 -6.290869999999999891e+02 1.325000000000000000e+02 2.255999999999999783e+00
0.000000000000000000e+00 -6.294690000000000509e+02 1.330000000000000000e+02 2.255999999999999783e+00
2.507000000000000117e+00 -6.248360000000000127e+02 1.335000000000000000e+02 2.291999999999999815e+00
0.000000000000000000e+00 -6.273429999999999609e+02 1.340000000000000000e+02 2.291999999999999815e+00
3.820000000000000062e-01 -6.290860000000000127e+02 1.345000000000000000e+02 2.291999999999999815e+00
0.000000000000000000e+00 -6.294690000000000509e+02 1.350000000000000000e+02 2.291999999999999815e+00
2.507000000000000117e+00 -6.248360000000000127e+02 1.355000000000000000e+02 2.327999999999999847e+00
0.000000000000000000e+00 -6.273429999999999609e+02 1.360000000000000000e+02 2.327999999999999847e+00
3.820000000000000062e-01 -6.290860000000000127e+02 1.365000000000000000e+02 2.327999999999999847e+00
0.000000000000000000e+00 -6.294690000000000509e+02 1.370000000000000000e+02 2.327999999999999847e+00
2.507000000000000117e+00 -6.248360000000000127e+02 1.375000000000000000e+02 2.343999999999999861e+00
0.000000000000000000e+00 -6.273429999999999609e+02 1.380000000000000000e+02 2.343999999999999861e+00
3.820000000000000062e-01 -6.290869999999999891e+02 1.385000000000000000e+02 2.343999999999999861e+00
0.000000000000000000e+00 -6.294690000000000509e+02 1.390000000000000000e+02 2.343999999999999861e+00
2.507000000000000117e+00 -6.248360000000000127e+02 1.395000000000000000e+02 2.351999999999999869e+00
0.000000000000000000e+00 -6.273429999999999609e+02 1.400000000000000000e+02 2.351999999999999869e+00
3.820000000000000062e-01 -6.290860000000000127e+02 1.405000000000000000e+02 2.351999999999999869e+00
0.000000000000000000e+00 -6.294690000000000509e+02 1.410000000000000000e+02 2.351999999999999869e+00
2.507000000000000117e+00 -6.248360000000000127e+02 1.415000000000000000e+02 2.365000000000000213e+00
0.000000000000000000e+00 -6.273429999999999609e+02 1.420000000000000000e+02 2.365000000000000213e+00
4.050000000000000266e-01 -6.271520000000000437e+02 1.425000000000000000e+02 2.365000000000000213e+00
0.000000000000000000e+00 -6.275579999999999927e+02 1.430000000000000000e+02 2.365000000000000213e+00
6.270000000000000018e-01 -6.288419999999999845e+02 1.435000000000000000e+02 2.365000000000000213e+00
0.000000000000000000e+00 -6.294690000000000509e+02 1.440000000000000000e+02 2.365000000000000213e+00
2.507000000000000117e+00 -6.248360000000000127e+02 1.445000000000000000e+02 2.366999999999999993e+00
0.000000000000000000e+00 -6.273429999999999609e+02 1.450000000000000000e+02 2.366999999999999993e+00
4.060000000000000275e-01 -6.271520000000000437e+02 1.455000000000000000e+02 2.366999999999999993e+00
0.000000000000000000e+00 -6.275579999999999927e+02 1.460000000000000000e+02 2.366999999999999993e+00
6.270000000000000018e-01 -6.288419999999999845e+02 1.465000000000000000e+02 2.366999999999999993e+00
0.000000000000000000e+00 -6.294690000000000509e+02 1.470000000000000000e+02 2.366999999999999993e+00
2.507000000000000117e+00 -6.248360000000000127e+02 1.475000000000000000e+02 2.386000000000000121e+00
0.000000000000000000e+00 -6.273429999999999609e+02 1.480000000000000000e+02 2.386000000000000121e+00
3.820000000000000062e-01 -6.290860000000000127e+02 1.485000000000000000e+02 2.386000000000000121e+00
0.000000000000000000e+00 -6.294690000000000509e+02 1.490000000000000000e+02 2.386000000000000121e+00
2.507000000000000117e+00 -6.248360000000000127e+02 1.495000000000000000e+02 2.387000000000000011e+00
0.000000000000000000e+00 -6.273429999999999609e+02 1.500000000000000000e+02 2.387000000000000011e+00
3.820000000000000062e-01 -6.290860000000000127e+02 1.505000000000000000e+02 2.387000000000000011e+00
0.000000000000000000e+00 -6.294690000000000509e+02 1.510000000000000000e+02 2.387000000000000011e+00
2.507000000000000117e+00 -6.248360000000000127e+02 1.515000000000000000e+02 2.419999999999999929e+00
0.000000000000000000e+00 -6.273429999999999609e+02 1.520000000000000000e+02 2.419999999999999929e+00
3.820000000000000062e-01 -6.290860000000000127e+02 1.525000000000000000e+02 2.419999999999999929e+00
0.000000000000000000e+00 -6.294690000000000509e+02 1.530000000000000000e+02 2.419999999999999929e+00
2.507000000000000117e+00 -6.248360000000000127e+02 1.535000000000000000e+02 2.444999999999999840e+00
0.000000000000000000e+00 -6.273429999999999609e+02 1.540000000000000000e+02 2.444999999999999840e+00
3.820000000000000062e-01 -6.290860000000000127e+02 1.545000000000000000e+02 2.444999999999999840e+00
0.000000000000000000e+00 -6.294690000000000509e+02 1.550000000000000000e+02 2.444999999999999840e+00
2.537999999999999812e+00 -6.250199999999999818e+02 1.555000000000000000e+02 2.471000000000000085e+00
0.000000000000000000e+00 -6.275579999999999927e+02 1.560000000000000000e+02 2.471000000000000085e+00
6.229999999999999982e-01 -6.267200000000000273e+02 1.565000000000000000e+02 2.471000000000000085e+00
0.000000000000000000e+00 -6.273429999999999609e+02 1.570000000000000000e+02 2.471000000000000085e+00
3.820000000000000062e-01 -6.290860000000000127e+02 1.575000000000000000e+02 2.471000000000000085e+00
0.000000000000000000e+00 -6.294690000000000509e+02 1.580000000000000000e+02 2.471000000000000085e+00
2.507000000000000117e+00 -6.248360000000000127e+02 1.585000000000000000e+02 2.472999999999999865e+00
0.000000000000000000e+00 -6.273429999999999609e+02 1.590000000000000000e+02 2.472999999999999865e+00
3.820000000000000062e-01 -6.290869999999999891e+02 1.595000000000000000e+02 2.472999999999999865e+00
0.000000000000000000e+00 -6.294690000000000509e+02 1.600000000000000000e+02 2.472999999999999865e+00
2.507000000000000117e+00 -6.248360000000000127e+02 1.605000000000000000e+02 2.512000000000000011e+00
0.000000000000000000e+00 -6.273429999999999609e+02 1.610000000000000000e+02 2.512000000000000011e+00
3.820000000000000062e-01 -6.290869999999999891e+02 1.615000000000000000e+02 2.512000000000000011e+00
0.000000000000000000e+00 -6.294690000000000509e+02 1.620000000000000000e+02 2.512000000000000011e+00
2.507000000000000117e+00 -6.248360000000000127e+02 1.625000000000000000e+02 2.515000000000000124e+00
0.000000000000000000e+00 -6.273429999999999609e+02 1.630000000000000000e+02 2.515000000000000124e+00
3.820000000000000062e-01 -6.290860000000000127e+02 1.635000000000000000e+02 2.515000000000000124e+00
0.000000000000000000e+00 -6.294690000000000509e+02 1.640000000000000000e+02 2.515000000000000124e+00
2.507000000000000117e+00 -6.248360000000000127e+02 1.645000000000000000e+02 2.524999999999999911e+00
0.000000000000000000e+00 -6.273429999999999609e+02 1.650000000000000000e+02 2.524999999999999911e+00
3.820000000000000062e-01 -6.290860000000000127e+02 1.655000000000000000e+02 2.524999999999999911e+00
0.000000000000000000e+00 -6.294690000000000509e+02 1.660000000000000000e+02 2.524999999999999911e+00
2.507000000000000117e+00 -6.248360000000000127e+02 1.665000000000000000e+02 2.536000000000000032e+00
0.000000000000000000e+00 -6.273429999999999609e+02 1.670000000000000000e+02 2.536000000000000032e+00
3.830000000000000071e-01 -6.290860000000000127e+02 1.675000000000000000e+02 2.536000000000000032e+00
0.000000000000000000e+00 -6.294690000000000509e+02 1.680000000000000000e+02 2.536000000000000032e+00
2.507000000000000117e+00 -6.248360000000000127e+02 1.685000000000000000e+02 2.564999999999999947e+00
0.000000000000000000e+00 -6.273429999999999609e+02 1.690000000000000000e+02 2.564999999999999947e+00
3.820000000000000062e-01 -6.290860000000000127e+02 1.695000000000000000e+02 2.564999999999999947e+00
0.000000000000000000e+00 -6.294690000000000509e+02 1.700000000000000000e+02 2.564999999999999947e+00
2.507000000000000117e+00 -6.248360000000000127e+02 1.705000000000000000e+02 2.576000000000000068e+00
0.000000000000000000e+00 -6.273429999999999609e+02 1.710000000000000000e+02 2.576000000000000068e+00
3.820000000000000062e-01 -6.290869999999999891e+02 1.715000000000000000e+02 2.576000000000000068e+00
0.000000000000000000e+00 -6.294690000000000509e+02 1.720000000000000000e+02 2.576000000000000068e+00
2.507000000000000117e+00 -6.248360000000000127e+02 1.725000000000000000e+02 2.583000000000000185e+00
0.000000000000000000e+00 -6.273429999999999609e+02 1.730000000000000000e+02 2.583000000000000185e+00
3.820000000000000062e-01 -6.290860000000000127e+02 1.735000000000000000e+02 2.583000000000000185e+00
0.000000000000000000e+00 -6.294690000000000509e+02 1.740000000000000000e+02 2.583000000000000185e+00
2.507000000000000117e+00 -6.248360000000000127e+02 1.745000000000000000e+02 2.591000000000000192e+00
0.000000000000000000e+00 -6.273429999999999609e+02 1.750000000000000000e+02 2.591000000000000192e+00
4.050000000000000266e-01 -6.271530000000000200e+02 1.755000000000000000e+02 2.591000000000000192e+00
0.000000000000000000e+00 -6.275579999999999927e+02 1.760000000000000000e+02 2.591000000000000192e+00
6.209999999999999964e-01 -6.267229999999999563e+02 1.765000000000000000e+02 2.591000000000000192e+00
0.000000000000000000e+00 -6.273429999999999609e+02 1.770000000000000000e+02 2.591000000000000192e+00
3.830000000000000071e-01 -6.290860000000000127e+02 1.775000000000000000e+02 2.591000000000000192e+00
0.000000000000000000e+00 -6.294690000000000509e+02 1.780000000000000000e+02 2.591000000000000192e+00
2.507000000000000117e+00 -6.248360000000000127e+02 1.785000000000000000e+02 2.592999999999999972e+00
0.000000000000000000e+00 -6.273429999999999609e+02 1.790000000000000000e+02 2.592999999999999972e+00
3.820000000000000062e-01 -6.290869999999999891e+02 1.795000000000000000e+02 2.592999999999999972e+00
0.000000000000000000e+00 -6.294690000000000509e+02 1.800000000000000000e+02 2.592999999999999972e+00
2.507000000000000117e+00 -6.248360000000000127e+02 1.805000000000000000e+02 2.600000000000000089e+00
0.000000000000000000e+00 -6.273429999999999609e+02 1.810000000000000000e+02 2.600000000000000089e+00
3.820000000000000062e-01 -6.290860000000000127e+02 1.815000000000000000e+02 2.600000000000000089e+00
0.000000000000000000e+00 -6.294690000000000509e+02 1.820000000000000000e+02 2.600000000000000089e+00
2.507000000000000117e+00 -6.248360000000000127e+02 1.825000000000000000e+02 2.619000000000000217e+00
0.000000000000000000e+00 -6.273429999999999609e+02 1.830000000000000000e+02 2.619000000000000217e+00
4.050000000000000266e-01 -6.271530000000000200e+02 1.835000000000000000e+02 2.619000000000000217e+00
0.000000000000000000e+00 -6.275579999999999927e+02 1.840000000000000000e+02 2.619000000000000217e+00
6.270000000000000018e-01 -6.288419999999999845e+02 1.845000000000000000e+02 2.619000000000000217e+00
0.000000000000000000e+00 -6.294690000000000509e+02 1.850000000000000000e+02 2.619000000000000217e+00
2.507000000000000117e+00 -6.248360000000000127e+02 1.855000000000000000e+02 2.636000000000000121e+00
0.000000000000000000e+00 -6.273429999999999609e+02 1.860000000000000000e+02 2.636000000000000121e+00
4.060000000000000275e-01 -6.271520000000000437e+02 1.865000000000000000e+02 2.636000000000000121e+00
0.000000000000000000e+00 -6.275579999999999927e+02 1.870000000000000000e+02 2.636000000000000121e+00
6.189999999999999947e-01 -6.267250000000000227e+02 1.875000000000000000e+02 2.636000000000000121e+00
0.000000000000000000e+00 -6.273429999999999609e+02 1.880000000000000000e+02 2.636000000000000121e+00
4.040000000000000258e-01 -6.271530000000000200e+02 1.885000000000000000e+02 2.636000000000000121e+00
0.000000000000000000e+00 -6.275579999999999927e+02 1.890000000000000000e+02 2.636000000000000121e+00
6.179999999999999938e-01 -6.267250000000000227e+02 1.895000000000000000e+02 2.636000000000000121e+00
0.000000000000000000e+00 -6.273429999999999609e+02 1.900000000000000000e+02 2.636000000000000121e+00
3.830000000000000071e-01 -6.290860000000000127e+02 1.905000000000000000e+02 2.636000000000000121e+00
0.000000000000000000e+00 -6.294690000000000509e+02 1.910000000000000000e+02 2.636000000000000121e+00
2.507000000000000117e+00 -6.248360000000000127e+02 1.915000000000000000e+02 2.641000000000000014e+00
0.000000000000000000e+00 -6.273429999999999609e+02 1.920000000000000000e+02 2.641000000000000014e+00
3.820000000000000062e-01 -6.290869999999999891e+02 1.925000000000000000e+02 2.641000000000000014e+00
0.000000000000000000e+00 -6.294690000000000509e+02 1.930000000000000000e+02 2.641000000000000014e+00
2.507000000000000117e+00 -6.248360000000000127e+02 1.935000000000000000e+02 2.648000000000000131e+00
0.000000000000000000e+00 -6.273429999999999609e+02 1.940000000000000000e+02 2.648000000000000131e+00
4.050000000000000266e-01 -6.271530000000000200e+02 1.945000000000000000e+02 2.648000000000000131e+00
0.000000000000000000e+00 -6.275579999999999927e+02 1.950000000000000000e+02 2.648000000000000131e+00
6.270000000000000018e-01 -6.288419999999999845e+02 1.955000000000000000e+02 2.648000000000000131e+00
0.000000000000000000e+00 -6.294690000000000509e+02 1.960000000000000000e+02 2.648000000000000131e+00
2.507000000000000117e+00 -6.248360000000000127e+02 1.965000000000000000e+02 2.692000000000000171e+00
0.000000000000000000e+00 -6.273429999999999609e+02 1.970000000000000000e+02 2.692000000000000171e+00
3.830000000000000071e-01 -6.290860000000000127e+02 1.975000000000000000e+02 2.692000000000000171e+00
0.000000000000000000e+00 -6.294690000000000509e+02 1.980000000000000000e+02 2.692000000000000171e+00
2.507000000000000117e+00 -6.248360000000000127e+02 1.985000000000000000e+02 2.713000000000000078e+00
0.000000000000000000e+00 -6.273429999999999609e+02 1.990000000000000000e+02 2.713000000000000078e+00
3.820000000000000062e-01 -6.290869999999999891e+02 1.995000000000000000e+02 2.713000000000000078e+00
0.000000000000000000e+00 -6.294690000000000509e+02 2.000000000000000000e+02 2.713000000000000078e+00
2.507000000000000117e+00 -6.248360000000000127e+02 2.005000000000000000e+02 2.728000000000000203e+00
0.000000000000000000e+00 -6.273429999999999609e+02 2.010000000000000000e+02 2.728000000000000203e+00
3.820000000000000062e-01 -6.290860000000000127e+02 2.015000000000000000e+02 2.728000000000000203e+00
0.000000000000000000e+00 -6.294690000000000509e+02 2.020000000000000000e+02 2.728000000000000203e+00
2.507000000000000117e+00 -6.248360000000000127e+02 2.025000000000000000e+02 2.750000000000000000e+00
0.000000000000000000e+00 -6.273429999999999609e+02 2.030000000000000000e+02 2.750000000000000000e+00
3.820000000000000062e-01 -6.290860000000000127e+02 2.035000000000000000e+02 2.750000000000000000e+00
0.000000000000000000e+00 -6.294690000000000509e+02 2.040000000000000000e+02 2.750000000000000000e+00
2.507000000000000117e+00 -6.248360000000000127e+02 2.045000000000000000e+02 2.773000000000000131e+00
0.000000000000000000e+00 -6.273429999999999609e+02 2.050000000000000000e+02 2.773000000000000131e+00
3.820000000000000062e-01 -6.290860000000000127e+02 2.055000000000000000e+02 2.773000000000000131e+00
0.000000000000000000e+00 -6.294690000000000509e+02 2.060000000000000000e+02 2.773000000000000131e+00
2.507000000000000117e+00 -6.248360000000000127e+02 2.065000000000000000e+02 2.790000000000000036e+00
0.000000000000000000e+00 -6.273429999999999609e+02 2.070000000000000000e+02 2.790000000000000036e+00
3.820000000000000062e-01 -6.290860000000000127e+02 2.075000000000000000e+02 2.790000000000000036e+00
0.000000000000000000e+00 -6.294690000000000509e+02 2.080000000000000000e+02 2.790000000000000036e+00
2.507000000000000117e+00 -6.248360000000000127e+02 2.085000000000000000e+02 2.795999999999999819e+00
0.000000000000000000e+00 -6.273429999999999609e+02 2.090000000000000000e+02 2.795999999999999819e+00
3.820000000000000062e-01 -6.290869999999999891e+02 2.095000000000000000e+02 2.795999999999999819e+00
0.000000000000000000e+00 -6.294690000000000509e+02 2.100000000000000000e+02 2.795999999999999819e+00
2.507000000000000117e+00 -6.248360000000000127e+02 2.105000000000000000e+02 2.854000000000000092e+00
0.000000000000000000e+00 -6.273429999999999609e+02 2.110000000000000000e+02 2.854000000000000092e+00
3.820000000000000062e-01 -6.290860000000000127e+02 2.115000000000000000e+02 2.854000000000000092e+00
0.000000000000000000e+00 -6.294690000000000509e+02 2.120000000000000000e+02 2.854000000000000092e+00
2.507000000000000117e+00 -6.248360000000000127e+02 2.125000000000000000e+02 2.871999999999999886e+00
0.000000000000000000e+00 -6.273429999999999609e+02 2.130000000000000000e+02 2.871999999999999886e+00
3.820000000000000062e-01 -6.290860000000000127e+02 2.135000000000000000e+02 2.871999999999999886e+00
0.000000000000000000e+00 -6.294690000000000509e+02 2.140000000000000000e+02 2.871999999999999886e+00
2.507000000000000117e+00 -6.248360000000000127e+02 2.145000000000000000e+02 2.911999999999999922e+00
0.000000000000000000e+00 -6.273429999999999609e+02 2.150000000000000000e+02 2.911999999999999922e+00
3.820000000000000062e-01 -6.290860000000000127e+02 2.155000000000000000e+02 2.911999999999999922e+00
0.000000000000000000e+00 -6.294690000000000509e+02 2.160000000000000000e+02 2.911999999999999922e+00
2.507000000000000117e+00 -6.248360000000000127e+02 2.165000000000000000e+02 2.934000000000000163e+00
0.000000000000000000e+00 -6.273429999999999609e+02 2.170000000000000000e+02 2.934000000000000163e+00
3.820000000000000062e-01 -6.290860000000000127e+02 2.175000000000000000e+02 2.934000000000000163e+00
0.000000000000000000e+00 -6.294690000000000509e+02 2.180000000000000000e+02 2.934000000000000163e+00
2.507000000000000117e+00 -6.248360000000000127e+02 2.185000000000000000e+02 2.967000000000000082e+00
0.000000000000000000e+00 -6.273429999999999609e+02 2.190000000000000000e+02 2.967000000000000082e+00
3.820000000000000062e-01 -6.290860000000000127e+02 2.195000000000000000e+02 2.967000000000000082e+00
0.000000000000000000e+00 -6.294690000000000509e+02 2.200000000000000000e+02 2.967000000000000082e+00
2.507000000000000117e+00 -6.248360000000000127e+02 2.205000000000000000e+02 2.971999999999999975e+00
0.000000000000000000e+00 -6.273429999999999609e+02 2.210000000000000000e+02 2.971999999999999975e+00
3.820000000000000062e-01 -6.290860000000000127e+02 2.215000000000000000e+02 2.971999999999999975e+00
0.000000000000000000e+00 -6.294690000000000509e+02 2.220000000000000000e+02 2.971999999999999975e+00
2.507000000000000117e+00 -6.248360000000000127e+02 2.225000000000000000e+02 2.987999999999999989e+00
0.000000000000000000e+00 -6.273429999999999609e+02 2.230000000000000000e+02 2.987999999999999989e+00
3.820000000000000062e-01 -6.290860000000000127e+02 2.235000000000000000e+02 2.987999999999999989e+00
0.000000000000000000e+00 -6.294690000000000509e+02 2.240000000000000000e+02 2.987999999999999989e+00
2.507000000000000117e+00 -6.248360000000000127e+02 2.245000000000000000e+02 2.987999999999999989e+00
0.000000000000000000e+00 -6.273429999999999609e+02 2.250000000000000000e+02 2.987999999999999989e+00
3.820000000000000062e-01 -6.290860000000000127e+02 2.255000000000000000e+02 2.987999999999999989e+00
0.000000000000000000e+00 -6.294690000000000509e+02 2.260000000000000000e+02 2.987999999999999989e+00
2.507000000000000117e+00 -6.248360000000000127e+02 2.265000000000000000e+02 3.007000000000000117e+00
0.000000000000000000e+00 -6.273429999999999609e+02 2.270000000000000000e+02 3.007000000000000117e+00
3.820000000000000062e-01 -6.290860000000000127e+02 2.275000000000000000e+02 3.007000000000000117e+00
0.000000000000000000e+00 -6.294690000000000509e+02 2.280000000000000000e+02 3.007000000000000117e+00
2.507000000000000117e+00 -6.248360000000000127e+02 2.285000000000000000e+02 3.036000000000000032e+00
0.000000000000000000e+00 -6.273429999999999609e+02 2.290000000000000000e+02 3.036000000000000032e+00
3.820000000000000062e-01 -6.290860000000000127e+02 2.295000000000000000e+02 3.036000000000000032e+00
0.000000000000000000e+00 -6.294690000000000509e+02 2.300000000000000000e+02 3.036000000000000032e+00
2.536999999999999922e+00 -6.250199999999999818e+02 2.305000000000000000e+02 3.060999999999999943e+00
0.000000000000000000e+00 -6.275579999999999927e+02 2.310000000000000000e+02 3.060999999999999943e+00
