# t
0.000000000000000000e+00
7.149513000000000731e-15
9.148817500000000361e-14
3.699252899999999912e-11
2.123866300000000090e-10
2.145648699999999874e-10
2.146946300000000077e-10
2.157862699999999911e-10
2.158901300000000011e-10
1.969580600000000084e-08
1.969590100000000134e-08
3.284848100000000185e-08
3.284915299999999769e-08
3.602793400000000220e-08
3.602813800000000105e-08
4.394789000000000218e-08
4.394895300000000024e-08
4.499101600000000080e-08
4.499325899999999781e-08
5.270719899999999733e-08
5.270731300000000059e-08
6.819724300000000647e-08
6.819759499999999956e-08
1.100112999999999946e-07
1.100113100000000044e-07
1.135419699999999956e-07
1.135420600000000044e-07
1.360197299999999964e-07
1.360198000000000121e-07
1.431027800000000037e-07
1.431029400000000017e-07
1.502222700000000068e-07
1.502229200000000088e-07
1.550262500000000082e-07
1.550274400000000103e-07
1.989948500000000013e-07
1.989950899999999984e-07
2.148521899999999982e-07
2.148526699999999924e-07
2.189079600000000043e-07
2.189081099999999926e-07
2.208017299999999941e-07
2.208018699999999991e-07
2.217207199999999941e-07
2.217213399999999932e-07
2.303571900000000037e-07
2.303572899999999958e-07
2.411595900000000184e-07
2.411597699999999831e-07
2.417829599999999759e-07
2.417832300000000024e-07
2.479683699999999796e-07
2.479684999999999748e-07
2.548395799999999828e-07
2.548397699999999839e-07
2.553850199999999999e-07
2.553853600000000157e-07
2.580396899999999870e-07
2.580403599999999822e-07
2.775773700000000167e-07
2.775773800000000000e-07
2.858574899999999941e-07
2.858578699999999961e-07
2.860473299999999997e-07
2.863521900000000230e-07
2.866333499999999956e-07
2.867707400000000039e-07
2.870523800000000236e-07
2.874767499999999937e-07
2.875735400000000037e-07
2.876685900000000016e-07
2.877434600000000121e-07
2.880281300000000117e-07
2.881275600000000162e-07
2.884584900000000053e-07
2.886071399999999898e-07
2.892041700000000080e-07
2.893968000000000229e-07
2.894153499999999738e-07
2.898143200000000262e-07
2.900220699999999905e-07
2.906337199999999971e-07
2.908979099999999799e-07
2.911587300000000199e-07
2.915564300000000182e-07
2.917722399999999975e-07
2.919691699999999934e-07
2.920159200000000133e-07
2.923476199999999897e-07
2.925707599999999828e-07
2.927889600000000026e-07
2.930853500000000060e-07
2.935508199999999882e-07
2.938771099999999805e-07
2.939246200000000045e-07
2.941497599999999998e-07
2.953106300000000242e-07
2.956753799999999811e-07
2.961530599999999976e-07
2.971836799999999736e-07
2.973733199999999948e-07
2.974429299999999830e-07
2.978657499999999950e-07
2.981732999999999824e-07
2.981809100000000061e-07
2.984259699999999986e-07
2.986086600000000081e-07
2.991942300000000127e-07
2.994553399999999930e-07
2.997306799999999764e-07
2.999510199999999769e-07
3.000906200000000082e-07
3.001000800000000194e-07
3.002808700000000188e-07
3.012810999999999753e-07
3.014685899999999796e-07
3.016377700000000036e-07
3.018480900000000261e-07
3.021476700000000074e-07
3.021804800000000173e-07
3.023466399999999919e-07
3.025472199999999933e-07
3.028614399999999827e-07
3.029040300000000000e-07
3.030445399999999971e-07
3.031217600000000089e-07
3.031438100000000035e-07
3.033180399999999763e-07
3.033259499999999766e-07
3.041675599999999931e-07
3.046768400000000242e-07
3.048814099999999939e-07
3.050579600000000180e-07
3.052500699999999995e-07
3.056006999999999818e-07
3.057691299999999851e-07
3.064053900000000083e-07
3.064349799999999844e-07
3.079742099999999963e-07
3.080010899999999886e-07
3.088312999999999975e-07
3.089809999999999793e-07
3.090064999999999950e-07
3.091856699999999941e-07
3.102630999999999958e-07
3.103279499999999754e-07
3.103556699999999973e-07
3.104983199999999750e-07
3.105895400000000028e-07
3.108829400000000125e-07
3.115448800000000161e-07
3.116222400000000065e-07
3.118067100000000142e-07
3.120106499999999749e-07
3.124558800000000168e-07
3.125501599999999744e-07
3.128755000000000146e-07
3.130301500000000060e-07
3.133606900000000097e-07
3.134798399999999741e-07
3.135631100000000153e-07
3.136388800000000083e-07
3.139240999999999913e-07
3.143053300000000136e-07
3.146304899999999831e-07
3.150193799999999987e-07
3.154021199999999928e-07
3.154473800000000076e-07
3.155025799999999749e-07
3.157874500000000118e-07
3.158430100000000144e-07
3.163726599999999810e-07
3.166189100000000022e-07
3.168414899999999756e-07
3.171410899999999765e-07
3.172596699999999908e-07
3.173868699999999868e-07
3.182979500000000130e-07
3.183150299999999783e-07
3.194406799999999855e-07
3.194892000000000204e-07
3.199672199999999997e-07
3.208858000000000212e-07
3.211634500000000197e-07
3.224083799999999863e-07
3.226689399999999832e-07
3.227475699999999747e-07
3.231882399999999924e-07
3.237805600000000245e-07
3.238192399999999932e-07
3.238667999999999868e-07
3.239580099999999782e-07
3.252556000000000157e-07
3.254431000000000033e-07
3.260652399999999989e-07
3.262331800000000247e-07
3.264396599999999877e-07
3.264779500000000240e-07
3.268879899999999987e-07
3.269258999999999801e-07
3.270812900000000088e-07
3.274755300000000027e-07
3.283397700000000001e-07
3.283889799999999969e-07
3.287634899999999946e-07
3.288575100000000149e-07
3.290519799999999811e-07
3.292567100000000017e-07
3.305052199999999846e-07
3.308771599999999770e-07
3.312749400000000008e-07
3.317547900000000010e-07
3.318413500000000123e-07
3.319701499999999890e-07
3.322753799999999780e-07
3.328292300000000091e-07
3.328583900000000136e-07
3.328661899999999854e-07
3.331440999999999742e-07
3.333099700000000085e-07
3.343882600000000064e-07
3.348362899999999879e-07
3.348410599999999798e-07
3.355228100000000051e-07
3.358060700000000251e-07
3.364140599999999900e-07
3.372217400000000101e-07
3.373838100000000242e-07
3.377228199999999949e-07
3.378357299999999819e-07
3.386446599999999835e-07
3.386986699999999752e-07
3.387181900000000037e-07
3.387732799999999955e-07
3.389027300000000006e-07
3.389722199999999770e-07
3.390026399999999993e-07
3.390392999999999990e-07
3.394261399999999898e-07
3.396987600000000062e-07
3.397263799999999830e-07
3.400371100000000180e-07
3.401028299999999771e-07
3.403692400000000190e-07
3.405293399999999808e-07
3.405932100000000053e-07
3.407783899999999945e-07
3.411905499999999833e-07
3.415942199999999855e-07
3.419466000000000161e-07
3.421793499999999822e-07
3.422502799999999941e-07
3.424951600000000219e-07
3.438153300000000178e-07
3.438959399999999919e-07
3.439787500000000056e-07
3.439991599999999803e-07
3.440098299999999868e-07
3.441577500000000233e-07
3.442024999999999880e-07
3.443359899999999840e-07
3.445017199999999869e-07
3.447396299999999832e-07
3.450977499999999774e-07
3.453036699999999738e-07
3.458031699999999975e-07
3.458275000000000042e-07
3.461342199999999984e-07
3.467794100000000161e-07
3.469871299999999774e-07
3.470698499999999822e-07
3.471723100000000195e-07
3.472247499999999805e-07
3.477550699999999953e-07
3.484184300000000148e-07
3.484536600000000153e-07
3.485565399999999880e-07
3.487465399999999917e-07
3.499172000000000067e-07
3.501998799999999874e-07
3.518320699999999861e-07
3.522054099999999748e-07
3.531530699999999752e-07
3.535025699999999877e-07
3.545186299999999810e-07
3.556444500000000225e-07
3.562473800000000023e-07
3.562979200000000062e-07
3.569979699999999755e-07
3.570605799999999821e-07
3.571217400000000229e-07
3.573485700000000077e-07
3.579137999999999739e-07
3.579260899999999807e-07
3.581938599999999797e-07
3.583292099999999995e-07
3.587633499999999936e-07
3.587778600000000066e-07
3.587966399999999977e-07
3.593175999999999934e-07
3.593255000000000103e-07
3.596816500000000052e-07
3.600566499999999804e-07
3.601637500000000145e-07
3.606476199999999859e-07
3.611013299999999781e-07
3.611061300000000259e-07
3.614506699999999926e-07
3.617995799999999824e-07
3.621548599999999978e-07
3.621993099999999860e-07
3.622863400000000081e-07
3.629989899999999970e-07
3.632781500000000202e-07
3.638065700000000249e-07
3.641797900000000018e-07
3.644505499999999944e-07
3.649562500000000093e-07
3.652626899999999936e-07
3.654691300000000234e-07
3.668634999999999816e-07
3.670319899999999908e-07
3.671513499999999758e-07
3.671723600000000094e-07
3.673445599999999770e-07
3.673854099999999823e-07
3.682192699999999967e-07
3.689020100000000133e-07
3.696762900000000008e-07
3.702278199999999806e-07
3.702670799999999886e-07
3.702727599999999993e-07
3.711497900000000173e-07
3.711670599999999837e-07
3.712107999999999904e-07
3.712501899999999935e-07
3.729804499999999866e-07
3.734799500000000104e-07
3.735518000000000244e-07
3.737437699999999744e-07
3.743529300000000013e-07
3.743570399999999814e-07
3.749963599999999874e-07
3.750310100000000015e-07
3.762391099999999870e-07
3.763959399999999984e-07
3.767292199999999888e-07
3.773985200000000092e-07
3.774167399999999806e-07
3.778755100000000109e-07
3.787779600000000191e-07
3.787793499999999791e-07
3.792807899999999992e-07
3.796186399999999972e-07
3.805006099999999885e-07
3.805211899999999975e-07
3.807522000000000046e-07
3.809300699999999995e-07
3.814448799999999737e-07
3.816802699999999873e-07
3.823653800000000249e-07
3.824979600000000021e-07
3.830613399999999808e-07
3.831084399999999998e-07
3.838874100000000066e-07
3.840516599999999877e-07
3.841214199999999906e-07
3.842456100000000263e-07
3.843227899999999990e-07
3.848252500000000134e-07
3.848967200000000253e-07
3.850879700000000106e-07
3.856820600000000048e-07
3.858815099999999834e-07
3.991895399999999888e-07
3.991904299999999880e-07
4.105599500000000221e-07
4.105603100000000045e-07
4.139509999999999988e-07
4.139511599999999968e-07
4.159222899999999770e-07
4.159237799999999821e-07
4.699612499999999891e-07
4.699675300000000057e-07
4.740276099999999762e-07
4.740346299999999773e-07
4.759531500000000151e-07
4.759649100000000051e-07
4.777433999999999870e-07
4.777705099999999667e-07
4.784504799999999937e-07
4.784593100000000489e-07
4.789314099999999940e-07
4.789327900000000236e-07
4.789342999999999954e-07
4.789441100000000057e-07
4.806307100000000177e-07
4.806333599999999955e-07
4.831797000000000395e-07
4.831832699999999665e-07
4.838701499999999661e-07
4.838724599999999812e-07
4.842377300000000245e-07
4.842381400000000295e-07
4.916968399999999611e-07
4.917003600000000244e-07
4.925100700000000497e-07
4.925352899999999497e-07
4.938093300000000042e-07
4.938097400000000091e-07
5.020578899999999532e-07
5.020601800000000016e-07
5.144501899999999523e-07
5.144509899999999955e-07
5.176270800000000058e-07
5.176275500000000167e-07
5.395067099999999686e-07
5.395073100000000276e-07
5.400670099999999978e-07
5.400671600000000125e-07
5.405471000000000215e-07
5.405471099999999519e-07
5.411169100000000316e-07
5.411169900000000041e-07
5.440378100000000429e-07
5.440380700000000331e-07
5.460663100000000269e-07
5.460761200000000373e-07
5.492070299999999524e-07
5.492167100000000205e-07
5.496404000000000120e-07
5.496490700000000163e-07
5.496503900000000400e-07
5.496522000000000413e-07
5.534378899999999805e-07
5.534392500000000434e-07
5.546633900000000334e-07
5.546635100000000452e-07
5.579089200000000504e-07
5.579116000000000312e-07
5.609135800000000275e-07
5.609201899999999707e-07
5.615381700000000165e-07
5.615381700000000165e-07
5.625903899999999958e-07
5.625918000000000283e-07
5.631225200000000118e-07
5.631236900000000208e-07
5.643956899999999808e-07
5.644165899999999860e-07
5.651918000000000119e-07
5.652028799999999705e-07
5.692039500000000231e-07
5.692143599999999865e-07
5.717357899999999845e-07
5.717371100000000082e-07
5.725299500000000358e-07
5.725304299999999771e-07
5.908428899999999637e-07
5.908433700000000108e-07
5.909984099999999876e-07
5.909984299999999543e-07
5.951687499999999672e-07
5.951688399999999761e-07
6.003561799999999707e-07
6.003564099999999580e-07
6.038407599999999901e-07
6.038408999999999685e-07
6.113257999999999670e-07
6.113258800000000454e-07
6.280594299999999709e-07
6.280600099999999573e-07
6.440195700000000473e-07
6.440196599999999503e-07
6.462025900000000276e-07
6.462027900000000120e-07
6.505216200000000311e-07
6.505218699999999850e-07
6.506345200000000347e-07
6.506351199999999877e-07
6.516603499999999991e-07
6.516752200000000474e-07
6.531014099999999714e-07
6.531032700000000481e-07
6.539144900000000452e-07
6.539306800000000114e-07
6.539501599999999478e-07
6.539570899999999930e-07
6.574666300000000280e-07
6.574681200000000331e-07
6.582692799999999600e-07
6.582706199999999504e-07
6.582745200000000158e-07
6.582873300000000030e-07
6.594407699999999684e-07
6.594507199999999572e-07
6.607118199999999763e-07
6.607273499999999836e-07
6.608470399999999481e-07
6.608842599999999675e-07
6.617582200000000193e-07
6.617651199999999557e-07
6.638272700000000322e-07
6.638300100000000189e-07
6.651218400000000202e-07
6.651307400000000117e-07
6.666137500000000091e-07
6.666236899999999616e-07
6.702086099999999513e-07
6.702132299999999814e-07
6.704387899999999651e-07
6.704449000000000004e-07
6.742798999999999814e-07
6.742868499999999933e-07
6.758490300000000351e-07
6.758669399999999938e-07
6.765952899999999713e-07
6.766012099999999526e-07
6.766790299999999704e-07
6.766799099999999862e-07
6.776887100000000078e-07
6.776891500000000157e-07
6.927991500000000498e-07
6.927994700000000459e-07
6.975877099999999930e-07
6.975883199999999823e-07
6.976072599999999715e-07
6.976074800000000284e-07
6.981882300000000185e-07
6.981882300000000185e-07
7.001858000000000361e-07
7.001858600000000420e-07
7.169610599999999631e-07
7.169685899999999613e-07
7.173122700000000376e-07
7.173207900000000272e-07
7.177437899999999509e-07
7.177507099999999599e-07
7.182704699999999965e-07
7.182743099999999501e-07
7.194513600000000102e-07
7.194600600000000174e-07
7.199731199999999962e-07
7.199796700000000394e-07
7.208377499999999790e-07
7.208442500000000526e-07
7.216886999999999950e-07
7.216974900000000110e-07
7.232581500000000448e-07
7.232582100000000507e-07
7.239228700000000214e-07
7.239380399999999933e-07
7.241930900000000139e-07
7.241975699999999597e-07
7.253521899999999703e-07
7.253526500000000508e-07
7.260171100000000371e-07
7.260175400000000087e-07
7.356011800000000412e-07
7.356012199999999746e-07
7.451313600000000125e-07
7.451323000000000342e-07
7.641533199999999963e-07
7.641533999999999689e-07
7.652940500000000196e-07
7.652946199999999696e-07
7.700524299999999640e-07
7.700526500000000209e-07
7.786688500000000342e-07
7.786690300000000519e-07
7.828081499999999659e-07
7.828086300000000131e-07
7.842830000000000091e-07
7.842831800000000268e-07
7.887697200000000314e-07
7.887697599999999647e-07
7.901437700000000238e-07
7.901448500000000239e-07
8.037461800000000469e-07
8.037477500000000246e-07
8.041109700000000431e-07
8.041149400000000447e-07
8.102019100000000353e-07
8.102022399999999619e-07
8.182997800000000112e-07
8.183004800000000094e-07
8.256738900000000367e-07
8.256740100000000485e-07
8.317521100000000505e-07
8.317526800000000006e-07
8.324229499999999927e-07
8.324237800000000390e-07
8.443048099999999879e-07
8.443048500000000272e-07
8.505652300000000336e-07
8.505653400000000091e-07
8.607833700000000047e-07
8.607836599999999979e-07
8.637761999999999496e-07
8.637764099999999702e-07
8.669300799999999672e-07
8.672320899999999754e-07
8.806120199999999644e-07
8.806123000000000271e-07
8.855275699999999888e-07
8.855277399999999702e-07
8.865525899999999795e-07
8.865533000000000140e-07
8.891978500000000309e-07
8.891979400000000397e-07
9.128088600000000262e-07
9.128089399999999988e-07
9.455510399999999542e-07
9.455524499999999868e-07
9.462979999999999944e-07
9.758790199999999664e-07
9.758790300000000026e-07
1.366808799999999930e-06
1.366810099999999987e-06
1.368051099999999938e-06
1.368051300000000029e-06
3.434252100000000190e-06
3.434259699999999807e-06
3.434573799999999944e-06
3.434574900000000122e-06
3.435141500000000135e-06
3.435152299999999925e-06
3.492513700000000165e-06
3.492520399999999905e-06
3.493233600000000195e-06
3.493256700000000134e-06
3.828569999999999666e-06
3.828572799999999659e-06
3.923441599999999702e-06
3.923442999999999698e-06
4.585273100000000211e-06
4.585277200000000260e-06
4.826728800000000170e-06
4.826731600000000162e-06
4.907421500000000292e-06
4.907422700000000410e-06
5.100967099999999614e-06
5.100973999999999656e-06
5.101036799999999611e-06
5.101038199999999607e-06
5.187277900000000170e-06
5.187282699999999794e-06
7.863134300000000485e-06
7.863150099999999354e-06
7.863633600000000313e-06
7.863640099999999751e-06
1.205508799999999967e-05
1.205510000000000084e-05
1.326981899999999988e-05
1.326982100000000036e-05
1.887593900000000000e-05
1.887593900000000000e-05
2.014837900000000098e-05
2.014837900000000098e-05
2.922304400000000162e-05
2.922304500000000101e-05
4.386452399999999887e-05
4.386454000000000270e-05
6.066446499999999923e-05
6.066449099999999698e-05
6.173739500000000253e-05
6.173742500000000463e-05
6.724497100000000483e-05
6.724512700000000490e-05
7.438005000000000625e-05
7.438013600000000143e-05
7.617400000000000625e-05
7.617406399999999446e-05
7.618717299999999400e-05
7.618721200000000079e-05
7.883967300000000291e-05
7.883969899999999388e-05
8.448530999999999630e-05
8.448531999999999700e-05
9.152415299999999839e-05
9.152420900000000502e-05
1.148131199999999949e-04
1.148131399999999963e-04
1.148131699999999984e-04
1.148131899999999998e-04
1.272975500000000091e-04
1.272976200000000004e-04
1.394863599999999972e-04
1.394863599999999972e-04
1.403852999999999991e-04
1.403853100000000134e-04
1.404179899999999956e-04
1.405750300000000038e-04
1.406131899999999899e-04
1.406131899999999899e-04
1.408156700000000056e-04
1.428156799999999872e-04
1.428612600000000045e-04
1.428613499999999972e-04
1.428786199999999991e-04
1.430681600000000041e-04
1.430921299999999869e-04
1.430921400000000011e-04
1.432432800000000032e-04
1.432432800000000032e-04
1.440385000000000135e-04
1.440385000000000135e-04
1.447610200000000067e-04
1.447610299999999939e-04
1.448242099999999955e-04
1.448242099999999955e-04
1.448976500000000102e-04
1.448976500000000102e-04
1.448977400000000030e-04
1.448977400000000030e-04
1.448986000000000089e-04
1.454528599999999950e-04
1.454547199999999896e-04
1.454548599999999994e-04
1.454594300000000074e-04
1.454595699999999901e-04
1.510631900000000000e-04
1.510632599999999913e-04
1.534977599999999965e-04
1.534977599999999965e-04
1.596066899999999970e-04
1.606628099999999899e-04
1.606650899999999868e-04
1.655382200000000015e-04
1.655383899999999999e-04
1.655383899999999999e-04
1.676593200000000108e-04
1.676593200000000108e-04
1.679695199999999998e-04
1.679695299999999869e-04
1.679696000000000054e-04
1.679696000000000054e-04
1.679696200000000068e-04
1.679696200000000068e-04
1.679698399999999950e-04
1.679698399999999950e-04
1.687376099999999960e-04
1.687376099999999960e-04
1.687377700000000072e-04
1.687377700000000072e-04
1.700384399999999908e-04
1.700384399999999908e-04
1.702970699999999907e-04
1.702971099999999935e-04
1.702971299999999949e-04
1.717762599999999944e-04
1.717762599999999944e-04
1.720633599999999938e-04
1.720633799999999952e-04
1.733453400000000116e-04
1.733453400000000116e-04
1.736169000000000080e-04
1.736169000000000080e-04
1.751738700000000047e-04
1.751742700000000056e-04
1.800775599999999890e-04
1.800776199999999932e-04
1.843454500000000021e-04
1.843455399999999948e-04
1.857518200000000074e-04
1.857518299999999945e-04
1.859092999999999922e-04
1.859093199999999936e-04
1.958787100000000062e-04
1.958787199999999934e-04
2.110415799999999873e-04
2.110419299999999982e-04
2.112267699999999997e-04
1.699350799999999918e-03
1.699350799999999918e-03
1.699351900000000077e-03
1.699352500000000064e-03
1.699352500000000064e-03
1.699353100000000052e-03
1.699353100000000052e-03
1.699353100000000052e-03
1.747968900000000008e-03
1.747968900000000008e-03
1.747968900000000008e-03
1.747968900000000008e-03
1.747968900000000008e-03
1.747968900000000008e-03
1.747968900000000008e-03
1.747968900000000008e-03
1.747968900000000008e-03
1.747968900000000008e-03
1.747968900000000008e-03
1.747968900000000008e-03
1.747968900000000008e-03
1.747969000000000042e-03
1.747969000000000042e-03
1.747969000000000042e-03
1.747969000000000042e-03
1.747969000000000042e-03
1.747969000000000042e-03
1.747969000000000042e-03
1.747969000000000042e-03
1.747969000000000042e-03
1.747969000000000042e-03
1.747969000000000042e-03
1.747969000000000042e-03
1.747969000000000042e-03
1.747969000000000042e-03
1.747969000000000042e-03
1.747969000000000042e-03
1.747969000000000042e-03
1.747969000000000042e-03
1.747969000000000042e-03
1.747969000000000042e-03
1.747969100000000076e-03
1.747969100000000076e-03
1.747969100000000076e-03
1.747969100000000076e-03
1.747969100000000076e-03
1.747969100000000076e-03
1.747969100000000076e-03
1.747969100000000076e-03
1.747969100000000076e-03
1.747969100000000076e-03
1.747969100000000076e-03
1.747969199999999893e-03
1.747969199999999893e-03
1.747969199999999893e-03
1.747969199999999893e-03
1.747969199999999893e-03
1.747969199999999893e-03
1.747969199999999893e-03
1.747969199999999893e-03
1.747969199999999893e-03
1.747969199999999893e-03
1.747969199999999893e-03
1.747969199999999893e-03
1.747969199999999893e-03
1.747969199999999893e-03
1.747969199999999893e-03
1.747969199999999893e-03
1.747969199999999893e-03
1.747969299999999927e-03
1.747969299999999927e-03
1.747969299999999927e-03
1.747969299999999927e-03
1.747969299999999927e-03
1.747969299999999927e-03
1.747969299999999927e-03
1.747969299999999927e-03
1.747969299999999927e-03
1.747969299999999927e-03
1.747969399999999961e-03
1.747969399999999961e-03
1.747969399999999961e-03
1.747969399999999961e-03
1.747969399999999961e-03
1.747969399999999961e-03
1.747969399999999961e-03
1.747969399999999961e-03
1.747969399999999961e-03
1.747969399999999961e-03
1.747969399999999961e-03
1.747969399999999961e-03
1.747969399999999961e-03
1.747969399999999961e-03
1.747969399999999961e-03
1.747969399999999961e-03
1.747969499999999995e-03
1.747969499999999995e-03
1.747969499999999995e-03
1.747969499999999995e-03
1.747969499999999995e-03
1.747969499999999995e-03
1.747969499999999995e-03
1.747969499999999995e-03
1.747969499999999995e-03
1.747969499999999995e-03
1.747969499999999995e-03
1.747969499999999995e-03
1.747969600000000030e-03
1.747969600000000030e-03
1.747969600000000030e-03
1.747969600000000030e-03
1.747969600000000030e-03
1.747969600000000030e-03
1.747969600000000030e-03
1.747969600000000030e-03
1.747969600000000030e-03
1.747969600000000030e-03
1.747969600000000030e-03
1.747969600000000030e-03
1.747969700000000064e-03
1.747969700000000064e-03
1.747969700000000064e-03
1.747969700000000064e-03
1.747969700000000064e-03
1.747969700000000064e-03
1.747969700000000064e-03
1.747969700000000064e-03
1.747969700000000064e-03
1.747969700000000064e-03
1.747969700000000064e-03
1.747969700000000064e-03
1.747969700000000064e-03
1.747969700000000064e-03
1.747969800000000098e-03
1.747969800000000098e-03
1.747969800000000098e-03
1.747969800000000098e-03
1.747969800000000098e-03
1.747969800000000098e-03
1.747969800000000098e-03
1.747969800000000098e-03
1.747969800000000098e-03
1.747969800000000098e-03
1.747969800000000098e-03
1.747969899999999915e-03
1.747969899999999915e-03
1.747969899999999915e-03
1.747969899999999915e-03
1.747969899999999915e-03
1.747969899999999915e-03
1.747969899999999915e-03
1.747969899999999915e-03
1.747969899999999915e-03
1.747969899999999915e-03
1.747969899999999915e-03
1.747969899999999915e-03
1.747969899999999915e-03
1.747969899999999915e-03
1.747969899999999915e-03
1.747969899999999915e-03
1.747969899999999915e-03
1.747969899999999915e-03
1.747969899999999915e-03
1.747969999999999949e-03
1.747969999999999949e-03
1.747969999999999949e-03
1.747969999999999949e-03
1.747969999999999949e-03
1.747969999999999949e-03
1.747969999999999949e-03
1.747969999999999949e-03
1.747969999999999949e-03
1.747969999999999949e-03
1.747969999999999949e-03
1.747970099999999983e-03
1.747970099999999983e-03
1.747970099999999983e-03
1.747970099999999983e-03
1.747970099999999983e-03
1.747970099999999983e-03
1.747970099999999983e-03
1.747970099999999983e-03
1.747970099999999983e-03
1.747970099999999983e-03
1.747970099999999983e-03
1.747970099999999983e-03
1.747970099999999983e-03
1.747970099999999983e-03
1.747970099999999983e-03
1.747970099999999983e-03
1.747970099999999983e-03
1.747970099999999983e-03
1.747970200000000017e-03
1.747970200000000017e-03
1.747970200000000017e-03
1.747970200000000017e-03
1.747970200000000017e-03
1.747970200000000017e-03
1.747970200000000017e-03
1.747970200000000017e-03
1.747970200000000017e-03
1.747970200000000017e-03
1.747970200000000017e-03
1.747970300000000051e-03
1.747970300000000051e-03
1.747970300000000051e-03
1.747970300000000051e-03
1.747970300000000051e-03
1.747970300000000051e-03
1.747970300000000051e-03
1.747970300000000051e-03
1.747970300000000051e-03
1.747970300000000051e-03
1.747970300000000051e-03
1.747970300000000051e-03
1.747970400000000086e-03
1.747970400000000086e-03
1.754595199999999921e-03
1.754595199999999921e-03
1.754595199999999921e-03
1.754595199999999921e-03
1.754595199999999921e-03
1.754596900000000067e-03
1.754596900000000067e-03
1.754597500000000055e-03
1.754597500000000055e-03
1.754597899999999974e-03
1.754597899999999974e-03
1.754598299999999894e-03
1.754598299999999894e-03
1.754598399999999928e-03
1.754598399999999928e-03
1.754601200000000015e-03
1.754601200000000015e-03
1.754609999999999980e-03
1.754609999999999980e-03
1.754609999999999980e-03
1.754609999999999980e-03
1.754609999999999980e-03
1.754609999999999980e-03
1.754612800000000068e-03
1.754612800000000068e-03
1.754612800000000068e-03
1.754612800000000068e-03
1.754612800000000068e-03
1.754612800000000068e-03
1.754613900000000009e-03
1.754613900000000009e-03
1.754619800000000070e-03
1.754619800000000070e-03
1.754619800000000070e-03
1.754619800000000070e-03
1.754619800000000070e-03
1.754619800000000070e-03
1.754619800000000070e-03
1.754619800000000070e-03
1.754620300000000023e-03
1.754620300000000023e-03
1.754620599999999909e-03
1.754620599999999909e-03
1.754623600000000064e-03
1.754623600000000064e-03
1.754623600000000064e-03
1.754623600000000064e-03
1.754626900000000106e-03
1.754626900000000106e-03
1.754626900000000106e-03
1.754626900000000106e-03
1.754626900000000106e-03
1.754626900000000106e-03
1.754627500000000093e-03
1.754627500000000093e-03
1.754627500000000093e-03
1.754627500000000093e-03
1.754627500000000093e-03
1.754627500000000093e-03
1.754627500000000093e-03
1.754627500000000093e-03
1.754627500000000093e-03
1.754627500000000093e-03
1.754627500000000093e-03
1.754627500000000093e-03
1.754627500000000093e-03
1.754627500000000093e-03
1.754627500000000093e-03
1.754627500000000093e-03
1.754627599999999911e-03
1.754627599999999911e-03
1.754627599999999911e-03
1.754627599999999911e-03
1.754627599999999911e-03
1.754627599999999911e-03
1.754627599999999911e-03
1.754627599999999911e-03
1.754627599999999911e-03
1.754627599999999911e-03
1.755364500000000097e-03
1.755364500000000097e-03
1.755366900000000048e-03
1.755366900000000048e-03
1.755367000000000082e-03
1.755367000000000082e-03
1.755367000000000082e-03
1.755367000000000082e-03
1.755367000000000082e-03
1.755367000000000082e-03
1.755367000000000082e-03
1.755367000000000082e-03
1.755368100000000023e-03
1.755368100000000023e-03
1.755368700000000011e-03
1.755368700000000011e-03
1.755368700000000011e-03
1.755368700000000011e-03
1.755368700000000011e-03
1.755368700000000011e-03
1.755369400000000033e-03
1.755369400000000033e-03
1.755369400000000033e-03
1.755369400000000033e-03
1.755369400000000033e-03
1.755369400000000033e-03
1.755369400000000033e-03
1.755369400000000033e-03
1.755383600000000105e-03
1.755383600000000105e-03
1.755383899999999990e-03
1.755383899999999990e-03
1.755384000000000024e-03
1.755384000000000024e-03
1.755387800000000019e-03
1.755387800000000019e-03
1.755387800000000019e-03
1.755387800000000019e-03
1.755387800000000019e-03
1.755387800000000019e-03
1.755387800000000019e-03
1.755387800000000019e-03
1.755387800000000019e-03
1.755387800000000019e-03
1.755388299999999973e-03
1.755388299999999973e-03
1.755388299999999973e-03
1.755388400000000007e-03
1.755388400000000007e-03
1.755388400000000007e-03
1.755388400000000007e-03
1.755388400000000007e-03
1.755388400000000007e-03
1.755388400000000007e-03
1.755388400000000007e-03
1.755388400000000007e-03
1.755388500000000041e-03
1.755388500000000041e-03
1.755388500000000041e-03
1.755388500000000041e-03
1.755388899999999960e-03
1.755388899999999960e-03
1.755396300000000099e-03
1.755396300000000099e-03
1.755398100000000062e-03
1.755398100000000062e-03
1.755398100000000062e-03
1.755398100000000062e-03
1.755398100000000062e-03
1.755398499999999981e-03
1.755398899999999901e-03
1.755398999999999935e-03
1.755398999999999935e-03
1.755398999999999935e-03
1.755398999999999935e-03
1.755399099999999969e-03
1.755399200000000003e-03
1.755399300000000037e-03
1.755399300000000037e-03
1.755399300000000037e-03
1.755399400000000072e-03
1.755399400000000072e-03
1.755399599999999923e-03
1.755399599999999923e-03
1.755399599999999923e-03
1.755399599999999923e-03
1.755399599999999923e-03
1.755399599999999923e-03
1.755400299999999945e-03
1.755400299999999945e-03
1.755401100000000001e-03
1.755401100000000001e-03
1.755401100000000001e-03
1.755401200000000035e-03
1.755401200000000035e-03
1.755401200000000035e-03
1.755401200000000035e-03
1.755401200000000035e-03
1.755401200000000035e-03
1.755401200000000035e-03
1.755401200000000035e-03
1.755401200000000035e-03
1.755401200000000035e-03
1.755401300000000069e-03
1.755401300000000069e-03
1.755401300000000069e-03
1.755401300000000069e-03
1.755401300000000069e-03
1.755401699999999988e-03
1.755425199999999979e-03
1.755425199999999979e-03
1.755426700000000057e-03
1.755427799999999998e-03
1.755433000000000037e-03
1.755433499999999990e-03
1.755445499999999963e-03
1.755447499999999994e-03
1.755454700000000064e-03
1.755455200000000018e-03
1.755461000000000044e-03
1.755462200000000019e-03
1.755466399999999934e-03
1.755467799999999978e-03
1.755475500000000001e-03
1.755476099999999989e-03
1.755477600000000067e-03
1.755477799999999918e-03
1.755485300000000090e-03
1.755487600000000007e-03
1.755492200000000058e-03
1.755492200000000058e-03
1.755492399999999910e-03
1.755492599999999978e-03
1.755493400000000034e-03
1.755493500000000068e-03
1.755513999999999903e-03
1.755514600000000107e-03
1.755520999999999904e-03
1.755521199999999973e-03
1.755531399999999981e-03
1.755532100000000003e-03
1.755532200000000037e-03
1.755542300000000012e-03
1.755575400000000024e-03
1.755625600000000012e-03
1.755675699999999966e-03
1.755747399999999913e-03
1.755747599999999981e-03
1.755763399999999948e-03
1.755764799999999992e-03
1.755766599999999955e-03
1.755766599999999955e-03
1.755800999999999976e-03
1.755800999999999976e-03
1.755824100000000047e-03
1.755824200000000081e-03
1.755830699999999913e-03
1.755830699999999913e-03
1.755831299999999900e-03
1.755831399999999935e-03
1.755833500000000000e-03
1.755833500000000000e-03
1.755833500000000000e-03
1.755833500000000000e-03
1.755834099999999988e-03
1.755834099999999988e-03
1.755834099999999988e-03
1.755834099999999988e-03
1.755834200000000022e-03
1.755834200000000022e-03
1.755834300000000056e-03
1.755834300000000056e-03
1.755834400000000090e-03
1.755834400000000090e-03
1.755834499999999907e-03
1.755834499999999907e-03
1.755834800000000010e-03
1.755834800000000010e-03
1.755835700000000100e-03
1.755835700000000100e-03
1.755835999999999985e-03
1.755835999999999985e-03
1.755838299999999902e-03
1.755838299999999902e-03
1.755838600000000005e-03
1.755838600000000005e-03
1.755838700000000039e-03
1.755838700000000039e-03
1.755839099999999958e-03
1.755839099999999958e-03
1.755839400000000061e-03
1.755839400000000061e-03
1.755839400000000061e-03
1.755839400000000061e-03
1.755840299999999934e-03
1.755840299999999934e-03
1.755841800000000012e-03
1.755841800000000012e-03
1.755842099999999897e-03
1.755842099999999897e-03
1.755842700000000102e-03
1.755842700000000102e-03
1.755842799999999919e-03
1.755842799999999919e-03
1.755842899999999953e-03
1.755842899999999953e-03
1.755842899999999953e-03
1.755842899999999953e-03
1.755842999999999987e-03
1.755842999999999987e-03
1.755843399999999907e-03
1.755843399999999907e-03
1.755843499999999941e-03
1.755843499999999941e-03
1.755844699999999916e-03
1.755844699999999916e-03
1.755845000000000019e-03
1.755845000000000019e-03
1.755845600000000006e-03
1.755845600000000006e-03
1.755845700000000040e-03
1.755845700000000040e-03
1.755846699999999948e-03
1.755846699999999948e-03
1.755846799999999982e-03
1.755846799999999982e-03
1.755847399999999970e-03
1.755847399999999970e-03
1.755847800000000106e-03
1.755847800000000106e-03
1.755848099999999991e-03
1.755848099999999991e-03
1.755848699999999979e-03
1.755848699999999979e-03
1.755849199999999933e-03
1.755849199999999933e-03
1.755849899999999955e-03
1.755849899999999955e-03
1.755850399999999908e-03
1.755850399999999908e-03
1.755850399999999908e-03
1.755850399999999908e-03
1.755850399999999908e-03
1.755850399999999908e-03
1.755850499999999943e-03
1.755850499999999943e-03
1.755850599999999977e-03
1.755850599999999977e-03
1.755851600000000101e-03
1.755851600000000101e-03
1.755851699999999918e-03
1.755851699999999918e-03
1.755852800000000076e-03
1.755852800000000076e-03
1.755853199999999996e-03
1.755853199999999996e-03
1.755854500000000006e-03
1.755854500000000006e-03
1.755854600000000040e-03
1.755854600000000040e-03
1.755854700000000074e-03
1.755854700000000074e-03
1.755855099999999993e-03
1.755855099999999993e-03
1.755855099999999993e-03
1.755855099999999993e-03
1.755855300000000061e-03
1.755855300000000061e-03
1.755855800000000015e-03
1.755855800000000015e-03
1.755856099999999901e-03
1.755856099999999901e-03
1.755856400000000003e-03
1.755856400000000003e-03
1.755856899999999957e-03
1.755856899999999957e-03
1.755857100000000025e-03
1.755857100000000025e-03
1.755857700000000013e-03
1.755857700000000013e-03
1.755857800000000047e-03
1.755857800000000047e-03
1.755858300000000000e-03
1.755858300000000000e-03
1.755858500000000069e-03
1.755858500000000069e-03
1.755858799999999954e-03
1.755858799999999954e-03
1.755859200000000090e-03
1.755859200000000090e-03
1.755859499999999976e-03
1.755859499999999976e-03
1.755859600000000010e-03
1.755859600000000010e-03
1.755859700000000044e-03
1.755859700000000044e-03
1.755859899999999895e-03
1.755859899999999895e-03
1.755859899999999895e-03
1.755859899999999895e-03
1.755860799999999985e-03
1.755860799999999985e-03
1.755861799999999893e-03
1.755861799999999893e-03
1.755862300000000063e-03
1.755862300000000063e-03
1.755862499999999915e-03
1.755862499999999915e-03
1.755863600000000073e-03
1.755863600000000073e-03
1.755864300000000095e-03
1.755864300000000095e-03
1.755864399999999912e-03
1.755864399999999912e-03
1.755864800000000048e-03
1.755864800000000048e-03
1.755865199999999968e-03
1.755865199999999968e-03
1.755865300000000002e-03
1.755865300000000002e-03
1.755865400000000036e-03
1.755865400000000036e-03
1.755865699999999922e-03
1.755865699999999922e-03
1.755866000000000024e-03
1.755866000000000024e-03
1.755866200000000092e-03
1.755866200000000092e-03
1.755866399999999944e-03
1.755866399999999944e-03
1.755867199999999999e-03
1.755867199999999999e-03
1.755867400000000068e-03
1.755867400000000068e-03
1.755867599999999919e-03
1.755867599999999919e-03
1.755867799999999987e-03
1.755867799999999987e-03
1.755868100000000090e-03
1.755868100000000090e-03
1.755868199999999907e-03
1.755868199999999907e-03
1.755868399999999975e-03
1.755868399999999975e-03
1.755868399999999975e-03
1.755868399999999975e-03
1.755868700000000077e-03
1.755868700000000077e-03
1.755868999999999963e-03
1.755868999999999963e-03
1.755869099999999997e-03
1.755869099999999997e-03
1.755869099999999997e-03
1.755869099999999997e-03
1.755869200000000031e-03
1.755869200000000031e-03
1.755869300000000065e-03
1.755869300000000065e-03
1.755869499999999916e-03
1.755869499999999916e-03
1.755869699999999985e-03
1.755869699999999985e-03
1.755869800000000019e-03
1.755869800000000019e-03
1.755870099999999904e-03
1.755870099999999904e-03
1.755870299999999972e-03
1.755870299999999972e-03
1.755870699999999892e-03
1.755870699999999892e-03
1.755870799999999926e-03
1.755870799999999926e-03
1.755870899999999960e-03
1.755870899999999960e-03
1.755870999999999994e-03
1.755870999999999994e-03
1.755871300000000097e-03
1.755871300000000097e-03
1.755871800000000050e-03
1.755871800000000050e-03
1.755871900000000084e-03
1.755871900000000084e-03
1.755872600000000106e-03
1.755872600000000106e-03
1.755872699999999923e-03
1.755872699999999923e-03
1.755873200000000094e-03
1.755873200000000094e-03
1.755874099999999967e-03
1.755874099999999967e-03
1.755874200000000001e-03
1.755874200000000001e-03
1.755874200000000001e-03
1.755874200000000001e-03
1.755874200000000001e-03
1.755874200000000001e-03
1.755874400000000069e-03
1.755874400000000069e-03
1.755876099999999999e-03
1.755876099999999999e-03
1.755876699999999986e-03
1.755876699999999986e-03
1.755876900000000055e-03
1.755876900000000055e-03
1.755876900000000055e-03
1.755876900000000055e-03
1.755876900000000055e-03
1.755876900000000055e-03
1.755877000000000089e-03
1.755877000000000089e-03
1.755877099999999906e-03
1.755877099999999906e-03
1.755877299999999974e-03
1.755877299999999974e-03
1.755878300000000098e-03
1.755878300000000098e-03
1.755879199999999972e-03
1.755879199999999972e-03
1.755879500000000074e-03
1.755879500000000074e-03
1.755879899999999993e-03
1.755879899999999993e-03
1.755880100000000062e-03
1.755880100000000062e-03
1.755880200000000096e-03
1.755880200000000096e-03
1.755880800000000084e-03
1.755880800000000084e-03
1.755880800000000084e-03
1.755880800000000084e-03
1.755880899999999901e-03
1.755880899999999901e-03
1.755881200000000003e-03
1.755881200000000003e-03
1.755882199999999910e-03
1.755882199999999910e-03
1.755882899999999932e-03
1.755882899999999932e-03
1.755883100000000000e-03
1.755883100000000000e-03
1.755884600000000078e-03
1.755884600000000078e-03
1.755884600000000078e-03
1.755884600000000078e-03
1.755884699999999896e-03
1.755884699999999896e-03
1.755884699999999896e-03
1.755884699999999896e-03
1.755884699999999896e-03
1.755884699999999896e-03
1.755884799999999930e-03
1.755884799999999930e-03
1.755884799999999930e-03
1.755884799999999930e-03
1.755885399999999917e-03
1.755885399999999917e-03
1.755885800000000054e-03
1.755885800000000054e-03
1.755885999999999905e-03
1.755885999999999905e-03
1.755886199999999973e-03
1.755886199999999973e-03
1.755886300000000007e-03
1.755886300000000007e-03
1.755886400000000042e-03
1.755886400000000042e-03
1.755886500000000076e-03
1.755886500000000076e-03
1.755886799999999961e-03
1.755886799999999961e-03
1.755887999999999937e-03
1.755887999999999937e-03
1.755888599999999924e-03
1.755888599999999924e-03
1.755889199999999912e-03
1.755889199999999912e-03
1.755889999999999968e-03
1.755889999999999968e-03
1.755890200000000036e-03
1.755890200000000036e-03
1.755890300000000070e-03
1.755890300000000070e-03
1.755890599999999956e-03
1.755890599999999956e-03
1.755890900000000058e-03
1.755890900000000058e-03
1.755891699999999897e-03
1.755891699999999897e-03
1.755892800000000056e-03
1.755892800000000056e-03
1.755892800000000056e-03
1.755892800000000056e-03
1.755892800000000056e-03
1.755892800000000056e-03
1.755893500000000077e-03
1.755893500000000077e-03
1.755893599999999895e-03
1.755893599999999895e-03
1.755893799999999963e-03
1.755893799999999963e-03
1.755893899999999997e-03
1.755893899999999997e-03
1.755893899999999997e-03
1.755893899999999997e-03
1.755894000000000031e-03
1.755894000000000031e-03
1.755894100000000065e-03
1.755894100000000065e-03
1.755894200000000099e-03
1.755894200000000099e-03
1.755894299999999917e-03
1.755894299999999917e-03
1.755894600000000019e-03
1.755894600000000019e-03
1.755894899999999904e-03
1.755894899999999904e-03
1.755894999999999938e-03
1.755894999999999938e-03
1.755894999999999938e-03
1.755894999999999938e-03
1.755895599999999926e-03
1.755895599999999926e-03
1.755896299999999948e-03
1.755896299999999948e-03
1.755896700000000085e-03
1.755896700000000085e-03
1.755896700000000085e-03
1.755896700000000085e-03
1.755896899999999936e-03
1.755896899999999936e-03
1.755896999999999970e-03
1.755896999999999970e-03
1.755897100000000004e-03
1.755897100000000004e-03
1.755897300000000072e-03
1.755897300000000072e-03
1.755898099999999911e-03
1.755898099999999911e-03
1.755898199999999946e-03
1.755898199999999946e-03
1.755898699999999899e-03
1.755898699999999899e-03
1.755898899999999967e-03
1.755898899999999967e-03
1.755898899999999967e-03
1.755898899999999967e-03
1.755899200000000070e-03
1.755899200000000070e-03
1.755900300000000011e-03
1.755900300000000011e-03
1.755900799999999965e-03
1.755900799999999965e-03
1.755901100000000067e-03
1.755901100000000067e-03
1.755901200000000101e-03
1.755901200000000101e-03
1.755901299999999918e-03
1.755901299999999918e-03
1.755901299999999918e-03
1.755901299999999918e-03
1.755901700000000055e-03
1.755901700000000055e-03
1.755901999999999940e-03
1.755901999999999940e-03
1.755901999999999940e-03
1.755901999999999940e-03
1.755902099999999974e-03
1.755902099999999974e-03
1.755902200000000008e-03
1.755902200000000008e-03
1.755902799999999996e-03
1.755902799999999996e-03
1.755904400000000108e-03
1.755904400000000108e-03
1.755904599999999960e-03
1.755904599999999960e-03
1.755904800000000028e-03
1.755904800000000028e-03
1.755905400000000015e-03
1.755905400000000015e-03
1.755905500000000050e-03
1.755905500000000050e-03
1.755905699999999901e-03
1.755905699999999901e-03
1.755905799999999935e-03
1.755905799999999935e-03
1.755905799999999935e-03
1.755905799999999935e-03
1.755906399999999923e-03
1.755906399999999923e-03
1.755906499999999957e-03
1.755906499999999957e-03
1.755906700000000025e-03
1.755906700000000025e-03
1.755906900000000093e-03
1.755906900000000093e-03
1.755906999999999911e-03
1.755906999999999911e-03
1.755907199999999979e-03
1.755907199999999979e-03
1.755907199999999979e-03
1.755907199999999979e-03
1.755907699999999932e-03
1.755907699999999932e-03
1.755908100000000069e-03
1.755908100000000069e-03
1.755908899999999908e-03
1.755908899999999908e-03
1.755908899999999908e-03
1.755908899999999908e-03
1.755909200000000010e-03
1.755909200000000010e-03
1.755909300000000044e-03
1.755909300000000044e-03
1.755909499999999896e-03
1.755909499999999896e-03
1.755910199999999918e-03
1.755910199999999918e-03
1.755910199999999918e-03
1.755910199999999918e-03
1.755910399999999986e-03
1.755910399999999986e-03
1.755910399999999986e-03
1.755910399999999986e-03
1.755910600000000054e-03
1.755910600000000054e-03
1.755910700000000088e-03
1.755910700000000088e-03
1.755911499999999927e-03
1.755911499999999927e-03
1.755912500000000051e-03
1.755912500000000051e-03
1.755914199999999981e-03
1.755914199999999981e-03
1.755914699999999934e-03
1.755914699999999934e-03
1.755915000000000037e-03
1.755915000000000037e-03
1.755915399999999956e-03
1.755915399999999956e-03
1.755915499999999990e-03
1.755915499999999990e-03
1.755915999999999944e-03
1.755915999999999944e-03
1.755916099999999978e-03
1.755916099999999978e-03
1.755916400000000080e-03
1.755916400000000080e-03
1.755916599999999932e-03
1.755916599999999932e-03
1.755917799999999907e-03
1.755917799999999907e-03
1.755918100000000009e-03
1.755918100000000009e-03
1.755918900000000065e-03
1.755918900000000065e-03
1.755918900000000065e-03
1.755919000000000100e-03
1.755919199999999951e-03
1.755919199999999951e-03
1.755919799999999939e-03
1.755919799999999939e-03
1.755920599999999995e-03
1.755920599999999995e-03
1.755920800000000063e-03
1.755920800000000063e-03
1.755922200000000107e-03
1.755922200000000107e-03
1.755922899999999912e-03
1.755922899999999912e-03
1.755922899999999912e-03
1.755922899999999912e-03
1.755923499999999899e-03
1.755923499999999899e-03
1.755924199999999921e-03
1.755924199999999921e-03
1.755924899999999943e-03
1.755924899999999943e-03
1.755925599999999965e-03
1.755925599999999965e-03
1.755926000000000101e-03
1.755926000000000101e-03
1.755926099999999919e-03
1.755926099999999919e-03
1.755926500000000055e-03
1.755926500000000055e-03
1.755926899999999975e-03
1.755926899999999975e-03
1.755927100000000043e-03
1.755927100000000043e-03
1.755927100000000043e-03
1.755927100000000043e-03
1.755927100000000043e-03
1.755927100000000043e-03
1.755927100000000043e-03
1.755927200000000077e-03
1.755927200000000077e-03
1.755927499999999962e-03
1.755927499999999962e-03
1.755927499999999962e-03
1.755927499999999962e-03
1.755927499999999962e-03
1.755927499999999962e-03
1.755927700000000031e-03
1.755927700000000031e-03
1.755927700000000031e-03
1.755927700000000031e-03
1.755927700000000031e-03
1.755927700000000031e-03
1.755927900000000099e-03
1.755927900000000099e-03
1.755927999999999916e-03
1.755927999999999916e-03
1.755930699999999969e-03
1.755930699999999969e-03
1.755930800000000003e-03
1.755930800000000003e-03
1.755933199999999954e-03
1.755933199999999954e-03
1.755933199999999954e-03
1.755933199999999954e-03
1.755933400000000023e-03
1.755933400000000023e-03
1.755933400000000023e-03
1.755933400000000023e-03
1.755933400000000023e-03
1.755933400000000023e-03
1.755934100000000045e-03
1.755934100000000045e-03
1.755934200000000079e-03
1.755934200000000079e-03
1.755934200000000079e-03
1.755934200000000079e-03
1.755934299999999896e-03
1.755934299999999896e-03
1.755934399999999930e-03
1.755934399999999930e-03
1.755934499999999964e-03
1.755934499999999964e-03
1.755934800000000066e-03
1.755934800000000066e-03
1.755935099999999952e-03
1.755935099999999952e-03
1.755935099999999952e-03
1.755935099999999952e-03
1.755935099999999952e-03
1.755935099999999952e-03
1.755935099999999952e-03
1.755935099999999952e-03
1.755937400000000086e-03
1.755938299999999959e-03
1.755938999999999981e-03
1.755938999999999981e-03
1.755938999999999981e-03
1.755938999999999981e-03
1.755938999999999981e-03
1.755938999999999981e-03
1.755938999999999981e-03
1.755940000000000105e-03
1.755940000000000105e-03
1.755940899999999978e-03
1.755940899999999978e-03
1.755941399999999932e-03
1.755941399999999932e-03
1.755941600000000000e-03
1.755941600000000000e-03
1.755941600000000000e-03
1.755941600000000000e-03
1.755942799999999976e-03
1.755942799999999976e-03
1.755943399999999963e-03
1.755943399999999963e-03
1.755943899999999917e-03
1.755943899999999917e-03
1.755944300000000053e-03
1.755944300000000053e-03
1.755945700000000097e-03
1.755945700000000097e-03
1.755946599999999970e-03
1.755946599999999970e-03
1.755946800000000039e-03
1.755946800000000039e-03
1.755947899999999980e-03
1.755947899999999980e-03
1.755948000000000014e-03
1.755948000000000014e-03
1.755948000000000014e-03
1.755948000000000014e-03
1.755949099999999955e-03
1.755949099999999955e-03
1.755949099999999955e-03
1.755949099999999955e-03
1.755949099999999955e-03
1.755949099999999955e-03
1.755949300000000024e-03
1.755949300000000024e-03
1.755949900000000011e-03
1.755949900000000011e-03
1.755950299999999931e-03
1.755950299999999931e-03
1.755950700000000067e-03
1.755950700000000067e-03
1.755951400000000089e-03
1.755951400000000089e-03
1.755951599999999941e-03
1.755951599999999941e-03
1.755952099999999894e-03
1.755952099999999894e-03
1.755952199999999928e-03
1.755952199999999928e-03
1.755952299999999962e-03
1.755952299999999962e-03
1.755952899999999950e-03
1.755952899999999950e-03
1.755953399999999904e-03
1.755953399999999904e-03
1.755953800000000040e-03
1.755953800000000040e-03
1.755953800000000040e-03
1.755953800000000040e-03
1.755954099999999926e-03
1.755954099999999926e-03
1.755954600000000096e-03
1.755954600000000096e-03
1.755954899999999982e-03
1.755954899999999982e-03
1.755955700000000038e-03
1.755955700000000038e-03
1.755955999999999923e-03
1.755955999999999923e-03
1.755956199999999991e-03
1.755956199999999991e-03
1.755956400000000060e-03
1.755956400000000060e-03
1.755957000000000047e-03
1.755957000000000047e-03
1.755957500000000001e-03
1.755957500000000001e-03
1.755957999999999955e-03
1.755957999999999955e-03
1.755958699999999977e-03
1.755958699999999977e-03
1.755958900000000045e-03
1.755958900000000045e-03
1.755959500000000032e-03
1.755959500000000032e-03
1.755959500000000032e-03
1.755959500000000032e-03
1.755959600000000067e-03
1.755959600000000067e-03
1.755959999999999986e-03
1.755959999999999986e-03
1.755960100000000020e-03
1.755960100000000020e-03
1.755960399999999906e-03
1.755960399999999906e-03
1.755960499999999940e-03
1.755960499999999940e-03
1.755960999999999893e-03
1.755960999999999893e-03
1.755961600000000098e-03
1.755961600000000098e-03
1.755962200000000086e-03
1.755962200000000086e-03
1.755962200000000086e-03
1.755962200000000086e-03
1.755962299999999903e-03
1.755962299999999903e-03
1.755962499999999971e-03
1.755962499999999971e-03
1.755962600000000005e-03
1.755962600000000005e-03
1.755963599999999913e-03
1.755963599999999913e-03
1.755964000000000049e-03
1.755964000000000049e-03
1.755964000000000049e-03
1.755964000000000049e-03
1.755964100000000083e-03
1.755964100000000083e-03
1.755964199999999900e-03
1.755964199999999900e-03
1.755964299999999935e-03
1.755964299999999935e-03
1.755964399999999969e-03
1.755964399999999969e-03
1.755964399999999969e-03
1.755964500000000003e-03
1.755964500000000003e-03
1.755964500000000003e-03
1.755964500000000003e-03
1.755966799999999920e-03
1.755966799999999920e-03
1.755968099999999929e-03
1.755968099999999929e-03
1.755968099999999929e-03
1.755968099999999929e-03
1.755968099999999929e-03
1.755968099999999929e-03
1.755968099999999929e-03
1.755968099999999929e-03
1.755968099999999929e-03
1.755968099999999929e-03
1.755968099999999929e-03
1.755968099999999929e-03
1.755968199999999963e-03
1.755968199999999963e-03
1.755968199999999963e-03
1.755968199999999963e-03
1.755968199999999963e-03
1.755968199999999963e-03
1.755968199999999963e-03
1.755968199999999963e-03
1.755968299999999998e-03
1.755968299999999998e-03
1.755968500000000066e-03
1.755968500000000066e-03
1.755968500000000066e-03
1.755968500000000066e-03
1.755968500000000066e-03
1.755968500000000066e-03
1.755968500000000066e-03
1.755968500000000066e-03
1.755968500000000066e-03
1.755968799999999951e-03
1.755968799999999951e-03
1.755968799999999951e-03
1.755968799999999951e-03
1.755968899999999985e-03
1.755968899999999985e-03
1.755969700000000041e-03
1.755969700000000041e-03
1.755969800000000075e-03
1.755969800000000075e-03
1.755970099999999961e-03
1.755970099999999961e-03
1.755970400000000063e-03
1.755970400000000063e-03
1.755970500000000097e-03
1.755970500000000097e-03
1.755970699999999949e-03
1.755970699999999949e-03
1.755970699999999949e-03
1.755970699999999949e-03
1.755971299999999936e-03
1.755971299999999936e-03
1.755971299999999936e-03
1.755971299999999936e-03
1.755971700000000073e-03
1.755971700000000073e-03
1.755971999999999958e-03
1.755971999999999958e-03
1.755972400000000095e-03
1.755972400000000095e-03
1.755972499999999912e-03
1.755972499999999912e-03
1.755973000000000082e-03
1.755973000000000082e-03
1.755973000000000082e-03
1.755973000000000082e-03
1.755973199999999934e-03
1.755973199999999934e-03
1.755973400000000002e-03
1.755973400000000002e-03
1.755973700000000104e-03
1.755973700000000104e-03
1.755973799999999922e-03
1.755973799999999922e-03
1.755974499999999943e-03
1.755974499999999943e-03
1.755974599999999977e-03
1.755974599999999977e-03
1.755975899999999987e-03
1.755975899999999987e-03
1.755976499999999975e-03
1.755976499999999975e-03
1.755976800000000077e-03
1.755976800000000077e-03
1.755977199999999997e-03
1.755977199999999997e-03
1.755977599999999916e-03
1.755977599999999916e-03
1.755977799999999985e-03
1.755977799999999985e-03
1.755978000000000053e-03
1.755978000000000053e-03
1.755978000000000053e-03
1.755978000000000053e-03
1.755978600000000040e-03
1.755978600000000040e-03
1.755978799999999892e-03
1.755978799999999892e-03
1.755978899999999926e-03
1.755978899999999926e-03
1.755979400000000096e-03
1.755979400000000096e-03
1.755979400000000096e-03
1.755979400000000096e-03
1.755980099999999901e-03
1.755980099999999901e-03
1.755980299999999970e-03
1.755980299999999970e-03
1.755980700000000106e-03
1.755980700000000106e-03
1.755980999999999992e-03
1.755980999999999992e-03
1.755980999999999992e-03
1.755980999999999992e-03
1.755981200000000060e-03
1.755981200000000060e-03
1.755981900000000082e-03
1.755981900000000082e-03
1.755983999999999930e-03
1.755983999999999930e-03
1.755984799999999986e-03
1.755984799999999986e-03
1.755985199999999906e-03
1.755985199999999906e-03
1.755985199999999906e-03
1.755985199999999906e-03
1.755985299999999940e-03
1.755985299999999940e-03
1.755985299999999940e-03
1.755985299999999940e-03
1.755985799999999894e-03
1.755985799999999894e-03
1.755986099999999996e-03
1.755986099999999996e-03
1.755986300000000064e-03
1.755986300000000064e-03
1.755986599999999950e-03
1.755986599999999950e-03
1.755987099999999903e-03
1.755987099999999903e-03
1.755987299999999971e-03
1.755987299999999971e-03
1.755987500000000040e-03
1.755987500000000040e-03
1.755987999999999993e-03
1.755987999999999993e-03
1.755989300000000003e-03
1.755989300000000003e-03
1.755989699999999923e-03
1.755989699999999923e-03
1.755990800000000081e-03
1.755990800000000081e-03
1.755991099999999966e-03
1.755991099999999966e-03
1.755991400000000069e-03
1.755991400000000069e-03
1.755991699999999954e-03
1.755991699999999954e-03
1.755992199999999908e-03
1.755992199999999908e-03
1.755992299999999942e-03
1.755992299999999942e-03
1.755992799999999895e-03
1.755992799999999895e-03
1.755992899999999930e-03
1.755992899999999930e-03
1.755993300000000066e-03
1.755993300000000066e-03
1.755993599999999951e-03
1.755993599999999951e-03
1.755993800000000020e-03
1.755993800000000020e-03
1.755994400000000007e-03
1.755994400000000007e-03
1.755994600000000076e-03
1.755994600000000076e-03
1.755994699999999893e-03
1.755994699999999893e-03
1.755994999999999995e-03
1.755994999999999995e-03
1.755994999999999995e-03
1.755994999999999995e-03
1.755995200000000063e-03
1.755995200000000063e-03
1.755995300000000097e-03
1.755995300000000097e-03
1.755995999999999902e-03
1.755995999999999902e-03
1.755996099999999937e-03
1.755996099999999937e-03
1.755996300000000005e-03
1.755996300000000005e-03
1.755996799999999958e-03
1.755996799999999958e-03
1.755997200000000095e-03
1.755997200000000095e-03
1.755997200000000095e-03
1.755997499999999980e-03
1.755997499999999980e-03
1.755997499999999980e-03
1.755997499999999980e-03
1.755997499999999980e-03
1.755997499999999980e-03
1.755997499999999980e-03
1.755997499999999980e-03
1.755997499999999980e-03
1.755997499999999980e-03
1.755997499999999980e-03
1.755997499999999980e-03
1.755998699999999956e-03
1.755998699999999956e-03
1.756000499999999919e-03
1.756000499999999919e-03
1.756000499999999919e-03
1.756000499999999919e-03
1.756000499999999919e-03
1.756000499999999919e-03
1.756000499999999919e-03
1.756000499999999919e-03
1.756000499999999919e-03
1.756000499999999919e-03
1.756001000000000090e-03
1.756001000000000090e-03
1.756001000000000090e-03
1.756001000000000090e-03
1.756001400000000009e-03
1.756001799999999929e-03
1.756002200000000065e-03
1.756002200000000065e-03
1.756002200000000065e-03
1.756002300000000099e-03
1.756002300000000099e-03
1.756002399999999916e-03
1.756002399999999916e-03
1.756002800000000053e-03
1.756002800000000053e-03
1.756002999999999904e-03
1.756002999999999904e-03
1.756003099999999938e-03
1.756003099999999938e-03
1.756005099999999970e-03
1.756005099999999970e-03
1.756005400000000072e-03
1.756005400000000072e-03
1.756005400000000072e-03
1.756005400000000072e-03
1.756006000000000060e-03
1.756006000000000060e-03
1.756006600000000048e-03
1.756006600000000048e-03
1.756006899999999933e-03
1.756006899999999933e-03
1.756006899999999933e-03
1.756006899999999933e-03
1.756007300000000070e-03
1.756007300000000070e-03
1.756007800000000023e-03
1.756007800000000023e-03
1.756007900000000057e-03
1.756007900000000057e-03
1.756008000000000091e-03
1.756008000000000091e-03
1.756008400000000011e-03
1.756008400000000011e-03
1.756009100000000033e-03
1.756009100000000033e-03
1.756009300000000101e-03
1.756009300000000101e-03
1.756009700000000021e-03
1.756009700000000021e-03
1.756009900000000089e-03
1.756009900000000089e-03
1.756010199999999974e-03
1.756010199999999974e-03
1.756010300000000008e-03
1.756010300000000008e-03
1.756011000000000030e-03
1.756011000000000030e-03
1.756012099999999972e-03
1.756012099999999972e-03
1.756015699999999898e-03
1.756015699999999898e-03
1.756016100000000035e-03
1.756016100000000035e-03
1.756016499999999954e-03
1.756016499999999954e-03
1.756016800000000056e-03
1.756016800000000056e-03
1.756016999999999908e-03
1.756016999999999908e-03
1.756017199999999976e-03
1.756017199999999976e-03
1.756018200000000100e-03
1.756018200000000100e-03
1.756018499999999986e-03
1.756018499999999986e-03
1.756019400000000076e-03
1.756019400000000076e-03
1.756019599999999927e-03
1.756019599999999927e-03
1.756021599999999959e-03
1.756021599999999959e-03
1.756023399999999922e-03
1.756023399999999922e-03
1.756023999999999910e-03
1.756023999999999910e-03
1.756024500000000080e-03
1.756024500000000080e-03
1.756024799999999966e-03
1.756024799999999966e-03
1.756025800000000090e-03
1.756025800000000090e-03
1.756026099999999975e-03
1.756026099999999975e-03
1.756027299999999951e-03
1.756027299999999951e-03
1.756027799999999904e-03
1.756027799999999904e-03
1.756028300000000075e-03
1.756028300000000075e-03
1.756028800000000029e-03
1.756028800000000029e-03
1.756028800000000029e-03
1.756028800000000029e-03
1.756028900000000063e-03
1.756028900000000063e-03
1.756029000000000097e-03
1.756029000000000097e-03
1.756029199999999948e-03
1.756029199999999948e-03
1.756029299999999982e-03
1.756029299999999982e-03
1.756029400000000016e-03
1.756029400000000016e-03
1.756029400000000016e-03
1.756029400000000016e-03
1.756029500000000050e-03
1.756029500000000050e-03
1.756031500000000082e-03
1.756031500000000082e-03
1.756031599999999899e-03
1.756031599999999899e-03
1.756031799999999967e-03
1.756031799999999967e-03
1.756032100000000070e-03
1.756032100000000070e-03
1.756032200000000104e-03
1.756032200000000104e-03
1.756033499999999897e-03
1.756033499999999897e-03
1.756033599999999931e-03
1.756033599999999931e-03
1.756033699999999965e-03
1.756033699999999965e-03
1.756033799999999999e-03
1.756033799999999999e-03
1.756033799999999999e-03
1.756033799999999999e-03
1.756033900000000033e-03
1.756033900000000033e-03
1.756034399999999987e-03
1.756034399999999987e-03
1.756034999999999974e-03
1.756034999999999974e-03
1.756035499999999928e-03
1.756035499999999928e-03
1.756035499999999928e-03
1.756035499999999928e-03
1.756036199999999950e-03
1.756036199999999950e-03
1.756036799999999938e-03
1.756036799999999938e-03
1.756036899999999972e-03
1.756036899999999972e-03
1.756037100000000040e-03
1.756037100000000040e-03
1.756037300000000108e-03
1.756037300000000108e-03
1.756037800000000062e-03
1.756037800000000062e-03
1.756038599999999901e-03
1.756038599999999901e-03
1.756038699999999935e-03
1.756038699999999935e-03
1.756039000000000037e-03
1.756039000000000037e-03
1.756039299999999923e-03
1.756039299999999923e-03
1.756039800000000093e-03
1.756039800000000093e-03
1.756040800000000001e-03
1.756040800000000001e-03
1.756041000000000069e-03
1.756041000000000069e-03
1.756041100000000103e-03
1.756041100000000103e-03
1.756041299999999954e-03
1.756041299999999954e-03
1.756041399999999988e-03
1.756041399999999988e-03
1.756042399999999896e-03
1.756042399999999896e-03
1.756042599999999964e-03
1.756042699999999998e-03
1.756042699999999998e-03
1.756042699999999998e-03
1.756043000000000100e-03
1.756043000000000100e-03
1.756043699999999905e-03
1.756043699999999905e-03
1.756043699999999905e-03
1.756043699999999905e-03
1.756044100000000042e-03
1.756044100000000042e-03
1.756044200000000076e-03
1.756044200000000076e-03
1.756044200000000076e-03
1.756044200000000076e-03
1.756044200000000076e-03
1.756044200000000076e-03
1.756044499999999961e-03
1.756044499999999961e-03
1.756045300000000017e-03
1.756045300000000017e-03
1.756045400000000051e-03
1.756045400000000051e-03
1.756045799999999971e-03
1.756045799999999971e-03
1.756046000000000039e-03
1.756046000000000039e-03
1.756046600000000027e-03
1.756046600000000027e-03
1.756046700000000061e-03
1.756046700000000061e-03
1.756046899999999912e-03
1.756046899999999912e-03
1.756046999999999947e-03
1.756046999999999947e-03
1.756047400000000083e-03
1.756047400000000083e-03
1.756047699999999968e-03
1.756047699999999968e-03
1.756048299999999956e-03
1.756048299999999956e-03
1.756048399999999990e-03
1.756048399999999990e-03
1.756048700000000093e-03
1.756048700000000093e-03
1.756048899999999944e-03
1.756048899999999944e-03
1.756049399999999898e-03
1.756049399999999898e-03
1.756049700000000000e-03
1.756049700000000000e-03
1.756050000000000102e-03
1.756050000000000102e-03
1.756050199999999954e-03
1.756050199999999954e-03
1.756050400000000022e-03
1.756050400000000022e-03
1.756050699999999907e-03
1.756050699999999907e-03
1.756051100000000044e-03
1.756051100000000044e-03
1.756051299999999895e-03
1.756051299999999895e-03
1.756051599999999997e-03
1.756051599999999997e-03
1.756052099999999951e-03
1.756052099999999951e-03
1.756052699999999939e-03
1.756052699999999939e-03
1.756053199999999892e-03
1.756053199999999892e-03
1.756053299999999926e-03
1.756053299999999926e-03
1.756053700000000063e-03
1.756053700000000063e-03
1.756053899999999914e-03
1.756053899999999914e-03
1.756054800000000004e-03
1.756054800000000004e-03
1.756054900000000038e-03
1.756054900000000038e-03
1.756055100000000107e-03
1.756055100000000107e-03
1.756056100000000014e-03
1.756056100000000014e-03
1.756057500000000058e-03
1.756057500000000058e-03
1.756057699999999909e-03
1.756057699999999909e-03
1.756058200000000079e-03
1.756058200000000079e-03
1.756058599999999999e-03
1.756058599999999999e-03
1.756058800000000067e-03
1.756058800000000067e-03
1.756058999999999919e-03
1.756058999999999919e-03
1.756059199999999987e-03
1.756059199999999987e-03
1.756059400000000055e-03
1.756059400000000055e-03
1.756059900000000009e-03
1.756059900000000009e-03
1.756060499999999996e-03
1.756060499999999996e-03
1.756060600000000031e-03
1.756060600000000031e-03
1.756061200000000018e-03
1.756061200000000018e-03
1.756061200000000018e-03
1.756061200000000018e-03
1.756061900000000040e-03
1.756061900000000040e-03
1.756062299999999960e-03
1.756062299999999960e-03
1.756063200000000050e-03
1.756063200000000050e-03
1.756063300000000084e-03
1.756063300000000084e-03
1.756063700000000003e-03
1.756063700000000003e-03
1.756064099999999923e-03
1.756064099999999923e-03
1.756064500000000059e-03
1.756064500000000059e-03
1.756065299999999899e-03
1.756065299999999899e-03
1.756065499999999967e-03
1.756065499999999967e-03
1.756066199999999989e-03
1.756066199999999989e-03
1.756066799999999976e-03
1.756066799999999976e-03
1.756066900000000010e-03
1.756066900000000010e-03
1.756067499999999998e-03
1.756067499999999998e-03
1.756067600000000032e-03
1.756067600000000032e-03
1.756067800000000101e-03
1.756067800000000101e-03
1.756067999999999952e-03
1.756067999999999952e-03
1.756068099999999986e-03
1.756068099999999986e-03
1.756068300000000054e-03
1.756068300000000054e-03
1.756068400000000088e-03
1.756068400000000088e-03
1.756068699999999974e-03
1.756068699999999974e-03
1.756068900000000042e-03
1.756068900000000042e-03
1.756069799999999915e-03
1.756069799999999915e-03
1.756070200000000052e-03
1.756070200000000052e-03
1.756070399999999903e-03
1.756070399999999903e-03
1.756071000000000108e-03
1.756071000000000108e-03
1.756071400000000027e-03
1.756071400000000027e-03
1.756072399999999934e-03
1.756072399999999934e-03
1.756072900000000105e-03
1.756072900000000105e-03
1.756072900000000105e-03
1.756072900000000105e-03
1.756072999999999922e-03
1.756072999999999922e-03
1.756073400000000059e-03
1.756073400000000059e-03
1.756073900000000012e-03
1.756073900000000012e-03
1.756074700000000068e-03
1.756074700000000068e-03
1.756074899999999920e-03
1.756074899999999920e-03
1.756075599999999941e-03
1.756075599999999941e-03
1.756075599999999941e-03
1.756075599999999941e-03
1.756077399999999905e-03
1.756077399999999905e-03
1.756077800000000041e-03
1.756077800000000041e-03
1.756077900000000075e-03
1.756077900000000075e-03
1.756078199999999961e-03
1.756078199999999961e-03
1.756078500000000063e-03
1.756078500000000063e-03
1.756078500000000063e-03
1.756078500000000063e-03
1.756078500000000063e-03
1.756079100000000051e-03
1.756079100000000051e-03
1.756079700000000039e-03
1.756079700000000039e-03
1.756079700000000039e-03
1.756079700000000039e-03
1.756080099999999958e-03
1.756080099999999958e-03
1.756080099999999958e-03
1.756080099999999958e-03
1.756080099999999958e-03
1.756080099999999958e-03
1.756080199999999992e-03
1.756080199999999992e-03
1.756080599999999912e-03
1.756080599999999912e-03
1.756081000000000048e-03
1.756081000000000048e-03
1.756081000000000048e-03
1.756081000000000048e-03
1.756081000000000048e-03
1.756081000000000048e-03
1.756081000000000048e-03
1.756081000000000048e-03
1.756081100000000082e-03
1.756081100000000082e-03
1.756081100000000082e-03
1.756081100000000082e-03
1.756081100000000082e-03
1.756081199999999900e-03
1.756081199999999900e-03
1.756081199999999900e-03
1.756081199999999900e-03
1.756081199999999900e-03
1.756081199999999900e-03
1.756081199999999900e-03
1.756081500000000002e-03
1.756081500000000002e-03
1.756081500000000002e-03
1.756081500000000002e-03
1.756081600000000036e-03
1.756081600000000036e-03
1.756081600000000036e-03
1.756081600000000036e-03
1.756082099999999990e-03
1.756082099999999990e-03
1.756082099999999990e-03
1.756082099999999990e-03
1.756083299999999965e-03
1.756083299999999965e-03
1.756083299999999965e-03
1.756083299999999965e-03
