# t
0.000000000000000000e+00
1.062343200000000037e-14
5.283600999999999768e-14
1.950384799999999909e-13
9.811052299999999594e-13
1.089248000000000086e-12
1.402323200000000056e-12
1.543218299999999990e-12
3.048944000000000019e-12
3.073796999999999973e-12
3.074133600000000007e-12
3.317685700000000115e-12
3.516241199999999854e-12
3.713635700000000261e-12
4.054873699999999781e-12
4.094684400000000194e-12
4.185322399999999954e-12
4.270853700000000240e-12
4.387927699999999747e-12
4.686273999999999869e-12
4.748782599999999771e-12
4.981504200000000131e-12
5.013207099999999741e-12
5.019954200000000235e-12
5.210462300000000110e-12
5.482172699999999796e-12
5.510906000000000106e-12
5.718134399999999704e-12
5.790192399999999759e-12
7.169512199999999869e-12
7.191105900000000098e-12
7.237634000000000016e-12
7.273732000000000293e-12
8.082811000000000141e-12
8.089412299999999672e-12
8.356010700000000056e-12
8.378129700000000600e-12
8.427042100000000411e-12
8.445537899999999978e-12
8.845991099999999780e-12
8.885859700000000498e-12
9.077639099999999966e-12
9.207448700000000371e-12
9.231162300000000537e-12
9.591852100000000574e-12
9.926081299999999588e-12
9.960771399999999774e-12
1.048617600000000017e-11
1.089294299999999995e-11
1.090728899999999989e-11
1.096920699999999975e-11
1.100932299999999950e-11
1.269507799999999931e-11
1.372798500000000070e-11
1.428356700000000058e-11
1.457676600000000041e-11
1.477771300000000097e-11
1.487567800000000075e-11
1.501381700000000144e-11
1.533632700000000144e-11
1.559365900000000025e-11
1.562225700000000081e-11
1.565023599999999947e-11
1.576447400000000006e-11
1.586343100000000057e-11
1.589579699999999845e-11
1.602550800000000010e-11
1.616043500000000131e-11
1.621261300000000084e-11
