# t	msd	err
6.500000000000830584e-15 5.681538730721948094e-02 3.194481265788506555e-06
1.061999999999999981e-14 1.634332008751088194e-02 nan
2.228571428571413351e-14 9.638025533110004817e-02 1.605503755347332390e-02
3.765857142857117157e-14 4.744312076996696353e-02 6.998201013431678413e-03
6.616727272727275082e-14 5.642027428314320275e-02 1.945495577094915815e-02
1.155210526315788115e-13 6.752288612149812130e-02 1.280739568389962883e-02
1.974147826086954988e-13 6.756284417901585460e-02 1.385441678433796051e-02
3.161071428571429130e-13 8.702955459488156964e-02 1.032833614656527253e-02
5.306028169014082371e-13 1.270187706339776235e-01 1.238247787078690203e-02
9.245437837837836432e-13 1.805020599660145941e-01 1.088586077589109337e-02
1.570856042780749473e-12 2.267663345880524539e-01 1.150623736692397807e-02
2.677008503937011021e-12 2.344226748529577020e-01 1.137424852898755862e-02
4.517984536489155701e-12 3.655036836608459017e-01 1.052208388306799178e-02
7.402105582191787460e-12 4.639756517237844657e-01 1.255443559450338843e-02
1.212163960954449035e-11 6.256520173706787702e-01 1.889343067913206581e-02
