# t
0.000000000000000000e+00
7.250289199999999934e-02
7.250289199999999934e-02
7.535955900000000651e-02
7.535955900000000651e-02
1.112890599999999952e-01
1.112890599999999952e-01
1.112890599999999952e-01
1.211462100000000042e-01
1.211462100000000042e-01
1.238811400000000007e-01
1.238811400000000007e-01
1.252916500000000044e-01
1.252916500000000044e-01
1.280414300000000116e-01
1.280414300000000116e-01
1.292020799999999969e-01
1.292020799999999969e-01
1.319580200000000092e-01
1.319580200000000092e-01
1.360614699999999899e-01
1.360614699999999899e-01
1.388928899999999911e-01
1.388928899999999911e-01
1.448963600000000018e-01
1.448963600000000018e-01
1.470442899999999942e-01
1.470442899999999942e-01
1.471283399999999963e-01
1.471283399999999963e-01
1.495619199999999871e-01
1.495619199999999871e-01
1.509914499999999993e-01
1.509914499999999993e-01
1.516880700000000082e-01
1.516880700000000082e-01
1.629869700000000088e-01
1.629869700000000088e-01
1.644274799999999870e-01
1.644274799999999870e-01
1.702630900000000058e-01
1.702630900000000058e-01
1.725503100000000123e-01
1.725503100000000123e-01
1.741231099999999976e-01
1.741231099999999976e-01
1.762709100000000029e-01
1.762709100000000029e-01
1.814867900000000089e-01
1.814867900000000089e-01
1.823634100000000036e-01
1.823634100000000036e-01
1.838770000000000127e-01
1.838770000000000127e-01
1.851923699999999950e-01
1.851923699999999950e-01
1.852526100000000120e-01
1.852526100000000120e-01
1.935183500000000056e-01
1.935183500000000056e-01
1.940816399999999997e-01
1.940816399999999997e-01
1.958238999999999952e-01
1.958238999999999952e-01
1.960573399999999966e-01
1.960573399999999966e-01
1.985281299999999971e-01
1.985281299999999971e-01
2.206687900000000035e-01
2.206687900000000035e-01
2.225074099999999888e-01
2.225074099999999888e-01
2.250907799999999903e-01
2.250907799999999903e-01
2.274907700000000088e-01
2.274907700000000088e-01
2.323317599999999983e-01
2.323317599999999983e-01
2.331025499999999917e-01
2.331025499999999917e-01
2.331137600000000032e-01
2.331137600000000032e-01
2.359027800000000064e-01
2.359027800000000064e-01
2.362062900000000132e-01
2.362062900000000132e-01
2.374223500000000042e-01
2.374223500000000042e-01
2.385680199999999918e-01
2.385680199999999918e-01
2.393241399999999908e-01
2.393241399999999908e-01
2.401569299999999907e-01
2.401569299999999907e-01
2.415334700000000001e-01
2.415334700000000001e-01
2.444109799999999999e-01
2.444109799999999999e-01
2.511118099999999909e-01
2.511118099999999909e-01
2.526841100000000173e-01
2.526841100000000173e-01
2.578914900000000010e-01
2.578914900000000010e-01
2.621165699999999932e-01
2.621165699999999932e-01
2.640787700000000182e-01
2.640787700000000182e-01
2.678663000000000016e-01
2.678663000000000016e-01
2.695166199999999845e-01
2.695166199999999845e-01
2.739449700000000099e-01
2.739449800000000046e-01
2.768383600000000055e-01
2.768383600000000055e-01
2.797674600000000233e-01
2.797674600000000233e-01
2.811206900000000064e-01
2.811206900000000064e-01
2.873387399999999814e-01
2.873387399999999814e-01
2.906513199999999908e-01
2.906513199999999908e-01
2.934189700000000012e-01
2.934189700000000012e-01
2.937421700000000246e-01
2.937421700000000246e-01
2.971287200000000128e-01
2.971287200000000128e-01
2.993870000000000142e-01
2.993870000000000142e-01
3.142225100000000104e-01
3.142225100000000104e-01
3.185305199999999837e-01
3.185305199999999837e-01
3.239912500000000084e-01
3.239912500000000084e-01
3.254874400000000167e-01
3.254874400000000167e-01
3.280546799999999874e-01
3.280546799999999874e-01
3.357935300000000067e-01
3.357935300000000067e-01
3.358716500000000216e-01
3.358716500000000216e-01
3.375068700000000144e-01
3.375068700000000144e-01
3.381623699999999899e-01
3.381623699999999899e-01
3.383390499999999745e-01
3.383390499999999745e-01
3.398592899999999806e-01
3.398592899999999806e-01
3.489764300000000041e-01
3.489764300000000041e-01
3.538961999999999941e-01
3.538961999999999941e-01
3.614554099999999770e-01
3.614554099999999770e-01
3.641956100000000029e-01
3.641956100000000029e-01
3.661776099999999867e-01
3.661776099999999867e-01
3.698124899999999937e-01
3.698124899999999937e-01
3.735262400000000094e-01
3.735262400000000094e-01
3.850649400000000222e-01
3.850649400000000222e-01
3.908729799999999810e-01
3.908729799999999810e-01
3.914784399999999831e-01
3.914784399999999831e-01
3.949489800000000050e-01
3.949489800000000050e-01
3.974432299999999807e-01
3.974432299999999807e-01
4.011315400000000087e-01
4.011315400000000087e-01
4.026785500000000240e-01
4.026785500000000240e-01
4.060198300000000260e-01
4.060198300000000260e-01
4.199208300000000227e-01
4.199208300000000227e-01
4.260218499999999797e-01
4.260218499999999797e-01
4.270143499999999870e-01
4.270143499999999870e-01
4.292449500000000140e-01
4.292449500000000140e-01
4.456946700000000150e-01
4.456946700000000150e-01
4.482717500000000244e-01
4.482717500000000244e-01
4.504658799999999852e-01
4.504658799999999852e-01
4.548053000000000234e-01
4.548053000000000234e-01
4.576369800000000265e-01
4.576369800000000265e-01
4.577864099999999770e-01
4.577864099999999770e-01
4.587953399999999959e-01
4.587953399999999959e-01
4.658207999999999793e-01
4.658207999999999793e-01
4.658628000000000213e-01
4.658628000000000213e-01
4.763151099999999860e-01
4.763151099999999860e-01
4.806665700000000152e-01
4.806665700000000152e-01
4.888477299999999803e-01
4.888477299999999803e-01
4.958342499999999764e-01
4.958342499999999764e-01
4.964747500000000202e-01
4.964747500000000202e-01
5.030860600000000016e-01
5.030860600000000016e-01
5.147576400000000163e-01
5.147576400000000163e-01
5.192679500000000337e-01
5.192679500000000337e-01
5.208926900000000471e-01
5.208926900000000471e-01
5.369348699999999530e-01
5.369348699999999530e-01
5.406412699999999516e-01
5.406412699999999516e-01
5.414351600000000264e-01
5.414351600000000264e-01
5.428917699999999957e-01
5.428917699999999957e-01
5.458481099999999975e-01
5.458481099999999975e-01
5.467601100000000214e-01
5.467601100000000214e-01
5.514289300000000393e-01
5.514289300000000393e-01
5.558148499999999714e-01
5.558148499999999714e-01
5.562451899999999450e-01
5.562451899999999450e-01
5.609026599999999974e-01
5.609026599999999974e-01
5.995338500000000348e-01
5.995338500000000348e-01
6.005400800000000316e-01
6.005400800000000316e-01
6.022060500000000483e-01
6.022060500000000483e-01
6.023500499999999702e-01
6.023500499999999702e-01
6.084069199999999622e-01
6.084069199999999622e-01
6.204881100000000371e-01
6.204881100000000371e-01
6.209947300000000503e-01
6.209947300000000503e-01
6.224266099999999913e-01
6.224266099999999913e-01
6.225146799999999869e-01
6.225146799999999869e-01
6.275979000000000418e-01
6.275979000000000418e-01
5.743858699999999651e+00
5.743858699999999651e+00
5.743858699999999651e+00
5.743858699999999651e+00
5.743858699999999651e+00
5.743858699999999651e+00
5.785110500000000044e+00
5.785110500000000044e+00
5.891790699999999603e+00
5.891790699999999603e+00
6.016203499999999593e+00
6.016203499999999593e+00
6.016373999999999889e+00
6.016373999999999889e+00
6.016466999999999565e+00
6.016466999999999565e+00
6.016515000000000057e+00
6.016515000000000057e+00
6.016864700000000177e+00
6.016864700000000177e+00
6.016934299999999958e+00
6.016934299999999958e+00
6.017826000000000342e+00
6.017826000000000342e+00
6.018527599999999644e+00
6.018527599999999644e+00
6.018785199999999946e+00
6.018785199999999946e+00
6.018838299999999641e+00
6.018838299999999641e+00
6.018911100000000403e+00
6.018911100000000403e+00
6.018958699999999773e+00
6.018958699999999773e+00
6.019867800000000102e+00
6.019867800000000102e+00
6.019895199999999669e+00
6.019895199999999669e+00
6.020137400000000305e+00
6.020137400000000305e+00
6.020646300000000117e+00
6.020646300000000117e+00
6.020661300000000438e+00
6.020661300000000438e+00
6.020900600000000047e+00
6.020900600000000047e+00
6.020970300000000108e+00
6.020970300000000108e+00
6.021635299999999802e+00
6.021635299999999802e+00
6.021868200000000115e+00
6.021868200000000115e+00
6.022295800000000199e+00
6.022295800000000199e+00
6.039916599999999747e+00
6.039916599999999747e+00
6.040820899999999938e+00
6.040820899999999938e+00
6.040896899999999903e+00
6.040896899999999903e+00
6.041002800000000228e+00
6.041002800000000228e+00
6.041879400000000011e+00
6.041879400000000011e+00
6.043253199999999659e+00
6.043253199999999659e+00
6.044339599999999812e+00
6.044339599999999812e+00
6.044437600000000188e+00
6.044437600000000188e+00
6.044553699999999807e+00
6.044553699999999807e+00
6.044569300000000034e+00
6.044569300000000034e+00
6.044766700000000270e+00
6.044766700000000270e+00
6.044766700000000270e+00
6.044766700000000270e+00
6.045224799999999732e+00
6.045224799999999732e+00
6.045410799999999973e+00
6.045410799999999973e+00
6.045612099999999600e+00
6.045612099999999600e+00
6.046191000000000315e+00
6.046191000000000315e+00
6.046592099999999803e+00
6.046592099999999803e+00
6.046860500000000194e+00
6.046860500000000194e+00
6.046862100000000240e+00
6.046862100000000240e+00
6.047131199999999929e+00
6.047131199999999929e+00
6.047163199999999961e+00
6.047163199999999961e+00
6.047471700000000006e+00
6.047471700000000006e+00
6.047551600000000249e+00
6.047551600000000249e+00
6.047655400000000014e+00
6.047655400000000014e+00
6.048029800000000122e+00
6.048029800000000122e+00
6.048175500000000149e+00
6.048175500000000149e+00
6.048634599999999750e+00
6.048634599999999750e+00
6.048993699999999585e+00
6.048993699999999585e+00
6.049070699999999690e+00
6.049070699999999690e+00
6.049099700000000190e+00
6.049099700000000190e+00
6.049509800000000048e+00
6.049509800000000048e+00
6.049665899999999930e+00
6.049665899999999930e+00
6.049687500000000107e+00
6.049687500000000107e+00
6.049708200000000424e+00
6.049708200000000424e+00
6.049812600000000096e+00
6.049812600000000096e+00
6.049949599999999705e+00
6.049949599999999705e+00
6.049981200000000392e+00
6.049981200000000392e+00
6.049997600000000197e+00
6.049997600000000197e+00
6.050023300000000326e+00
6.050023300000000326e+00
6.050102899999999728e+00
6.050102899999999728e+00
6.050120399999999954e+00
6.050120399999999954e+00
6.050652499999999989e+00
6.050652499999999989e+00
6.050666599999999562e+00
6.050666599999999562e+00
6.050710399999999822e+00
6.050710399999999822e+00
6.050826299999999769e+00
6.050826299999999769e+00
6.050842199999999949e+00
6.050842199999999949e+00
6.050848700000000413e+00
6.050848700000000413e+00
6.051212300000000432e+00
6.051212300000000432e+00
6.051742800000000422e+00
6.051742800000000422e+00
6.051861800000000180e+00
6.051861800000000180e+00
6.051891499999999979e+00
6.051891499999999979e+00
6.051927499999999682e+00
6.051927499999999682e+00
6.052120099999999780e+00
6.052120099999999780e+00
6.052120099999999780e+00
6.052137499999999726e+00
6.052137499999999726e+00
6.052333100000000243e+00
6.052333100000000243e+00
6.054198500000000038e+00
6.054198500000000038e+00
6.054344799999999971e+00
6.054344799999999971e+00
6.054355100000000434e+00
6.054355100000000434e+00
6.055020400000000080e+00
6.055020400000000080e+00
6.055172100000000057e+00
6.055172100000000057e+00
6.056245500000000170e+00
6.056245500000000170e+00
6.056291500000000383e+00
6.056291500000000383e+00
6.057465399999999889e+00
6.057465399999999889e+00
6.057508999999999588e+00
6.057508999999999588e+00
6.057572999999999652e+00
6.057572999999999652e+00
6.057672000000000168e+00
6.057672000000000168e+00
6.057780499999999790e+00
6.057780499999999790e+00
6.057850499999999805e+00
6.057850499999999805e+00
6.057938499999999671e+00
6.057938499999999671e+00
6.057941200000000137e+00
6.057941200000000137e+00
6.057957400000000270e+00
6.057957400000000270e+00
6.058031500000000236e+00
6.058031500000000236e+00
6.058696399999999649e+00
6.058696399999999649e+00
6.058776499999999565e+00
6.058776499999999565e+00
6.058782899999999749e+00
6.058782899999999749e+00
6.059697700000000076e+00
6.059697700000000076e+00
6.059974600000000322e+00
6.059974600000000322e+00
6.059974600000000322e+00
6.059974600000000322e+00
6.060228600000000299e+00
6.060228600000000299e+00
6.060257799999999584e+00
6.060257799999999584e+00
6.060259099999999677e+00
6.060259099999999677e+00
6.060320599999999835e+00
6.060320599999999835e+00
6.060445900000000385e+00
6.060445900000000385e+00
6.060539300000000296e+00
6.060539300000000296e+00
6.060553399999999868e+00
6.060553399999999868e+00
6.060799199999999942e+00
6.060799199999999942e+00
6.060818900000000120e+00
6.060818900000000120e+00
6.060923200000000399e+00
6.060923200000000399e+00
6.060953099999999871e+00
6.060953099999999871e+00
6.061452100000000343e+00
6.061452100000000343e+00
6.061458100000000293e+00
6.061458100000000293e+00
6.061582300000000423e+00
6.061582300000000423e+00
6.061582300000000423e+00
6.061582300000000423e+00
6.061582300000000423e+00
6.061582300000000423e+00
6.062245299999999837e+00
6.062245299999999837e+00
6.062366100000000202e+00
6.062366100000000202e+00
6.062366100000000202e+00
6.062366100000000202e+00
6.062811299999999903e+00
6.062811299999999903e+00
6.063412300000000421e+00
6.063412300000000421e+00
6.064562399999999798e+00
6.064562399999999798e+00
6.065051600000000320e+00
6.065051600000000320e+00
6.065951100000000373e+00
6.065951100000000373e+00
6.065951100000000373e+00
6.065951100000000373e+00
6.066048999999999580e+00
6.066048999999999580e+00
6.066314900000000065e+00
6.066314900000000065e+00
6.066411399999999787e+00
6.066411399999999787e+00
6.066450299999999629e+00
6.066450299999999629e+00
6.066451899999999675e+00
6.066451899999999675e+00
6.066593700000000311e+00
6.066593700000000311e+00
6.066783799999999616e+00
6.066783799999999616e+00
6.066958299999999582e+00
6.066958299999999582e+00
6.067114799999999697e+00
6.067114799999999697e+00
6.067264699999999955e+00
6.067264699999999955e+00
6.067307900000000309e+00
6.067307900000000309e+00
6.067307900000000309e+00
6.067307900000000309e+00
6.067312199999999933e+00
6.067312199999999933e+00
6.067312199999999933e+00
6.067312199999999933e+00
6.067312199999999933e+00
6.067400000000000126e+00
6.067400000000000126e+00
6.067726500000000023e+00
6.067726500000000023e+00
6.067815799999999982e+00
6.067815799999999982e+00
6.068022299999999980e+00
6.068022299999999980e+00
6.068348000000000297e+00
6.068348000000000297e+00
6.068348000000000297e+00
6.068348000000000297e+00
6.068456699999999593e+00
6.068456699999999593e+00
6.068456699999999593e+00
6.068457399999999780e+00
6.068457399999999780e+00
6.069102700000000183e+00
6.069102700000000183e+00
6.076896800000000098e+00
6.076896800000000098e+00
6.220319299999999885e+00
6.220319299999999885e+00
6.235238299999999789e+00
6.235238299999999789e+00
6.235440999999999789e+00
6.235440999999999789e+00
6.235882000000000147e+00
6.235882000000000147e+00
6.235906100000000229e+00
6.235906100000000229e+00
6.235923599999999567e+00
6.235923599999999567e+00
6.235935200000000123e+00
6.235935200000000123e+00
6.236048000000000258e+00
6.236048000000000258e+00
6.236069900000000388e+00
6.236069900000000388e+00
6.236194799999999816e+00
6.236194799999999816e+00
6.237122799999999856e+00
6.246083600000000402e+00
6.246083600000000402e+00
6.249500900000000136e+00
6.249574899999999822e+00
6.249574899999999822e+00
6.249673900000000337e+00
6.249673900000000337e+00
6.249964099999999689e+00
6.249964099999999689e+00
6.249964099999999689e+00
6.249964099999999689e+00
6.250009799999999949e+00
6.250009799999999949e+00
6.250097099999999628e+00
6.250097099999999628e+00
6.250194300000000425e+00
6.250194300000000425e+00
6.250194300000000425e+00
6.250194300000000425e+00
6.250194300000000425e+00
6.250545400000000029e+00
6.250545400000000029e+00
6.250545400000000029e+00
6.250818200000000324e+00
6.250818200000000324e+00
6.250945200000000312e+00
6.250945200000000312e+00
6.251033600000000412e+00
6.251033600000000412e+00
6.251342499999999802e+00
6.251342499999999802e+00
6.251368499999999884e+00
6.251368499999999884e+00
6.251416400000000095e+00
6.251416400000000095e+00
6.251714200000000332e+00
6.251714200000000332e+00
6.251832300000000231e+00
6.251832300000000231e+00
6.252032599999999718e+00
6.252032599999999718e+00
6.252204899999999732e+00
6.252204899999999732e+00
6.252204899999999732e+00
6.252204899999999732e+00
6.252667100000000033e+00
6.252667100000000033e+00
6.252784499999999746e+00
6.252784499999999746e+00
6.252784499999999746e+00
6.252838999999999814e+00
6.252838999999999814e+00
6.252900099999999739e+00
6.252900099999999739e+00
6.253061200000000319e+00
6.253061200000000319e+00
6.253089499999999745e+00
6.253089499999999745e+00
6.253089499999999745e+00
6.253288900000000261e+00
6.253288900000000261e+00
6.253477300000000128e+00
6.253477300000000128e+00
6.253885099999999753e+00
6.253885099999999753e+00
6.253937099999999916e+00
6.253937099999999916e+00
6.253937099999999916e+00
6.253937099999999916e+00
6.253937099999999916e+00
6.253978000000000037e+00
6.253978000000000037e+00
6.254285799999999895e+00
6.254285799999999895e+00
6.254594799999999566e+00
6.254594799999999566e+00
6.254594799999999566e+00
6.254594799999999566e+00
6.255122400000000304e+00
6.255122400000000304e+00
6.255148300000000106e+00
6.255148300000000106e+00
6.255173100000000375e+00
6.255173100000000375e+00
6.255536600000000114e+00
6.255536600000000114e+00
6.255801700000000132e+00
6.255801700000000132e+00
6.255819200000000357e+00
6.255819200000000357e+00
6.255947800000000392e+00
6.255947800000000392e+00
6.256195400000000184e+00
6.256195400000000184e+00
6.256364399999999826e+00
6.256364399999999826e+00
6.256471600000000244e+00
6.256471600000000244e+00
6.256737199999999888e+00
6.256737199999999888e+00
6.256795999999999580e+00
6.256795999999999580e+00
6.256805800000000417e+00
6.256805800000000417e+00
6.257370899999999736e+00
6.257370899999999736e+00
6.257458800000000210e+00
6.257458800000000210e+00
6.257583399999999685e+00
6.257583399999999685e+00
6.257678600000000202e+00
6.257678600000000202e+00
6.258625699999999625e+00
6.258625699999999625e+00
6.258915700000000193e+00
6.258915700000000193e+00
6.258918900000000285e+00
6.258918900000000285e+00
6.259025600000000189e+00
6.259025600000000189e+00
6.259056700000000362e+00
6.259056700000000362e+00
6.259479200000000354e+00
6.259479200000000354e+00
6.259534300000000329e+00
6.259534300000000329e+00
6.260344100000000189e+00
6.260344100000000189e+00
6.260422100000000434e+00
6.260422100000000434e+00
6.260479300000000080e+00
6.260479300000000080e+00
6.260736600000000429e+00
6.260736600000000429e+00
6.260897400000000168e+00
6.260897400000000168e+00
6.260940999999999867e+00
6.260940999999999867e+00
6.261193099999999845e+00
6.261193099999999845e+00
6.261264800000000186e+00
6.261264800000000186e+00
6.261264800000000186e+00
6.261419599999999974e+00
6.261419599999999974e+00
6.262245599999999968e+00
6.262245599999999968e+00
6.262325899999999557e+00
6.262325899999999557e+00
6.262821699999999936e+00
6.267226499999999589e+00
6.267226499999999589e+00
6.383507800000000287e+00
6.383608500000000241e+00
6.383608500000000241e+00
6.384594400000000114e+00
6.384594400000000114e+00
6.385499000000000258e+00
6.385499000000000258e+00
6.386005499999999557e+00
6.386005499999999557e+00
6.386072600000000321e+00
6.386072699999999713e+00
6.386159900000000000e+00
6.386159900000000000e+00
6.386282200000000131e+00
6.386282200000000131e+00
6.386380400000000179e+00
6.386380400000000179e+00
6.386599099999999751e+00
6.386599099999999751e+00
6.386611099999999652e+00
6.386611099999999652e+00
6.387461499999999681e+00
6.387461499999999681e+00
6.387553800000000059e+00
6.387553800000000059e+00
6.388624300000000034e+00
6.388624300000000034e+00
6.388850299999999649e+00
6.388850299999999649e+00
6.388982900000000242e+00
6.388982900000000242e+00
6.388982900000000242e+00
6.389790800000000104e+00
6.389790800000000104e+00
6.389924999999999855e+00
6.389924999999999855e+00
6.390069600000000349e+00
6.390069600000000349e+00
6.390153500000000264e+00
6.390153500000000264e+00
6.390240699999999663e+00
6.390240699999999663e+00
6.390298600000000384e+00
6.390298600000000384e+00
6.390371199999999696e+00
6.390371199999999696e+00
6.390694200000000436e+00
6.390694200000000436e+00
6.390696600000000061e+00
6.390696600000000061e+00
6.390979899999999603e+00
6.390979899999999603e+00
6.391058499999999754e+00
6.391058499999999754e+00
6.391059699999999566e+00
6.391059699999999566e+00
6.391126899999999722e+00
6.391126899999999722e+00
6.391126899999999722e+00
6.391359300000000410e+00
6.391359300000000410e+00
6.391435000000000421e+00
6.391435000000000421e+00
6.391805599999999643e+00
6.391805599999999643e+00
6.391837400000000002e+00
6.391837400000000002e+00
6.392393700000000401e+00
6.392393700000000401e+00
6.393076100000000039e+00
6.393076100000000039e+00
6.393595099999999753e+00
6.393595099999999753e+00
6.394135399999999692e+00
6.394135399999999692e+00
6.394681499999999907e+00
6.394681499999999907e+00
6.394797399999999854e+00
6.394797399999999854e+00
6.395006999999999664e+00
6.395006999999999664e+00
6.395540300000000400e+00
6.395540300000000400e+00
6.395540300000000400e+00
6.395663599999999782e+00
6.395663599999999782e+00
6.395737699999999748e+00
6.395737699999999748e+00
6.395739400000000074e+00
6.395739400000000074e+00
6.395853999999999928e+00
6.395853999999999928e+00
6.395952300000000257e+00
6.395952300000000257e+00
6.396161900000000067e+00
6.396161900000000067e+00
6.396183899999999589e+00
6.396183899999999589e+00
6.396192899999999959e+00
6.396192899999999959e+00
6.396207099999999812e+00
6.396207099999999812e+00
6.396426499999999571e+00
6.396426499999999571e+00
6.396849999999999703e+00
6.396849999999999703e+00
6.408114600000000216e+00
6.408457199999999965e+00
6.408457199999999965e+00
6.408488199999999857e+00
6.408488199999999857e+00
6.409930499999999753e+00
6.409930499999999753e+00
6.409936000000000078e+00
6.409936000000000078e+00
6.409991500000000286e+00
6.409991500000000286e+00
6.410111699999999857e+00
6.410111699999999857e+00
6.410148200000000074e+00
6.410148200000000074e+00
6.410149500000000167e+00
6.410149500000000167e+00
6.410224200000000039e+00
6.410224200000000039e+00
6.410295399999999866e+00
6.410295399999999866e+00
6.410756400000000355e+00
6.410756400000000355e+00
6.410855200000000309e+00
6.410855200000000309e+00
6.410866799999999976e+00
6.410866799999999976e+00
6.410911099999999863e+00
6.410911099999999863e+00
6.410935300000000225e+00
6.410935300000000225e+00
6.411140999999999757e+00
6.411140999999999757e+00
6.411414800000000191e+00
6.411414800000000191e+00
6.411677899999999930e+00
6.411677899999999930e+00
6.411812199999999962e+00
6.428025800000000345e+00
6.428025800000000345e+00
6.455301900000000259e+00
6.455301900000000259e+00
6.477170199999999767e+00
6.477476600000000140e+00
6.477476600000000140e+00
6.477476600000000140e+00
6.477676299999999721e+00
6.490327399999999969e+00
6.490327399999999969e+00
6.490569599999999717e+00
6.537607999999999642e+00
6.537607999999999642e+00
6.557282200000000394e+00
6.557282200000000394e+00
6.572273899999999891e+00
6.572273899999999891e+00
6.581446299999999638e+00
6.581446299999999638e+00
6.598627099999999857e+00
6.598627099999999857e+00
6.658269400000000005e+00
6.658405000000000129e+00
6.669987899999999748e+00
6.669987899999999748e+00
6.697280100000000402e+00
6.697601999999999833e+00
6.699540400000000062e+00
6.699540400000000062e+00
6.753701300000000352e+00
6.753701300000000352e+00
6.755644300000000158e+00
6.755644300000000158e+00
6.786037499999999945e+00
6.786037499999999945e+00
6.795257300000000278e+00
6.795257300000000278e+00
6.795326799999999778e+00
6.795326799999999778e+00
6.795828700000000389e+00
6.795828700000000389e+00
6.796428500000000206e+00
6.796428500000000206e+00
6.796783600000000369e+00
6.796783600000000369e+00
6.796855200000000430e+00
6.796855200000000430e+00
6.797135899999999786e+00
6.797135899999999786e+00
6.797301400000000271e+00
6.797301400000000271e+00
6.797493000000000229e+00
6.797493000000000229e+00
6.797697699999999621e+00
6.797697699999999621e+00
6.797724500000000170e+00
6.797724500000000170e+00
6.797777100000000239e+00
6.797777100000000239e+00
6.797781600000000424e+00
6.797781600000000424e+00
6.797811600000000176e+00
6.797811600000000176e+00
6.797813299999999614e+00
6.797813299999999614e+00
6.797813299999999614e+00
6.797844500000000068e+00
6.797844500000000068e+00
6.797871899999999634e+00
6.797871899999999634e+00
6.797871899999999634e+00
6.797940600000000444e+00
6.797940600000000444e+00
6.798212799999999945e+00
6.798212799999999945e+00
6.798341399999999979e+00
6.798341399999999979e+00
6.798448099999999883e+00
6.798448099999999883e+00
6.798448099999999883e+00
6.798448099999999883e+00
6.798509199999999808e+00
6.798509199999999808e+00
6.798595599999999628e+00
6.798595599999999628e+00
6.798891499999999866e+00
6.798891499999999866e+00
6.798946299999999887e+00
6.798946299999999887e+00
6.799058800000000069e+00
6.799058800000000069e+00
6.799072999999999922e+00
6.799072999999999922e+00
6.799099700000000190e+00
6.799099700000000190e+00
6.799101399999999629e+00
6.799101399999999629e+00
6.799147900000000355e+00
6.799147900000000355e+00
6.799286999999999637e+00
6.799286999999999637e+00
6.799349900000000169e+00
6.799349900000000169e+00
6.799536299999999756e+00
6.799536299999999756e+00
6.799542899999999612e+00
6.799542899999999612e+00
6.799553399999999748e+00
6.799553399999999748e+00
6.799598699999999774e+00
6.799598699999999774e+00
6.799611299999999581e+00
6.799611299999999581e+00
6.799698799999999821e+00
6.799698799999999821e+00
6.799868499999999649e+00
6.799868499999999649e+00
6.799944599999999895e+00
6.799944599999999895e+00
6.800131499999999996e+00
6.800131499999999996e+00
6.800321000000000282e+00
6.800321000000000282e+00
6.800364599999999982e+00
6.800364599999999982e+00
6.800643400000000227e+00
6.800643400000000227e+00
6.800740000000000229e+00
6.800740000000000229e+00
6.801128799999999863e+00
6.801128799999999863e+00
6.801135900000000234e+00
6.801135900000000234e+00
6.801931299999999680e+00
6.801931299999999680e+00
6.802031300000000336e+00
6.802031300000000336e+00
6.802342999999999584e+00
6.802343099999999865e+00
6.802473199999999665e+00
6.802473199999999665e+00
6.802898299999999843e+00
6.802898299999999843e+00
6.804342700000000299e+00
6.817641499999999688e+00
6.817641499999999688e+00
6.834574400000000161e+00
6.834780199999999972e+00
6.834780199999999972e+00
6.835137800000000041e+00
6.835137800000000041e+00
6.871802200000000305e+00
6.872210199999999602e+00
6.872210199999999602e+00
6.872229199999999594e+00
6.872229199999999594e+00
6.872272299999999667e+00
6.872272299999999667e+00
6.872661199999999582e+00
6.872661199999999582e+00
6.873021800000000070e+00
6.873021800000000070e+00
6.873025000000000162e+00
6.873025000000000162e+00
6.873040300000000435e+00
6.873040300000000435e+00
6.873316100000000262e+00
6.902007900000000085e+00
6.902259700000000109e+00
7.007700800000000285e+00
7.007700800000000285e+00
7.011095199999999750e+00
7.011175399999999946e+00
7.011175399999999946e+00
7.011252500000000332e+00
7.011252500000000332e+00
7.011252500000000332e+00
7.011367700000000092e+00
7.011367700000000092e+00
7.011435900000000387e+00
7.011435900000000387e+00
7.012722600000000028e+00
7.012722600000000028e+00
7.013253100000000018e+00
7.013397199999999998e+00
7.013879900000000056e+00
7.013879900000000056e+00
7.013944099999999793e+00
7.013944099999999793e+00
7.014125100000000224e+00
7.014125100000000224e+00
7.014251299999999745e+00
7.014251299999999745e+00
7.014251299999999745e+00
7.014636300000000269e+00
7.014636300000000269e+00
7.014678100000000249e+00
7.014678100000000249e+00
7.015009799999999629e+00
7.015009799999999629e+00
7.015096100000000057e+00
7.015096100000000057e+00
7.015239799999999804e+00
7.015239799999999804e+00
7.015449000000000268e+00
7.015449000000000268e+00
7.015803299999999965e+00
7.015803299999999965e+00
7.016020400000000379e+00
7.016020400000000379e+00
7.016596599999999739e+00
7.016596599999999739e+00
7.016597299999999926e+00
7.016597299999999926e+00
7.016790600000000211e+00
7.016790600000000211e+00
7.016936300000000237e+00
7.016936300000000237e+00
7.017024600000000056e+00
7.017024600000000056e+00
7.017060800000000320e+00
7.017060800000000320e+00
7.017151499999999764e+00
7.017151499999999764e+00
7.017229300000000336e+00
7.017229300000000336e+00
7.017525799999999592e+00
7.017525799999999592e+00
7.017591300000000309e+00
7.017591300000000309e+00
7.017737200000000009e+00
7.017737200000000009e+00
7.017865600000000370e+00
7.017865600000000370e+00
7.017975400000000086e+00
7.017975400000000086e+00
7.017995199999999656e+00
7.017995199999999656e+00
7.018026400000000109e+00
7.018026400000000109e+00
7.018049699999999724e+00
7.018049699999999724e+00
7.018049699999999724e+00
7.018060300000000140e+00
7.018060300000000140e+00
7.018113800000000069e+00
7.018113800000000069e+00
7.018241800000000197e+00
7.018241800000000197e+00
7.018263799999999719e+00
7.018263799999999719e+00
7.018453899999999912e+00
7.018453899999999912e+00
7.018478199999999667e+00
7.018478199999999667e+00
7.018616399999999977e+00
7.018616399999999977e+00
7.018841899999999967e+00
7.018841899999999967e+00
7.019227100000000164e+00
7.019227100000000164e+00
7.019257699999999822e+00
7.019257699999999822e+00
7.019340500000000205e+00
7.019340500000000205e+00
7.019370600000000238e+00
7.019370600000000238e+00
7.019500800000000318e+00
7.053285800000000272e+00
7.053285800000000272e+00
7.066728300000000296e+00
7.066728300000000296e+00
7.097352500000000397e+00
7.097517599999999760e+00
7.098256300000000074e+00
7.098256300000000074e+00
7.105175100000000299e+00
7.105175100000000299e+00
7.106751000000000040e+00
7.107488000000000028e+00
7.107488000000000028e+00
7.111199199999999720e+00
7.111199199999999720e+00
7.146270999999999596e+00
7.146270999999999596e+00
7.146464700000000114e+00
7.146694400000000336e+00
7.176472799999999985e+00
7.176609899999999875e+00
7.176609899999999875e+00
7.176761499999999572e+00
7.176761499999999572e+00
7.176802699999999646e+00
7.176802699999999646e+00
7.176919400000000060e+00
7.176919400000000060e+00
7.176972400000000363e+00
7.176972400000000363e+00
7.177179599999999660e+00
7.177179599999999660e+00
7.177212700000000112e+00
7.177212700000000112e+00
7.177236800000000194e+00
7.177236800000000194e+00
7.177325399999999966e+00
7.177325399999999966e+00
7.177393999999999608e+00
7.177393999999999608e+00
7.177430400000000432e+00
7.184498600000000401e+00
7.184551700000000096e+00
7.184551700000000096e+00
7.187775799999999826e+00
7.187775799999999826e+00
7.187955500000000164e+00
7.187955500000000164e+00
7.188369299999999740e+00
7.188369299999999740e+00
7.188417000000000279e+00
7.188417000000000279e+00
7.188417000000000279e+00
7.188460799999999651e+00
7.188460799999999651e+00
7.188542899999999847e+00
7.188542899999999847e+00
7.188542899999999847e+00
7.188792499999999919e+00
7.188792499999999919e+00
7.189185700000000345e+00
7.189185700000000345e+00
7.189328999999999859e+00
7.189328999999999859e+00
7.189733200000000046e+00
7.189733200000000046e+00
7.190110800000000246e+00
7.190110800000000246e+00
7.190248000000000417e+00
7.190248000000000417e+00
7.190248000000000417e+00
7.190284799999999699e+00
7.190284799999999699e+00
7.190284799999999699e+00
7.190290499999999696e+00
7.190290499999999696e+00
7.190357099999999946e+00
7.190357099999999946e+00
7.190373300000000079e+00
7.190373300000000079e+00
7.190450700000000417e+00
7.190450700000000417e+00
7.191074699999999709e+00
7.191074699999999709e+00
7.191075399999999895e+00
7.191075399999999895e+00
7.191132099999999916e+00
7.191132099999999916e+00
7.191194199999999981e+00
7.191194199999999981e+00
7.191385900000000220e+00
7.191385900000000220e+00
7.191519800000000018e+00
7.191519800000000018e+00
7.191519800000000018e+00
7.191526099999999921e+00
7.191526099999999921e+00
7.191557000000000421e+00
7.191557000000000421e+00
7.191707899999999931e+00
7.191707899999999931e+00
7.191728399999999688e+00
7.191728399999999688e+00
7.191731899999999733e+00
7.191731899999999733e+00
7.191879199999999805e+00
7.191879199999999805e+00
7.192098800000000125e+00
7.192098800000000125e+00
7.192448200000000291e+00
7.192448200000000291e+00
7.192577199999999671e+00
7.192577199999999671e+00
7.192587299999999573e+00
7.192587299999999573e+00
7.192692899999999945e+00
7.192692899999999945e+00
7.192705100000000407e+00
7.192705100000000407e+00
7.193792099999999579e+00
7.193792099999999579e+00
7.193792099999999579e+00
7.193941500000000211e+00
7.193941500000000211e+00
7.193967100000000059e+00
7.193967100000000059e+00
7.194046400000000396e+00
7.194046400000000396e+00
7.194177400000000056e+00
7.194177400000000056e+00
7.194212099999999666e+00
7.194212099999999666e+00
7.194261299999999970e+00
7.194261299999999970e+00
7.194378500000000010e+00
7.194378500000000010e+00
7.194820599999999899e+00
7.194820599999999899e+00
7.194966700000000159e+00
7.194966700000000159e+00
7.195362199999999930e+00
7.195362199999999930e+00
7.195592399999999778e+00
7.195592399999999778e+00
7.195681600000000344e+00
7.195681600000000344e+00
7.195681600000000344e+00
7.196397100000000435e+00
7.196397100000000435e+00
7.196486600000000067e+00
7.196486600000000067e+00
7.196626799999999768e+00
7.196626799999999768e+00
7.196626799999999768e+00
7.196893799999999786e+00
7.196893799999999786e+00
7.196932499999999955e+00
7.196932499999999955e+00
7.197125200000000333e+00
7.197125200000000333e+00
7.197126899999999772e+00
7.197126899999999772e+00
7.197133299999999956e+00
7.197133299999999956e+00
7.197133299999999956e+00
7.197151999999999994e+00
7.197151999999999994e+00
7.197200800000000065e+00
7.197200800000000065e+00
7.197531399999999913e+00
7.197531399999999913e+00
7.197685299999999842e+00
7.197685299999999842e+00
7.226349299999999864e+00
7.226349299999999864e+00
7.231992800000000443e+00
7.231992800000000443e+00
7.235013399999999706e+00
7.235013399999999706e+00
7.235144499999999645e+00
7.235144499999999645e+00
7.235160600000000386e+00
7.235160600000000386e+00
7.235661399999999688e+00
7.235661399999999688e+00
7.236067300000000202e+00
7.239525900000000291e+00
7.239525900000000291e+00
7.242542000000000257e+00
7.242542000000000257e+00
7.244113399999999814e+00
7.244113399999999814e+00
7.250539899999999705e+00
7.250539899999999705e+00
7.281748499999999957e+00
7.281748499999999957e+00
7.299380600000000108e+00
7.299380600000000108e+00
7.326768099999999784e+00
7.326803700000000141e+00
7.326803700000000141e+00
7.327048699999999748e+00
7.327048699999999748e+00
7.327116499999999810e+00
7.327116499999999810e+00
7.327159199999999650e+00
7.327159199999999650e+00
7.327169200000000160e+00
7.327169200000000160e+00
7.327205199999999863e+00
7.327205199999999863e+00
7.327205199999999863e+00
7.327205199999999863e+00
7.327391500000000057e+00
7.327391500000000057e+00
7.327420400000000278e+00
7.327420400000000278e+00
7.327738799999999664e+00
7.327738799999999664e+00
7.328172300000000305e+00
7.328172300000000305e+00
7.328206599999999682e+00
7.328206599999999682e+00
7.328882600000000025e+00
7.328882600000000025e+00
7.329053700000000227e+00
7.329053700000000227e+00
7.329123599999999961e+00
7.329123599999999961e+00
7.329223999999999961e+00
7.329223999999999961e+00
7.329223999999999961e+00
7.329264399999999569e+00
7.329264399999999569e+00
7.329318800000000245e+00
7.329318800000000245e+00
7.329382999999999981e+00
7.329382999999999981e+00
7.329430399999999679e+00
7.329430399999999679e+00
7.329543300000000094e+00
7.351401000000000074e+00
7.351484100000000410e+00
7.380758000000000152e+00
7.381153000000000297e+00
7.381153000000000297e+00
7.381289599999999673e+00
7.381289599999999673e+00
7.382182700000000430e+00
7.382182700000000430e+00
7.388846599999999931e+00
7.389432300000000176e+00
7.389432300000000176e+00
7.389606399999999908e+00
7.389606399999999908e+00
7.389730000000000132e+00
7.389730000000000132e+00
7.389827999999999619e+00
7.389827999999999619e+00
7.389849800000000357e+00
7.389849800000000357e+00
7.389939599999999942e+00
7.389939599999999942e+00
7.389965400000000351e+00
7.389965400000000351e+00
7.390254500000000171e+00
7.390254500000000171e+00
7.390375800000000162e+00
7.390375800000000162e+00
7.390379799999999832e+00
7.390379799999999832e+00
7.390397600000000011e+00
7.390397600000000011e+00
7.390424000000000326e+00
7.390424000000000326e+00
7.390519499999999908e+00
7.390519499999999908e+00
7.390878299999999790e+00
7.390878299999999790e+00
7.391313099999999636e+00
7.391313099999999636e+00
7.391366299999999612e+00
7.391366299999999612e+00
7.391559700000000177e+00
7.391559700000000177e+00
7.391764300000000176e+00
7.391764300000000176e+00
7.391847799999999857e+00
7.391847799999999857e+00
7.391885900000000120e+00
7.391885900000000120e+00
7.391997599999999835e+00
7.391997599999999835e+00
7.392002100000000020e+00
7.392002100000000020e+00
7.392063499999999898e+00
7.392063499999999898e+00
7.392063499999999898e+00
7.392921300000000251e+00
7.392921300000000251e+00
7.392944499999999586e+00
7.392944499999999586e+00
7.392976100000000272e+00
7.392976100000000272e+00
7.393387699999999896e+00
7.393387699999999896e+00
7.393428100000000391e+00
7.393428100000000391e+00
7.393470599999999671e+00
7.393470599999999671e+00
7.393679399999999902e+00
7.393679399999999902e+00
7.393679399999999902e+00
7.393712100000000120e+00
7.393712100000000120e+00
7.393758000000000052e+00
7.393758000000000052e+00
7.394167500000000004e+00
7.394167500000000004e+00
7.394355799999999590e+00
7.394355799999999590e+00
7.394427799999999884e+00
7.394427799999999884e+00
7.394788899999999998e+00
7.394788899999999998e+00
7.395063399999999731e+00
7.395063399999999731e+00
7.395463300000000295e+00
7.395463300000000295e+00
7.395536700000000074e+00
7.395536700000000074e+00
7.395582400000000334e+00
7.395582400000000334e+00
7.395742699999999559e+00
7.395742699999999559e+00
7.395745800000000258e+00
7.395745800000000258e+00
7.395865500000000203e+00
7.395865500000000203e+00
7.396130099999999707e+00
7.396130099999999707e+00
7.396518000000000370e+00
7.396518000000000370e+00
7.396524300000000274e+00
7.396524300000000274e+00
7.396731299999999898e+00
7.396731299999999898e+00
7.396767600000000442e+00
7.396767600000000442e+00
7.396789100000000339e+00
7.554586399999999813e+00
7.555384199999999773e+00
7.555384199999999773e+00
7.561450100000000063e+00
7.561450100000000063e+00
7.561561099999999591e+00
7.561561099999999591e+00
7.562034999999999840e+00
7.562034999999999840e+00
7.562186999999999770e+00
7.562186999999999770e+00
7.562331300000000311e+00
7.562331300000000311e+00
7.666140000000000398e+00
7.666814500000000088e+00
7.666814500000000088e+00
7.706117800000000351e+00
7.706117800000000351e+00
7.731620300000000334e+00
7.732005199999999689e+00
7.733211899999999694e+00
7.733422000000000018e+00
7.733422000000000018e+00
7.733475699999999620e+00
7.733475699999999620e+00
7.733475699999999620e+00
7.733475699999999620e+00
7.733494099999999705e+00
7.733494099999999705e+00
7.733519600000000160e+00
7.733519600000000160e+00
7.733969000000000094e+00
7.733969000000000094e+00
7.733999100000000126e+00
7.733999100000000126e+00
7.734076100000000231e+00
7.734076100000000231e+00
7.734290200000000226e+00
7.734290200000000226e+00
7.734334999999999738e+00
7.734334999999999738e+00
7.734338300000000110e+00
7.734338300000000110e+00
7.734412700000000029e+00
7.734412700000000029e+00
7.734548099999999593e+00
7.734548099999999593e+00
7.734557999999999822e+00
7.734557999999999822e+00
7.734593699999999572e+00
7.734593699999999572e+00
7.734618499999999841e+00
7.734618499999999841e+00
7.734622899999999746e+00
7.734622899999999746e+00
7.735123800000000216e+00
7.735123800000000216e+00
7.735153600000000296e+00
7.735153600000000296e+00
7.735161999999999871e+00
7.735161999999999871e+00
7.735281999999999769e+00
7.735281999999999769e+00
7.735283800000000376e+00
7.735283800000000376e+00
7.735365500000000338e+00
7.735365500000000338e+00
7.735565499999999872e+00
7.735565499999999872e+00
7.735754000000000019e+00
7.735754000000000019e+00
7.735764600000000435e+00
7.735764600000000435e+00
7.735886599999999724e+00
7.735886599999999724e+00
7.735898200000000280e+00
7.735898200000000280e+00
7.736078000000000010e+00
7.736078000000000010e+00
7.736109800000000369e+00
7.736109800000000369e+00
7.736176300000000339e+00
7.736176300000000339e+00
7.736184699999999914e+00
7.736184699999999914e+00
7.736225499999999755e+00
7.736225499999999755e+00
7.736517899999999948e+00
7.736517899999999948e+00
7.736626399999999570e+00
7.736626399999999570e+00
7.736686500000000244e+00
7.736686500000000244e+00
7.736781200000000247e+00
7.736781200000000247e+00
7.737019100000000371e+00
7.737019100000000371e+00
7.737075199999999597e+00
7.737075199999999597e+00
7.737075400000000158e+00
7.737075400000000158e+00
7.737310299999999863e+00
7.737310299999999863e+00
7.737320099999999812e+00
7.737320099999999812e+00
7.771800599999999726e+00
7.771800599999999726e+00
7.772563400000000122e+00
7.773089699999999880e+00
7.773089699999999880e+00
7.773142199999999669e+00
7.773142199999999669e+00
7.773218499999999587e+00
7.773218499999999587e+00
7.773272399999999749e+00
7.773272399999999749e+00
7.773349699999999807e+00
7.773349699999999807e+00
7.773379799999999840e+00
7.773379799999999840e+00
7.773754000000000275e+00
7.773754000000000275e+00
7.773755099999999807e+00
7.773755099999999807e+00
7.773988700000000307e+00
7.773988700000000307e+00
7.773988700000000307e+00
7.773988700000000307e+00
7.774060900000000274e+00
7.774060900000000274e+00
7.774179099999999565e+00
7.774179099999999565e+00
7.774227400000000010e+00
7.774227400000000010e+00
7.774244399999999722e+00
7.774244399999999722e+00
7.774405800000000255e+00
7.774405800000000255e+00
7.774638300000000335e+00
7.774638300000000335e+00
7.774673800000000412e+00
7.774673800000000412e+00
7.774685700000000033e+00
7.774685700000000033e+00
7.774694199999999888e+00
7.774694199999999888e+00
7.774859099999999579e+00
7.774859099999999579e+00
7.775053800000000237e+00
7.775053800000000237e+00
7.775077699999999759e+00
7.775077699999999759e+00
7.775193100000000079e+00
7.775193100000000079e+00
7.775275399999999948e+00
7.775275399999999948e+00
7.775286099999999756e+00
7.775286099999999756e+00
7.776006100000000032e+00
7.776006100000000032e+00
7.776066700000000331e+00
7.776066700000000331e+00
7.776250499999999732e+00
7.776250499999999732e+00
7.776253299999999591e+00
7.776253299999999591e+00
7.776283900000000138e+00
7.776283900000000138e+00
7.776298500000000224e+00
7.776298500000000224e+00
7.776441000000000159e+00
7.776441000000000159e+00
7.776461900000000149e+00
7.776461900000000149e+00
7.776599899999999899e+00
7.776599899999999899e+00
7.776858100000000107e+00
7.776858100000000107e+00
7.776962199999999825e+00
7.776962199999999825e+00
7.777010999999999896e+00
7.777010999999999896e+00
7.777301099999999856e+00
7.777301099999999856e+00
7.777622400000000269e+00
7.796441100000000013e+00
7.796441100000000013e+00
7.806055299999999697e+00
7.806055299999999697e+00
7.814043100000000130e+00
7.814048800000000128e+00
7.814048800000000128e+00
7.832995099999999766e+00
7.832995099999999766e+00
7.848803600000000102e+00
7.848803600000000102e+00
7.859099999999999753e+00
7.859099999999999753e+00
7.859507999999999939e+00
7.859507999999999939e+00
7.888591899999999768e+00
7.888591899999999768e+00
7.899990200000000407e+00
7.899990200000000407e+00
7.901121200000000400e+00
7.901121200000000400e+00
7.909391199999999955e+00
7.909400200000000325e+00
7.911106099999999586e+00
7.911156799999999656e+00
7.993782999999999639e+00
7.994028100000000414e+00
7.994028100000000414e+00
7.994894699999999688e+00
7.994894699999999688e+00
7.995063799999999610e+00
7.995063799999999610e+00
7.995117500000000099e+00
7.995117500000000099e+00
7.995122499999999910e+00
7.995122499999999910e+00
7.995151100000000177e+00
7.995151100000000177e+00
7.995508799999999638e+00
7.995508799999999638e+00
7.995508799999999638e+00
7.995508799999999638e+00
7.995560499999999848e+00
7.995560499999999848e+00
7.995562999999999754e+00
7.995562999999999754e+00
7.995562999999999754e+00
7.995604700000000342e+00
7.995604700000000342e+00
7.995674400000000404e+00
7.995674400000000404e+00
7.995721999999999774e+00
7.995721999999999774e+00
7.995898699999999693e+00
7.995898699999999693e+00
7.995991300000000024e+00
7.995991300000000024e+00
7.996119499999999825e+00
7.996119499999999825e+00
7.996237500000000331e+00
7.996237500000000331e+00
7.996261200000000180e+00
7.996261200000000180e+00
7.996261200000000180e+00
7.996307100000000112e+00
7.996307100000000112e+00
7.996307100000000112e+00
7.996405700000000394e+00
7.996405700000000394e+00
7.996565200000000040e+00
8.004312399999999883e+00
8.004405399999999560e+00
8.004405399999999560e+00
8.004539400000000526e+00
8.004539400000000526e+00
8.004570100000000465e+00
8.004570100000000465e+00
8.004574800000000323e+00
8.004574800000000323e+00
8.004702500000000498e+00
8.004702500000000498e+00
8.004742500000000760e+00
8.004742500000000760e+00
8.004800299999999424e+00
8.004800299999999424e+00
8.004896199999999240e+00
8.004896199999999240e+00
8.004917400000000072e+00
8.004917400000000072e+00
8.004968999999999113e+00
8.004968999999999113e+00
8.005037700000000811e+00
8.005037700000000811e+00
8.005060999999999538e+00
8.005060999999999538e+00
8.005717000000000638e+00
8.017777600000000504e+00
8.017777600000000504e+00
8.017869100000000415e+00
8.017869100000000415e+00
8.017931499999999545e+00
8.017931499999999545e+00
8.018085900000000876e+00
8.018085900000000876e+00
8.018085900000000876e+00
8.018331899999999735e+00
8.018331899999999735e+00
8.018390699999999427e+00
8.018390699999999427e+00
8.018406300000000542e+00
8.018406300000000542e+00
8.018496100000000126e+00
8.018496100000000126e+00
8.018759599999999210e+00
8.018759599999999210e+00
8.019441099999999878e+00
8.019441099999999878e+00
8.019455199999999451e+00
8.019455199999999451e+00
8.019476499999999675e+00
8.019476499999999675e+00
8.019527099999999464e+00
8.019527099999999464e+00
8.019795099999999621e+00
8.019795099999999621e+00
8.019807300000000083e+00
8.019807300000000083e+00
8.020229900000000356e+00
8.020229900000000356e+00
8.020234300000000260e+00
8.020234300000000260e+00
8.020234300000000260e+00
8.020380400000000520e+00
8.020380400000000520e+00
8.020579899999999540e+00
8.020579899999999540e+00
8.020612200000000414e+00
8.020612200000000414e+00
8.020623199999999287e+00
8.020623199999999287e+00
8.020623199999999287e+00
8.020623199999999287e+00
8.020688399999999163e+00
8.020688399999999163e+00
8.020723500000000783e+00
8.020723500000000783e+00
8.020748899999999182e+00
8.020748899999999182e+00
8.021245800000000870e+00
8.021245800000000870e+00
8.021289700000000522e+00
8.021289700000000522e+00
8.021295399999999631e+00
8.021295399999999631e+00
8.021531899999999382e+00
8.021531899999999382e+00
8.021531899999999382e+00
8.021898399999999540e+00
8.021898399999999540e+00
8.022108199999999911e+00
8.022108199999999911e+00
8.022108199999999911e+00
8.022108199999999911e+00
8.022599500000000106e+00
8.022599500000000106e+00
8.022611899999999352e+00
8.022611899999999352e+00
8.022844799999999665e+00
8.022844799999999665e+00
8.023987999999999232e+00
8.023987999999999232e+00
8.024995699999999843e+00
8.024995699999999843e+00
8.024995699999999843e+00
8.024995699999999843e+00
8.025766499999999581e+00
8.025766499999999581e+00
8.025946100000000527e+00
8.025946100000000527e+00
8.026099900000000176e+00
8.026099900000000176e+00
8.026356099999999216e+00
8.026356099999999216e+00
8.026356099999999216e+00
8.026532299999999509e+00
8.026532299999999509e+00
8.026538900000000254e+00
8.026600699999999478e+00
8.026600699999999478e+00
8.026600699999999478e+00
8.026786100000000701e+00
8.026786100000000701e+00
8.027333099999999888e+00
8.027333099999999888e+00
8.027402999999999622e+00
8.027402999999999622e+00
8.028170499999999876e+00
8.028170499999999876e+00
8.028337000000000501e+00
8.028337000000000501e+00
8.028378800000000481e+00
8.028378800000000481e+00
8.028827500000000228e+00
8.028827500000000228e+00
8.028834500000000318e+00
8.028834500000000318e+00
8.028834500000000318e+00
8.028834500000000318e+00
8.028893999999999309e+00
8.028893999999999309e+00
8.028899199999999681e+00
8.028899199999999681e+00
8.028970199999999835e+00
8.028970199999999835e+00
8.028975400000000207e+00
8.028975400000000207e+00
8.029038699999999196e+00
8.029038699999999196e+00
8.029325299999999999e+00
8.029325299999999999e+00
8.029471499999999651e+00
8.029471499999999651e+00
8.029770100000000355e+00
8.030081199999999697e+00
8.030081199999999697e+00
8.030229699999999582e+00
8.030229699999999582e+00
8.030276100000000028e+00
8.030276100000000028e+00
8.030287400000000630e+00
8.030287400000000630e+00
8.030354400000000226e+00
8.030354400000000226e+00
8.030482199999999793e+00
8.030482199999999793e+00
8.030495500000000675e+00
8.030495500000000675e+00
8.030597300000000160e+00
8.030597300000000160e+00
8.030721200000000337e+00
8.030721200000000337e+00
8.030859500000000040e+00
8.030859500000000040e+00
8.031204300000000629e+00
8.031204300000000629e+00
8.031321000000000154e+00
8.031321000000000154e+00
8.031415900000000718e+00
8.031415900000000718e+00
8.031422900000000809e+00
8.031422900000000809e+00
8.031597800000000120e+00
8.031597800000000120e+00
8.031597800000000120e+00
8.031602599999999370e+00
8.031602599999999370e+00
8.031609800000000021e+00
8.031609800000000021e+00
8.031682099999999380e+00
8.031682099999999380e+00
8.031716599999999318e+00
8.031716599999999318e+00
8.031721799999999689e+00
8.031721799999999689e+00
8.031759299999999158e+00
8.031759299999999158e+00
8.031799299999999420e+00
8.032384800000000880e+00
8.032384800000000880e+00
8.032812399999999187e+00
8.032812399999999187e+00
8.032851000000000852e+00
8.032851000000000852e+00
8.032852600000000010e+00
8.032852600000000010e+00
8.032894000000000645e+00
8.032894000000000645e+00
8.032894000000000645e+00
8.032897900000000035e+00
8.032897900000000035e+00
8.032964800000000238e+00
8.032964800000000238e+00
8.032967599999999209e+00
8.032967599999999209e+00
8.033135500000000206e+00
8.033135500000000206e+00
8.033209199999999939e+00
8.033209199999999939e+00
8.033217300000000449e+00
8.033217300000000449e+00
8.034338299999999933e+00
8.034805900000000278e+00
8.034805900000000278e+00
8.034829099999999613e+00
8.034829099999999613e+00
8.035085000000000477e+00
8.035230699999999615e+00
8.035230699999999615e+00
8.035230699999999615e+00
8.035238500000000172e+00
8.035238500000000172e+00
8.035277199999999453e+00
8.035277199999999453e+00
8.035325600000000179e+00
8.035325600000000179e+00
8.035402299999999443e+00
8.035402299999999443e+00
8.035405499999999535e+00
8.035405499999999535e+00
8.035405499999999535e+00
8.035447899999999422e+00
8.035447899999999422e+00
8.035484699999999592e+00
8.035484699999999592e+00
8.035491099999999776e+00
8.035491099999999776e+00
8.035510999999999626e+00
8.035513800000000373e+00
8.035530500000000131e+00
8.035534200000000737e+00
8.035568299999999553e+00
8.035575800000000157e+00
8.035597199999999773e+00
8.035597799999999680e+00
8.035606400000000704e+00
8.035624000000000322e+00
8.035689400000000759e+00
8.035710200000000469e+00
8.035727500000000134e+00
8.035769000000000162e+00
8.035769000000000162e+00
8.035775400000000346e+00
8.035834799999999944e+00
8.035836400000000879e+00
8.035935000000000272e+00
8.035935000000000272e+00
8.036111599999999910e+00
8.036111599999999910e+00
8.036113200000000845e+00
8.036269300000000726e+00
8.036269300000000726e+00
8.036278299999999319e+00
8.036278299999999319e+00
8.036305199999999260e+00
8.036829499999999626e+00
8.036833400000000793e+00
8.036840800000000229e+00
8.036927099999999768e+00
8.036947899999999478e+00
8.036954299999999662e+00
8.036964599999999237e+00
8.036967000000000638e+00
8.037021799999999772e+00
8.037021799999999772e+00
8.037081600000000492e+00
8.037081600000000492e+00
8.037082299999999790e+00
8.037131900000000329e+00
8.037131900000000329e+00
8.037131900000000329e+00
8.037156599999999429e+00
8.037156599999999429e+00
8.037161599999999240e+00
8.037297999999999831e+00
8.037330000000000751e+00
8.037330000000000751e+00
8.037337000000000842e+00
8.037341200000000185e+00
8.037342600000000559e+00
8.037343800000000371e+00
8.037350899999999854e+00
8.037361399999999989e+00
8.037366699999999753e+00
8.037373600000000451e+00
8.037373999999999796e+00
8.037381099999999279e+00
8.037388200000000538e+00
8.037396400000000440e+00
8.037405700000000763e+00
8.037407899999999827e+00
8.037414000000000058e+00
8.037415499999999824e+00
8.037415499999999824e+00
8.037426999999999211e+00
8.037476200000000404e+00
8.037476200000000404e+00
8.037481100000000822e+00
8.037481299999999607e+00
8.037485200000000773e+00
8.037489199999999556e+00
8.037506300000000437e+00
8.037619599999999309e+00
8.037620999999999682e+00
8.037620999999999682e+00
8.037633700000000658e+00
8.037640700000000749e+00
8.037642699999999252e+00
8.037646199999999297e+00
8.037650899999999154e+00
8.037652599999999481e+00
8.037670699999999613e+00
8.037670900000000174e+00
8.037684399999999840e+00
8.037693499999999602e+00
8.037693799999999555e+00
8.037845199999999579e+00
8.037847899999999157e+00
8.037870599999999754e+00
8.037875800000000126e+00
8.037880700000000544e+00
8.037890799999999558e+00
8.037890799999999558e+00
8.039793599999999429e+00
8.039793599999999429e+00
8.041066499999999451e+00
8.042642900000000594e+00
8.042642900000000594e+00
8.051292000000000115e+00
8.055762500000000159e+00
8.055767799999999923e+00
8.055767799999999923e+00
8.055794699999999864e+00
8.055933500000000080e+00
8.055947500000000261e+00
8.055966200000000299e+00
8.055968800000000485e+00
8.056035700000000688e+00
8.056035700000000688e+00
8.056035700000000688e+00
8.056035700000000688e+00
8.058330700000000846e+00
8.058330700000000846e+00
8.060213700000000259e+00
8.060213700000000259e+00
8.060393400000000597e+00
8.060473399999999344e+00
8.060759799999999586e+00
8.061404200000000131e+00
8.062033500000000075e+00
8.062033500000000075e+00
8.063790100000000294e+00
8.063794800000000151e+00
8.063903599999999727e+00
8.063903599999999727e+00
8.063974899999999835e+00
8.068180099999999300e+00
8.068180099999999300e+00
8.088765999999999678e+00
8.088765999999999678e+00
8.092528800000000189e+00
8.092528800000000189e+00
8.100607800000000580e+00
8.100607800000000580e+00
8.107642500000000751e+00
8.107642500000000751e+00
8.107860499999999249e+00
8.108468099999999623e+00
8.108468099999999623e+00
8.108994499999999661e+00
8.109004000000000545e+00
8.109004000000000545e+00
8.110107400000000411e+00
8.110107400000000411e+00
8.110107499999999803e+00
8.110121700000000544e+00
8.110130800000000306e+00
8.110130899999999698e+00
8.110132999999999370e+00
8.110149099999999223e+00
8.110150700000000157e+00
8.110212000000000643e+00
8.110218800000000172e+00
8.110218800000000172e+00
8.110235700000000492e+00
8.110236600000000351e+00
8.110237899999999556e+00
8.110246399999999412e+00
8.110258299999999920e+00
8.110261799999999965e+00
8.110275400000000801e+00
8.110285400000000422e+00
8.110292599999999297e+00
8.110426600000000263e+00
8.110428000000000637e+00
8.110428000000000637e+00
8.110428000000000637e+00
8.110429299999999841e+00
8.110443000000000069e+00
8.110535699999999792e+00
8.110576599999999914e+00
8.110586800000000096e+00
8.110600099999999202e+00
8.110604500000000883e+00
8.110610499999999945e+00
8.110613999999999990e+00
8.110645099999999275e+00
8.110666099999999545e+00
8.110669100000000853e+00
8.110669100000000853e+00
8.110746199999999462e+00
8.110758399999999924e+00
8.110784799999999350e+00
8.110796699999999859e+00
8.110796699999999859e+00
8.110796699999999859e+00
8.110802100000000792e+00
8.110813200000000833e+00
8.110813200000000833e+00
8.110840299999999559e+00
8.110855000000000814e+00
8.110858300000000298e+00
8.110869799999999685e+00
8.110883499999999913e+00
8.110886700000000005e+00
8.110895100000000468e+00
8.110906299999999902e+00
8.110911899999999619e+00
8.110922099999999801e+00
8.110923400000000782e+00
8.110928200000000032e+00
8.110935400000000683e+00
8.110935400000000683e+00
8.110976100000000244e+00
8.110976100000000244e+00
8.111010099999999667e+00
8.111016100000000506e+00
8.111061499999999924e+00
8.111066299999999174e+00
8.111069799999999219e+00
8.111094500000000096e+00
8.111114699999999900e+00
8.111127800000000221e+00
8.111130299999999238e+00
8.111133600000000499e+00
8.111134200000000405e+00
8.111171199999999359e+00
8.111171199999999359e+00
8.111179999999999168e+00
8.111184700000000802e+00
8.111185700000000054e+00
8.111186099999999399e+00
8.111190000000000566e+00
8.111191699999999116e+00
8.111213499999999854e+00
8.111236099999999283e+00
8.111236500000000404e+00
8.111325600000000691e+00
8.111325600000000691e+00
8.111336700000000732e+00
8.111336700000000732e+00
8.111392099999999772e+00
8.111392099999999772e+00
8.111463499999999271e+00
8.111482000000000525e+00
8.111489499999999353e+00
8.187582199999999588e+00
8.187739000000000544e+00
8.187747399999999232e+00
8.187779100000000199e+00
8.187787399999999494e+00
8.187818200000000601e+00
8.187831499999999707e+00
8.187925800000000365e+00
8.187925800000000365e+00
8.188183600000000339e+00
8.188183600000000339e+00
8.188198699999999164e+00
8.188198699999999164e+00
8.188256700000000166e+00
8.188265599999999367e+00
8.188265700000000535e+00
8.188270599999999177e+00
8.188272899999999410e+00
8.188363900000000584e+00
8.188367400000000629e+00
8.188373600000000252e+00
8.188382400000000061e+00
8.188382499999999453e+00
8.188387300000000479e+00
8.188397200000000709e+00
8.188399499999999165e+00
8.188404999999999490e+00
8.188404999999999490e+00
8.188487600000000199e+00
8.188487999999999545e+00
8.188548900000000685e+00
8.188565399999999883e+00
8.188631400000000227e+00
8.188646600000000220e+00
8.188646600000000220e+00
8.188653399999999749e+00
8.222251099999999369e+00
8.222251099999999369e+00
8.224545400000000228e+00
8.224567399999999751e+00
8.224578499999999792e+00
8.224582699999999136e+00
8.224593000000000487e+00
8.224600399999999922e+00
8.224606599999999546e+00
8.224606800000000106e+00
8.224619600000000474e+00
8.224619600000000474e+00
8.224621499999999585e+00
8.224634099999999393e+00
8.224634699999999299e+00
8.224638000000000559e+00
8.224641399999999436e+00
8.224656400000000644e+00
8.224660099999999474e+00
8.224670500000000217e+00
8.224677500000000308e+00
8.224685799999999603e+00
8.224714000000000524e+00
8.224901300000000859e+00
8.224925600000000614e+00
8.225187999999999278e+00
8.225422599999999917e+00
8.225422599999999917e+00
8.225422599999999917e+00
8.225521900000000386e+00
8.225521900000000386e+00
8.225521900000000386e+00
8.225929799999999403e+00
8.225929799999999403e+00
8.226065699999999481e+00
8.226065699999999481e+00
8.226065699999999481e+00
8.226065699999999481e+00
8.226145700000000005e+00
8.226145700000000005e+00
8.226386899999999613e+00
8.226386899999999613e+00
8.226520300000000674e+00
8.226520300000000674e+00
8.226553600000000799e+00
8.226553600000000799e+00
8.227348400000000339e+00
8.227348400000000339e+00
8.227906000000000830e+00
8.227906000000000830e+00
8.228789499999999535e+00
8.228789499999999535e+00
8.228994000000000142e+00
8.228994000000000142e+00
8.228994000000000142e+00
8.229158399999999318e+00
8.229158399999999318e+00
8.229311499999999668e+00
8.229311499999999668e+00
8.229454499999999229e+00
8.229454499999999229e+00
8.229454499999999229e+00
8.229498200000000097e+00
8.229498200000000097e+00
8.230082799999999921e+00
8.230082799999999921e+00
8.230828600000000606e+00
8.230926000000000187e+00
8.230926000000000187e+00
8.231251300000000271e+00
8.231251300000000271e+00
8.235128700000000634e+00
8.235128700000000634e+00
8.239176199999999284e+00
8.239176199999999284e+00
8.243502700000000516e+00
8.267971299999999246e+00
8.267993900000000451e+00
8.267993900000000451e+00
8.268030800000000013e+00
8.268034399999999451e+00
8.268039800000000383e+00
8.268046699999999305e+00
8.268048099999999678e+00
8.268057000000000656e+00
8.268063700000000793e+00
8.268065299999999951e+00
8.268087400000000642e+00
8.268111199999999883e+00
8.268113700000000676e+00
8.268123400000000345e+00
8.268124099999999643e+00
8.268124600000000157e+00
8.268131999999999593e+00
8.268135199999999685e+00
8.268135700000000199e+00
8.268136500000000666e+00
8.268136800000000619e+00
8.268142400000000336e+00
8.268170100000000744e+00
8.268171499999999341e+00
8.268178699999999992e+00
8.268178699999999992e+00
8.268180900000000833e+00
8.268182700000000551e+00
8.268199400000000310e+00
8.268245500000000803e+00
8.268245500000000803e+00
8.268267099999999203e+00
8.268273900000000509e+00
8.268303200000000075e+00
8.268316499999999181e+00
8.268322599999999412e+00
8.268335999999999686e+00
8.268462299999999487e+00
8.268488500000000130e+00
8.268488700000000691e+00
8.268513199999999230e+00
8.268519700000000583e+00
8.268542200000000619e+00
8.268542200000000619e+00
8.268551699999999727e+00
8.268572499999999437e+00
8.268578200000000322e+00
8.268605300000000824e+00
8.268652100000000615e+00
8.268664599999999254e+00
8.268720599999999976e+00
8.268722399999999695e+00
8.268726700000000207e+00
8.268750400000000056e+00
8.268763099999999255e+00
8.268763599999999769e+00
8.268771199999999766e+00
8.268771199999999766e+00
8.268821700000000163e+00
8.268827599999999833e+00
8.268827599999999833e+00
8.268833000000000766e+00
8.268838099999999969e+00
8.268847900000000806e+00
8.268848699999999496e+00
8.268848800000000665e+00
8.268850799999999168e+00
8.268857600000000474e+00
8.268891099999999383e+00
8.268896500000000316e+00
8.268915800000000260e+00
8.268926900000000302e+00
8.268946800000000152e+00
8.268946800000000152e+00
8.280893400000000071e+00
8.280893400000000071e+00
8.280940499999999815e+00
8.280940499999999815e+00
8.280967199999999195e+00
8.280979300000000265e+00
8.280981499999999329e+00
8.280982200000000404e+00
8.280996500000000538e+00
8.281034299999999959e+00
8.281050199999999251e+00
8.281057900000000416e+00
8.281066499999999664e+00
8.281071999999999989e+00
8.281079599999999985e+00
8.281151100000000653e+00
8.281157300000000276e+00
8.281158700000000650e+00
8.281158700000000650e+00
8.281162300000000087e+00
8.281162300000000087e+00
8.281164300000000367e+00
8.281177500000000080e+00
8.281187499999999702e+00
8.281187499999999702e+00
8.281187499999999702e+00
8.281383599999999845e+00
8.281383599999999845e+00
8.281416800000000578e+00
8.281416800000000578e+00
8.282128399999999502e+00
8.282473500000000044e+00
8.282473500000000044e+00
8.282473500000000044e+00
8.282912100000000777e+00
8.283500200000000646e+00
8.284079399999999538e+00
8.284079399999999538e+00
8.284212600000000037e+00
8.284684099999999773e+00
8.284684099999999773e+00
8.284684099999999773e+00
8.286800100000000668e+00
8.286800100000000668e+00
8.286800100000000668e+00
8.286800100000000668e+00
8.286981799999999510e+00
8.286981799999999510e+00
8.286995400000000345e+00
8.286995400000000345e+00
8.295574800000000693e+00
8.295574800000000693e+00
8.299439500000000081e+00
8.299439500000000081e+00
8.300190399999999968e+00
8.300230199999999670e+00
8.307980000000000587e+00
8.307980000000000587e+00
8.336981899999999612e+00
8.336981899999999612e+00
8.340257499999999879e+00
8.340257499999999879e+00
8.376048700000000125e+00
8.376048700000000125e+00
8.402045599999999226e+00
8.402182599999999724e+00
8.410377199999999220e+00
8.410378700000000762e+00
8.410385099999999170e+00
8.410386400000000151e+00
8.410396000000000427e+00
8.410451899999999981e+00
8.410454100000000821e+00
8.410478799999999922e+00
8.410481700000000060e+00
8.410492299999999588e+00
8.410492899999999494e+00
8.410528799999999805e+00
8.410540199999999800e+00
8.410610999999999393e+00
8.410614999999999952e+00
8.410616199999999765e+00
8.410616900000000840e+00
8.410630799999999851e+00
8.410641099999999426e+00
8.410647000000000872e+00
8.410650199999999188e+00
8.410651200000000216e+00
8.410687899999999217e+00
8.410724699999999388e+00
8.410744599999999238e+00
8.410857699999999326e+00
8.410862299999999792e+00
8.410863100000000259e+00
8.410865599999999276e+00
8.410893299999999684e+00
8.410905100000000800e+00
8.410906600000000566e+00
8.410906600000000566e+00
8.410910799999999909e+00
8.410920900000000699e+00
8.410921399999999437e+00
8.410930199999999246e+00
8.410945599999999800e+00
8.410951300000000685e+00
8.410983500000000390e+00
8.411002200000000428e+00
8.411007700000000753e+00
8.411047299999999893e+00
8.411156899999999936e+00
8.411158900000000216e+00
8.411175300000000021e+00
8.411201200000000711e+00
8.411235599999999479e+00
8.411239000000000132e+00
8.411239000000000132e+00
8.411254899999999424e+00
8.411255000000000592e+00
8.411255000000000592e+00
8.411281499999999411e+00
8.411313599999999724e+00
8.411313599999999724e+00
8.411513799999999819e+00
8.422114600000000451e+00
8.422161100000000289e+00
8.422162399999999494e+00
8.422169000000000239e+00
8.422169900000000098e+00
8.422172299999999723e+00
8.422173600000000704e+00
8.422175299999999254e+00
8.422192499999999526e+00
8.422197999999999851e+00
8.422198299999999804e+00
8.422199300000000832e+00
8.422207800000000688e+00
8.422254900000000433e+00
8.422272299999999490e+00
8.422283600000000092e+00
8.422288299999999950e+00
8.422295500000000601e+00
8.422297000000000367e+00
8.422297000000000367e+00
8.422300099999999290e+00
8.422300099999999290e+00
8.422328900000000118e+00
8.422331099999999182e+00
8.422485899999999859e+00
