# t	msd	err
2.099999999999984993e-13 1.444971289006231896e-01 0.000000000000000000e+00
1.000000000000132727e-06 3.329585202722825099e-01 5.583188688479045342e-02
9.983390623669236887e-05 3.552120455789919418e-01 1.392393976375665317e-02
1.517020000000035562e-04 4.871934696423522726e-01 8.211694184739852520e-02
2.540818897401549473e-04 2.994630515110042190e-01 1.043169043513350082e-02
5.015855448898976637e-04 2.540707211133937937e-01 3.442589334190865758e-03
8.479677229030856264e-04 5.514396412769789757e-01 1.654543658263024977e-02
1.485442125237193024e-03 2.938862430344633125e-01 2.734606715909186202e-03
2.693183219891657435e-03 4.382423710683170937e-01 8.626546135064602425e-03
4.796166956529484236e-03 4.283614342110024786e-01 5.066048030158819965e-03
8.281277202946029856e-03 7.664095185019051959e-01 7.197512348583152454e-03
1.489963074847881763e-02 5.657990883029327955e-01 5.296774686457434052e-03
2.518553876071476585e-02 1.285425864156385600e+00 9.511167125483856871e-03
4.826535853133583770e-02 6.559758433225012730e+00 3.267599161523443430e-02
8.425530356117276465e-02 7.339656993041748123e+00 2.525593014116803842e-02
1.494626400729149041e-01 9.174774158576122218e+00 2.366443783448588314e-02
2.622169569178702808e-01 1.244375004061461887e+01 2.074359002554742454e-02
4.494850698425701951e-01 1.371308919931873582e+01 1.265265069045836202e-02
8.267858120356630369e-01 1.988560651030679693e+01 2.259957878013204094e-02
1.473304344917939046e+00 2.131425270266214156e+01 1.186562709774514369e-02
2.468065212264290764e+00 2.805099960516132285e+01 1.490027268528616375e-02
4.479723292964153281e+00 3.848008779560909431e+01 1.663393120432398592e-02
8.608227623159939057e+00 3.755520846382109568e+01 9.736383811084672879e-03
1.307959690876428027e+01 2.802964759018000507e+01 9.533183065712953069e-03
2.024645642773220189e+01 1.825992839812442625e+01 1.509443302264805616e-02
5.532427566782674688e+01 2.141818241780291387e+01 2.720301807108328751e-02
7.236301572165464790e+01 4.551340399160459071e+01 1.547810329036794323e-02
