# t
0.000000000000000000e+00
4.452085500000000094e-12
8.641984400000000417e-12
1.109370699999999988e-11
1.348558599999999981e-11
2.293055399999999854e-11
2.615418700000000155e-11
4.381109700000000169e-11
4.558480999999999708e-11
4.665286999999999769e-11
4.745142599999999758e-11
5.341375699999999705e-11
5.408277700000000261e-11
6.597615299999999703e-11
6.673432600000000137e-11
7.067120300000000296e-11
7.137883699999999748e-11
7.415583499999999873e-11
7.671706999999999634e-11
7.725490200000000390e-11
7.862924900000000348e-11
8.018291299999999616e-11
8.036969099999999878e-11
8.278241300000000099e-11
8.287876800000000194e-11
8.425681599999999894e-11
8.472365700000000361e-11
9.742121199999999979e-11
9.764646399999999456e-11
9.777796199999999703e-11
9.819639900000000296e-11
1.045408000000000047e-10
1.069004500000000018e-10
1.076886899999999984e-10
1.078637200000000048e-10
1.082451599999999988e-10
1.082462000000000046e-10
1.093822900000000049e-10
1.136175699999999973e-10
1.197493000000000096e-10
1.222799299999999887e-10
1.260273399999999928e-10
1.261210899999999957e-10
1.267022999999999958e-10
1.267417399999999898e-10
1.305190600000000055e-10
1.313943099999999917e-10
1.367730700000000111e-10
1.369303099999999972e-10
1.442197600000000107e-10
1.522907200000000004e-10
1.637892299999999923e-10
1.689451199999999961e-10
1.691427899999999920e-10
1.700982499999999973e-10
1.735369399999999938e-10
1.735893300000000059e-10
1.779907599999999968e-10
1.783602099999999970e-10
1.798921400000000062e-10
1.813739999999999984e-10
1.814365999999999978e-10
1.889068500000000010e-10
1.931168599999999979e-10
1.935252600000000065e-10
2.004256799999999874e-10
2.015290200000000039e-10
2.018844899999999990e-10
2.045535899999999986e-10
2.048549499999999968e-10
2.075286799999999937e-10
2.131125300000000013e-10
2.135769799999999893e-10
2.148344899999999905e-10
2.150021899999999919e-10
2.172418699999999979e-10
2.300305299999999888e-10
2.304323999999999890e-10
2.314788999999999967e-10
2.318889499999999885e-10
2.343822199999999852e-10
2.351088800000000026e-10
2.370513200000000106e-10
2.378979200000000147e-10
2.386524599999999963e-10
2.397024600000000081e-10
2.401916399999999901e-10
2.403889600000000036e-10
2.404717100000000156e-10
2.456314899999999773e-10
2.463686000000000171e-10
2.468467999999999938e-10
2.483898500000000116e-10
2.506646199999999950e-10
2.507004600000000047e-10
2.508113200000000231e-10
2.508665700000000059e-10
2.525859599999999978e-10
2.533981799999999820e-10
2.536326300000000132e-10
2.545683800000000014e-10
2.630860400000000077e-10
2.638278499999999949e-10
2.640105999999999858e-10
2.649150399999999815e-10
2.651017900000000067e-10
2.652103799999999942e-10
2.668560999999999942e-10
2.668775199999999774e-10
2.680119499999999887e-10
2.690485999999999843e-10
2.699643600000000006e-10
2.701729099999999957e-10
2.734219899999999962e-10
2.735211899999999787e-10
2.762841399999999872e-10
2.763836300000000208e-10
2.792128800000000190e-10
2.796485799999999930e-10
2.801424499999999811e-10
2.803131699999999939e-10
2.825337799999999905e-10
2.835329699999999976e-10
2.862236699999999809e-10
2.864987899999999794e-10
2.897954000000000041e-10
2.905279799999999751e-10
2.908066000000000037e-10
2.914250999999999845e-10
2.958353200000000219e-10
2.962301000000000005e-10
2.987073999999999936e-10
2.990754799999999914e-10
3.022812300000000141e-10
3.035074000000000184e-10
3.047531900000000007e-10
3.056478299999999744e-10
3.089389300000000107e-10
3.092126000000000123e-10
3.095379600000000096e-10
3.100917099999999778e-10
3.148502499999999799e-10
3.150185999999999817e-10
3.150376300000000198e-10
3.165828800000000151e-10
3.179769000000000169e-10
3.179997300000000256e-10
3.185827900000000209e-10
3.187204599999999931e-10
3.188022000000000037e-10
3.190272900000000083e-10
3.198448499999999990e-10
3.198732799999999834e-10
3.200956799999999991e-10
3.207660400000000091e-10
3.271337800000000226e-10
3.272124300000000200e-10
3.352839000000000068e-10
3.355511900000000219e-10
3.357565800000000023e-10
3.376751800000000002e-10
3.536525400000000072e-10
3.536615899999999970e-10
3.608945800000000142e-10
3.682188699999999771e-10
3.704612799999999952e-10
3.716980700000000037e-10
3.717032099999999982e-10
3.731774799999999904e-10
3.759769700000000250e-10
3.798911700000000093e-10
3.799889500000000250e-10
3.802682800000000111e-10
3.812309299999999922e-10
3.846675199999999914e-10
3.853219199999999907e-10
3.875117100000000062e-10
3.920810299999999918e-10
3.987714400000000136e-10
4.056620799999999839e-10
4.077665999999999803e-10
4.086996499999999867e-10
4.143007499999999871e-10
4.154750999999999853e-10
4.166997900000000140e-10
4.195038399999999926e-10
4.198228200000000034e-10
4.211872600000000161e-10
4.245421399999999833e-10
4.251367800000000201e-10
4.251529299999999984e-10
4.255138300000000131e-10
4.266465400000000138e-10
4.268230299999999841e-10
4.269746300000000232e-10
4.273670999999999996e-10
4.275357499999999936e-10
4.301929799999999783e-10
4.344163199999999799e-10
4.345626699999999998e-10
4.351955000000000199e-10
4.495124300000000009e-10
4.497597999999999941e-10
4.499455999999999749e-10
4.499785399999999908e-10
4.501914600000000140e-10
4.503477500000000075e-10
4.506760600000000146e-10
4.507948699999999823e-10
4.510581399999999774e-10
4.513270700000000086e-10
4.513522399999999981e-10
4.513738099999999774e-10
4.514487699999999773e-10
4.516162499999999810e-10
4.517406999999999991e-10
4.517503199999999947e-10
4.518701500000000084e-10
4.521947900000000037e-10
4.525345200000000115e-10
4.539103400000000019e-10
4.540325099999999964e-10
4.543040099999999990e-10
4.543186199999999930e-10
4.545627100000000055e-10
4.552276500000000146e-10
4.554325999999999995e-10
4.564153399999999845e-10
4.568870799999999802e-10
4.573573900000000164e-10
4.576662499999999756e-10
4.579434599999999786e-10
4.580301799999999946e-10
4.582296899999999928e-10
4.582789399999999759e-10
4.587099699999999811e-10
4.591377399999999916e-10
4.592110000000000182e-10
4.594150000000000105e-10
4.594858500000000031e-10
4.595386100000000090e-10
4.595600299999999922e-10
4.597408299999999819e-10
4.597724199999999809e-10
4.597745699999999942e-10
4.598089699999999998e-10
4.599764099999999803e-10
4.601250199999999865e-10
4.601383700000000028e-10
4.601801599999999963e-10
4.604225000000000197e-10
4.607001000000000023e-10
4.610461499999999879e-10
4.616899199999999901e-10
4.622864199999999890e-10
4.623672199999999997e-10
4.626491000000000232e-10
4.628109000000000050e-10
4.629516599999999903e-10
4.630235999999999788e-10
4.631922500000000245e-10
4.633325700000000144e-10
4.634191700000000128e-10
4.637689899999999904e-10
4.638276299999999785e-10
4.638925500000000247e-10
4.640197599999999817e-10
4.648737199999999951e-10
4.648967600000000087e-10
4.649882899999999967e-10
4.658552700000000040e-10
4.666324599999999679e-10
4.668846899999999490e-10
4.669962999999999996e-10
4.676693899999999700e-10
4.677351100000000127e-10
4.677868399999999798e-10
4.678570799999999951e-10
4.688716099999999912e-10
4.689402800000000436e-10
4.691715000000000067e-10
4.693504400000000343e-10
4.694820700000000354e-10
4.695973699999999802e-10
4.700013400000000035e-10
4.703351799999999847e-10
4.703690199999999772e-10
4.707024600000000376e-10
4.711201600000000123e-10
4.711723700000000497e-10
4.714123999999999674e-10
4.714896499999999839e-10
4.715367100000000340e-10
4.715385499999999588e-10
4.720874100000000122e-10
4.725671900000000480e-10
4.729543299999999590e-10
4.732840699999999774e-10
4.733891100000000223e-10
4.735722000000000286e-10
4.736081199999999810e-10
4.736560899999999490e-10
4.739720199999999698e-10
4.745795800000000202e-10
4.762278000000000416e-10
4.763333699999999660e-10
4.772015599999999868e-10
4.772294299999999581e-10
4.778849399999999907e-10
4.792878200000000147e-10
4.794148300000000113e-10
4.794777400000000475e-10
4.798137600000000204e-10
4.804270400000000123e-10
4.804824999999999484e-10
4.807777699999999595e-10
4.809115700000000113e-10
4.812932100000000302e-10
4.815052999999999751e-10
4.818987400000000332e-10
4.819307000000000261e-10
4.821275800000000442e-10
4.824067300000000039e-10
4.825796399999999497e-10
4.827415599999999490e-10
4.828605100000000234e-10
4.828677800000000454e-10
4.831325700000000391e-10
4.834584700000000121e-10
4.835084599999999828e-10
4.835493900000000227e-10
4.835624400000000468e-10
4.835777899999999769e-10
4.835801500000000467e-10
4.836115599999999677e-10
4.844663700000000454e-10
4.844707199999999844e-10
4.845961900000000485e-10
4.848611699999999580e-10
4.848796100000000045e-10
4.852265700000000114e-10
4.854494599999999868e-10
4.855916100000000120e-10
4.856463700000000351e-10
4.857940800000000128e-10
4.858202999999999751e-10
4.858887899999999495e-10
4.861529399999999873e-10
4.862893800000000122e-10
4.873976299999999809e-10
4.874458899999999999e-10
4.879927200000000060e-10
4.881429099999999678e-10
4.883424999999999605e-10
4.884236699999999651e-10
4.884399199999999752e-10
4.889245100000000347e-10
4.891929000000000385e-10
4.893297500000000286e-10
4.896684599999999905e-10
4.899399799999999789e-10
4.899565099999999955e-10
4.902479600000000504e-10
4.902601200000000389e-10
4.904614500000000279e-10
4.906111999999999942e-10
4.907495999999999614e-10
4.915554199999999734e-10
4.922550100000000161e-10
4.925232100000000008e-10
4.927164599999999783e-10
4.931777499999999516e-10
4.932209999999999866e-10
4.932817599999999578e-10
4.937513100000000205e-10
4.939264200000000472e-10
4.940826799999999588e-10
4.941911600000000250e-10
4.944758900000000263e-10
4.944763800000000378e-10
4.951201400000000471e-10
4.953780699999999840e-10
4.955124200000000043e-10
4.961332500000000248e-10
4.963108699999999624e-10
4.967269000000000458e-10
4.967866999999999798e-10
4.969990900000000203e-10
4.970382799999999604e-10
4.970396999999999788e-10
4.971890799999999513e-10
4.976264999999999876e-10
4.976384200000000443e-10
4.977066399999999534e-10
4.978097400000000416e-10
4.984244899999999645e-10
4.984468699999999848e-10
4.988211899999999658e-10
4.992767700000000421e-10
4.998548400000000391e-10
5.005963400000000411e-10
5.007236599999999711e-10
5.011143400000000387e-10
5.017206699999999865e-10
5.019192599999999706e-10
5.019431699999999824e-10
5.032421299999999876e-10
5.036248600000000024e-10
5.038402999999999812e-10
5.041031199999999879e-10
5.041251800000000303e-10
5.046929799999999795e-10
5.047440300000000194e-10
5.049225200000000068e-10
5.053798899999999920e-10
5.059538699999999673e-10
5.062132400000000116e-10
5.066740100000000466e-10
5.068098299999999979e-10
5.068395200000000117e-10
5.069088699999999914e-10
5.072824499999999846e-10
5.072938899999999711e-10
5.080118599999999998e-10
5.080759500000000192e-10
5.090873900000000022e-10
5.098112800000000362e-10
5.101854299999999836e-10
5.102796599999999534e-10
5.103413799999999618e-10
5.108388800000000420e-10
5.108494100000000072e-10
5.117520299999999604e-10
5.133760700000000081e-10
5.137608099999999813e-10
5.139310500000000272e-10
5.142720499999999540e-10
5.143785600000000332e-10
5.145287899999999664e-10
5.147067600000000156e-10
5.153440599999999923e-10
5.155662900000000262e-10
5.156275200000000231e-10
5.157793499999999494e-10
5.187255299999999674e-10
5.193108199999999705e-10
5.195368900000000497e-10
5.196731399999999519e-10
5.202031499999999936e-10
5.207335399999999703e-10
5.214161000000000437e-10
5.214740699999999940e-10
5.215322700000000383e-10
5.218532199999999843e-10
5.221800499999999643e-10
5.226656999999999894e-10
5.230086199999999905e-10
5.231722000000000434e-10
5.232476500000000031e-10
5.238233199999999588e-10
5.242791800000000416e-10
5.243674099999999599e-10
5.247950600000000045e-10
5.249963300000000364e-10
5.252029599999999571e-10
5.254845900000000042e-10
5.256739700000000096e-10
5.260446199999999788e-10
5.263312200000000386e-10
5.269703800000000292e-10
5.275460600000000294e-10
5.280168000000000165e-10
5.307961400000000385e-10
5.310564399999999864e-10
5.310837999999999605e-10
5.323818099999999731e-10
5.325018700000000290e-10
5.330209499999999780e-10
5.332596299999999824e-10
5.338005399999999832e-10
5.360686999999999895e-10
5.362889600000000365e-10
5.366134500000000356e-10
5.368970299999999806e-10
5.370896799999999737e-10
5.370964099999999684e-10
5.374073600000000354e-10
5.378128399999999611e-10
5.379126800000000028e-10
5.380095700000000347e-10
5.388149500000000513e-10
5.391503700000000397e-10
5.406992200000000452e-10
5.411388399999999556e-10
5.413439200000000027e-10
5.413926299999999583e-10
5.414518399999999524e-10
5.420578599999999668e-10
5.423010199999999724e-10
5.426582300000000413e-10
5.426783599999999648e-10
5.429253699999999569e-10
5.430438699999999912e-10
5.440981200000000137e-10
5.448647800000000124e-10
5.450747799999999527e-10
5.454386500000000146e-10
5.455085600000000074e-10
5.466012999999999538e-10
5.468769000000000226e-10
5.470530399999999847e-10
5.472813699999999985e-10
5.476006700000000390e-10
5.476663699999999925e-10
5.479595800000000294e-10
5.485983200000000102e-10
5.490313900000000040e-10
5.490927400000000185e-10
5.493780300000000329e-10
5.494767099999999737e-10
5.495217500000000209e-10
5.506727600000000132e-10
5.507868400000000034e-10
5.512905300000000509e-10
5.521842200000000319e-10
5.526089699999999792e-10
5.526560500000000150e-10
5.532333100000000225e-10
5.535553799999999947e-10
5.536831200000000380e-10
5.536889700000000416e-10
5.539563300000000067e-10
5.546937099999999568e-10
5.550256700000000418e-10
5.554772899999999518e-10
5.673580300000000060e-10
5.683570400000000385e-10
5.688606700000000255e-10
5.689640800000000472e-10
5.720968400000000053e-10
5.727720899999999818e-10
5.730510599999999669e-10
5.733833200000000440e-10
5.736200999999999598e-10
5.741227399999999827e-10
5.745364799999999979e-10
5.754071199999999725e-10
5.760635699999999532e-10
5.771595200000000335e-10
5.771925099999999619e-10
5.775216199999999655e-10
5.775255800000000284e-10
5.777288600000000187e-10
5.780128599999999734e-10
5.792956700000000004e-10
5.795177199999999562e-10
5.795685900000000214e-10
5.799278199999999897e-10
5.799654500000000117e-10
5.799674399999999843e-10
5.813515399999999981e-10
5.840350499999999539e-10
5.841848000000000236e-10
5.847073099999999492e-10
5.847930500000000457e-10
5.861013100000000170e-10
5.861670700000000310e-10
5.863851899999999542e-10
5.863919499999999791e-10
5.864120800000000060e-10
5.866441599999999744e-10
5.873096500000000037e-10
5.873582499999999864e-10
5.881210400000000129e-10
5.886329299999999860e-10
5.890413699999999660e-10
5.902151400000000170e-10
5.906148899999999566e-10
5.911743800000000072e-10
5.928291099999999738e-10
5.929353300000000020e-10
5.937055900000000109e-10
5.937527600000000340e-10
5.939780500000000507e-10
5.943374099999999778e-10
5.971269500000000459e-10
5.971303699999999781e-10
5.995474100000000043e-10
5.997838000000000438e-10
5.999249900000000319e-10
5.999287799999999579e-10
6.004842300000000027e-10
6.025827900000000224e-10
6.026438800000000160e-10
6.032663300000000153e-10
6.043585000000000074e-10
6.046123299999999815e-10
6.047859100000000168e-10
6.051782799999999613e-10
6.053997799999999486e-10
6.054658300000000137e-10
6.056126099999999846e-10
6.056673799999999488e-10
6.065291399999999671e-10
6.067716699999999580e-10
6.073025999999999621e-10
6.077175100000000193e-10
6.080955000000000122e-10
6.081316299999999695e-10
6.085265300000000174e-10
6.092769599999999917e-10
6.092961999999999830e-10
6.095056400000000137e-10
6.095815299999999688e-10
6.126375899999999824e-10
6.135303499999999564e-10
6.139496500000000276e-10
6.147147600000000491e-10
6.147337999999999767e-10
6.156057800000000269e-10
6.159770900000000410e-10
6.159813100000000213e-10
6.162234700000000184e-10
6.175711799999999506e-10
6.183955199999999519e-10
6.187023900000000419e-10
6.190041800000000428e-10
6.191504500000000165e-10
6.192023399999999725e-10
6.192305800000000411e-10
6.193272599999999647e-10
6.193427800000000317e-10
6.193732399999999600e-10
6.194750499999999886e-10
6.196059599999999877e-10
6.196470500000000166e-10
6.198866600000000279e-10
6.201792499999999912e-10
6.203650100000000007e-10
6.203762399999999823e-10
6.204165000000000361e-10
6.204403199999999571e-10
6.204576500000000220e-10
6.215041999999999681e-10
6.215370199999999664e-10
6.216507200000000215e-10
6.224341299999999829e-10
6.226788500000000102e-10
6.228181000000000415e-10
6.228661499999999522e-10
6.228711399999999506e-10
6.230254999999999802e-10
6.230518600000000492e-10
6.230935400000000180e-10
6.235635799999999888e-10
6.236707899999999810e-10
6.240560199999999656e-10
6.243001000000000370e-10
6.245685699999999837e-10
6.247788099999999592e-10
6.249595599999999846e-10
6.253307400000000400e-10
6.255025299999999596e-10
6.255771200000000174e-10
6.257315900000000201e-10
6.257685099999999811e-10
6.258649499999999730e-10
6.260602800000000139e-10
6.261541599999999755e-10
6.262272499999999687e-10
6.265547399999999936e-10
6.266430600000000026e-10
6.266669399999999842e-10
6.267074800000000445e-10
6.268511899999999879e-10
6.268793699999999960e-10
6.273278499999999804e-10
6.283626399999999621e-10
6.285838600000000462e-10
6.290129199999999612e-10
6.290197600000000323e-10
6.291056099999999984e-10
6.303439200000000055e-10
6.305166499999999767e-10
6.306316599999999738e-10
6.310190799999999947e-10
6.310871900000000341e-10
6.311286900000000282e-10
6.311411300000000233e-10
6.311766900000000264e-10
6.312116500000000451e-10
6.312925800000000145e-10
6.313091199999999724e-10
6.314559900000000339e-10
6.315212100000000206e-10
6.316307700000000381e-10
6.317139699999999867e-10
6.317338300000000516e-10
6.317513099999999576e-10
6.319186199999999794e-10
6.321340500000000170e-10
6.321625399999999584e-10
6.321719600000000455e-10
6.321759399999999907e-10
6.322357600000000137e-10
6.323092500000000310e-10
6.323740199999999777e-10
6.324443299999999945e-10
6.325027100000000135e-10
6.325198000000000433e-10
6.328620700000000440e-10
6.329947900000000411e-10
6.330741299999999586e-10
6.354251799999999802e-10
6.367716800000000024e-10
6.368578200000000196e-10
6.369209800000000320e-10
6.369302699999999535e-10
6.370307799999999813e-10
6.371306499999999499e-10
6.373989499999999664e-10
6.374050500000000498e-10
6.375387799999999965e-10
6.375491800000000030e-10
6.376259499999999492e-10
6.379556399999999516e-10
6.380565699999999892e-10
6.381027599999999894e-10
6.381631499999999667e-10
6.382968699999999724e-10
6.384412500000000053e-10
6.384846100000000133e-10
6.386137499999999858e-10
6.392512700000000120e-10
6.396727200000000447e-10
6.396854100000000160e-10
6.398532399999999761e-10
6.402902299999999581e-10
6.404912100000000423e-10
6.405252199999999650e-10
6.407176100000000407e-10
6.411173099999999643e-10
6.411659199999999915e-10
6.412552900000000251e-10
6.412780899999999518e-10
6.413351499999999843e-10
6.415070800000000106e-10
6.415340600000000498e-10
6.418638100000000093e-10
6.419454399999999950e-10
6.421703800000000036e-10
6.422690100000000318e-10
6.423004499999999830e-10
6.423354100000000017e-10
6.423926599999999500e-10
6.426874100000000228e-10
6.428380700000000104e-10
6.429310199999999651e-10
6.430782299999999903e-10
6.431510000000000055e-10
6.431944699999999865e-10
6.436779000000000484e-10
6.436955499999999879e-10
6.438990300000000419e-10
6.439075500000000488e-10
6.439152399999999772e-10
6.439188200000000017e-10
6.440057500000000226e-10
6.440708600000000363e-10
6.444408299999999748e-10
6.444485099999999621e-10
6.450920399999999808e-10
6.452046200000000098e-10
6.452835099999999907e-10
6.454879800000000087e-10
6.455999899999999801e-10
6.456614699999999533e-10
6.457495399999999861e-10
6.458248200000000156e-10
6.458775499999999913e-10
6.458916999999999524e-10
6.459057299999999994e-10
6.459350899999999907e-10
6.460573700000000098e-10
6.465511900000000337e-10
6.468423000000000215e-10
6.469204800000000449e-10
6.470100799999999657e-10
6.472060600000000070e-10
6.472217100000000327e-10
6.472573999999999946e-10
6.473415999999999517e-10
6.474071900000000357e-10
6.475047099999999789e-10
6.476661399999999668e-10
6.477769900000000440e-10
6.484685400000000467e-10
6.485388099999999888e-10
6.486581599999999838e-10
6.487035299999999501e-10
6.496416000000000368e-10
6.498978000000000220e-10
6.499364700000000238e-10
6.499877299999999652e-10
6.500010799999999815e-10
6.500716700000000049e-10
6.500772400000000021e-10
6.501623299999999948e-10
6.502964799999999513e-10
6.503554199999999834e-10
6.506329799999999946e-10
6.507300699999999869e-10
6.507957499999999547e-10
6.508466999999999627e-10
6.509608700000000436e-10
6.514083899999999908e-10
6.517030999999999888e-10
6.518602599999999805e-10
6.519449999999999650e-10
6.520156400000000044e-10
6.521237900000000481e-10
6.522178299999999987e-10
6.524250600000000073e-10
6.525107800000000147e-10
6.530986700000000194e-10
6.532063500000000374e-10
6.532498299999999596e-10
6.534744400000000490e-10
6.535779300000000135e-10
6.537667699999999915e-10
6.537819300000000057e-10
6.537842899999999722e-10
6.539069199999999995e-10
6.539757900000000123e-10
6.539825500000000372e-10
6.539928800000000421e-10
6.544587999999999610e-10
6.544978800000000316e-10
6.545301600000000024e-10
6.545445899999999701e-10
6.546864200000000174e-10
6.547278899999999812e-10
6.547720599999999786e-10
6.547779499999999537e-10
6.547835899999999524e-10
6.548260999999999997e-10
6.548617899999999615e-10
6.549181400000000365e-10
6.550792000000000306e-10
6.551216500000000173e-10
6.552298400000000324e-10
6.552576299999999575e-10
6.553351099999999646e-10
6.554179699999999496e-10
6.554291599999999597e-10
6.554395899999999965e-10
6.554807199999999967e-10
6.555007800000000220e-10
6.562787700000000341e-10
6.562923099999999662e-10
6.564000000000000287e-10
6.564678999999999598e-10
6.568256700000000418e-10
6.568625700000000171e-10
6.569876100000000269e-10
6.571652700000000393e-10
6.573806000000000450e-10
6.576740399999999690e-10
6.579394500000000363e-10
6.581893800000000079e-10
6.581945199999999507e-10
6.582443599999999771e-10
6.582673300000000407e-10
6.584682299999999754e-10
6.585776600000000342e-10
6.587241200000000271e-10
6.587456699999999690e-10
6.589207499999999654e-10
6.589858399999999934e-10
6.589967300000000113e-10
6.590154999999999769e-10
6.590632100000000274e-10
6.590784299999999988e-10
6.592205600000000383e-10
6.593730699999999952e-10
6.595634300000000235e-10
6.595652700000000516e-10
6.596089000000000216e-10
6.596505999999999761e-10
6.596637900000000034e-10
6.596688899999999748e-10
6.598838199999999564e-10
6.600120699999999968e-10
6.600542700000000073e-10
6.601110900000000046e-10
6.603277900000000127e-10
6.603923200000000276e-10
6.603944100000000321e-10
6.604318200000000046e-10
6.604930300000000158e-10
6.605223000000000197e-10
6.605560599999999661e-10
6.606496899999999514e-10
6.606999300000000019e-10
6.607141499999999647e-10
6.607457500000000083e-10
6.607902899999999995e-10
6.608186800000000125e-10
6.608439600000000267e-10
6.608445200000000398e-10
6.609259900000000366e-10
6.609314299999999716e-10
6.611444899999999981e-10
6.612279299999999819e-10
6.614614999999999703e-10
6.617489800000000211e-10
6.618049400000000132e-10
6.618801200000000108e-10
6.619399699999999607e-10
6.621287299999999960e-10
6.622708600000000355e-10
6.628983299999999599e-10
6.632082300000000024e-10
6.634236300000000098e-10
6.635222300000000078e-10
6.635665299999999639e-10
6.637333999999999902e-10
6.637752499999999925e-10
6.637873300000000382e-10
6.638844000000000448e-10
6.640767599999999868e-10
6.641248100000000009e-10
6.642522099999999771e-10
6.642744600000000388e-10
6.643077700000000485e-10
6.643594600000000442e-10
6.643701499999999984e-10
6.644277200000000280e-10
6.644322200000000149e-10
6.645101999999999745e-10
6.645335999999999891e-10
6.646963600000000081e-10
6.647023899999999864e-10
6.647027599999999803e-10
6.648667699999999842e-10
6.649873200000000515e-10
6.650735400000000116e-10
6.651435399999999917e-10
6.651454199999999913e-10
6.651693499999999887e-10
6.651747099999999809e-10
6.652765299999999507e-10
6.653285200000000421e-10
6.653833299999999777e-10
6.655414899999999779e-10
6.655519299999999558e-10
6.655992599999999679e-10
6.656533899999999762e-10
6.659270899999999564e-10
6.659307300000000414e-10
6.659764500000000159e-10
6.663793300000000433e-10
6.664102999999999688e-10
6.664360399999999642e-10
6.664362999999999851e-10
6.664605600000000050e-10
6.665372599999999495e-10
6.666492299999999495e-10
6.667088599999999534e-10
6.667111500000000216e-10
6.667274500000000477e-10
6.667336999999999721e-10
6.667365000000000374e-10
6.667725299999999629e-10
6.668034200000000490e-10
6.668464799999999614e-10
6.670384500000000273e-10
6.670826299999999658e-10
6.672086300000000127e-10
6.672844799999999965e-10
6.673133100000000050e-10
6.673235100000000511e-10
6.675996399999999994e-10
6.676495500000000274e-10
6.677274000000000283e-10
6.679069299999999957e-10
6.680363999999999907e-10
6.680796799999999526e-10
6.682173200000000497e-10
6.682921999999999517e-10
6.682983400000000065e-10
6.683569000000000001e-10
6.683609599999999915e-10
6.685066799999999967e-10
6.685082400000000183e-10
6.685329400000000338e-10
6.685478600000000129e-10
6.685955400000000331e-10
6.686019900000000212e-10
6.687307700000000444e-10
6.688380700000000240e-10
