# t	msd	err
1.000556586270861237e-13 1.981963068339123613e+00 2.631794828908601835e-01
2.493668341708558910e-13 2.089135749568621581e+00 1.989708728597351928e-01
4.485683530678146117e-13 2.005673114511280719e+00 2.012379591018496061e-01
7.976879370629234266e-13 2.285763769179205873e+00 1.345336864905795349e-01
1.446982404692073914e-12 2.061931396833530883e+00 1.025199496425819035e-01
2.601335652173877718e-12 2.149694764357311438e+00 7.844977160189779697e-02
4.652166389676487778e-12 2.622635056004127385e+00 6.267560087981408068e-02
8.297605219098258071e-12 2.698944217757821562e+00 4.701700764782281577e-02
1.489350219119067063e-11 2.526160158267817035e+00 3.581496554590477693e-02
2.674433492822983032e-11 2.542254767716518593e+00 2.666765195567410984e-02
4.729337556411257773e-11 3.293302526306709499e+00 2.227412005657055868e-02
8.697678086865503053e-11 4.223422869703390425e+00 1.524690805958521869e-02
1.566925132933422081e-10 7.149604135460246646e+00 1.409808692917604092e-02
2.748942756547091503e-10 2.284533149354721360e+01 3.910523375040676070e-02
4.585368581836317529e-10 4.327071654297584757e+01 3.245460215179470781e-02
