# t	msd	err
1.000000000000080252e-03 5.454194117010954024e+00 4.541102924130955842e-01
2.500000000000035614e-03 2.580089565666855123e+01 4.501941637499449200e+00
4.462686567164138134e-03 2.688541502469574240e+01 3.425465039138727352e+00
9.910700484788892775e-03 1.171529296205450876e+01 2.438874546055830317e-01
1.438397271952261518e-02 2.036930819608703302e+01 1.278613637872346942e+00
2.501300479123893042e-02 1.735956151852011686e+01 2.006959514243573661e-01
4.971022398361307770e-02 2.355385292251179763e+01 1.735332928241697104e-01
8.494820699805963327e-02 3.186664804235899595e+01 1.610767838158096432e-01
1.501017112163063327e-01 4.705372975489729015e+01 1.271831096762618962e-01
2.752837272711927130e-01 7.571136388831668285e+01 1.351128151542040079e-01
4.950094020999374900e-01 1.196906362690503727e+02 1.497736397270834630e-01
8.899512699255132109e-01 1.948603833852514811e+02 1.896305390186226181e-01
1.603762909494151012e+00 3.475819180577598786e+02 2.688429147964987997e-01
2.882095134410423753e+00 6.882521210616372400e+02 4.201228844621663905e-01
5.177664287954652167e+00 1.392857193649328565e+03 5.836475395939715316e-01
9.298423447833608080e+00 2.586594342648790644e+03 7.221357654890570021e-01
1.667705329924121926e+01 5.322240667182414654e+03 7.865652362490334060e-01
2.957537978957469704e+01 1.356928398052436569e+04 1.695613230874913002e+00
4.805705117961452544e+01 2.823240638002167907e+04 2.065062532536488860e+00
