# t	msd	err
1.999999999999918510e-05 6.603230230736993889e-01 1.344302436840088266e-01
9.999999999999843270e-05 4.975602339419006981e+00 9.989937244022631946e-01
1.624999999999994504e-04 6.052874870053237544e-01 1.211356947197253509e-01
2.538983050847424768e-04 3.668009499745463753e+00 7.242383833827241713e-01
4.962962962962963291e-04 3.474602943713428704e+00 6.850964070078857659e-01
9.855788812067637836e-04 2.785388244140804215e+00 2.006524785381390286e-01
1.572277511961721243e-03 1.881208102213488997e+00 2.516507935564388787e-01
2.544252199575370004e-03 4.563623343120073450e+00 2.105669843804023611e-01
4.939517105843887514e-03 4.846724039579316745e+00 1.643800684431865333e-01
9.512344771057137244e-03 3.488518864206392234e+00 6.749139397237177707e-02
1.753137321985485941e-02 3.909731284319618361e+00 6.068301692426420618e-02
2.838783603779319875e-02 4.903713564018914006e+00 5.652878152376565601e-02
4.970579441142540522e-02 6.203151471448649978e+00 4.282882659901700306e-02
8.866045272657191445e-02 7.535429671638399718e+00 3.485310627747727902e-02
1.583424282826203511e-01 9.532081364653523181e+00 2.865579810395133334e-02
2.779519675703818749e-01 1.282419546300362079e+01 2.397643089858193452e-02
4.957653793849654544e-01 1.644919817543921425e+01 1.978370192062701288e-02
8.824521923058165074e-01 2.258114074153768414e+01 1.556028810262303358e-02
1.559339432838631412e+00 3.146862403402252184e+01 1.452259185000006475e-02
2.771642478254259689e+00 3.987257810046396855e+01 1.387800504264996744e-02
4.781965295582139674e+00 4.873268205985889523e+01 1.821991246062629535e-02
9.105405992788396574e+00 5.747099426152973223e+01 2.136618665384355450e-02
1.451594116572935889e+01 1.056779257320113459e+02 1.471106566810115139e-02
5.468774190113777678e+01 9.857219559138232512e+01 4.806511995420751360e-01
1.045886543733842586e+02 9.865096574379917627e+01 6.753376765639839130e-01
