# t
0.000000000000000000e+00
7.672977099999999696e-03
7.672977099999999696e-03
2.072274100000000008e-01
2.072274100000000008e-01
2.072760399999999947e-01
2.072760399999999947e-01
2.072760399999999947e-01
3.613281500000000146e-01
3.613281500000000146e-01
3.613281500000000146e-01
3.708096100000000117e-01
3.708096100000000117e-01
7.096313800000000338e-01
7.096313800000000338e-01
1.095308200000000065e+00
1.095308200000000065e+00
1.161690200000000006e+00
1.161690200000000006e+00
1.199298900000000057e+00
1.199298900000000057e+00
1.199298900000000057e+00
1.199298900000000057e+00
1.233199799999999957e+00
1.233199799999999957e+00
1.233199799999999957e+00
1.306911900000000015e+00
1.306911900000000015e+00
1.330747300000000077e+00
1.330747300000000077e+00
1.371633000000000102e+00
1.371633000000000102e+00
1.371633000000000102e+00
1.382807300000000073e+00
1.382807300000000073e+00
1.457758000000000109e+00
1.457758000000000109e+00
1.547116799999999959e+00
1.547116799999999959e+00
1.547116799999999959e+00
1.567591900000000038e+00
1.567591900000000038e+00
1.567591900000000038e+00
1.608314599999999928e+00
1.608314599999999928e+00
1.615362900000000046e+00
1.615362900000000046e+00
1.789563299999999968e+00
1.789563299999999968e+00
1.950987199999999921e+00
1.950987199999999921e+00
2.011948900000000151e+00
2.011948900000000151e+00
2.051927200000000173e+00
2.051927200000000173e+00
2.051927200000000173e+00
2.143781900000000018e+00
2.143781900000000018e+00
2.151814400000000127e+00
2.151814400000000127e+00
2.177517899999999784e+00
2.177517899999999784e+00
2.293654899999999941e+00
2.293654899999999941e+00
2.303309500000000121e+00
2.303309500000000121e+00
2.303309500000000121e+00
2.303309500000000121e+00
2.369528400000000090e+00
2.369528400000000090e+00
2.408758300000000130e+00
2.408758300000000130e+00
2.432098400000000105e+00
2.432098400000000105e+00
2.432098400000000105e+00
2.449265899999999885e+00
2.449265899999999885e+00
2.449265899999999885e+00
2.458972699999999900e+00
2.458972699999999900e+00
2.458972699999999900e+00
2.458972699999999900e+00
2.465792099999999820e+00
2.465792099999999820e+00
2.469285800000000197e+00
2.469285800000000197e+00
2.483500999999999959e+00
2.483500999999999959e+00
2.500112300000000065e+00
2.500112300000000065e+00
2.545863699999999952e+00
2.545863699999999952e+00
2.635460800000000159e+00
2.635460800000000159e+00
2.793492699999999829e+00
2.793492699999999829e+00
2.900876799999999811e+00
2.900876799999999811e+00
2.914158099999999862e+00
2.914158099999999862e+00
2.919185999999999837e+00
2.919185999999999837e+00
2.949603499999999823e+00
2.949603499999999823e+00
3.087585100000000082e+00
3.087585100000000082e+00
3.104276200000000152e+00
3.104276200000000152e+00
3.111071299999999873e+00
3.111071299999999873e+00
3.111071299999999873e+00
3.130776299999999956e+00
3.130776299999999956e+00
3.130776299999999956e+00
3.130776299999999956e+00
3.130776299999999956e+00
3.137080300000000044e+00
3.137080300000000044e+00
3.174335399999999918e+00
3.174335399999999918e+00
3.250087199999999843e+00
3.250087199999999843e+00
3.250087199999999843e+00
3.261669200000000046e+00
3.261669200000000046e+00
3.353173400000000193e+00
3.353173400000000193e+00
3.451145799999999930e+00
3.451145799999999930e+00
3.490757299999999841e+00
3.490757299999999841e+00
3.490757299999999841e+00
3.492981100000000172e+00
3.492981100000000172e+00
3.492981100000000172e+00
3.521518899999999785e+00
3.521518899999999785e+00
3.522368300000000119e+00
3.522368300000000119e+00
3.628847799999999957e+00
3.628847799999999957e+00
3.680592299999999817e+00
3.680592299999999817e+00
3.754540899999999848e+00
3.754540899999999848e+00
3.856237099999999973e+00
3.856237099999999973e+00
3.871646000000000143e+00
3.871646000000000143e+00
3.885899999999999910e+00
3.885899999999999910e+00
3.885899999999999910e+00
3.975844799999999957e+00
3.975844799999999957e+00
3.979933500000000013e+00
3.979933500000000013e+00
4.040205799999999847e+00
4.040205799999999847e+00
4.052916399999999975e+00
4.052916399999999975e+00
4.061368400000000101e+00
4.061368400000000101e+00
4.068212100000000220e+00
4.068212100000000220e+00
4.104446799999999840e+00
4.104446799999999840e+00
4.123434800000000067e+00
4.123434800000000067e+00
4.165938200000000258e+00
4.165938200000000258e+00
4.180512199999999901e+00
4.180512199999999901e+00
4.180512199999999901e+00
4.180512199999999901e+00
4.240792700000000082e+00
4.240792700000000082e+00
4.240792700000000082e+00
4.247549199999999914e+00
4.247549199999999914e+00
4.247549199999999914e+00
4.265972900000000401e+00
4.265972900000000401e+00
4.268864999999999910e+00
4.268864999999999910e+00
4.268864999999999910e+00
4.275110100000000024e+00
4.275110100000000024e+00
4.300018900000000421e+00
4.300018900000000421e+00
4.305650599999999883e+00
4.305650599999999883e+00
4.319013400000000225e+00
4.319013400000000225e+00
4.323214899999999972e+00
4.323214899999999972e+00
4.360599699999999856e+00
4.360599699999999856e+00
4.399524999999999686e+00
4.399524999999999686e+00
4.402382199999999912e+00
4.402382199999999912e+00
4.417077899999999779e+00
4.417077899999999779e+00
4.430599299999999907e+00
4.430599299999999907e+00
4.430599299999999907e+00
4.493371100000000062e+00
4.493371100000000062e+00
4.552232199999999729e+00
4.552232199999999729e+00
4.556925500000000184e+00
4.556925500000000184e+00
4.568128999999999884e+00
4.568128999999999884e+00
4.589029299999999978e+00
4.589029299999999978e+00
4.595019399999999976e+00
4.595019399999999976e+00
4.608630100000000063e+00
4.608630100000000063e+00
4.653351800000000260e+00
4.653351800000000260e+00
4.673092699999999766e+00
4.673092699999999766e+00
4.719271100000000274e+00
4.719271100000000274e+00
4.792150999999999605e+00
4.792150999999999605e+00
4.792150999999999605e+00
4.792150999999999605e+00
4.794116999999999962e+00
4.794116999999999962e+00
4.794116999999999962e+00
4.794116999999999962e+00
4.802103599999999695e+00
4.802103599999999695e+00
4.842557000000000222e+00
4.842557000000000222e+00
4.855168500000000442e+00
4.855168500000000442e+00
4.862179900000000110e+00
4.862179900000000110e+00
4.863139499999999948e+00
4.863139499999999948e+00
4.971679499999999585e+00
4.971679499999999585e+00
4.971679499999999585e+00
4.971679499999999585e+00
4.971679499999999585e+00
4.971679499999999585e+00
4.981003900000000151e+00
4.981003900000000151e+00
5.006135600000000352e+00
5.006135600000000352e+00
5.022515000000000285e+00
5.022515000000000285e+00
5.027039900000000117e+00
5.027039900000000117e+00
5.141292199999999646e+00
5.141292199999999646e+00
5.200846199999999975e+00
5.200846199999999975e+00
5.224725499999999911e+00
5.224725499999999911e+00
5.240105299999999744e+00
5.240105299999999744e+00
5.245225600000000377e+00
5.245225600000000377e+00
5.245225600000000377e+00
5.245225600000000377e+00
5.245225600000000377e+00
5.259792499999999649e+00
5.259792499999999649e+00
5.259792499999999649e+00
5.269935000000000258e+00
5.269935000000000258e+00
5.273551900000000181e+00
5.273551900000000181e+00
5.303991599999999806e+00
5.303991599999999806e+00
5.324303099999999844e+00
5.324303099999999844e+00
5.379955400000000054e+00
5.379955400000000054e+00
5.382585599999999637e+00
5.382585599999999637e+00
5.396710900000000422e+00
5.396710900000000422e+00
5.414875000000000327e+00
5.414875000000000327e+00
5.456706600000000407e+00
5.456706600000000407e+00
5.456706600000000407e+00
5.456706600000000407e+00
5.516720199999999963e+00
5.516720199999999963e+00
5.618406900000000093e+00
5.618406900000000093e+00
5.622141700000000242e+00
5.622141700000000242e+00
5.626050399999999563e+00
5.626050399999999563e+00
5.629167400000000043e+00
5.629167400000000043e+00
5.629167400000000043e+00
5.657154300000000191e+00
5.657154300000000191e+00
5.657154300000000191e+00
5.680430600000000219e+00
5.680430600000000219e+00
5.693224299999999793e+00
5.693224299999999793e+00
5.693224299999999793e+00
5.702559299999999887e+00
5.702559299999999887e+00
5.774130999999999680e+00
5.774130999999999680e+00
5.778218400000000088e+00
5.778218400000000088e+00
5.807225200000000420e+00
5.807225200000000420e+00
5.813284000000000340e+00
5.813284000000000340e+00
5.861534800000000267e+00
5.861534800000000267e+00
5.885892700000000310e+00
5.885892700000000310e+00
5.942963400000000007e+00
5.942963400000000007e+00
5.963275300000000279e+00
5.963275300000000279e+00
6.000459600000000115e+00
6.000459600000000115e+00
6.017612500000000253e+00
6.017612500000000253e+00
6.026328099999999743e+00
6.026328099999999743e+00
6.033407200000000081e+00
6.033407200000000081e+00
6.033407200000000081e+00
6.050064800000000353e+00
6.050064800000000353e+00
6.050064800000000353e+00
6.056045100000000403e+00
6.056045100000000403e+00
6.062058099999999783e+00
6.062058099999999783e+00
6.062058099999999783e+00
6.062058099999999783e+00
6.074609699999999890e+00
6.074609699999999890e+00
6.080232900000000384e+00
6.080232900000000384e+00
6.080232900000000384e+00
6.080232900000000384e+00
6.092036000000000229e+00
6.092036000000000229e+00
6.112879699999999694e+00
6.112879699999999694e+00
6.137483099999999858e+00
6.137483099999999858e+00
6.137483099999999858e+00
6.139833099999999710e+00
6.139833099999999710e+00
6.155204499999999967e+00
6.155204499999999967e+00
6.178500399999999892e+00
6.178500399999999892e+00
6.178500399999999892e+00
6.228343100000000021e+00
6.228343100000000021e+00
6.228982300000000194e+00
6.228982300000000194e+00
6.241589199999999948e+00
6.241589199999999948e+00
6.242901299999999765e+00
6.242901299999999765e+00
6.249622500000000080e+00
6.249622500000000080e+00
6.269034900000000299e+00
6.269034900000000299e+00
6.281984699999999755e+00
6.281984699999999755e+00
6.282236600000000060e+00
6.282236600000000060e+00
6.282236600000000060e+00
6.346601899999999574e+00
6.346601899999999574e+00
6.349646800000000368e+00
6.349646800000000368e+00
6.399894699999999936e+00
6.399894699999999936e+00
6.411106199999999866e+00
6.411106199999999866e+00
6.419111400000000245e+00
6.419111400000000245e+00
6.545550399999999769e+00
6.545550399999999769e+00
6.557329000000000185e+00
6.557329000000000185e+00
6.558900999999999648e+00
6.558900999999999648e+00
6.618109200000000136e+00
6.618109200000000136e+00
6.618109200000000136e+00
6.618109200000000136e+00
6.618109200000000136e+00
6.618109200000000136e+00
6.618109200000000136e+00
6.636432100000000389e+00
6.636432100000000389e+00
6.665836599999999557e+00
6.665836599999999557e+00
6.694022900000000220e+00
6.694022900000000220e+00
6.709347300000000125e+00
6.709347300000000125e+00
6.709347300000000125e+00
6.800006599999999679e+00
6.800006599999999679e+00
6.824970699999999724e+00
6.824970699999999724e+00
6.845710600000000312e+00
6.845710600000000312e+00
6.929200200000000365e+00
6.929200200000000365e+00
6.944992100000000335e+00
6.944992100000000335e+00
6.946516599999999819e+00
6.946516599999999819e+00
6.960472900000000074e+00
6.960472900000000074e+00
7.053161900000000095e+00
7.053161900000000095e+00
7.103993700000000189e+00
7.103993700000000189e+00
7.103993700000000189e+00
7.103993700000000189e+00
7.240818199999999649e+00
7.240818199999999649e+00
7.309846499999999914e+00
7.309846499999999914e+00
7.315045099999999856e+00
7.315045099999999856e+00
7.376019600000000231e+00
7.376019600000000231e+00
7.426116900000000243e+00
7.426116900000000243e+00
7.522975200000000306e+00
7.522975200000000306e+00
7.587282000000000082e+00
7.587282000000000082e+00
7.602310199999999796e+00
7.602310199999999796e+00
7.655071099999999795e+00
7.655071099999999795e+00
7.655071099999999795e+00
7.666926499999999756e+00
7.666926499999999756e+00
7.715199199999999813e+00
7.715199199999999813e+00
7.758095800000000430e+00
7.758095800000000430e+00
7.758676499999999976e+00
7.758676499999999976e+00
7.758676499999999976e+00
7.781601700000000399e+00
7.781601700000000399e+00
7.783741000000000021e+00
7.783741000000000021e+00
7.795131200000000149e+00
7.795131200000000149e+00
7.841474599999999739e+00
7.841474599999999739e+00
7.854810299999999579e+00
7.854810299999999579e+00
7.903967100000000023e+00
7.903967100000000023e+00
7.985367799999999683e+00
7.985367799999999683e+00
7.990264899999999670e+00
7.990264899999999670e+00
7.992197499999999621e+00
7.992197499999999621e+00
7.992197499999999621e+00
8.051262700000000549e+00
8.051262700000000549e+00
8.059984099999999430e+00
8.059984099999999430e+00
8.112038099999999474e+00
8.112038099999999474e+00
8.117358100000000576e+00
8.117358100000000576e+00
8.167620899999999295e+00
8.167620899999999295e+00
8.169759100000000274e+00
8.169759100000000274e+00
8.210524599999999396e+00
8.210524599999999396e+00
8.210524599999999396e+00
8.217468800000000684e+00
8.217468800000000684e+00
8.304028399999999976e+00
8.304028399999999976e+00
8.324828600000000023e+00
8.324828600000000023e+00
8.324828600000000023e+00
8.324828600000000023e+00
8.324828600000000023e+00
8.355442999999999287e+00
8.355442999999999287e+00
8.504030099999999592e+00
8.504030099999999592e+00
8.519569199999999398e+00
8.519569199999999398e+00
8.519569199999999398e+00
8.519569199999999398e+00
8.521369399999999317e+00
8.521369399999999317e+00
8.521369399999999317e+00
8.521369399999999317e+00
8.529257499999999936e+00
8.529257499999999936e+00
8.613316700000000381e+00
8.613316700000000381e+00
8.621170299999999287e+00
8.621170299999999287e+00
8.638792900000000330e+00
8.638792900000000330e+00
8.640192600000000667e+00
8.640192600000000667e+00
8.674578000000000344e+00
8.674578000000000344e+00
8.701047600000000770e+00
8.701047600000000770e+00
8.703064799999999934e+00
8.703064799999999934e+00
8.722696499999999631e+00
8.722696499999999631e+00
8.731795099999999366e+00
8.731795099999999366e+00
8.731795099999999366e+00
8.780881100000000217e+00
8.780881100000000217e+00
8.785777200000000065e+00
8.785777200000000065e+00
8.801726999999999634e+00
8.801726999999999634e+00
8.811380200000000329e+00
8.811380200000000329e+00
8.828784600000000538e+00
8.828784600000000538e+00
8.872263399999999578e+00
8.872263399999999578e+00
8.891618199999999916e+00
8.891618199999999916e+00
8.922012099999999890e+00
8.922012099999999890e+00
8.982241399999999487e+00
8.982241399999999487e+00
9.038941599999999355e+00
9.038941599999999355e+00
9.047544600000000159e+00
9.047544600000000159e+00
9.060431200000000018e+00
9.060431200000000018e+00
9.064684099999999134e+00
9.064684099999999134e+00
9.064684099999999134e+00
9.086311999999999500e+00
9.086311999999999500e+00
9.096423899999999563e+00
9.096423899999999563e+00
9.138935699999999329e+00
9.138935699999999329e+00
9.138935699999999329e+00
9.138935699999999329e+00
9.194534600000000779e+00
9.194534600000000779e+00
9.210552800000000317e+00
9.210552800000000317e+00
9.222963200000000583e+00
9.222963200000000583e+00
9.246064399999999850e+00
9.246064399999999850e+00
9.253724800000000528e+00
9.253724800000000528e+00
9.253724800000000528e+00
9.269358099999999823e+00
9.269358099999999823e+00
9.465739900000000873e+00
9.465739900000000873e+00
9.540011500000000311e+00
9.540011500000000311e+00
9.540011500000000311e+00
9.540011500000000311e+00
9.540011500000000311e+00
9.540011500000000311e+00
9.540011500000000311e+00
9.574857800000000196e+00
9.574857800000000196e+00
9.592790400000000162e+00
9.592790400000000162e+00
9.593435200000000052e+00
9.593435200000000052e+00
9.594650500000000193e+00
9.594650500000000193e+00
9.626560899999999421e+00
9.626560899999999421e+00
9.640499699999999450e+00
9.640499699999999450e+00
9.673632800000000032e+00
9.673632800000000032e+00
9.677592699999999937e+00
9.677592699999999937e+00
9.698406699999999603e+00
9.698406699999999603e+00
9.753223900000000057e+00
9.753223900000000057e+00
9.781524599999999126e+00
9.781524599999999126e+00
9.782040800000000758e+00
9.782040800000000758e+00
9.821225999999999345e+00
9.821225999999999345e+00
9.852539099999999550e+00
9.852539099999999550e+00
9.859643800000000624e+00
9.859643800000000624e+00
9.879468299999999203e+00
9.879468299999999203e+00
9.925914300000000523e+00
9.925914300000000523e+00
9.930384099999999492e+00
9.930384099999999492e+00
9.951510400000000089e+00
9.951510400000000089e+00
1.005121399999999987e+01
1.005121399999999987e+01
1.006958400000000076e+01
1.006958400000000076e+01
1.006958400000000076e+01
1.006958400000000076e+01
1.007104200000000027e+01
1.007104200000000027e+01
1.007104200000000027e+01
1.007104200000000027e+01
1.008380900000000047e+01
1.008380900000000047e+01
1.011619699999999966e+01
1.011619699999999966e+01
1.019358700000000084e+01
1.019358700000000084e+01
1.021427300000000038e+01
1.021427300000000038e+01
1.024160600000000088e+01
1.024160600000000088e+01
1.024984800000000007e+01
1.024984800000000007e+01
1.024984800000000007e+01
1.027394600000000047e+01
1.027394600000000047e+01
1.027394600000000047e+01
1.034903300000000037e+01
1.034903300000000037e+01
1.036863499999999938e+01
1.036863499999999938e+01
1.047688899999999990e+01
1.047688899999999990e+01
1.047688899999999990e+01
1.047688899999999990e+01
1.048154700000000084e+01
1.048154700000000084e+01
1.048154700000000084e+01
1.048154700000000084e+01
1.053984299999999941e+01
1.053984299999999941e+01
1.054294900000000013e+01
1.054294900000000013e+01
1.059198999999999913e+01
1.059198999999999913e+01
1.059568800000000088e+01
1.059568800000000088e+01
1.064929799999999993e+01
1.064929799999999993e+01
1.065848899999999944e+01
1.065848899999999944e+01
1.072677299999999967e+01
1.072677299999999967e+01
1.083291600000000088e+01
1.083291600000000088e+01
1.083605599999999924e+01
1.083605599999999924e+01
1.090697600000000023e+01
1.090697600000000023e+01
1.094413499999999928e+01
1.094413499999999928e+01
1.094413499999999928e+01
1.094413499999999928e+01
1.095828799999999958e+01
1.095828799999999958e+01
1.095976300000000059e+01
1.095976300000000059e+01
1.097321099999999916e+01
1.097321099999999916e+01
1.098131899999999916e+01
1.098131899999999916e+01
1.114471099999999915e+01
1.114471099999999915e+01
1.114471099999999915e+01
1.117252799999999979e+01
1.117252799999999979e+01
1.120288399999999918e+01
1.120288399999999918e+01
1.120288399999999918e+01
1.121717100000000045e+01
1.121717100000000045e+01
1.127611699999999928e+01
1.127611699999999928e+01
1.132258400000000087e+01
1.132258400000000087e+01
1.132591500000000018e+01
1.132591500000000018e+01
1.132591500000000018e+01
1.133342299999999980e+01
1.133342299999999980e+01
1.133716000000000079e+01
1.133716000000000079e+01
1.133716000000000079e+01
1.133716000000000079e+01
1.133874400000000016e+01
1.133874400000000016e+01
1.134360299999999988e+01
1.134360299999999988e+01
1.135019400000000012e+01
1.135019400000000012e+01
1.136438899999999919e+01
1.136438899999999919e+01
1.137253699999999945e+01
1.137253699999999945e+01
1.137588099999999969e+01
1.137588099999999969e+01
1.138904600000000045e+01
1.138904600000000045e+01
1.138904600000000045e+01
1.138904600000000045e+01
1.143501299999999965e+01
1.143501299999999965e+01
1.143672399999999989e+01
1.143672399999999989e+01
1.147107300000000052e+01
1.147107300000000052e+01
1.147107300000000052e+01
1.147107300000000052e+01
1.148196000000000083e+01
1.148196000000000083e+01
1.152662100000000045e+01
1.152662100000000045e+01
1.159230600000000067e+01
1.159230600000000067e+01
1.159230600000000067e+01
1.164349699999999999e+01
1.164349699999999999e+01
1.166871000000000080e+01
1.166871000000000080e+01
1.172675800000000024e+01
1.172675800000000024e+01
1.175441600000000086e+01
1.175441600000000086e+01
1.175441600000000086e+01
1.176899200000000079e+01
1.176899200000000079e+01
1.179744200000000021e+01
1.179744200000000021e+01
1.180018899999999960e+01
1.180018899999999960e+01
1.183740899999999918e+01
1.183740899999999918e+01
1.183740899999999918e+01
1.185212800000000044e+01
1.185212800000000044e+01
1.187629699999999922e+01
1.187629699999999922e+01
1.193503399999999992e+01
1.193503399999999992e+01
1.194363199999999914e+01
1.194363199999999914e+01
1.195424000000000042e+01
1.195424000000000042e+01
1.196994899999999973e+01
1.196994899999999973e+01
1.197157100000000085e+01
1.197157100000000085e+01
1.202853499999999976e+01
1.202853499999999976e+01
1.202853499999999976e+01
1.202853499999999976e+01
1.202978899999999918e+01
1.202978899999999918e+01
1.205507099999999987e+01
1.205507099999999987e+01
1.205507099999999987e+01
1.206313899999999961e+01
1.206313899999999961e+01
1.206313899999999961e+01
1.206313899999999961e+01
1.209070600000000084e+01
1.209070600000000084e+01
1.209508100000000042e+01
1.209508100000000042e+01
1.209508100000000042e+01
1.212676699999999919e+01
1.212676699999999919e+01
1.215378600000000020e+01
1.215378600000000020e+01
1.217103700000000011e+01
1.217103700000000011e+01
1.217787299999999995e+01
1.217787299999999995e+01
1.224976099999999946e+01
1.224976099999999946e+01
1.224976099999999946e+01
1.225754899999999914e+01
1.225754899999999914e+01
1.226274699999999918e+01
1.226274699999999918e+01
1.229137500000000038e+01
1.229137500000000038e+01
1.229137500000000038e+01
1.229176700000000011e+01
1.229176700000000011e+01
1.232132499999999986e+01
1.232132499999999986e+01
1.233137499999999953e+01
1.233137499999999953e+01
1.233137499999999953e+01
1.233612199999999959e+01
1.233612199999999959e+01
1.237142500000000034e+01
1.237142500000000034e+01
1.240132000000000012e+01
1.240132000000000012e+01
1.244931899999999914e+01
1.244931899999999914e+01
1.245409700000000086e+01
1.245409700000000086e+01
1.252640500000000046e+01
1.252640500000000046e+01
1.263441899999999940e+01
1.263441899999999940e+01
1.265053499999999964e+01
1.265053499999999964e+01
1.271413699999999913e+01
1.271413699999999913e+01
1.277284599999999948e+01
1.277284599999999948e+01
1.278250199999999914e+01
1.278250199999999914e+01
1.287718800000000030e+01
1.287718800000000030e+01
1.289693100000000037e+01
1.289693100000000037e+01
1.296182300000000076e+01
1.296182300000000076e+01
1.298083199999999948e+01
1.298083199999999948e+01
1.298083199999999948e+01
1.302329399999999993e+01
1.302329399999999993e+01
1.302329399999999993e+01
1.302856399999999937e+01
1.302856399999999937e+01
1.305783399999999972e+01
1.305783399999999972e+01
1.306826099999999968e+01
1.306826099999999968e+01
1.308201900000000073e+01
1.308201900000000073e+01
1.308201900000000073e+01
1.308303199999999933e+01
1.308303199999999933e+01
1.311953699999999934e+01
1.311953699999999934e+01
1.311953699999999934e+01
1.311953699999999934e+01
1.314048400000000072e+01
1.314048400000000072e+01
1.315832400000000035e+01
1.315832400000000035e+01
1.319923099999999927e+01
1.319923099999999927e+01
1.325177200000000077e+01
1.325177200000000077e+01
1.325451299999999932e+01
1.325451299999999932e+01
1.325498800000000088e+01
1.325498800000000088e+01
1.327174800000000054e+01
1.327174800000000054e+01
1.332048900000000025e+01
1.332048900000000025e+01
1.333823100000000039e+01
1.333823100000000039e+01
1.335328200000000010e+01
1.335328200000000010e+01
1.335328200000000010e+01
1.335328200000000010e+01
1.335743599999999986e+01
1.335743599999999986e+01
1.337393699999999974e+01
1.337393699999999974e+01
1.337671399999999977e+01
1.337671399999999977e+01
1.338540500000000044e+01
1.338540500000000044e+01
1.338540500000000044e+01
1.338925799999999988e+01
1.338925799999999988e+01
1.341050100000000000e+01
1.341050100000000000e+01
1.346292799999999978e+01
1.346292799999999978e+01
1.347452200000000033e+01
1.347452200000000033e+01
1.347655400000000014e+01
1.347655400000000014e+01
1.351577400000000040e+01
1.351577400000000040e+01
1.355398500000000084e+01
1.355398500000000084e+01
1.355708699999999922e+01
1.355708699999999922e+01
1.360093900000000033e+01
1.360093900000000033e+01
1.363116800000000062e+01
1.363116800000000062e+01
1.363430199999999992e+01
1.363430199999999992e+01
1.365425600000000017e+01
1.365425600000000017e+01
1.368219999999999992e+01
1.368219999999999992e+01
1.368975200000000036e+01
1.368975200000000036e+01
1.370706500000000005e+01
1.370706500000000005e+01
1.372227700000000006e+01
1.372227700000000006e+01
1.375918700000000072e+01
1.375918700000000072e+01
1.377342999999999940e+01
1.377342999999999940e+01
1.382091199999999986e+01
1.382091199999999986e+01
1.383391499999999930e+01
1.383391499999999930e+01
1.388943199999999933e+01
1.388943199999999933e+01
1.397443900000000028e+01
1.397443900000000028e+01
1.398224899999999948e+01
1.398224899999999948e+01
1.400609500000000018e+01
1.400609500000000018e+01
1.403889700000000040e+01
1.403889700000000040e+01
1.408463700000000074e+01
1.408463700000000074e+01
1.408463700000000074e+01
1.410969500000000032e+01
1.410969500000000032e+01
1.412828799999999951e+01
1.412828799999999951e+01
1.412949300000000008e+01
1.412949300000000008e+01
1.413095599999999941e+01
1.413095599999999941e+01
1.413095599999999941e+01
1.413095599999999941e+01
1.413095599999999941e+01
1.413996700000000040e+01
1.413996700000000040e+01
1.419934800000000052e+01
1.419934800000000052e+01
1.422168699999999930e+01
1.422168699999999930e+01
1.425501299999999993e+01
1.425501299999999993e+01
1.429474899999999948e+01
1.429474899999999948e+01
1.435717499999999980e+01
1.435717499999999980e+01
1.442868299999999948e+01
1.442868299999999948e+01
1.444158000000000008e+01
1.444158000000000008e+01
1.444158000000000008e+01
1.444158000000000008e+01
1.444666400000000017e+01
1.444666400000000017e+01
1.444921599999999984e+01
1.444921599999999984e+01
1.444921599999999984e+01
1.450158700000000067e+01
1.450158700000000067e+01
1.457634299999999961e+01
1.457634299999999961e+01
1.461005800000000043e+01
1.461005800000000043e+01
1.463789599999999957e+01
1.463789599999999957e+01
1.464810499999999927e+01
1.464810499999999927e+01
1.464810499999999927e+01
1.464919000000000082e+01
1.464919000000000082e+01
1.464919000000000082e+01
1.467619799999999941e+01
1.467619799999999941e+01
1.469126999999999938e+01
1.469126999999999938e+01
1.473100600000000071e+01
1.473100600000000071e+01
1.475867900000000077e+01
1.475867900000000077e+01
1.480619800000000019e+01
1.480619800000000019e+01
1.485467900000000085e+01
1.485467900000000085e+01
1.491410300000000078e+01
1.491410300000000078e+01
1.498987799999999915e+01
1.498987799999999915e+01
1.501381199999999971e+01
1.501381199999999971e+01
1.503750699999999973e+01
1.503750699999999973e+01
1.507869099999999918e+01
1.507869099999999918e+01
1.508887799999999935e+01
1.508887799999999935e+01
1.511117899999999992e+01
1.511117899999999992e+01
1.512031200000000020e+01
1.512031200000000020e+01
1.514769199999999927e+01
1.514769199999999927e+01
1.514873900000000084e+01
1.514873900000000084e+01
1.516991200000000006e+01
1.516991200000000006e+01
1.518854699999999980e+01
1.518854699999999980e+01
1.521596599999999988e+01
1.521596599999999988e+01
1.521596599999999988e+01
1.521596599999999988e+01
1.522386299999999970e+01
1.522386299999999970e+01
1.528718499999999914e+01
1.528718499999999914e+01
1.534701300000000046e+01
1.534701300000000046e+01
1.536978399999999922e+01
1.536978399999999922e+01
1.539950800000000086e+01
1.539950800000000086e+01
1.543478600000000078e+01
1.543478600000000078e+01
1.546506600000000020e+01
1.546506600000000020e+01
1.549711100000000030e+01
1.549711100000000030e+01
1.553246799999999972e+01
1.553246799999999972e+01
1.561455400000000004e+01
1.561455400000000004e+01
1.561606899999999953e+01
1.561606899999999953e+01
1.566064199999999929e+01
1.566064199999999929e+01
1.566064199999999929e+01
1.571112600000000015e+01
1.571112600000000015e+01
1.571112600000000015e+01
1.576349199999999939e+01
1.576349199999999939e+01
1.576349199999999939e+01
1.576726599999999934e+01
1.576726599999999934e+01
1.579841000000000051e+01
1.579841000000000051e+01
1.584187999999999974e+01
1.584187999999999974e+01
1.584187999999999974e+01
1.598925500000000000e+01
1.598925500000000000e+01
1.602373499999999851e+01
1.602373499999999851e+01
1.602373499999999851e+01
1.604176000000000002e+01
1.604176000000000002e+01
1.605648400000000109e+01
1.605648400000000109e+01
1.612455699999999936e+01
1.612455699999999936e+01
1.613229400000000169e+01
1.613229400000000169e+01
1.615260299999999916e+01
1.615260299999999916e+01
1.617733099999999880e+01
1.617733099999999880e+01
1.618547799999999981e+01
1.618547799999999981e+01
1.621685799999999844e+01
1.621685799999999844e+01
1.624185500000000104e+01
1.624185500000000104e+01
1.628977799999999831e+01
1.628977799999999831e+01
1.634600400000000064e+01
1.634600400000000064e+01
1.637227100000000135e+01
1.637227100000000135e+01
1.637227100000000135e+01
1.641004600000000124e+01
1.641004600000000124e+01
1.641004600000000124e+01
1.642668099999999853e+01
1.642668099999999853e+01
1.642668099999999853e+01
1.642668199999999956e+01
1.642668199999999956e+01
1.642990299999999948e+01
1.642990299999999948e+01
1.642990299999999948e+01
1.642990299999999948e+01
1.647018200000000121e+01
1.647018200000000121e+01
1.647377600000000086e+01
1.647377600000000086e+01
1.648924999999999841e+01
1.648924999999999841e+01
1.649574900000000000e+01
1.649574900000000000e+01
1.653259500000000060e+01
1.653259500000000060e+01
1.653259500000000060e+01
1.653259500000000060e+01
1.653744800000000126e+01
1.653744800000000126e+01
1.653744800000000126e+01
1.653744800000000126e+01
1.655220600000000175e+01
1.655220600000000175e+01
1.660176600000000136e+01
1.660176600000000136e+01
1.661117799999999889e+01
1.661117799999999889e+01
1.661117799999999889e+01
1.662850999999999857e+01
1.662850999999999857e+01
1.666220799999999969e+01
1.666220799999999969e+01
1.667643999999999949e+01
1.667643999999999949e+01
1.668160299999999907e+01
1.668160299999999907e+01
1.668865600000000171e+01
1.668865600000000171e+01
1.668865600000000171e+01
1.668865600000000171e+01
1.670432299999999870e+01
1.670432299999999870e+01
1.682357800000000125e+01
1.682357800000000125e+01
1.682594200000000129e+01
1.682594200000000129e+01
1.685915500000000122e+01
1.685915500000000122e+01
1.687815000000000154e+01
1.687815000000000154e+01
1.690212199999999854e+01
1.690212199999999854e+01
1.691910800000000137e+01
1.691910800000000137e+01
1.697430900000000165e+01
1.697430900000000165e+01
1.697495199999999826e+01
1.697495199999999826e+01
1.699976200000000048e+01
1.699976200000000048e+01
1.700675599999999932e+01
1.700675599999999932e+01
1.708489799999999903e+01
1.708489799999999903e+01
1.713713399999999965e+01
1.713713399999999965e+01
1.718100400000000150e+01
1.718100400000000150e+01
1.722042100000000175e+01
1.722042100000000175e+01
1.722487800000000036e+01
1.722487800000000036e+01
1.724799600000000055e+01
1.724799600000000055e+01
1.725047800000000109e+01
1.725047800000000109e+01
1.725456399999999846e+01
1.725456399999999846e+01
1.726679599999999937e+01
1.726679599999999937e+01
1.730264400000000080e+01
1.730264400000000080e+01
1.730264400000000080e+01
1.730264400000000080e+01
1.732558500000000024e+01
1.732558500000000024e+01
1.732558500000000024e+01
1.742256700000000080e+01
1.742256700000000080e+01
1.745095999999999847e+01
1.745095999999999847e+01
1.745581200000000166e+01
1.745581200000000166e+01
1.747150500000000051e+01
1.747150500000000051e+01
1.747378600000000048e+01
1.747378600000000048e+01
1.750167899999999932e+01
1.750167899999999932e+01
1.752546200000000098e+01
1.752546200000000098e+01
1.754571699999999979e+01
1.754571699999999979e+01
1.756694299999999842e+01
1.756694299999999842e+01
1.758748100000000036e+01
1.758748100000000036e+01
1.759168700000000030e+01
1.759168700000000030e+01
1.759168700000000030e+01
1.759168700000000030e+01
1.767306599999999861e+01
1.767306599999999861e+01
1.770886300000000091e+01
1.770886300000000091e+01
1.783426100000000147e+01
1.783426100000000147e+01
1.789061099999999982e+01
1.789061099999999982e+01
1.793869799999999870e+01
1.793869799999999870e+01
1.796121799999999880e+01
1.796121799999999880e+01
1.800505000000000067e+01
1.800505000000000067e+01
1.805253799999999842e+01
1.805253799999999842e+01
1.805253799999999842e+01
1.810758799999999979e+01
1.810758799999999979e+01
1.814271400000000156e+01
1.814271400000000156e+01
1.820255099999999970e+01
1.820255099999999970e+01
1.822806500000000085e+01
1.822806500000000085e+01
1.823486099999999865e+01
1.823486099999999865e+01
1.824189499999999953e+01
1.824189499999999953e+01
1.829096300000000141e+01
1.829096300000000141e+01
1.829318299999999908e+01
1.829318299999999908e+01
1.831203500000000162e+01
1.831203500000000162e+01
1.837327799999999911e+01
1.837327799999999911e+01
1.841815700000000078e+01
1.841815700000000078e+01
1.841815700000000078e+01
1.844408900000000173e+01
1.844408900000000173e+01
1.845008100000000084e+01
1.845008100000000084e+01
1.846424400000000077e+01
1.846424400000000077e+01
1.848088900000000123e+01
1.848088900000000123e+01
1.850921500000000108e+01
1.850921500000000108e+01
1.859663600000000017e+01
1.859663600000000017e+01
1.863013799999999875e+01
1.863013799999999875e+01
1.864509800000000084e+01
1.864509800000000084e+01
1.866656499999999852e+01
1.866656499999999852e+01
1.869385199999999969e+01
1.869385199999999969e+01
1.871869900000000086e+01
1.871869900000000086e+01
1.876202500000000128e+01
1.876202500000000128e+01
1.876716800000000163e+01
1.876716800000000163e+01
1.882782100000000014e+01
1.882782100000000014e+01
1.883157699999999934e+01
1.883157699999999934e+01
1.884546800000000033e+01
1.884546800000000033e+01
1.885824099999999959e+01
1.885824099999999959e+01
1.886036100000000104e+01
1.886036100000000104e+01
1.887316999999999823e+01
1.887316999999999823e+01
1.888316500000000175e+01
1.888316500000000175e+01
1.891785199999999989e+01
1.891785199999999989e+01
1.891833099999999845e+01
1.891833099999999845e+01
1.895157599999999931e+01
1.895157599999999931e+01
1.895195400000000063e+01
1.895195400000000063e+01
1.895962600000000009e+01
1.895962600000000009e+01
1.903975300000000104e+01
1.903975300000000104e+01
1.910035099999999986e+01
1.910035099999999986e+01
1.911104900000000129e+01
1.911104900000000129e+01
1.912100399999999922e+01
1.912100399999999922e+01
1.917712200000000067e+01
1.917712200000000067e+01
1.918450100000000091e+01
1.918450100000000091e+01
1.920316000000000045e+01
1.920316000000000045e+01
1.920690799999999854e+01
1.920690799999999854e+01
1.923131700000000066e+01
1.923131700000000066e+01
1.926571200000000061e+01
1.926571200000000061e+01
1.927657100000000057e+01
1.927657100000000057e+01
1.930737799999999993e+01
1.930737799999999993e+01
1.931940900000000028e+01
1.931940900000000028e+01
1.932229799999999997e+01
1.932229799999999997e+01
1.933342199999999877e+01
1.933342199999999877e+01
1.933638300000000143e+01
1.933638300000000143e+01
1.940656600000000154e+01
1.940656600000000154e+01
1.943390399999999829e+01
1.943390399999999829e+01
1.943722500000000153e+01
1.943722500000000153e+01
1.946713400000000149e+01
1.946713400000000149e+01
1.952045199999999880e+01
1.952045199999999880e+01
1.952045199999999880e+01
1.952045199999999880e+01
1.956352800000000158e+01
1.956352800000000158e+01
1.960675499999999971e+01
1.960675499999999971e+01
1.963955800000000096e+01
1.963955800000000096e+01
1.963955800000000096e+01
1.967184599999999861e+01
1.967184599999999861e+01
1.969531200000000126e+01
1.969531200000000126e+01
1.972360499999999917e+01
1.972360499999999917e+01
1.972360499999999917e+01
1.972360499999999917e+01
1.973809400000000025e+01
1.973809400000000025e+01
1.976045600000000135e+01
1.976045600000000135e+01
1.980727200000000110e+01
1.980727200000000110e+01
1.982811699999999888e+01
1.982811699999999888e+01
1.982834899999999934e+01
1.982834899999999934e+01
1.982834899999999934e+01
1.984980699999999842e+01
1.984980699999999842e+01
1.985177099999999939e+01
1.985177099999999939e+01
1.994583599999999990e+01
1.994583599999999990e+01
2.001067600000000013e+01
