# t	msd	err
1.000000000000801463e-03 2.946145810827630740e+01 9.955809701287634539e+00
1.999999999999892489e-03 8.360555628507242432e+00 3.649572443133183963e+00
3.545454545454545213e-03 1.270890439501345703e+01 6.376726058591774660e+00
6.082802547770706399e-03 1.573993939036949818e+01 3.402418668657174461e+00
1.015110565110550339e-02 2.333678727713981615e+01 1.879012711875764241e+00
1.904811320754723827e-02 2.245735189472724258e+01 1.559921813914989963e+00
3.004981684981692172e-02 2.962401099030059726e+01 1.569122924861364732e+00
5.112520219993556964e-02 3.628829222256579357e+01 1.110887550283353287e+00
8.542676526717556118e-02 4.737030981977426336e+01 1.034937697016739655e+00
1.449804564214625946e-01 5.265744539526858148e+01 7.185413619249138018e-01
2.438775625050225437e-01 6.155582332012133406e+01 5.486128250729608302e-01
4.102679207469771550e-01 8.032241581769505956e+01 4.288763499381110234e-01
6.966663644732170591e-01 9.081356098589296266e+01 3.504917647916382939e-01
1.170011852340363978e+00 1.099742100412992443e+02 3.140829914592799810e-01
1.975764787437364278e+00 1.256625179612389758e+02 2.941307698873943388e-01
3.312957595563689850e+00 1.435534573207455367e+02 2.830521172847236810e-01
5.557731228062075424e+00 1.587224001548146930e+02 2.177575239371010996e-01
9.211048991272983599e+00 2.683149314566430235e+02 3.405975137012240417e-01
1.410208408412062653e+01 4.381761358931123596e+02 6.884369041937364875e-01
