# t
0.000000000000000000e+00
4.250361600000000192e-11
5.502914900000000269e-11
1.409261900000000090e-10
2.036001800000000005e-10
2.431374700000000000e-10
2.519854000000000075e-10
2.655819999999999934e-10
3.035958300000000005e-10
3.862173099999999967e-10
4.248925099999999812e-10
5.645791400000000241e-10
5.802057399999999503e-10
7.620321799999999960e-10
7.638360100000000319e-10
8.063711300000000479e-10
8.170255000000000341e-10
9.243874200000000355e-10
9.546568599999999603e-10
1.101986999999999909e-09
1.108931599999999906e-09
1.171721999999999979e-09
1.183977200000000017e-09
1.188613999999999924e-09
1.192051799999999988e-09
1.310883100000000084e-09
1.320060799999999934e-09
1.605810199999999919e-09
1.618562899999999934e-09
1.717693800000000064e-09
1.724281999999999981e-09
1.752094799999999974e-09
1.766223600000000038e-09
1.785447900000000025e-09
1.814927500000000090e-09
1.970295900000000047e-09
1.984901999999999853e-09
2.413845099999999982e-09
2.426504800000000130e-09
2.464267300000000185e-09
2.481824499999999798e-09
2.588126199999999859e-09
2.594059399999999844e-09
2.616272900000000204e-09
2.649996899999999994e-09
2.788084000000000192e-09
2.803381900000000080e-09
2.832214100000000153e-09
2.834944900000000046e-09
3.018407799999999839e-09
3.020891900000000087e-09
3.034884499999999954e-09
3.040467700000000039e-09
3.338376499999999923e-09
3.374313199999999886e-09
3.485322400000000058e-09
3.490525300000000096e-09
3.492042799999999930e-09
3.495295499999999927e-09
4.282929199999999967e-09
4.320799900000000185e-09
4.378963899999999944e-09
4.394659999999999794e-09
4.415583099999999920e-09
4.427915799999999641e-09
4.463098199999999865e-09
4.477071199999999688e-09
4.505477000000000322e-09
4.511786599999999938e-09
4.514276999999999713e-09
4.518500000000000061e-09
4.614384500000000135e-09
4.624542699999999865e-09
4.874645700000000196e-09
4.881215500000000038e-09
5.276992299999999899e-09
5.280265500000000226e-09
5.502399000000000036e-09
5.509366500000000095e-09
5.557183700000000388e-09
5.568160000000000343e-09
6.255422700000000338e-09
6.258724299999999792e-09
6.360560899999999672e-09
6.382400900000000085e-09
6.411439899999999905e-09
6.423001400000000290e-09
6.660287599999999610e-09
6.677375999999999917e-09
6.770524599999999713e-09
6.771746100000000317e-09
6.774777799999999762e-09
6.779146500000000233e-09
6.821490999999999683e-09
6.832253400000000109e-09
6.837761399999999796e-09
6.857467800000000021e-09
7.315341300000000094e-09
7.327838400000000109e-09
7.718349600000000625e-09
7.727022899999999332e-09
7.736085099999999586e-09
7.753195399999999429e-09
8.023499600000000548e-09
8.030808899999999548e-09
8.110855799999999333e-09
8.112520500000000596e-09
8.348430299999999565e-09
8.350786599999999606e-09
8.358096600000000484e-09
8.393441199999999473e-09
8.601956100000000762e-09
8.614306200000000240e-09
8.770252799999999636e-09
8.780239600000000150e-09
9.208192800000000710e-09
9.224544400000000239e-09
9.278855300000000103e-09
9.280379799999999688e-09
9.310998899999999446e-09
9.344083099999999186e-09
9.383136000000000715e-09
9.385623099999999437e-09
9.541897999999999261e-09
9.599295400000000323e-09
9.967928700000000752e-09
9.970030000000000570e-09
1.014386300000000071e-08
1.015488600000000066e-08
1.017604400000000039e-08
1.018263900000000000e-08
1.018335700000000057e-08
1.019004500000000004e-08
1.030089299999999970e-08
1.030562499999999935e-08
1.118280900000000028e-08
1.119162999999999974e-08
1.150138699999999917e-08
1.150809799999999936e-08
1.186726200000000046e-08
1.188041400000000078e-08
1.260001199999999919e-08
1.260386200000000058e-08
1.266767100000000068e-08
1.267846400000000011e-08
1.284127400000000030e-08
1.284812100000000082e-08
1.296240299999999995e-08
1.297054499999999969e-08
1.305569799999999927e-08
1.306882999999999984e-08
1.315034999999999937e-08
1.315234999999999998e-08
1.323215100000000079e-08
1.323710500000000006e-08
1.330342100000000027e-08
1.334260099999999930e-08
1.345876499999999948e-08
1.346508599999999942e-08
1.381296200000000047e-08
1.381642599999999958e-08
1.387980799999999923e-08
1.390721800000000006e-08
1.400653200000000066e-08
1.401329900000000050e-08
1.411972299999999943e-08
1.413023299999999963e-08
1.413525000000000079e-08
1.414345000000000083e-08
1.430009499999999951e-08
1.430108099999999949e-08
1.473992499999999922e-08
1.474735299999999967e-08
1.506980900000000060e-08
1.507611000000000079e-08
1.509145300000000140e-08
1.510212699999999929e-08
1.567634899999999963e-08
1.567908999999999988e-08
1.568669799999999980e-08
1.568743499999999981e-08
1.579677700000000082e-08
1.582340399999999856e-08
1.591279100000000116e-08
1.594166999999999878e-08
1.603606000000000139e-08
1.605116900000000020e-08
1.625214000000000050e-08
1.627465700000000165e-08
1.646504099999999871e-08
1.651136000000000036e-08
1.659327099999999879e-08
1.660553700000000124e-08
1.684480900000000161e-08
1.684565900000000125e-08
1.707708300000000130e-08
1.711404799999999901e-08
1.737392600000000017e-08
1.737983200000000017e-08
1.752251899999999968e-08
1.753117800000000044e-08
1.776251000000000094e-08
1.783461099999999897e-08
1.783560799999999915e-08
1.783622199999999966e-08
1.787447300000000034e-08
1.791427699999999976e-08
1.810444300000000012e-08
1.813998199999999986e-08
1.814178499999999889e-08
1.814748399999999908e-08
1.868273099999999956e-08
1.869435800000000014e-08
1.887804600000000014e-08
1.888659399999999861e-08
1.902903000000000082e-08
1.904488200000000157e-08
1.908903799999999862e-08
1.910963600000000016e-08
1.933251199999999843e-08
1.934338399999999988e-08
1.938868100000000000e-08
1.939655399999999836e-08
1.952251700000000040e-08
1.952698000000000033e-08
1.956327900000000081e-08
1.956613100000000004e-08
1.962536599999999958e-08
1.965771799999999918e-08
1.969692500000000020e-08
1.971912100000000160e-08
1.977066999999999952e-08
1.981315800000000087e-08
1.981976599999999965e-08
1.982410399999999944e-08
1.992887900000000045e-08
1.993628699999999948e-08
2.001864200000000049e-08
2.004239000000000031e-08
2.011016000000000079e-08
2.012024599999999984e-08
2.042477600000000065e-08
2.044491500000000146e-08
2.062003399999999960e-08
2.064235300000000051e-08
2.076999699999999908e-08
2.078986399999999921e-08
2.101567399999999970e-08
2.102196800000000096e-08
2.114495700000000127e-08
2.114815100000000033e-08
2.117488599999999942e-08
2.121320000000000032e-08
2.143348299999999920e-08
2.144493700000000089e-08
2.157995099999999961e-08
2.159091299999999997e-08
2.171549899999999981e-08
2.172598300000000000e-08
2.177549400000000008e-08
2.178816699999999992e-08
2.245314499999999919e-08
2.246825100000000036e-08
2.248660600000000158e-08
2.250322300000000134e-08
2.259882299999999923e-08
2.260485000000000141e-08
2.295192899999999985e-08
2.299019100000000073e-08
2.354200300000000093e-08
2.355341699999999979e-08
2.374637600000000043e-08
2.378163600000000057e-08
2.383992199999999869e-08
2.386658600000000161e-08
2.394828400000000163e-08
2.397017499999999845e-08
2.409731899999999976e-08
2.411130500000000125e-08
2.422275900000000052e-08
2.423669100000000133e-08
2.434639599999999894e-08
2.437225299999999938e-08
2.439842700000000161e-08
2.441184300000000007e-08
2.541730399999999952e-08
2.542098699999999896e-08
2.551396699999999878e-08
2.556407600000000088e-08
2.586063699999999919e-08
2.587434599999999841e-08
2.615355799999999854e-08
2.615592200000000103e-08
2.623285400000000049e-08
2.623614999999999899e-08
2.647365799999999953e-08
2.648151199999999846e-08
2.677619900000000158e-08
2.678710999999999891e-08
2.687651899999999860e-08
2.687706600000000091e-08
2.689884599999999874e-08
2.690736999999999949e-08
2.738715399999999846e-08
2.739107999999999926e-08
2.776161400000000008e-08
2.776288799999999922e-08
2.791836299999999883e-08
2.794221000000000044e-08
2.809572500000000060e-08
2.811584899999999994e-08
2.825150300000000085e-08
2.825276599999999979e-08
2.888094899999999930e-08
2.888417100000000068e-08
2.908596400000000161e-08
2.908919599999999956e-08
2.912448900000000030e-08
2.913001799999999924e-08
2.914293899999999872e-08
2.914759099999999934e-08
2.915358600000000124e-08
2.916116599999999885e-08
2.922482699999999975e-08
2.922863900000000061e-08
2.925203799999999837e-08
2.926180100000000033e-08
2.967883500000000094e-08
2.968421399999999838e-08
2.969150199999999887e-08
2.970834400000000086e-08
3.001313200000000120e-08
3.002163199999999760e-08
3.009442100000000319e-08
3.009581100000000291e-08
3.061375399999999971e-08
3.061400100000000234e-08
3.065011500000000009e-08
3.066259900000000255e-08
3.077098600000000022e-08
3.078333700000000330e-08
3.089050700000000015e-08
3.089582799999999895e-08
3.150162300000000203e-08
3.151177500000000227e-08
3.154746800000000147e-08
3.155930000000000123e-08
3.166339700000000119e-08
3.166647199999999872e-08
3.177551500000000036e-08
3.178621199999999897e-08
3.185835699999999779e-08
3.185989499999999837e-08
3.216358499999999942e-08
3.217845900000000273e-08
3.218307499999999849e-08
3.218555900000000284e-08
3.236445200000000296e-08
3.236476099999999889e-08
3.266395899999999738e-08
3.267788100000000163e-08
3.298021200000000291e-08
3.298941599999999873e-08
3.305258900000000290e-08
3.305324700000000089e-08
3.337602699999999923e-08
3.339247799999999901e-08
3.346062999999999884e-08
3.346755499999999941e-08
3.352360400000000243e-08
3.353098500000000278e-08
3.356166300000000146e-08
3.356723600000000119e-08
3.372457400000000241e-08
3.372481500000000313e-08
3.388171199999999943e-08
3.391385200000000094e-08
3.392646900000000278e-08
3.394628299999999925e-08
3.396591899999999854e-08
3.396685900000000040e-08
3.404272800000000181e-08
3.412257900000000201e-08
3.422277299999999857e-08
3.422530800000000264e-08
3.439053399999999708e-08
3.439303199999999928e-08
3.469454499999999788e-08
3.471497800000000308e-08
3.487787299999999893e-08
3.488708100000000264e-08
3.504360800000000011e-08
3.504681999999999830e-08
3.508339599999999774e-08
3.508481499999999678e-08
3.521002099999999905e-08
3.522302300000000119e-08
3.532446400000000153e-08
3.532795999999999760e-08
3.565002100000000167e-08
3.566656599999999832e-08
3.583397100000000246e-08
3.586917300000000066e-08
3.600569899999999830e-08
3.602367899999999910e-08
3.656373500000000061e-08
3.658839799999999763e-08
3.663554900000000310e-08
3.664394099999999817e-08
3.677818100000000163e-08
3.679031600000000202e-08
3.703288499999999790e-08
3.704925799999999928e-08
3.710475400000000138e-08
3.714206999999999849e-08
3.787726899999999869e-08
3.789822799999999950e-08
3.797275600000000026e-08
3.797579999999999784e-08
3.816154499999999842e-08
3.816413699999999750e-08
3.818097099999999694e-08
3.818407900000000169e-08
3.834823699999999979e-08
3.835196699999999766e-08
3.849667800000000047e-08
3.851066500000000228e-08
3.862558100000000002e-08
3.865346199999999715e-08
3.871865899999999799e-08
3.872040499999999870e-08
3.877149999999999748e-08
3.878424900000000169e-08
3.887549899999999928e-08
3.887577399999999761e-08
3.910480600000000278e-08
3.910532099999999820e-08
3.918209299999999960e-08
3.919267499999999794e-08
3.929004300000000025e-08
3.932620900000000134e-08
3.945443700000000078e-08
3.946890999999999869e-08
3.969506300000000264e-08
3.971892900000000037e-08
3.977930599999999999e-08
3.978091299999999940e-08
3.994991000000000148e-08
3.998272100000000181e-08
4.006886600000000327e-08
4.007936400000000131e-08
4.013549699999999802e-08
4.013957599999999796e-08
4.029262800000000273e-08
4.029452100000000067e-08
4.053322499999999865e-08
4.053702299999999835e-08
4.057374299999999737e-08
4.057451999999999690e-08
4.057792700000000101e-08
4.057794299999999949e-08
4.068209700000000107e-08
4.068257999999999953e-08
4.093929699999999890e-08
4.097179199999999776e-08
4.109053700000000178e-08
4.109059700000000106e-08
4.122051100000000194e-08
4.125340299999999831e-08
4.130013900000000054e-08
4.130043700000000289e-08
4.151468200000000270e-08
4.153239599999999812e-08
4.164333700000000260e-08
4.165409800000000176e-08
4.178021000000000166e-08
4.178099499999999713e-08
4.188907900000000078e-08
4.193172899999999753e-08
4.203357200000000027e-08
4.203706400000000169e-08
4.204861000000000293e-08
4.206128600000000041e-08
4.219468199999999952e-08
4.220094500000000083e-08
4.220765300000000171e-08
4.224233700000000023e-08
4.247925299999999734e-08
4.247959599999999749e-08
4.249437999999999859e-08
4.252212800000000295e-08
4.259253300000000297e-08
4.260027199999999833e-08
4.261510099999999722e-08
4.265256799999999945e-08
4.266117000000000189e-08
4.267064000000000310e-08
4.277071200000000048e-08
4.277182900000000252e-08
4.325841400000000224e-08
4.325980200000000132e-08
4.329761900000000262e-08
4.329832899999999734e-08
4.354815200000000271e-08
4.357225700000000053e-08
4.390047800000000284e-08
4.390717399999999990e-08
4.393512499999999949e-08
4.396303300000000191e-08
4.411540599999999869e-08
4.412794399999999851e-08
4.413229200000000148e-08
4.414837399999999944e-08
4.433763700000000311e-08
4.433775700000000166e-08
4.460724900000000030e-08
4.462011000000000051e-08
4.480449600000000132e-08
4.480851900000000327e-08
4.484029300000000060e-08
4.484767800000000222e-08
4.499896100000000226e-08
4.500282199999999889e-08
4.509988499999999992e-08
4.512621799999999989e-08
4.513657300000000198e-08
4.515222500000000183e-08
4.522831699999999822e-08
4.523097600000000211e-08
4.530682699999999778e-08
4.531790599999999904e-08
4.534032399999999841e-08
4.534091499999999821e-08
4.557603299999999789e-08
4.560085700000000322e-08
4.564871799999999680e-08
4.565748599999999922e-08
4.571150499999999703e-08
4.574622200000000275e-08
4.574637900000000317e-08
4.575890999999999745e-08
4.584863599999999892e-08
4.585021599999999965e-08
4.589663399999999977e-08
4.592967700000000127e-08
4.606539400000000240e-08
4.609516799999999746e-08
4.614895999999999901e-08
4.615118199999999925e-08
4.670121100000000019e-08
4.670273500000000292e-08
4.670974399999999718e-08
4.671969899999999749e-08
4.686974499999999695e-08
4.689482699999999850e-08
4.715078100000000280e-08
4.715334700000000021e-08
4.738658899999999744e-08
4.738992599999999908e-08
4.771627599999999724e-08
4.771761800000000151e-08
4.807874200000000040e-08
4.808041199999999674e-08
4.834964599999999916e-08
4.835836100000000123e-08
4.845507000000000192e-08
4.845545300000000158e-08
4.849391999999999832e-08
4.854595099999999769e-08
4.868936500000000064e-08
4.869006099999999751e-08
4.874027399999999968e-08
4.875760300000000141e-08
4.882089299999999986e-08
4.882578899999999884e-08
4.882894200000000139e-08
4.885307500000000151e-08
4.913099700000000071e-08
4.914069300000000117e-08
4.927206899999999826e-08
4.928894600000000149e-08
4.945801700000000069e-08
4.946730499999999682e-08
4.952621599999999895e-08
4.953366099999999985e-08
4.967771500000000168e-08
4.968083100000000235e-08
4.968678199999999684e-08
4.968989000000000159e-08
4.974922000000000163e-08
4.976774399999999717e-08
4.999493000000000284e-08
4.999551000000000244e-08
5.000266100000000226e-08
5.000761200000000224e-08
5.030060800000000233e-08
5.030180199999999913e-08
5.080381900000000137e-08
5.082123000000000277e-08
5.098881699999999875e-08
5.108428499999999758e-08
5.120581900000000060e-08
5.120939300000000169e-08
5.134150700000000242e-08
5.134475099999999757e-08
5.143827299999999811e-08
5.148415799999999707e-08
5.167826300000000237e-08
5.171097399999999729e-08
5.204404800000000143e-08
5.206034299999999781e-08
5.236138399999999815e-08
5.236642200000000270e-08
5.261678199999999727e-08
5.262361199999999734e-08
5.280643400000000252e-08
5.282347200000000083e-08
5.307424499999999801e-08
5.308552299999999984e-08
5.324121299999999851e-08
5.325825299999999745e-08
5.326914900000000324e-08
5.328848999999999782e-08
5.338739899999999836e-08
5.340233500000000158e-08
5.373309899999999728e-08
5.374289199999999888e-08
5.374391100000000276e-08
5.375932499999999954e-08
5.402653499999999866e-08
5.402757699999999995e-08
5.428046700000000030e-08
5.428616800000000113e-08
5.429727400000000107e-08
5.431307200000000114e-08
5.433955599999999962e-08
5.435932099999999702e-08
5.437087300000000017e-08
5.439476499999999957e-08
5.467419699999999704e-08
5.467980200000000035e-08
5.471936800000000000e-08
5.474893800000000283e-08
5.510234400000000313e-08
5.510777199999999965e-08
5.560080800000000105e-08
5.561150999999999794e-08
5.588388600000000270e-08
5.588490599999999698e-08
5.595427299999999699e-08
5.596748400000000289e-08
5.597902600000000285e-08
5.600852099999999831e-08
5.632281299999999746e-08
5.632976499999999671e-08
5.638199100000000199e-08
5.638852000000000206e-08
5.644528999999999999e-08
5.644909899999999989e-08
5.646886599999999793e-08
5.652028200000000308e-08
5.657209000000000084e-08
5.658080500000000291e-08
5.662751199999999920e-08
5.663090800000000310e-08
5.670664899999999679e-08
5.671417200000000270e-08
5.699775500000000321e-08
5.699943399999999911e-08
5.711840599999999939e-08
5.713439699999999812e-08
5.750337400000000223e-08
5.750660899999999782e-08
5.762872599999999810e-08
5.762932900000000172e-08
5.785490499999999709e-08
5.791543800000000012e-08
5.816241899999999951e-08
5.817029399999999852e-08
5.830243499999999793e-08
5.834193399999999938e-08
5.843053699999999691e-08
5.845680400000000232e-08
5.846079000000000239e-08
5.846273300000000303e-08
5.847021099999999791e-08
5.847091300000000331e-08
5.855769200000000173e-08
5.855883699999999946e-08
5.862517199999999910e-08
5.863857299999999940e-08
5.877539000000000046e-08
5.878779799999999854e-08
5.888778200000000095e-08
5.889192799999999909e-08
5.904296500000000012e-08
5.904638400000000143e-08
5.905416600000000057e-08
5.905848600000000123e-08
5.910353699999999903e-08
5.911772300000000141e-08
5.922504500000000039e-08
5.923696799999999938e-08
5.926225199999999914e-08
5.930266099999999951e-08
5.931053799999999915e-08
5.931251899999999867e-08
5.937925499999999711e-08
5.942602899999999821e-08
5.963177000000000035e-08
5.963454899999999617e-08
5.987385600000000438e-08
5.987497200000000279e-08
6.026283099999999745e-08
6.029336099999999528e-08
6.053497499999999444e-08
6.054326000000000502e-08
6.060973699999999700e-08
6.061155500000000080e-08
6.083185100000000052e-08
6.083358699999999804e-08
6.109233900000000091e-08
6.112293099999999865e-08
6.125265599999999553e-08
6.127586900000000017e-08
6.156089599999999776e-08
6.156529299999999981e-08
6.158305299999999666e-08
6.159899200000000528e-08
6.261470700000000439e-08
6.261614400000000256e-08
6.289674300000000476e-08
6.290740199999999787e-08
6.363862700000000183e-08
6.364679200000000063e-08
6.371373799999999983e-08
6.371613499999999961e-08
6.382577799999999400e-08
6.384391400000000482e-08
6.397207199999999519e-08
6.397546800000000571e-08
6.398543399999999959e-08
6.399069799999999677e-08
6.439653399999999458e-08
6.439769300000000339e-08
6.446514300000000443e-08
6.447435699999999683e-08
6.461673800000000467e-08
6.464816399999999695e-08
6.477426800000000092e-08
6.480612499999999493e-08
6.506220100000000504e-08
6.510938200000000023e-08
6.552662299999999734e-08
6.554369099999999859e-08
6.569351800000000434e-08
6.569400899999999873e-08
6.600390499999999946e-08
6.602713300000000557e-08
6.617594700000000274e-08
6.619123199999999479e-08
6.620051799999999690e-08
6.622502799999999479e-08
6.632309500000000484e-08
6.633526099999999858e-08
6.644187999999999514e-08
6.645491199999999362e-08
6.702749999999999586e-08
6.704238199999999510e-08
6.749652300000000229e-08
6.753477299999999934e-08
6.758316299999999942e-08
6.759503399999999507e-08
6.780129899999999880e-08
6.780275399999999608e-08
6.795263799999999685e-08
6.795801100000000561e-08
6.801054399999999956e-08
6.803958700000000314e-08
6.826989400000000115e-08
6.827933700000000368e-08
6.829061699999999953e-08
6.834013900000000312e-08
6.852284599999999480e-08
6.854390700000000166e-08
6.856595799999999985e-08
6.857990899999999680e-08
6.861237500000000296e-08
6.863829400000000331e-08
6.868712799999999934e-08
6.869962800000000028e-08
6.872886899999999418e-08
6.873102800000000412e-08
6.878905700000000303e-08
6.879427699999999942e-08
6.890825000000000428e-08
6.891509400000000219e-08
6.909064800000000003e-08
6.910175900000000488e-08
6.915787099999999820e-08
6.916223300000000563e-08
6.928788200000000022e-08
6.929196600000000507e-08
6.934528800000000237e-08
6.935146999999999440e-08
6.940479600000000622e-08
6.941870000000000472e-08
6.942054300000000657e-08
6.942964999999999464e-08
6.987348000000000054e-08
6.987977500000000543e-08
7.033789000000000225e-08
7.033963800000000360e-08
7.035177399999999438e-08
7.035854000000000052e-08
7.037827699999999561e-08
7.037959399999999522e-08
7.055541199999999781e-08
7.057552599999999727e-08
7.061575699999999384e-08
7.061816199999999617e-08
7.073718900000000406e-08
7.076149100000000181e-08
7.102242299999999815e-08
7.102426099999999510e-08
7.106989999999999505e-08
7.107957500000000536e-08
7.114937599999999814e-08
7.115118700000000302e-08
7.148023999999999924e-08
7.148419700000000661e-08
7.195105100000000654e-08
7.197661100000000164e-08
7.218337900000000359e-08
7.220572200000000222e-08
7.252743099999999995e-08
7.256609299999999599e-08
7.269880299999999480e-08
7.272872799999999498e-08
7.276589899999999549e-08
7.278223399999999800e-08
7.290050100000000185e-08
7.292696100000000591e-08
7.308854999999999573e-08
7.309463599999999686e-08
7.312891200000000428e-08
7.313228700000000480e-08
7.343279299999999673e-08
7.343426500000000274e-08
7.370362700000000626e-08
7.370754199999999362e-08
7.375052100000000591e-08
7.376082400000000465e-08
7.377131399999999351e-08
7.377400200000000334e-08
7.387829999999999788e-08
7.389698900000000301e-08
7.436401999999999649e-08
7.437461499999999567e-08
7.461225400000000157e-08
7.462226300000000585e-08
7.469548499999999396e-08
7.471895599999999482e-08
7.485283200000000136e-08
7.491726999999999518e-08
7.545063699999999855e-08
7.545656899999999691e-08
7.566545899999999370e-08
7.567835299999999450e-08
7.611897099999999560e-08
7.617377300000000146e-08
7.650174899999999516e-08
7.650615999999999505e-08
7.672012500000000487e-08
7.672329699999999693e-08
7.710739400000000336e-08
7.710797700000000061e-08
7.714038099999999362e-08
7.714193100000000464e-08
7.716279600000000197e-08
7.717249599999999708e-08
7.718375899999999744e-08
7.719559099999999720e-08
7.754672599999999818e-08
7.756513000000000179e-08
7.758440100000000053e-08
7.758497800000000248e-08
7.798521800000000316e-08
7.798958699999999628e-08
7.818558399999999589e-08
7.818669399999999900e-08
7.830401200000000143e-08
7.832680999999999621e-08
7.838692699999999897e-08
7.839721199999999858e-08
7.846583899999999432e-08
7.846817200000000017e-08
7.874096000000000392e-08
7.875089299999999721e-08
7.884253899999999530e-08
7.885777800000000578e-08
7.904407799999999468e-08
7.907014399999999888e-08
7.915872799999999366e-08
7.916771000000000475e-08
7.923096400000000495e-08
7.923154899999999622e-08
7.935641199999999833e-08
7.935646199999999442e-08
7.939668200000000403e-08
7.940179199999999844e-08
7.940333600000000093e-08
7.940478900000000419e-08
7.940609599999999400e-08
7.942262200000000115e-08
7.942763200000000339e-08
7.943933700000000567e-08
7.987063300000000642e-08
7.987609100000000588e-08
7.989573300000000047e-08
7.989707499999999812e-08
8.023646600000000093e-08
8.024180699999999949e-08
8.066218300000000003e-08
8.066874599999999770e-08
8.077363400000000165e-08
8.079535899999999518e-08
8.089360500000000605e-08
8.089422500000000517e-08
8.093386200000000430e-08
8.094553499999999638e-08
8.095401900000000092e-08
8.096111499999999976e-08
8.109268999999999741e-08
8.110561400000000116e-08
8.151270300000000465e-08
8.152427099999999967e-08
8.159293700000000452e-08
8.160145799999999770e-08
8.189488600000000315e-08
8.189815299999999571e-08
8.193259400000000609e-08
8.194977199999999609e-08
8.208449999999999628e-08
8.210563999999999855e-08
8.260693000000000396e-08
8.260744100000000473e-08
8.262877000000000437e-08
8.263105700000000218e-08
8.277165299999999357e-08
8.277571000000000635e-08
8.281252300000000524e-08
8.283356799999999376e-08
8.321208899999999621e-08
8.322174900000000504e-08
8.325481900000000522e-08
8.325578500000000213e-08
8.339468000000000385e-08
8.341236299999999931e-08
8.351052300000000262e-08
8.352719000000000508e-08
8.355500500000000102e-08
8.357131599999999588e-08
8.374803000000000615e-08
8.376053399999999513e-08
8.383617000000000498e-08
8.384783400000000413e-08
8.393905700000000304e-08
8.395772499999999816e-08
8.412096800000000568e-08
8.412676699999999804e-08
8.413457900000000012e-08
8.414816499999999652e-08
8.433987199999999841e-08
8.434872500000000477e-08
8.441205999999999440e-08
8.442094200000000007e-08
8.448178699999999667e-08
8.448827600000000385e-08
8.450782000000000028e-08
8.452844399999999688e-08
8.479245199999999438e-08
8.480788700000000116e-08
8.481592900000000377e-08
8.481654900000000288e-08
8.487289799999999566e-08
8.489142499999999546e-08
8.523045300000000497e-08
8.524783000000000215e-08
8.532356399999999692e-08
8.532776100000000139e-08
8.536544000000000502e-08
8.540907600000000505e-08
8.565074199999999432e-08
8.565305499999999379e-08
8.598414499999999414e-08
8.598835800000000371e-08
8.605213199999999762e-08
8.606546399999999908e-08
8.625298099999999543e-08
8.628629400000000358e-08
