# t	msd	err
9.999999999998104311e-12 3.332162359724846201e-01 6.217274850321912599e-02
9.999999999998774328e-09 1.326480561076307241e-01 3.228700281380356141e-02
6.599999999999902928e-08 1.600248909262776964e-01 5.806312516408046465e-02
1.019999999999996957e-07 1.181232824335847198e-01 2.242037583751544869e-02
1.690833333333337191e-07 1.085393247377996889e-01 1.432932874116660087e-02
2.919090909090904513e-07 1.252486248201765962e-01 1.520592458783459090e-02
4.841225806451615025e-07 1.168634144453364054e-01 9.139503712322073065e-03
8.717523170731695596e-07 1.604890277198361692e-01 1.232733043731986701e-02
1.529735955882353192e-06 1.523141452718368150e-01 1.040853085751665755e-02
2.680222071428570186e-06 1.886929823217983471e-01 1.240942699059049276e-02
4.619996990291262560e-06 2.081579843794010842e-01 1.158700783144182844e-02
8.000349608433739992e-06 2.044071426799131952e-01 8.916600280071919002e-03
1.346102173857871941e-05 3.230645311488600790e-01 1.161459650285287352e-02
2.167279731182790729e-05 6.090600608528108362e-01 2.231909259938998427e-02
3.629999999999987268e-05 3.903873817175508298e-01 6.414184703875779048e-02
8.302407407407387053e-05 1.878677281311714464e-01 2.267972038603223786e-02
1.170502755625004294e-04 3.715087081723005835e-01 6.693483795807947390e-02
2.159167593965514715e-04 8.536189313659378053e-01 4.762999795604869885e-02
3.583760317669900655e-04 1.368703974962529601e+00 6.054368886207368156e-02
6.429489795918359903e-04 1.417493619140134165e+00 2.220510845553686219e-01
1.073699642431468057e-03 3.021775539679423694e+00 1.610009370287892039e-01
1.998016753926707984e-03 2.577262311278003537e+00 1.374438094397573973e-01
3.473219923861584069e-03 2.581415304503931640e+00 8.946899404081477825e-02
6.159794395859366674e-03 3.041546553443495338e+00 8.501483721165389862e-02
1.022663399650181222e-02 2.647000413649657879e+00 3.201337793669727788e-02
1.932669259964096831e-02 3.758928375005526679e+00 3.376769434034776474e-02
3.385800497279028987e-02 4.868400011232992597e+00 2.806736962909644334e-02
5.836550937073772122e-02 6.535363167435836118e+00 2.502477487877943774e-02
9.932353746342265088e-02 8.134438505588176938e+00 1.928275449675304759e-02
1.703957599537939960e-01 1.054759920961146946e+01 1.585058476902161465e-02
2.961443869714810995e-01 1.543974053792305412e+01 1.309141162589460422e-02
5.146875532180020807e-01 2.159852072614190988e+01 1.167525517532795425e-02
8.867764096523573780e-01 2.742461371820374438e+01 1.064820884222632616e-02
1.525504776163537857e+00 3.238961203292419810e+01 1.031274434940657354e-02
2.544439340612465461e+00 3.180038673757473688e+01 1.493871193689415115e-02
4.775925838953496871e+00 2.492396125909977300e+01 1.262549018675152880e-02
9.145509660700026799e+00 2.917413560332693834e+01 1.097238870714326367e-02
1.274084434356768192e+01 4.218272327404916666e+01 4.759638957565570302e-03
