# t
0.000000000000000000e+00
1.712279599999999981e-11
1.955541900000000012e-11
7.971871699999999450e-02
7.971871699999999450e-02
3.956034600000000179e-01
3.956034600000000179e-01
3.956034600000000179e-01
3.956034600000000179e-01
1.399418700000000015e+00
1.399418700000000015e+00
2.348815999999999793e+00
2.348815999999999793e+00
3.660170899999999783e+00
3.660170899999999783e+00
4.038424799999999593e+00
4.038424799999999593e+00
4.180790700000000193e+00
4.180790700000000193e+00
5.294111400000000245e+00
5.294111400000000245e+00
5.386288500000000035e+00
5.386288500000000035e+00
5.885870800000000180e+00
5.885870800000000180e+00
5.885870800000000180e+00
5.885870800000000180e+00
5.998718099999999609e+00
5.998718099999999609e+00
6.809407199999999882e+00
6.809407199999999882e+00
6.809407199999999882e+00
7.786347300000000082e+00
7.786347300000000082e+00
8.218727799999999917e+00
8.218727799999999917e+00
9.091828100000000745e+00
9.091828100000000745e+00
9.122513500000000164e+00
9.122513500000000164e+00
9.374422100000000313e+00
9.374422100000000313e+00
9.604101699999999298e+00
9.604101699999999298e+00
1.008159400000000083e+01
1.008159400000000083e+01
1.008159400000000083e+01
1.008159400000000083e+01
1.030440699999999943e+01
1.030440699999999943e+01
1.038869299999999996e+01
1.038869299999999996e+01
1.070438399999999923e+01
1.070438399999999923e+01
1.184107200000000049e+01
1.184107200000000049e+01
1.207667900000000039e+01
1.207667900000000039e+01
1.231948500000000024e+01
1.231948500000000024e+01
1.244544699999999970e+01
1.244544699999999970e+01
1.255824600000000046e+01
1.255824600000000046e+01
1.260274700000000081e+01
1.260274700000000081e+01
1.286881299999999939e+01
1.286881299999999939e+01
1.292570100000000011e+01
1.292570100000000011e+01
1.319577199999999984e+01
1.319577199999999984e+01
1.320170399999999944e+01
1.320170399999999944e+01
1.352280999999999977e+01
1.352280999999999977e+01
1.377694999999999936e+01
1.377694999999999936e+01
1.429355800000000087e+01
1.429355800000000087e+01
1.434858400000000067e+01
1.434858400000000067e+01
1.437241500000000016e+01
1.437241500000000016e+01
1.444585900000000045e+01
1.444585900000000045e+01
1.458202499999999979e+01
1.458202499999999979e+01
1.499845299999999959e+01
1.499845299999999959e+01
1.570468800000000087e+01
1.570468800000000087e+01
1.570468800000000087e+01
1.574489999999999945e+01
1.574489999999999945e+01
1.576398999999999972e+01
1.576398999999999972e+01
1.576492900000000041e+01
1.576492900000000041e+01
1.579478499999999919e+01
1.579478499999999919e+01
1.580835800000000013e+01
1.580835800000000013e+01
1.581566499999999920e+01
1.581566499999999920e+01
1.582042599999999943e+01
1.582042599999999943e+01
1.582452900000000007e+01
1.582452900000000007e+01
1.589509299999999925e+01
1.589509299999999925e+01
1.591698899999999917e+01
1.591698899999999917e+01
1.593851800000000019e+01
1.593851800000000019e+01
1.597349600000000081e+01
1.597349600000000081e+01
1.598547499999999921e+01
1.598547499999999921e+01
1.599661500000000025e+01
1.599661500000000025e+01
1.600872499999999832e+01
1.600872499999999832e+01
1.601799799999999863e+01
1.601799799999999863e+01
1.602837099999999992e+01
1.602837099999999992e+01
1.606540400000000091e+01
1.606540400000000091e+01
1.752241700000000080e+01
1.752241700000000080e+01
1.777070900000000009e+01
1.777070900000000009e+01
1.780159799999999848e+01
1.780159799999999848e+01
1.780159799999999848e+01
1.780159799999999848e+01
1.794941100000000134e+01
1.794941100000000134e+01
1.794941100000000134e+01
