# Barrier Energy Step Time
0.000000000000000000e+00 -5.108136000000000422e+03 0.000000000000000000e+00 0.000000000000000000e+00
4.380000000000000004e-01 -5.107720000000000255e+03 5.000000000000000000e-01 1.712000000000000137e-11
0.000000000000000000e+00 -5.108157000000000153e+03 1.000000000000000000e+00 1.712000000000000137e-11
4.510000000000000120e-01 -5.109917999999999665e+03 1.500000000000000000e+00 1.956000000000000147e-11
0.000000000000000000e+00 -5.110368999999999687e+03 2.000000000000000000e+00 1.956000000000000147e-11
2.669999999999999929e+00 -5.105426000000000386e+03 2.500000000000000000e+00 7.971999999999999920e-02
0.000000000000000000e+00 -5.108095999999999549e+03 3.000000000000000000e+00 7.971999999999999920e-02
4.060000000000000275e-01 -5.109962000000000444e+03 3.500000000000000000e+00 7.971999999999999920e-02
0.000000000000000000e+00 -5.110368000000000393e+03 4.000000000000000000e+00 7.971999999999999920e-02
2.677999999999999936e+00 -5.105417999999999665e+03 4.500000000000000000e+00 3.956000000000000072e-01
0.000000000000000000e+00 -5.108095999999999549e+03 5.000000000000000000e+00 3.956000000000000072e-01
4.440000000000000058e-01 -5.107688000000000102e+03 5.500000000000000000e+00 3.956000000000000072e-01
0.000000000000000000e+00 -5.108131999999999607e+03 6.000000000000000000e+00 3.956000000000000072e-01
4.799999999999999822e-01 -5.107618999999999687e+03 6.500000000000000000e+00 3.956000000000000072e-01
0.000000000000000000e+00 -5.108099000000000160e+03 7.000000000000000000e+00 3.956000000000000072e-01
4.470000000000000084e-01 -5.109921000000000276e+03 7.500000000000000000e+00 3.956000000000000072e-01
0.000000000000000000e+00 -5.110368000000000393e+03 8.000000000000000000e+00 3.956000000000000072e-01
2.713000000000000078e+00 -5.105417000000000371e+03 8.500000000000000000e+00 1.399000000000000021e+00
0.000000000000000000e+00 -5.108130000000000109e+03 9.000000000000000000e+00 1.399000000000000021e+00
5.350000000000000311e-01 -5.109832999999999629e+03 9.500000000000000000e+00 1.399000000000000021e+00
0.000000000000000000e+00 -5.110368000000000393e+03 1.000000000000000000e+01 1.399000000000000021e+00
2.665999999999999925e+00 -5.105493999999999687e+03 1.050000000000000000e+01 2.349000000000000199e+00
0.000000000000000000e+00 -5.108161000000000058e+03 1.100000000000000000e+01 2.349000000000000199e+00
4.450000000000000067e-01 -5.109922999999999774e+03 1.150000000000000000e+01 2.349000000000000199e+00
0.000000000000000000e+00 -5.110368000000000393e+03 1.200000000000000000e+01 2.349000000000000199e+00
2.597999999999999865e+00 -5.105621000000000095e+03 1.250000000000000000e+01 3.660000000000000142e+00
0.000000000000000000e+00 -5.108217999999999847e+03 1.300000000000000000e+01 3.660000000000000142e+00
4.480000000000000093e-01 -5.109918999999999869e+03 1.350000000000000000e+01 3.660000000000000142e+00
0.000000000000000000e+00 -5.110368000000000393e+03 1.400000000000000000e+01 3.660000000000000142e+00
2.732000000000000206e+00 -5.105234999999999673e+03 1.450000000000000000e+01 4.038000000000000256e+00
0.000000000000000000e+00 -5.107966999999999643e+03 1.500000000000000000e+01 4.038000000000000256e+00
3.240000000000000102e-01 -5.110046000000000276e+03 1.550000000000000000e+01 4.038000000000000256e+00
0.000000000000000000e+00 -5.110369999999999891e+03 1.600000000000000000e+01 4.038000000000000256e+00
2.728000000000000203e+00 -5.105284999999999854e+03 1.650000000000000000e+01 4.181000000000000050e+00
0.000000000000000000e+00 -5.108011999999999716e+03 1.700000000000000000e+01 4.181000000000000050e+00
3.509999999999999787e-01 -5.110015999999999622e+03 1.750000000000000000e+01 4.181000000000000050e+00
0.000000000000000000e+00 -5.110367000000000189e+03 1.800000000000000000e+01 4.181000000000000050e+00
2.767999999999999794e+00 -5.105360999999999876e+03 1.850000000000000000e+01 5.293999999999999595e+00
0.000000000000000000e+00 -5.108128999999999905e+03 1.900000000000000000e+01 5.293999999999999595e+00
5.300000000000000266e-01 -5.109837000000000444e+03 1.950000000000000000e+01 5.293999999999999595e+00
0.000000000000000000e+00 -5.110368000000000393e+03 2.000000000000000000e+01 5.293999999999999595e+00
2.674999999999999822e+00 -5.105439999999999600e+03 2.050000000000000000e+01 5.386000000000000121e+00
0.000000000000000000e+00 -5.108114999999999782e+03 2.100000000000000000e+01 5.386000000000000121e+00
4.050000000000000266e-01 -5.109963999999999942e+03 2.150000000000000000e+01 5.386000000000000121e+00
0.000000000000000000e+00 -5.110368999999999687e+03 2.200000000000000000e+01 5.386000000000000121e+00
2.709999999999999964e+00 -5.105425000000000182e+03 2.250000000000000000e+01 5.886000000000000121e+00
0.000000000000000000e+00 -5.108135000000000218e+03 2.300000000000000000e+01 5.886000000000000121e+00
4.919999999999999929e-01 -5.107729000000000269e+03 2.350000000000000000e+01 5.886000000000000121e+00
0.000000000000000000e+00 -5.108220999999999549e+03 2.400000000000000000e+01 5.886000000000000121e+00
5.789999999999999591e-01 -5.107555999999999585e+03 2.450000000000000000e+01 5.886000000000000121e+00
0.000000000000000000e+00 -5.108135000000000218e+03 2.500000000000000000e+01 5.886000000000000121e+00
4.739999999999999769e-01 -5.109895000000000437e+03 2.550000000000000000e+01 5.886000000000000121e+00
0.000000000000000000e+00 -5.110368999999999687e+03 2.600000000000000000e+01 5.886000000000000121e+00
2.640000000000000124e+00 -5.105563000000000102e+03 2.650000000000000000e+01 5.998999999999999666e+00
0.000000000000000000e+00 -5.108203000000000429e+03 2.700000000000000000e+01 5.998999999999999666e+00
4.739999999999999769e-01 -5.109895999999999731e+03 2.750000000000000000e+01 5.998999999999999666e+00
0.000000000000000000e+00 -5.110368999999999687e+03 2.800000000000000000e+01 5.998999999999999666e+00
2.709000000000000075e+00 -5.105426999999999680e+03 2.850000000000000000e+01 6.809000000000000163e+00
0.000000000000000000e+00 -5.108135000000000218e+03 2.900000000000000000e+01 6.809000000000000163e+00
4.929999999999999938e-01 -5.107730999999999767e+03 2.950000000000000000e+01 6.809000000000000163e+00
0.000000000000000000e+00 -5.108224000000000160e+03 3.000000000000000000e+01 6.809000000000000163e+00
4.670000000000000262e-01 -5.109902000000000044e+03 3.050000000000000000e+01 6.809000000000000163e+00
0.000000000000000000e+00 -5.110369999999999891e+03 3.100000000000000000e+01 6.809000000000000163e+00
2.641999999999999904e+00 -5.105561999999999898e+03 3.150000000000000000e+01 7.785999999999999588e+00
0.000000000000000000e+00 -5.108204999999999927e+03 3.200000000000000000e+01 7.785999999999999588e+00
4.769999999999999796e-01 -5.109893000000000029e+03 3.250000000000000000e+01 7.785999999999999588e+00
0.000000000000000000e+00 -5.110369999999999891e+03 3.300000000000000000e+01 7.785999999999999588e+00
2.616000000000000103e+00 -5.105609000000000378e+03 3.350000000000000000e+01 8.218999999999999417e+00
0.000000000000000000e+00 -5.108225000000000364e+03 3.400000000000000000e+01 8.218999999999999417e+00
4.709999999999999742e-01 -5.109899000000000342e+03 3.450000000000000000e+01 8.218999999999999417e+00
0.000000000000000000e+00 -5.110369999999999891e+03 3.500000000000000000e+01 8.218999999999999417e+00
2.718999999999999861e+00 -5.105295000000000073e+03 3.550000000000000000e+01 9.092000000000000526e+00
0.000000000000000000e+00 -5.108015000000000327e+03 3.600000000000000000e+01 9.092000000000000526e+00
3.519999999999999796e-01 -5.110015000000000327e+03 3.650000000000000000e+01 9.092000000000000526e+00
0.000000000000000000e+00 -5.110365999999999985e+03 3.700000000000000000e+01 9.092000000000000526e+00
2.656000000000000139e+00 -5.105529000000000451e+03 3.750000000000000000e+01 9.122999999999999332e+00
0.000000000000000000e+00 -5.108185000000000400e+03 3.800000000000000000e+01 9.122999999999999332e+00
4.989999999999999991e-01 -5.109854000000000269e+03 3.850000000000000000e+01 9.122999999999999332e+00
0.000000000000000000e+00 -5.110353000000000065e+03 3.900000000000000000e+01 9.122999999999999332e+00
2.716000000000000192e+00 -5.105393000000000029e+03 3.950000000000000000e+01 9.374000000000000554e+00
0.000000000000000000e+00 -5.108109000000000378e+03 4.000000000000000000e+01 9.374000000000000554e+00
4.359999999999999987e-01 -5.109932999999999993e+03 4.050000000000000000e+01 9.374000000000000554e+00
0.000000000000000000e+00 -5.110368999999999687e+03 4.100000000000000000e+01 9.374000000000000554e+00
2.649999999999999911e+00 -5.105537999999999556e+03 4.150000000000000000e+01 9.603999999999999204e+00
0.000000000000000000e+00 -5.108188000000000102e+03 4.200000000000000000e+01 9.603999999999999204e+00
4.959999999999999964e-01 -5.109860999999999876e+03 4.250000000000000000e+01 9.603999999999999204e+00
0.000000000000000000e+00 -5.110356999999999971e+03 4.300000000000000000e+01 9.603999999999999204e+00
2.676000000000000156e+00 -5.105449999999999818e+03 4.350000000000000000e+01 1.008000000000000007e+01
0.000000000000000000e+00 -5.108126000000000204e+03 4.400000000000000000e+01 1.008000000000000007e+01
4.410000000000000031e-01 -5.107694999999999709e+03 4.450000000000000000e+01 1.008000000000000007e+01
0.000000000000000000e+00 -5.108136000000000422e+03 4.500000000000000000e+01 1.008000000000000007e+01
5.200000000000000178e-01 -5.107597999999999956e+03 4.550000000000000000e+01 1.008000000000000007e+01
0.000000000000000000e+00 -5.108117000000000189e+03 4.600000000000000000e+01 1.008000000000000007e+01
5.320000000000000284e-01 -5.109829999999999927e+03 4.650000000000000000e+01 1.008000000000000007e+01
0.000000000000000000e+00 -5.110362000000000080e+03 4.700000000000000000e+01 1.008000000000000007e+01
2.645999999999999908e+00 -5.105467999999999847e+03 4.750000000000000000e+01 1.030000000000000071e+01
0.000000000000000000e+00 -5.108113999999999578e+03 4.800000000000000000e+01 1.030000000000000071e+01
3.990000000000000213e-01 -5.109962999999999738e+03 4.850000000000000000e+01 1.030000000000000071e+01
0.000000000000000000e+00 -5.110362000000000080e+03 4.900000000000000000e+01 1.030000000000000071e+01
2.749000000000000110e+00 -5.105457999999999629e+03 4.950000000000000000e+01 1.039000000000000057e+01
0.000000000000000000e+00 -5.108207000000000335e+03 5.000000000000000000e+01 1.039000000000000057e+01
5.939999999999999725e-01 -5.109770000000000437e+03 5.050000000000000000e+01 1.039000000000000057e+01
0.000000000000000000e+00 -5.110363999999999578e+03 5.100000000000000000e+01 1.039000000000000057e+01
2.668000000000000149e+00 -5.105472999999999956e+03 5.150000000000000000e+01 1.069999999999999929e+01
0.000000000000000000e+00 -5.108140999999999622e+03 5.200000000000000000e+01 1.069999999999999929e+01
4.279999999999999916e-01 -5.109942000000000007e+03 5.250000000000000000e+01 1.069999999999999929e+01
0.000000000000000000e+00 -5.110369999999999891e+03 5.300000000000000000e+01 1.069999999999999929e+01
2.625999999999999890e+00 -5.105560000000000400e+03 5.350000000000000000e+01 1.183999999999999986e+01
0.000000000000000000e+00 -5.108185999999999694e+03 5.400000000000000000e+01 1.183999999999999986e+01
4.420000000000000040e-01 -5.109927999999999884e+03 5.450000000000000000e+01 1.183999999999999986e+01
0.000000000000000000e+00 -5.110369999999999891e+03 5.500000000000000000e+01 1.183999999999999986e+01
2.629999999999999893e+00 -5.105567000000000007e+03 5.550000000000000000e+01 1.208000000000000007e+01
0.000000000000000000e+00 -5.108197000000000116e+03 5.600000000000000000e+01 1.208000000000000007e+01
4.889999999999999902e-01 -5.109877000000000407e+03 5.650000000000000000e+01 1.208000000000000007e+01
0.000000000000000000e+00 -5.110365999999999985e+03 5.700000000000000000e+01 1.208000000000000007e+01
2.702999999999999847e+00 -5.105336000000000240e+03 5.750000000000000000e+01 1.232000000000000028e+01
0.000000000000000000e+00 -5.108038999999999760e+03 5.800000000000000000e+01 1.232000000000000028e+01
3.699999999999999956e-01 -5.109994999999999891e+03 5.850000000000000000e+01 1.232000000000000028e+01
0.000000000000000000e+00 -5.110364999999999782e+03 5.900000000000000000e+01 1.232000000000000028e+01
2.584000000000000075e+00 -5.105640000000000327e+03 5.950000000000000000e+01 1.244999999999999929e+01
0.000000000000000000e+00 -5.108224000000000160e+03 6.000000000000000000e+01 1.244999999999999929e+01
4.420000000000000040e-01 -5.109922999999999774e+03 6.050000000000000000e+01 1.244999999999999929e+01
0.000000000000000000e+00 -5.110364999999999782e+03 6.100000000000000000e+01 1.244999999999999929e+01
2.596000000000000085e+00 -5.105609000000000378e+03 6.150000000000000000e+01 1.256000000000000050e+01
0.000000000000000000e+00 -5.108204999999999927e+03 6.200000000000000000e+01 1.256000000000000050e+01
4.749999999999999778e-01 -5.109895000000000437e+03 6.250000000000000000e+01 1.256000000000000050e+01
0.000000000000000000e+00 -5.110369999999999891e+03 6.300000000000000000e+01 1.256000000000000050e+01
2.642999999999999794e+00 -5.105529999999999745e+03 6.350000000000000000e+01 1.259999999999999964e+01
0.000000000000000000e+00 -5.108172999999999774e+03 6.400000000000000000e+01 1.259999999999999964e+01
4.460000000000000075e-01 -5.109923999999999978e+03 6.450000000000000000e+01 1.259999999999999964e+01
0.000000000000000000e+00 -5.110369999999999891e+03 6.500000000000000000e+01 1.259999999999999964e+01
2.754000000000000004e+00 -5.105319000000000415e+03 6.550000000000000000e+01 1.286999999999999922e+01
0.000000000000000000e+00 -5.108072000000000116e+03 6.600000000000000000e+01 1.286999999999999922e+01
4.739999999999999769e-01 -5.109896999999999935e+03 6.650000000000000000e+01 1.286999999999999922e+01
0.000000000000000000e+00 -5.110369999999999891e+03 6.700000000000000000e+01 1.286999999999999922e+01
2.664000000000000146e+00 -5.105472999999999956e+03 6.750000000000000000e+01 1.292999999999999972e+01
0.000000000000000000e+00 -5.108136999999999716e+03 6.800000000000000000e+01 1.292999999999999972e+01
4.339999999999999969e-01 -5.109930000000000291e+03 6.850000000000000000e+01 1.292999999999999972e+01
0.000000000000000000e+00 -5.110363999999999578e+03 6.900000000000000000e+01 1.292999999999999972e+01
2.770000000000000018e+00 -5.105354000000000269e+03 6.950000000000000000e+01 1.319999999999999929e+01
0.000000000000000000e+00 -5.108123999999999796e+03 7.000000000000000000e+01 1.319999999999999929e+01
4.560000000000000164e-01 -5.109913999999999760e+03 7.050000000000000000e+01 1.319999999999999929e+01
0.000000000000000000e+00 -5.110369999999999891e+03 7.100000000000000000e+01 1.319999999999999929e+01
2.692000000000000171e+00 -5.105382999999999811e+03 7.150000000000000000e+01 1.319999999999999929e+01
0.000000000000000000e+00 -5.108074999999999818e+03 7.200000000000000000e+01 1.319999999999999929e+01
3.950000000000000178e-01 -5.109975000000000364e+03 7.250000000000000000e+01 1.319999999999999929e+01
0.000000000000000000e+00 -5.110369999999999891e+03 7.300000000000000000e+01 1.319999999999999929e+01
2.623000000000000220e+00 -5.105604999999999563e+03 7.350000000000000000e+01 1.351999999999999957e+01
0.000000000000000000e+00 -5.108229000000000269e+03 7.400000000000000000e+01 1.351999999999999957e+01
4.819999999999999840e-01 -5.109889000000000124e+03 7.450000000000000000e+01 1.351999999999999957e+01
0.000000000000000000e+00 -5.110369999999999891e+03 7.500000000000000000e+01 1.351999999999999957e+01
2.623000000000000220e+00 -5.105572000000000116e+03 7.550000000000000000e+01 1.377999999999999936e+01
0.000000000000000000e+00 -5.108195999999999913e+03 7.600000000000000000e+01 1.377999999999999936e+01
4.620000000000000218e-01 -5.109908000000000357e+03 7.650000000000000000e+01 1.377999999999999936e+01
0.000000000000000000e+00 -5.110369999999999891e+03 7.700000000000000000e+01 1.377999999999999936e+01
2.624000000000000110e+00 -5.105586000000000240e+03 7.750000000000000000e+01 1.428999999999999915e+01
0.000000000000000000e+00 -5.108210000000000036e+03 7.800000000000000000e+01 1.428999999999999915e+01
4.630000000000000226e-01 -5.109907000000000153e+03 7.850000000000000000e+01 1.428999999999999915e+01
0.000000000000000000e+00 -5.110369999999999891e+03 7.900000000000000000e+01 1.428999999999999915e+01
2.624000000000000110e+00 -5.105586000000000240e+03 7.950000000000000000e+01 1.434999999999999964e+01
0.000000000000000000e+00 -5.108210000000000036e+03 8.000000000000000000e+01 1.434999999999999964e+01
4.630000000000000226e-01 -5.109907000000000153e+03 8.050000000000000000e+01 1.434999999999999964e+01
0.000000000000000000e+00 -5.110369999999999891e+03 8.100000000000000000e+01 1.434999999999999964e+01
2.650999999999999801e+00 -5.105492000000000189e+03 8.150000000000000000e+01 1.436999999999999922e+01
0.000000000000000000e+00 -5.108143000000000029e+03 8.200000000000000000e+01 1.436999999999999922e+01
4.309999999999999942e-01 -5.109939999999999600e+03 8.250000000000000000e+01 1.436999999999999922e+01
0.000000000000000000e+00 -5.110369999999999891e+03 8.300000000000000000e+01 1.436999999999999922e+01
2.625999999999999890e+00 -5.105570999999999913e+03 8.350000000000000000e+01 1.444999999999999929e+01
0.000000000000000000e+00 -5.108198000000000320e+03 8.400000000000000000e+01 1.444999999999999929e+01
4.889999999999999902e-01 -5.109877000000000407e+03 8.450000000000000000e+01 1.444999999999999929e+01
0.000000000000000000e+00 -5.110367000000000189e+03 8.500000000000000000e+01 1.444999999999999929e+01
2.714999999999999858e+00 -5.105412999999999556e+03 8.550000000000000000e+01 1.458000000000000007e+01
0.000000000000000000e+00 -5.108127999999999702e+03 8.600000000000000000e+01 1.458000000000000007e+01
4.759999999999999787e-01 -5.109890000000000327e+03 8.650000000000000000e+01 1.458000000000000007e+01
0.000000000000000000e+00 -5.110367000000000189e+03 8.700000000000000000e+01 1.458000000000000007e+01
2.769000000000000128e+00 -5.105359999999999673e+03 8.750000000000000000e+01 1.500000000000000000e+01
0.000000000000000000e+00 -5.108128999999999905e+03 8.800000000000000000e+01 1.500000000000000000e+01
4.640000000000000235e-01 -5.109905999999999949e+03 8.850000000000000000e+01 1.500000000000000000e+01
0.000000000000000000e+00 -5.110368999999999687e+03 8.900000000000000000e+01 1.500000000000000000e+01
2.642999999999999794e+00 -5.105587999999999738e+03 8.950000000000000000e+01 1.569999999999999929e+01
0.000000000000000000e+00 -5.108229999999999563e+03 9.000000000000000000e+01 1.569999999999999929e+01
5.779999999999999583e-01 -5.107560999999999694e+03 9.050000000000000000e+01 1.569999999999999929e+01
0.000000000000000000e+00 -5.108139000000000124e+03 9.100000000000000000e+01 1.569999999999999929e+01
3.400000000000000244e-01 -5.110038999999999760e+03 9.150000000000000000e+01 1.569999999999999929e+01
0.000000000000000000e+00 -5.110378999999999905e+03 9.200000000000000000e+01 1.569999999999999929e+01
2.500000000000000000e+00 -5.106003999999999905e+03 9.250000000000000000e+01 1.574000000000000021e+01
0.000000000000000000e+00 -5.108503999999999905e+03 9.300000000000000000e+01 1.574000000000000021e+01
4.520000000000000129e-01 -5.110122999999999593e+03 9.350000000000000000e+01 1.574000000000000021e+01
0.000000000000000000e+00 -5.110574999999999818e+03 9.400000000000000000e+01 1.574000000000000021e+01
2.234999999999999876e+00 -5.106845000000000255e+03 9.450000000000000000e+01 1.575999999999999979e+01
0.000000000000000000e+00 -5.109079999999999927e+03 9.500000000000000000e+01 1.575999999999999979e+01
7.399999999999999911e-01 -5.109835000000000036e+03 9.550000000000000000e+01 1.575999999999999979e+01
0.000000000000000000e+00 -5.110574999999999818e+03 9.600000000000000000e+01 1.575999999999999979e+01
2.234999999999999876e+00 -5.106845000000000255e+03 9.650000000000000000e+01 1.575999999999999979e+01
0.000000000000000000e+00 -5.109079999999999927e+03 9.700000000000000000e+01 1.575999999999999979e+01
7.399999999999999911e-01 -5.109835000000000036e+03 9.750000000000000000e+01 1.575999999999999979e+01
0.000000000000000000e+00 -5.110574999999999818e+03 9.800000000000000000e+01 1.575999999999999979e+01
2.234999999999999876e+00 -5.106845000000000255e+03 9.850000000000000000e+01 1.578999999999999915e+01
0.000000000000000000e+00 -5.109079999999999927e+03 9.900000000000000000e+01 1.578999999999999915e+01
7.399999999999999911e-01 -5.109835000000000036e+03 9.950000000000000000e+01 1.578999999999999915e+01
0.000000000000000000e+00 -5.110574999999999818e+03 1.000000000000000000e+02 1.578999999999999915e+01
2.234999999999999876e+00 -5.106845000000000255e+03 1.005000000000000000e+02 1.581000000000000050e+01
0.000000000000000000e+00 -5.109079999999999927e+03 1.010000000000000000e+02 1.581000000000000050e+01
7.399999999999999911e-01 -5.109835000000000036e+03 1.015000000000000000e+02 1.581000000000000050e+01
0.000000000000000000e+00 -5.110574999999999818e+03 1.020000000000000000e+02 1.581000000000000050e+01
2.234999999999999876e+00 -5.106845000000000255e+03 1.025000000000000000e+02 1.582000000000000028e+01
0.000000000000000000e+00 -5.109079999999999927e+03 1.030000000000000000e+02 1.582000000000000028e+01
7.399999999999999911e-01 -5.109835000000000036e+03 1.035000000000000000e+02 1.582000000000000028e+01
0.000000000000000000e+00 -5.110574999999999818e+03 1.040000000000000000e+02 1.582000000000000028e+01
2.234999999999999876e+00 -5.106845000000000255e+03 1.045000000000000000e+02 1.582000000000000028e+01
0.000000000000000000e+00 -5.109079999999999927e+03 1.050000000000000000e+02 1.582000000000000028e+01
7.399999999999999911e-01 -5.109835000000000036e+03 1.055000000000000000e+02 1.582000000000000028e+01
0.000000000000000000e+00 -5.110574999999999818e+03 1.060000000000000000e+02 1.582000000000000028e+01
2.234999999999999876e+00 -5.106845000000000255e+03 1.065000000000000000e+02 1.582000000000000028e+01
0.000000000000000000e+00 -5.109079999999999927e+03 1.070000000000000000e+02 1.582000000000000028e+01
7.399999999999999911e-01 -5.109835000000000036e+03 1.075000000000000000e+02 1.582000000000000028e+01
0.000000000000000000e+00 -5.110574999999999818e+03 1.080000000000000000e+02 1.582000000000000028e+01
2.234999999999999876e+00 -5.106845000000000255e+03 1.085000000000000000e+02 1.590000000000000036e+01
0.000000000000000000e+00 -5.109079999999999927e+03 1.090000000000000000e+02 1.590000000000000036e+01
7.399999999999999911e-01 -5.109835000000000036e+03 1.095000000000000000e+02 1.590000000000000036e+01
0.000000000000000000e+00 -5.110574999999999818e+03 1.100000000000000000e+02 1.590000000000000036e+01
2.234999999999999876e+00 -5.106845000000000255e+03 1.105000000000000000e+02 1.591999999999999993e+01
0.000000000000000000e+00 -5.109079999999999927e+03 1.110000000000000000e+02 1.591999999999999993e+01
7.399999999999999911e-01 -5.109835000000000036e+03 1.115000000000000000e+02 1.591999999999999993e+01
0.000000000000000000e+00 -5.110574999999999818e+03 1.120000000000000000e+02 1.591999999999999993e+01
2.234999999999999876e+00 -5.106845000000000255e+03 1.125000000000000000e+02 1.593999999999999950e+01
0.000000000000000000e+00 -5.109079999999999927e+03 1.130000000000000000e+02 1.593999999999999950e+01
7.399999999999999911e-01 -5.109835000000000036e+03 1.135000000000000000e+02 1.593999999999999950e+01
0.000000000000000000e+00 -5.110574999999999818e+03 1.140000000000000000e+02 1.593999999999999950e+01
2.234999999999999876e+00 -5.106845000000000255e+03 1.145000000000000000e+02 1.597000000000000064e+01
0.000000000000000000e+00 -5.109079999999999927e+03 1.150000000000000000e+02 1.597000000000000064e+01
7.399999999999999911e-01 -5.109835000000000036e+03 1.155000000000000000e+02 1.597000000000000064e+01
0.000000000000000000e+00 -5.110574999999999818e+03 1.160000000000000000e+02 1.597000000000000064e+01
2.234999999999999876e+00 -5.106845000000000255e+03 1.165000000000000000e+02 1.599000000000000021e+01
0.000000000000000000e+00 -5.109079999999999927e+03 1.170000000000000000e+02 1.599000000000000021e+01
7.399999999999999911e-01 -5.109835000000000036e+03 1.175000000000000000e+02 1.599000000000000021e+01
0.000000000000000000e+00 -5.110574999999999818e+03 1.180000000000000000e+02 1.599000000000000021e+01
2.629999999999999893e+00 -5.105939999999999600e+03 1.185000000000000000e+02 1.600000000000000000e+01
0.000000000000000000e+00 -5.108569000000000415e+03 1.190000000000000000e+02 1.600000000000000000e+01
4.889999999999999902e-01 -5.109961000000000240e+03 1.195000000000000000e+02 1.600000000000000000e+01
0.000000000000000000e+00 -5.110449999999999818e+03 1.200000000000000000e+02 1.600000000000000000e+01
2.338999999999999968e+00 -5.106247000000000298e+03 1.205000000000000000e+02 1.601000000000000156e+01
0.000000000000000000e+00 -5.108585000000000036e+03 1.210000000000000000e+02 1.601000000000000156e+01
3.529999999999999805e-01 -5.110167000000000371e+03 1.215000000000000000e+02 1.601000000000000156e+01
0.000000000000000000e+00 -5.110520000000000437e+03 1.220000000000000000e+02 1.601000000000000156e+01
2.226999999999999869e+00 -5.106850999999999658e+03 1.225000000000000000e+02 1.601999999999999957e+01
0.000000000000000000e+00 -5.109078000000000429e+03 1.230000000000000000e+02 1.601999999999999957e+01
7.389999999999999902e-01 -5.109837000000000444e+03 1.235000000000000000e+02 1.601999999999999957e+01
0.000000000000000000e+00 -5.110576000000000022e+03 1.240000000000000000e+02 1.601999999999999957e+01
2.236000000000000210e+00 -5.106841999999999643e+03 1.245000000000000000e+02 1.603000000000000114e+01
0.000000000000000000e+00 -5.109078000000000429e+03 1.250000000000000000e+02 1.603000000000000114e+01
7.389999999999999902e-01 -5.109837000000000444e+03 1.255000000000000000e+02 1.603000000000000114e+01
0.000000000000000000e+00 -5.110576000000000022e+03 1.260000000000000000e+02 1.603000000000000114e+01
2.716000000000000192e+00 -5.105484999999999673e+03 1.265000000000000000e+02 1.607000000000000028e+01
0.000000000000000000e+00 -5.108202000000000226e+03 1.270000000000000000e+02 1.607000000000000028e+01
2.750000000000000222e-01 -5.110291000000000167e+03 1.275000000000000000e+02 1.607000000000000028e+01
0.000000000000000000e+00 -5.110565999999999804e+03 1.280000000000000000e+02 1.607000000000000028e+01
2.580999999999999961e+00 -5.106076000000000022e+03 1.285000000000000000e+02 1.751999999999999957e+01
0.000000000000000000e+00 -5.108658000000000357e+03 1.290000000000000000e+02 1.751999999999999957e+01
5.929999999999999716e-01 -5.109948999999999614e+03 1.295000000000000000e+02 1.751999999999999957e+01
0.000000000000000000e+00 -5.110542000000000371e+03 1.300000000000000000e+02 1.751999999999999957e+01
2.649999999999999911e+00 -5.105586000000000240e+03 1.305000000000000000e+02 1.776999999999999957e+01
0.000000000000000000e+00 -5.108235999999999876e+03 1.310000000000000000e+02 1.776999999999999957e+01
3.130000000000000004e-01 -5.110219000000000051e+03 1.315000000000000000e+02 1.776999999999999957e+01
0.000000000000000000e+00 -5.110532000000000153e+03 1.320000000000000000e+02 1.776999999999999957e+01
2.455000000000000071e+00 -5.106211000000000240e+03 1.325000000000000000e+02 1.780000000000000071e+01
0.000000000000000000e+00 -5.108666000000000167e+03 1.330000000000000000e+02 1.780000000000000071e+01
7.209999999999999742e-01 -5.107503999999999905e+03 1.335000000000000000e+02 1.780000000000000071e+01
0.000000000000000000e+00 -5.108225000000000364e+03 1.340000000000000000e+02 1.780000000000000071e+01
2.800000000000000266e-01 -5.108390000000000327e+03 1.345000000000000000e+02 1.780000000000000071e+01
0.000000000000000000e+00 -5.108670000000000073e+03 1.350000000000000000e+02 1.780000000000000071e+01
5.799999999999999600e-01 -5.109975000000000364e+03 1.355000000000000000e+02 1.780000000000000071e+01
0.000000000000000000e+00 -5.110555000000000291e+03 1.360000000000000000e+02 1.780000000000000071e+01
2.464999999999999858e+00 -5.106215000000000146e+03 1.365000000000000000e+02 1.794999999999999929e+01
0.000000000000000000e+00 -5.108680000000000291e+03 1.370000000000000000e+02 1.794999999999999929e+01
6.860000000000000542e-01 -5.107372999999999593e+03 1.375000000000000000e+02 1.794999999999999929e+01
0.000000000000000000e+00 -5.108059000000000196e+03 1.380000000000000000e+02 1.794999999999999929e+01
6.500000000000000222e-02 -5.108614999999999782e+03 1.385000000000000000e+02 1.794999999999999929e+01
0.000000000000000000e+00 -5.108680000000000291e+03 1.390000000000000000e+02 1.794999999999999929e+01
