# t
0.000000000000000000e+00
1.445054000000000024e-13
3.556980900000000172e-13
1.324745200000000041e-11
1.545955800000000088e-11
1.074410100000000047e-09
1.474171700000000012e-09
3.981559399999999861e-09
5.343096699999999657e-09
5.749781600000000067e-09
5.965587200000000217e-09
5.965628200000000052e-09
1.478171199999999913e-07
1.479244200000000098e-07
3.419874699999999690e-05
3.419874900000000246e-05
3.452222700000000011e-05
3.452222899999999890e-05
3.595903100000000263e-04
3.595903100000000263e-04
4.656236300000000006e-04
4.656236300000000006e-04
3.502600600000000015e-03
3.502600600000000015e-03
4.881384199999999965e-03
4.881384199999999965e-03
5.897336000000000418e-03
5.897336000000000418e-03
1.167917599999999945e-02
1.167917599999999945e-02
1.221110599999999935e-02
1.221110599999999935e-02
1.681518300000000091e-02
1.681518300000000091e-02
1.937215899999999991e-02
1.937215899999999991e-02
1.937215899999999991e-02
2.642848899999999945e-02
2.642848899999999945e-02
2.756292200000000012e-02
2.756292200000000012e-02
2.756292200000000012e-02
2.864143599999999928e-02
2.864143599999999928e-02
2.868291499999999980e-02
2.868291499999999980e-02
2.878384599999999835e-02
2.878384599999999835e-02
2.888245899999999922e-02
2.888245899999999922e-02
2.888819899999999982e-02
2.888819899999999982e-02
2.907534200000000055e-02
2.907534200000000055e-02
2.925209800000000068e-02
2.925209800000000068e-02
2.926028799999999888e-02
2.926028799999999888e-02
2.930673599999999990e-02
2.930673599999999990e-02
2.932938599999999896e-02
2.932938599999999896e-02
2.945434499999999983e-02
2.945434499999999983e-02
2.953133499999999884e-02
2.953133499999999884e-02
2.957221000000000155e-02
2.957221000000000155e-02
2.972071100000000035e-02
2.972071100000000035e-02
2.984656600000000146e-02
2.984656600000000146e-02
2.985866499999999951e-02
2.985866499999999951e-02
3.016808400000000126e-02
3.016808400000000126e-02
3.025029200000000154e-02
3.025029200000000154e-02
3.030295400000000000e-02
3.030295400000000000e-02
3.036693099999999979e-02
3.036693099999999979e-02
3.058796000000000084e-02
3.058796000000000084e-02
3.058860500000000135e-02
3.058860500000000135e-02
3.058898000000000172e-02
3.058898000000000172e-02
3.079904199999999870e-02
3.079904199999999870e-02
3.093031200000000147e-02
3.093031200000000147e-02
3.093048300000000167e-02
3.093048300000000167e-02
3.094823199999999913e-02
3.094823199999999913e-02
3.095548700000000028e-02
3.095548700000000028e-02
3.101841600000000004e-02
3.101841600000000004e-02
3.103143800000000146e-02
3.103143800000000146e-02
3.103841900000000112e-02
3.103841900000000112e-02
3.106029999999999902e-02
3.106029999999999902e-02
3.159142599999999884e-02
3.159142599999999884e-02
3.175525700000000201e-02
3.175525700000000201e-02
3.207338800000000129e-02
3.207338800000000129e-02
3.209300300000000189e-02
3.209300300000000189e-02
3.218914700000000129e-02
3.218914700000000129e-02
3.222756100000000179e-02
3.222756100000000179e-02
3.224637200000000231e-02
3.224637200000000231e-02
3.228579000000000171e-02
3.228579000000000171e-02
3.247739899999999708e-02
3.247739899999999708e-02
3.257158599999999959e-02
3.257158599999999959e-02
3.267140600000000006e-02
3.267140600000000006e-02
3.268823500000000298e-02
3.268823500000000298e-02
3.287560099999999735e-02
3.287560099999999735e-02
3.288678400000000224e-02
3.288678400000000224e-02
3.300424200000000308e-02
3.300424200000000308e-02
3.317384100000000252e-02
3.317384100000000252e-02
3.323961899999999803e-02
3.323961899999999803e-02
3.326186099999999674e-02
3.326186099999999674e-02
3.343452300000000071e-02
3.343452300000000071e-02
3.347747999999999696e-02
3.347747999999999696e-02
3.350849499999999925e-02
3.350849499999999925e-02
3.354371099999999689e-02
3.354371099999999689e-02
3.364784299999999673e-02
3.364784299999999673e-02
3.368157799999999674e-02
3.368157799999999674e-02
3.374744400000000144e-02
3.374744400000000144e-02
3.377704000000000123e-02
3.377704000000000123e-02
3.388555299999999881e-02
3.388555299999999881e-02
3.397126200000000207e-02
3.397126200000000207e-02
3.400831199999999888e-02
3.400831199999999888e-02
3.406750800000000329e-02
3.406750800000000329e-02
3.412711899999999743e-02
3.412711899999999743e-02
3.429749199999999887e-02
3.429749199999999887e-02
3.434261899999999784e-02
3.434261899999999784e-02
3.449599200000000310e-02
3.449599200000000310e-02
3.457673199999999891e-02
3.457673199999999891e-02
3.462738900000000147e-02
3.462738900000000147e-02
3.466046400000000194e-02
3.466046400000000194e-02
3.483154299999999953e-02
3.483154299999999953e-02
3.494888200000000056e-02
3.494888200000000056e-02
3.496983299999999878e-02
3.496983299999999878e-02
3.501661300000000199e-02
3.501661300000000199e-02
3.501710300000000081e-02
3.501710300000000081e-02
3.512611000000000205e-02
3.512611000000000205e-02
3.517860300000000273e-02
3.517860300000000273e-02
3.534750400000000181e-02
3.534750400000000181e-02
3.618723000000000078e-02
3.618723000000000078e-02
3.720030800000000137e-02
3.720030800000000137e-02
3.757815800000000039e-02
3.757815800000000039e-02
3.999212299999999748e-02
3.999212299999999748e-02
4.040357599999999660e-02
4.040357599999999660e-02
4.161193299999999679e-02
4.161193299999999679e-02
4.176412300000000022e-02
4.176412300000000022e-02
4.355942299999999989e-02
4.355942299999999989e-02
4.530725199999999925e-02
4.530725199999999925e-02
4.545824700000000024e-02
4.545824700000000024e-02
4.581479799999999686e-02
4.581479799999999686e-02
4.803422599999999931e-02
4.803422599999999931e-02
5.047551200000000016e-02
5.047551200000000016e-02
5.082514900000000002e-02
5.082514900000000002e-02
5.096330599999999988e-02
5.096330599999999988e-02
5.172333199999999687e-02
5.172333199999999687e-02
5.250668700000000327e-02
5.250668700000000327e-02
5.266184399999999932e-02
5.266184399999999932e-02
5.266184399999999932e-02
5.472420800000000335e-02
5.472420800000000335e-02
5.480966200000000205e-02
5.480966200000000205e-02
5.549088199999999832e-02
5.549088199999999832e-02
5.893323400000000101e-02
5.893323400000000101e-02
6.572075700000000464e-02
6.572075700000000464e-02
6.809949199999999758e-02
6.809949199999999758e-02
6.854122199999999887e-02
6.854122199999999887e-02
6.868794400000000078e-02
6.868794400000000078e-02
7.339823800000000453e-02
7.339823800000000453e-02
7.744379099999999794e-02
7.744379099999999794e-02
8.639773400000000381e-02
8.639773400000000381e-02
8.855066100000000273e-02
8.855066100000000273e-02
8.864342899999999581e-02
8.864342899999999581e-02
9.173404899999999806e-02
9.173404899999999806e-02
1.024282200000000004e-01
1.024282200000000004e-01
1.058526500000000065e-01
1.058526500000000065e-01
1.161020799999999964e-01
1.161020799999999964e-01
1.167774300000000015e-01
1.167774300000000015e-01
1.234120999999999968e-01
1.234120999999999968e-01
1.249423900000000004e-01
1.249423900000000004e-01
1.259277799999999892e-01
1.259277799999999892e-01
1.321722700000000084e-01
1.321722700000000084e-01
1.341183699999999868e-01
1.341183699999999868e-01
1.346476199999999956e-01
1.346476199999999956e-01
1.367062300000000119e-01
1.367062300000000119e-01
1.372722299999999951e-01
1.372722299999999951e-01
1.372722299999999951e-01
1.385032099999999877e-01
1.385032099999999877e-01
1.385032099999999877e-01
1.426008800000000132e-01
1.426008800000000132e-01
1.436603100000000133e-01
1.436603100000000133e-01
1.474563600000000085e-01
1.474563600000000085e-01
1.496750900000000106e-01
1.496750900000000106e-01
1.500363200000000008e-01
1.500363200000000008e-01
1.534712400000000088e-01
1.534712400000000088e-01
1.550691999999999904e-01
1.550691999999999904e-01
1.559976399999999930e-01
1.559976399999999930e-01
1.575850900000000110e-01
1.575850900000000110e-01
1.585693099999999911e-01
1.585693099999999911e-01
1.585693099999999911e-01
1.590059699999999965e-01
1.590059699999999965e-01
1.622411199999999887e-01
1.622411199999999887e-01
1.628045499999999923e-01
1.628045499999999923e-01
1.639436999999999978e-01
1.639436999999999978e-01
1.641039199999999865e-01
1.641039199999999865e-01
1.659695900000000002e-01
1.659695900000000002e-01
1.668547400000000014e-01
1.668547400000000014e-01
1.700378100000000114e-01
1.700378100000000114e-01
1.711283100000000057e-01
1.711283100000000057e-01
1.737905100000000091e-01
1.737905100000000091e-01
1.739006800000000019e-01
1.739006800000000019e-01
1.740508699999999964e-01
1.740508699999999964e-01
1.769671399999999950e-01
1.769671399999999950e-01
1.780704100000000123e-01
1.780704100000000123e-01
1.787308200000000125e-01
1.787308200000000125e-01
1.813653100000000018e-01
1.813653100000000018e-01
1.824084099999999931e-01
1.824084099999999931e-01
1.840239700000000089e-01
1.840239700000000089e-01
1.870767399999999914e-01
1.870767399999999914e-01
1.870995900000000101e-01
1.870995900000000101e-01
1.877348199999999967e-01
1.877348199999999967e-01
1.897327699999999950e-01
1.897327699999999950e-01
1.899297100000000016e-01
1.899297100000000016e-01
1.899615900000000135e-01
1.899615900000000135e-01
1.933305999999999913e-01
1.933305999999999913e-01
1.941721999999999893e-01
1.941721999999999893e-01
1.953151300000000035e-01
1.953151300000000035e-01
1.973465699999999989e-01
1.973465699999999989e-01
1.975550000000000084e-01
1.975550000000000084e-01
1.977390699999999890e-01
1.977390699999999890e-01
1.982896500000000117e-01
1.982896500000000117e-01
2.003970499999999932e-01
2.003970499999999932e-01
2.032002199999999870e-01
2.032002199999999870e-01
2.044555700000000031e-01
2.044555700000000031e-01
2.046332800000000007e-01
2.046332800000000007e-01
2.046685099999999979e-01
2.046685099999999979e-01
2.051375199999999899e-01
2.051375199999999899e-01
2.061726700000000023e-01
2.061726700000000023e-01
2.083244700000000116e-01
2.083244700000000116e-01
2.099977600000000055e-01
2.099977600000000055e-01
2.102555299999999960e-01
2.102555299999999960e-01
2.125121000000000093e-01
2.125121000000000093e-01
2.150530900000000023e-01
2.150530900000000023e-01
2.164029700000000001e-01
2.164029700000000001e-01
2.187745500000000121e-01
2.187745500000000121e-01
2.191892900000000088e-01
2.191892900000000088e-01
2.192470800000000108e-01
2.192470800000000108e-01
2.192470800000000108e-01
2.198114499999999916e-01
2.198114499999999916e-01
2.233904700000000076e-01
2.233904700000000076e-01
2.260499499999999995e-01
2.260499499999999995e-01
2.260664199999999902e-01
2.260664199999999902e-01
2.275820600000000027e-01
2.275820600000000027e-01
2.319137800000000138e-01
2.319137800000000138e-01
2.346285200000000071e-01
2.346285200000000071e-01
2.386176200000000025e-01
2.386176200000000025e-01
2.388600499999999904e-01
2.388600499999999904e-01
2.436236499999999972e-01
2.436236499999999972e-01
2.503602999999999801e-01
2.503602999999999801e-01
2.512047900000000111e-01
2.512047900000000111e-01
2.526795600000000253e-01
2.526795600000000253e-01
2.530534999999999868e-01
2.530534999999999868e-01
2.541142900000000204e-01
2.541142900000000204e-01
2.545770500000000269e-01
2.545770500000000269e-01
2.554308299999999976e-01
2.554308299999999976e-01
2.559223800000000049e-01
2.559223800000000049e-01
2.572480600000000006e-01
2.572480600000000006e-01
2.573132399999999986e-01
2.573132399999999986e-01
2.573134899999999781e-01
2.573134899999999781e-01
2.574897099999999828e-01
2.574897099999999828e-01
2.582903699999999914e-01
2.582903699999999914e-01
2.600470300000000123e-01
2.600470300000000123e-01
2.605471699999999946e-01
2.605471699999999946e-01
2.664495299999999900e-01
2.664495299999999900e-01
2.684924499999999936e-01
2.684924499999999936e-01
2.684924499999999936e-01
2.756310900000000230e-01
2.756310900000000230e-01
2.774851199999999740e-01
2.774851199999999740e-01
2.795876400000000261e-01
2.795876400000000261e-01
2.809439499999999978e-01
2.809439499999999978e-01
2.813493699999999875e-01
2.813493699999999875e-01
2.816611700000000162e-01
2.816611700000000162e-01
2.818222499999999964e-01
2.818222499999999964e-01
2.828912699999999725e-01
2.828912699999999725e-01
2.833194499999999727e-01
2.833194499999999727e-01
2.850593499999999891e-01
2.850593499999999891e-01
2.886339099999999935e-01
2.886339099999999935e-01
2.889630300000000096e-01
2.889630300000000096e-01
2.931786100000000062e-01
2.931786100000000062e-01
2.982353899999999891e-01
2.982353899999999891e-01
3.025878499999999915e-01
3.025878499999999915e-01
3.033680699999999897e-01
3.033680699999999897e-01
3.034028300000000122e-01
3.034028300000000122e-01
3.085152600000000134e-01
3.085152600000000134e-01
3.100424900000000039e-01
3.100424900000000039e-01
3.100790700000000122e-01
3.100790700000000122e-01
3.115339400000000092e-01
3.115339400000000092e-01
3.123997900000000105e-01
3.123997900000000105e-01
3.131215700000000157e-01
3.131215700000000157e-01
3.133196799999999893e-01
3.133196799999999893e-01
3.148061099999999723e-01
3.148061099999999723e-01
3.149294799999999839e-01
3.149294799999999839e-01
3.158122600000000113e-01
3.158122600000000113e-01
3.159236899999999792e-01
3.159236899999999792e-01
3.164559299999999964e-01
3.164559299999999964e-01
3.185517400000000277e-01
3.185517400000000277e-01
3.218343699999999807e-01
3.218343699999999807e-01
3.245725300000000257e-01
3.245725300000000257e-01
3.245725300000000257e-01
3.245725300000000257e-01
3.252995100000000139e-01
3.252995100000000139e-01
3.260979099999999908e-01
3.260979099999999908e-01
3.281447800000000248e-01
3.281447800000000248e-01
3.316205099999999795e-01
3.316205099999999795e-01
3.316500700000000190e-01
3.316500700000000190e-01
3.331082100000000157e-01
3.331082100000000157e-01
3.333965999999999874e-01
3.333965999999999874e-01
3.362557099999999854e-01
3.362557099999999854e-01
3.413291199999999859e-01
3.413291199999999859e-01
3.429985600000000079e-01
3.429985600000000079e-01
3.437964199999999915e-01
3.437964199999999915e-01
3.438749600000000073e-01
3.438749600000000073e-01
3.445269100000000195e-01
3.445269100000000195e-01
3.455212500000000020e-01
3.455212500000000020e-01
3.457195100000000076e-01
3.457195100000000076e-01
3.457575500000000246e-01
3.457575500000000246e-01
3.458899899999999805e-01
3.458899899999999805e-01
3.470044400000000251e-01
3.470044400000000251e-01
3.485196899999999931e-01
3.485196899999999931e-01
3.491784900000000080e-01
3.491784900000000080e-01
3.530626599999999726e-01
3.530626599999999726e-01
3.530626599999999726e-01
3.537769900000000134e-01
3.537769900000000134e-01
3.576743099999999953e-01
3.576743099999999953e-01
3.613832599999999839e-01
3.613832599999999839e-01
3.623309299999999955e-01
3.623309299999999955e-01
3.642585700000000037e-01
3.642585700000000037e-01
3.651905899999999816e-01
3.651905899999999816e-01
3.652124600000000165e-01
3.652124600000000165e-01
3.684304199999999807e-01
3.684304199999999807e-01
3.718499699999999741e-01
3.718499699999999741e-01
3.749627999999999850e-01
3.749627999999999850e-01
3.755928700000000231e-01
3.755928700000000231e-01
3.811404500000000195e-01
3.811404500000000195e-01
3.811404500000000195e-01
3.830686600000000053e-01
3.830686600000000053e-01
3.841436300000000137e-01
3.841436300000000137e-01
3.873002500000000126e-01
3.873002500000000126e-01
3.892244400000000049e-01
3.892244400000000049e-01
3.904639599999999988e-01
3.904639599999999988e-01
3.923598400000000153e-01
3.923598400000000153e-01
3.943445400000000212e-01
3.943445400000000212e-01
3.943808599999999998e-01
3.943808599999999998e-01
4.002483900000000094e-01
4.002483900000000094e-01
4.002483900000000094e-01
4.002483900000000094e-01
4.002866400000000269e-01
4.002866400000000269e-01
4.004253799999999974e-01
4.004253799999999974e-01
4.036713200000000001e-01
4.036713200000000001e-01
4.039325300000000118e-01
4.039325300000000118e-01
4.104961200000000199e-01
4.104961200000000199e-01
4.154854599999999731e-01
4.154854599999999731e-01
4.166918199999999906e-01
4.166918199999999906e-01
4.187518100000000021e-01
4.187518100000000021e-01
4.187628299999999748e-01
4.187628299999999748e-01
4.209088100000000221e-01
4.209088100000000221e-01
4.214437200000000217e-01
4.214437200000000217e-01
4.221132699999999849e-01
4.221132699999999849e-01
4.223751800000000167e-01
4.223751800000000167e-01
4.225230099999999767e-01
4.225230099999999767e-01
4.243011899999999947e-01
4.243011899999999947e-01
4.278815599999999941e-01
4.278815599999999941e-01
4.322112100000000123e-01
4.322112100000000123e-01
4.350343099999999796e-01
4.350343099999999796e-01
4.358394500000000171e-01
4.358394500000000171e-01
4.396957499999999963e-01
4.396957499999999963e-01
4.427463500000000107e-01
4.427463500000000107e-01
4.438947999999999783e-01
4.438947999999999783e-01
4.441076099999999860e-01
4.441076099999999860e-01
4.467704699999999751e-01
4.467704699999999751e-01
4.494959800000000172e-01
4.494959800000000172e-01
4.529874999999999874e-01
4.529874999999999874e-01
4.534834600000000049e-01
4.534834600000000049e-01
4.579914700000000116e-01
4.579914700000000116e-01
4.584065600000000185e-01
4.584065600000000185e-01
4.595392400000000155e-01
4.595392400000000155e-01
4.615761299999999734e-01
4.615761299999999734e-01
4.626617599999999775e-01
4.626617599999999775e-01
4.637046100000000171e-01
4.637046100000000171e-01
4.638126300000000035e-01
4.638126300000000035e-01
4.650772699999999871e-01
4.650772699999999871e-01
4.658814000000000011e-01
4.658814000000000011e-01
4.659721600000000241e-01
4.659721600000000241e-01
4.682757399999999959e-01
4.682757399999999959e-01
4.727427799999999736e-01
4.727427799999999736e-01
4.733793299999999871e-01
4.733793299999999871e-01
4.759587000000000123e-01
4.759587000000000123e-01
4.773264300000000238e-01
4.773264300000000238e-01
4.798808700000000149e-01
4.798808700000000149e-01
4.800856099999999960e-01
4.800856099999999960e-01
4.837703099999999812e-01
4.837703099999999812e-01
4.853340999999999905e-01
4.853340999999999905e-01
4.873736399999999969e-01
4.873736399999999969e-01
4.873736399999999969e-01
4.873964299999999916e-01
4.921212799999999943e-01
4.921212799999999943e-01
4.936802900000000216e-01
4.936802900000000216e-01
4.969710800000000095e-01
4.969710800000000095e-01
4.981232500000000174e-01
4.981232500000000174e-01
4.987508299999999783e-01
4.987508299999999783e-01
4.995060800000000190e-01
4.995060800000000190e-01
5.012149000000000187e-01
5.012149000000000187e-01
5.034021300000000032e-01
5.034021300000000032e-01
5.043070400000000397e-01
5.043070400000000397e-01
5.043622100000000330e-01
5.043622100000000330e-01
5.044551400000000241e-01
5.044551400000000241e-01
5.044701999999999797e-01
5.044701999999999797e-01
5.046240100000000117e-01
5.046240100000000117e-01
5.047332599999999614e-01
5.047332599999999614e-01
5.047412199999999904e-01
5.047412199999999904e-01
5.047667000000000126e-01
5.047667000000000126e-01
5.047667000000000126e-01
5.047783300000000528e-01
5.047783300000000528e-01
5.062156500000000170e-01
5.062156500000000170e-01
5.066470699999999772e-01
5.066470699999999772e-01
5.066886200000000340e-01
5.066886200000000340e-01
5.066887700000000105e-01
5.066887700000000105e-01
5.099437999999999471e-01
5.099437999999999471e-01
5.115490900000000396e-01
5.115490900000000396e-01
5.117051000000000238e-01
5.117051000000000238e-01
5.119898600000000188e-01
5.119898600000000188e-01
5.144865400000000477e-01
5.144865400000000477e-01
5.150111499999999731e-01
5.150111499999999731e-01
5.169045399999999679e-01
5.169045399999999679e-01
5.206527699999999870e-01
5.206527699999999870e-01
5.206877800000000445e-01
5.206877800000000445e-01
5.252842399999999579e-01
5.252842399999999579e-01
5.255840000000000511e-01
5.255840000000000511e-01
5.264182899999999554e-01
5.264182899999999554e-01
5.297166800000000508e-01
5.297166800000000508e-01
5.298120099999999999e-01
5.298120099999999999e-01
5.302548599999999945e-01
5.302548599999999945e-01
5.321764399999999728e-01
5.321764399999999728e-01
5.324095599999999484e-01
5.324095599999999484e-01
5.354949599999999643e-01
5.354949599999999643e-01
5.356041700000000461e-01
5.356041700000000461e-01
5.361282899999999518e-01
5.361282899999999518e-01
5.388727199999999717e-01
5.388727199999999717e-01
5.422519799999999668e-01
5.422519799999999668e-01
5.465004399999999762e-01
5.465004399999999762e-01
5.494818500000000494e-01
5.494818500000000494e-01
5.510940600000000522e-01
5.510940600000000522e-01
5.525888799999999490e-01
5.525888799999999490e-01
5.525904499999999553e-01
5.525904499999999553e-01
5.545161400000000462e-01
5.545161400000000462e-01
5.558596999999999566e-01
5.558596999999999566e-01
5.565333199999999980e-01
5.565333199999999980e-01
5.599433700000000513e-01
5.599433700000000513e-01
5.604377999999999860e-01
5.604377999999999860e-01
5.668581299999999601e-01
5.668581299999999601e-01
5.673079100000000263e-01
5.673079100000000263e-01
5.676299299999999493e-01
5.676299299999999493e-01
5.702268000000000336e-01
5.702268000000000336e-01
5.703611100000000045e-01
5.703611100000000045e-01
5.704375900000000499e-01
5.704375900000000499e-01
5.747766899999999790e-01
5.747766899999999790e-01
5.793997800000000309e-01
5.793997800000000309e-01
5.795935199999999732e-01
5.795935199999999732e-01
5.822884499999999575e-01
5.822884499999999575e-01
5.828829599999999500e-01
5.828829599999999500e-01
5.836621100000000117e-01
5.836621100000000117e-01
5.843668899999999722e-01
5.843668899999999722e-01
5.859413300000000380e-01
5.859413300000000380e-01
5.869321499999999858e-01
5.869321499999999858e-01
5.882700800000000285e-01
5.882700800000000285e-01
5.895386000000000237e-01
5.895386000000000237e-01
5.902491100000000213e-01
5.902491100000000213e-01
5.927761200000000175e-01
5.927761200000000175e-01
5.935747099999999499e-01
5.935747099999999499e-01
5.935952199999999790e-01
5.935952199999999790e-01
5.992064200000000174e-01
5.992064200000000174e-01
6.009449399999999830e-01
6.009449399999999830e-01
6.009769600000000045e-01
6.009769600000000045e-01
6.071151399999999976e-01
6.071151399999999976e-01
6.110798299999999905e-01
6.110798299999999905e-01
6.137517099999999504e-01
6.137517099999999504e-01
6.214222900000000438e-01
6.214222900000000438e-01
6.255344800000000038e-01
6.255344800000000038e-01
6.261904499999999540e-01
6.261904499999999540e-01
6.361969899999999623e-01
6.361969899999999623e-01
6.365509299999999593e-01
6.365509299999999593e-01
6.377929199999999854e-01
6.377929199999999854e-01
6.377929199999999854e-01
6.377929199999999854e-01
6.377929199999999854e-01
6.377929199999999854e-01
6.390484499999999901e-01
6.390484499999999901e-01
6.394472399999999723e-01
6.394472399999999723e-01
6.440197600000000522e-01
6.440197600000000522e-01
6.475299899999999997e-01
6.475299899999999997e-01
6.499460299999999524e-01
6.499460299999999524e-01
6.510850599999999933e-01
6.510850599999999933e-01
6.552404800000000140e-01
6.552404800000000140e-01
6.593046900000000266e-01
6.593046900000000266e-01
6.595149500000000442e-01
6.595149500000000442e-01
6.601908100000000168e-01
6.601908100000000168e-01
6.602557000000000009e-01
6.602557000000000009e-01
6.613918399999999531e-01
6.613918399999999531e-01
6.615268800000000393e-01
6.615268800000000393e-01
6.645719199999999827e-01
6.645719199999999827e-01
6.648383700000000118e-01
6.648383700000000118e-01
6.682025700000000512e-01
6.682025700000000512e-01
6.735003600000000201e-01
6.735003600000000201e-01
6.740324800000000449e-01
6.740324800000000449e-01
6.750370300000000379e-01
6.750370300000000379e-01
6.810226099999999727e-01
6.810226099999999727e-01
6.827191000000000232e-01
6.827191000000000232e-01
6.875177399999999883e-01
6.875177399999999883e-01
6.881568900000000211e-01
6.881568900000000211e-01
6.897591899999999665e-01
6.897591899999999665e-01
6.901782100000000142e-01
6.901782100000000142e-01
6.918857800000000058e-01
6.918857800000000058e-01
6.919022700000000414e-01
6.919022700000000414e-01
6.925785399999999647e-01
6.925785399999999647e-01
6.930132900000000040e-01
6.930132900000000040e-01
6.930724400000000118e-01
6.930724400000000118e-01
6.999744700000000153e-01
6.999744700000000153e-01
7.041496699999999498e-01
7.041496699999999498e-01
7.111407299999999987e-01
7.111407299999999987e-01
7.121796500000000529e-01
7.121796500000000529e-01
7.134207999999999661e-01
7.134207999999999661e-01
7.144074299999999544e-01
7.144074299999999544e-01
7.148286299999999649e-01
7.148286299999999649e-01
7.154403599999999974e-01
7.154403599999999974e-01
7.196877999999999886e-01
7.196877999999999886e-01
7.201727199999999884e-01
7.201727199999999884e-01
7.233283400000000141e-01
7.233283400000000141e-01
7.258950199999999464e-01
7.258950199999999464e-01
7.301434500000000272e-01
7.301434500000000272e-01
7.301615900000000270e-01
7.301615900000000270e-01
7.343540499999999804e-01
7.343540499999999804e-01
7.358128000000000446e-01
7.358128000000000446e-01
7.360037299999999671e-01
7.360037299999999671e-01
7.407336799999999499e-01
7.407336799999999499e-01
7.436927100000000346e-01
7.436927100000000346e-01
7.436927100000000346e-01
7.436927100000000346e-01
7.440995700000000435e-01
7.440995700000000435e-01
7.534159599999999957e-01
7.534159599999999957e-01
7.571314399999999889e-01
7.571314399999999889e-01
7.594891000000000281e-01
7.594891000000000281e-01
7.633489599999999653e-01
7.633489599999999653e-01
7.650766599999999640e-01
7.650766599999999640e-01
7.650766599999999640e-01
7.697424699999999564e-01
7.697424699999999564e-01
7.697424699999999564e-01
7.740717900000000373e-01
7.740717900000000373e-01
7.744684200000000462e-01
7.744684200000000462e-01
7.758947000000000482e-01
7.758947000000000482e-01
7.764153400000000094e-01
7.764153400000000094e-01
7.814345799999999898e-01
7.814345799999999898e-01
7.820583800000000529e-01
7.820583800000000529e-01
7.885543999999999887e-01
7.885543999999999887e-01
7.906833800000000467e-01
7.906833800000000467e-01
7.915148600000000423e-01
7.915148600000000423e-01
7.916950799999999955e-01
7.916950799999999955e-01
7.931819500000000245e-01
7.931819500000000245e-01
7.934238099999999516e-01
7.934238099999999516e-01
7.934239899999999679e-01
7.934239899999999679e-01
7.989014500000000130e-01
7.989014500000000130e-01
8.022158600000000028e-01
8.022158600000000028e-01
8.080730400000000202e-01
8.080730400000000202e-01
8.086829199999999718e-01
8.086829199999999718e-01
8.122546699999999564e-01
8.122546699999999564e-01
8.137058400000000136e-01
8.137058400000000136e-01
8.169145199999999774e-01
8.169145199999999774e-01
8.169275099999999679e-01
8.169275099999999679e-01
8.203576799999999780e-01
8.203576799999999780e-01
8.231887399999999744e-01
8.231887399999999744e-01
8.261957399999999563e-01
8.261957399999999563e-01
8.267739100000000008e-01
8.267739100000000008e-01
8.281760599999999917e-01
8.281760599999999917e-01
8.296499200000000407e-01
8.296499200000000407e-01
8.471556999999999560e-01
8.471556999999999560e-01
8.471819800000000011e-01
8.471819800000000011e-01
8.506979500000000360e-01
8.506979500000000360e-01
8.529396200000000094e-01
8.529396200000000094e-01
8.538007199999999575e-01
8.538007199999999575e-01
8.542438700000000162e-01
8.542438700000000162e-01
8.552582499999999976e-01
8.552582499999999976e-01
8.552587400000000173e-01
8.552587400000000173e-01
8.552587400000000173e-01
8.580116599999999538e-01
8.580116599999999538e-01
8.601692699999999858e-01
8.601692699999999858e-01
8.640649400000000036e-01
8.640649400000000036e-01
8.656093200000000154e-01
8.656093200000000154e-01
8.658940499999999707e-01
8.658940499999999707e-01
8.658940499999999707e-01
8.676032399999999978e-01
8.676032399999999978e-01
8.683242300000000302e-01
8.683242300000000302e-01
8.731985300000000283e-01
8.731985300000000283e-01
8.736612299999999554e-01
8.736612299999999554e-01
8.741885999999999823e-01
8.741885999999999823e-01
8.765251899999999541e-01
8.765251899999999541e-01
8.770931699999999775e-01
8.770931699999999775e-01
8.839182399999999662e-01
8.839182399999999662e-01
8.839182399999999662e-01
8.944111799999999723e-01
8.944111799999999723e-01
8.953830799999999979e-01
8.953830799999999979e-01
8.979514199999999446e-01
8.979514199999999446e-01
8.981991799999999859e-01
8.981991799999999859e-01
9.009231500000000059e-01
9.009231500000000059e-01
9.009355900000000084e-01
9.009355900000000084e-01
9.015427999999999775e-01
9.015427999999999775e-01
9.024197299999999755e-01
9.024197299999999755e-01
9.036957399999999696e-01
9.036957399999999696e-01
9.106967999999999730e-01
9.106967999999999730e-01
9.107486700000000379e-01
9.107486700000000379e-01
9.125335199999999869e-01
9.125335199999999869e-01
9.138021800000000194e-01
9.138021800000000194e-01
9.151220100000000413e-01
9.151220100000000413e-01
9.163454300000000163e-01
9.163454300000000163e-01
9.163454300000000163e-01
9.244964900000000041e-01
9.244964900000000041e-01
9.266322999999999643e-01
9.266322999999999643e-01
9.309723800000000438e-01
9.309723800000000438e-01
9.310618099999999897e-01
9.310618099999999897e-01
9.336062699999999603e-01
9.336062699999999603e-01
9.341805800000000382e-01
9.341805800000000382e-01
9.366266199999999653e-01
9.366266199999999653e-01
9.366266199999999653e-01
9.371864600000000545e-01
9.371864600000000545e-01
9.425200799999999823e-01
9.425200799999999823e-01
9.449159200000000203e-01
9.449159200000000203e-01
9.453804199999999991e-01
9.453804199999999991e-01
9.462927300000000264e-01
9.462927300000000264e-01
9.544916300000000353e-01
9.544916300000000353e-01
9.765018199999999648e-01
9.765018199999999648e-01
9.805144000000000082e-01
9.805144000000000082e-01
9.805144000000000082e-01
9.826975500000000308e-01
9.826975500000000308e-01
9.915352400000000399e-01
9.915352400000000399e-01
9.918944699999999726e-01
9.918944699999999726e-01
9.949424100000000548e-01
9.949424100000000548e-01
9.949424100000000548e-01
1.003027600000000019e+00
1.003027600000000019e+00
1.003154199999999996e+00
1.003154199999999996e+00
1.006206200000000051e+00
1.006206200000000051e+00
1.009322999999999970e+00
1.009322999999999970e+00
1.009322999999999970e+00
1.010386699999999971e+00
1.010386699999999971e+00
1.011501399999999995e+00
1.011501399999999995e+00
1.014445700000000006e+00
1.014445700000000006e+00
1.015987799999999996e+00
1.015987799999999996e+00
1.018236200000000036e+00
1.018236200000000036e+00
1.019745300000000077e+00
1.019745300000000077e+00
1.029507200000000067e+00
1.029507200000000067e+00
1.029712500000000031e+00
1.029712500000000031e+00
1.034002099999999924e+00
1.034002099999999924e+00
1.037741599999999931e+00
1.037741599999999931e+00
1.038861699999999999e+00
1.038861699999999999e+00
1.053268700000000058e+00
1.053268700000000058e+00
1.054996700000000009e+00
1.054996700000000009e+00
1.057208699999999890e+00
1.057208699999999890e+00
1.063382599999999956e+00
1.063382599999999956e+00
1.064727200000000096e+00
1.064727200000000096e+00
1.066343199999999936e+00
1.066343199999999936e+00
1.067597899999999989e+00
1.067597899999999989e+00
1.070837899999999898e+00
1.070837899999999898e+00
1.076552900000000035e+00
1.076552900000000035e+00
1.076552900000000035e+00
1.079679800000000078e+00
1.079679800000000078e+00
1.079900800000000105e+00
1.079900800000000105e+00
1.081080400000000052e+00
1.081080400000000052e+00
1.082509900000000025e+00
1.082509900000000025e+00
1.085249300000000083e+00
1.085249300000000083e+00
1.085590999999999973e+00
1.085590999999999973e+00
1.085746199999999995e+00
1.085746199999999995e+00
1.086475499999999927e+00
1.086475499999999927e+00
1.088185200000000075e+00
1.088185200000000075e+00
1.090663099999999996e+00
1.090663099999999996e+00
1.093485700000000005e+00
1.093485700000000005e+00
1.094471399999999983e+00
1.094471399999999983e+00
1.094471399999999983e+00
1.095053400000000066e+00
1.095053400000000066e+00
1.101379099999999944e+00
1.101379099999999944e+00
1.102467800000000109e+00
1.102467800000000109e+00
1.102781800000000034e+00
1.102781800000000034e+00
1.106193900000000063e+00
1.106193900000000063e+00
1.110591899999999965e+00
1.110591899999999965e+00
1.111599000000000004e+00
1.111599000000000004e+00
1.112135600000000002e+00
1.112135600000000002e+00
1.115209700000000081e+00
1.115209700000000081e+00
1.121367500000000073e+00
1.121367500000000073e+00
1.126918700000000051e+00
1.126918700000000051e+00
1.130643300000000018e+00
1.130643300000000018e+00
1.130650799999999956e+00
1.130650799999999956e+00
1.130650799999999956e+00
1.137014900000000051e+00
1.137014900000000051e+00
1.138504799999999983e+00
1.138504799999999983e+00
1.139204099999999942e+00
1.139204099999999942e+00
1.143101900000000004e+00
1.143101900000000004e+00
1.144311700000000043e+00
1.144311700000000043e+00
1.145255799999999935e+00
1.145255799999999935e+00
1.148082400000000058e+00
1.148082400000000058e+00
1.149362299999999948e+00
1.149362299999999948e+00
1.151225299999999896e+00
1.151225299999999896e+00
1.152129399999999970e+00
1.152129399999999970e+00
1.153314299999999903e+00
1.153314299999999903e+00
1.157691100000000084e+00
1.157691100000000084e+00
1.159189000000000025e+00
1.159189000000000025e+00
1.159313599999999944e+00
1.159313599999999944e+00
1.161655000000000104e+00
1.161655000000000104e+00
1.164396999999999904e+00
1.164396999999999904e+00
1.171028799999999981e+00
1.171028799999999981e+00
1.171523499999999940e+00
1.171523499999999940e+00
1.178175900000000054e+00
1.178175900000000054e+00
1.187653999999999987e+00
1.187653999999999987e+00
1.194142899999999896e+00
1.194142899999999896e+00
1.196200799999999953e+00
1.196200799999999953e+00
1.199950300000000025e+00
1.199950300000000025e+00
1.200219200000000042e+00
1.200219200000000042e+00
1.200815100000000024e+00
1.200815100000000024e+00
1.202337100000000047e+00
1.202337100000000047e+00
1.202374999999999972e+00
1.202374999999999972e+00
1.205941399999999941e+00
1.205941399999999941e+00
1.206064000000000025e+00
1.206064000000000025e+00
1.206724300000000083e+00
1.206724300000000083e+00
1.207559999999999967e+00
1.207559999999999967e+00
1.208623400000000014e+00
1.208623400000000014e+00
1.208638300000000054e+00
1.208638300000000054e+00
1.209066100000000032e+00
1.209066100000000032e+00
1.210782299999999978e+00
1.210782299999999978e+00
1.211000899999999936e+00
1.211000899999999936e+00
1.213684800000000008e+00
1.213684800000000008e+00
1.214900099999999927e+00
1.214900099999999927e+00
1.215517799999999982e+00
1.215517799999999982e+00
1.216933700000000007e+00
1.216933700000000007e+00
1.222822800000000099e+00
1.222822800000000099e+00
1.223908299999999949e+00
1.223908299999999949e+00
1.224991799999999964e+00
1.224991799999999964e+00
1.226063200000000020e+00
1.226063200000000020e+00
1.231770000000000032e+00
1.231770000000000032e+00
1.234499500000000083e+00
1.234499500000000083e+00
1.238904800000000028e+00
1.238904800000000028e+00
1.241218500000000002e+00
1.241218500000000002e+00
1.242191599999999951e+00
1.242191599999999951e+00
1.244352099999999961e+00
1.244352099999999961e+00
1.249001500000000098e+00
1.249001500000000098e+00
1.257313300000000078e+00
1.257313300000000078e+00
1.259412299999999929e+00
1.259412299999999929e+00
1.259957500000000064e+00
1.259957500000000064e+00
1.261442200000000069e+00
1.261442200000000069e+00
1.266020399999999935e+00
1.266020399999999935e+00
1.267711400000000044e+00
1.267711400000000044e+00
1.268191700000000033e+00
1.268191700000000033e+00
1.269324399999999908e+00
1.269324399999999908e+00
1.269778999999999991e+00
1.269778999999999991e+00
1.271352999999999955e+00
1.271352999999999955e+00
1.275026800000000016e+00
1.275026800000000016e+00
1.277229100000000006e+00
1.277229100000000006e+00
1.282790899999999956e+00
1.282790899999999956e+00
1.285076899999999966e+00
1.285076899999999966e+00
1.286952099999999932e+00
1.286952099999999932e+00
1.287954700000000008e+00
1.287954700000000008e+00
1.288368399999999969e+00
1.288368399999999969e+00
1.290437999999999974e+00
1.290437999999999974e+00
1.296269099999999952e+00
1.296269099999999952e+00
1.298466200000000015e+00
1.298466200000000015e+00
1.303129600000000110e+00
1.303129600000000110e+00
1.303136499999999920e+00
1.303136499999999920e+00
1.306138199999999916e+00
1.306138199999999916e+00
1.306367700000000021e+00
1.306367700000000021e+00
1.312034200000000039e+00
1.312034200000000039e+00
1.313273600000000041e+00
1.313273600000000041e+00
1.313529799999999970e+00
1.313529799999999970e+00
1.323097100000000026e+00
1.323097100000000026e+00
1.344294600000000006e+00
1.344294600000000006e+00
1.350214000000000025e+00
1.350214000000000025e+00
1.350982399999999917e+00
1.350982399999999917e+00
1.363744800000000090e+00
1.363744800000000090e+00
1.372631500000000004e+00
1.372631500000000004e+00
1.377913399999999955e+00
1.377913399999999955e+00
1.382193400000000016e+00
1.382193400000000016e+00
1.382666900000000032e+00
1.382666900000000032e+00
1.383189100000000060e+00
1.383189100000000060e+00
1.383191899999999919e+00
1.383191899999999919e+00
1.390796200000000038e+00
1.390796200000000038e+00
1.396404999999999896e+00
1.396404999999999896e+00
1.398153399999999991e+00
1.398153399999999991e+00
1.399093099999999978e+00
1.399093099999999978e+00
1.399287500000000017e+00
1.399287500000000017e+00
1.404520699999999955e+00
1.404520699999999955e+00
1.405221099999999890e+00
1.405221099999999890e+00
1.405533900000000003e+00
1.405533900000000003e+00
1.405533900000000003e+00
1.405807299999999982e+00
1.405807299999999982e+00
1.406276599999999988e+00
1.406276599999999988e+00
1.406534299999999904e+00
1.406534299999999904e+00
1.408751000000000086e+00
1.408751000000000086e+00
1.412345399999999973e+00
1.412345399999999973e+00
1.413155699999999904e+00
1.413155699999999904e+00
1.414887699999999970e+00
1.414887699999999970e+00
1.417920599999999975e+00
1.417920599999999975e+00
1.418359799999999948e+00
1.418359799999999948e+00
1.418388399999999994e+00
1.418388399999999994e+00
1.418392600000000003e+00
1.418392600000000003e+00
1.418662099999999926e+00
1.418662099999999926e+00
1.422379800000000083e+00
1.422379800000000083e+00
1.427613100000000079e+00
1.427613100000000079e+00
1.427613100000000079e+00
1.428282100000000110e+00
1.428282100000000110e+00
1.428629499999999997e+00
1.428629499999999997e+00
1.442955299999999941e+00
1.442955299999999941e+00
1.444420800000000060e+00
1.444420800000000060e+00
1.452863900000000097e+00
1.452863900000000097e+00
1.458296899999999896e+00
1.458296899999999896e+00
1.458296899999999896e+00
1.464167299999999949e+00
1.464167299999999949e+00
1.464167299999999949e+00
1.466187300000000082e+00
1.466187300000000082e+00
1.473179699999999981e+00
1.473179699999999981e+00
1.478098700000000099e+00
1.478098700000000099e+00
1.478628199999999948e+00
1.478628199999999948e+00
1.479395900000000097e+00
1.479395900000000097e+00
1.479937099999999894e+00
1.479937099999999894e+00
1.482757700000000067e+00
1.482757700000000067e+00
1.483010299999999893e+00
1.483010299999999893e+00
1.486115599999999981e+00
1.486115599999999981e+00
1.486158700000000055e+00
1.486158700000000055e+00
1.487990399999999935e+00
1.487990399999999935e+00
1.488099199999999955e+00
1.488099199999999955e+00
1.496077399999999891e+00
1.496077399999999891e+00
1.499534399999999934e+00
1.499534399999999934e+00
1.514413699999999974e+00
1.514413699999999974e+00
1.522657200000000044e+00
1.522657200000000044e+00
1.529080699999999959e+00
1.529080699999999959e+00
1.542264099999999916e+00
1.542264099999999916e+00
1.544699400000000056e+00
1.544699400000000056e+00
1.551648499999999986e+00
1.551648499999999986e+00
1.574533799999999983e+00
1.574533799999999983e+00
1.583918600000000065e+00
1.583918600000000065e+00
1.586237799999999920e+00
1.586237799999999920e+00
1.596364200000000011e+00
1.596364200000000011e+00
1.602064600000000061e+00
1.602064600000000061e+00
1.606140600000000029e+00
1.606140600000000029e+00
1.606176599999999954e+00
1.606176599999999954e+00
1.614161100000000015e+00
1.614161100000000015e+00
1.625331700000000046e+00
1.625331700000000046e+00
1.628368999999999955e+00
1.628368999999999955e+00
1.628554599999999963e+00
1.628554599999999963e+00
1.643383800000000061e+00
1.643383800000000061e+00
1.643779600000000007e+00
1.643779600000000007e+00
1.650576700000000008e+00
1.650576700000000008e+00
1.650809299999999924e+00
1.650809299999999924e+00
1.654756600000000022e+00
1.654756600000000022e+00
1.654756600000000022e+00
1.656040500000000026e+00
1.656040500000000026e+00
1.656610200000000033e+00
1.656610200000000033e+00
1.658425899999999897e+00
1.658425899999999897e+00
1.662824000000000080e+00
1.662824000000000080e+00
1.662824000000000080e+00
1.662824000000000080e+00
1.662849599999999928e+00
1.662849599999999928e+00
1.664262899999999989e+00
1.664262899999999989e+00
1.669034700000000093e+00
1.669034700000000093e+00
1.693511800000000012e+00
1.693511800000000012e+00
1.707031500000000035e+00
1.707031500000000035e+00
1.712403300000000073e+00
1.712403300000000073e+00
1.718237100000000073e+00
1.718237100000000073e+00
1.750408100000000022e+00
1.750408100000000022e+00
1.762950100000000075e+00
1.762950100000000075e+00
1.763081399999999910e+00
1.763081399999999910e+00
1.766379499999999991e+00
1.766379499999999991e+00
1.788106799999999996e+00
1.788106799999999996e+00
1.793272299999999930e+00
1.793272299999999930e+00
1.801886400000000110e+00
1.801886400000000110e+00
1.811305399999999954e+00
1.811305399999999954e+00
1.811305399999999954e+00
1.811305399999999954e+00
1.813131599999999954e+00
1.813131599999999954e+00
1.813145400000000018e+00
1.813145400000000018e+00
1.820065199999999939e+00
1.820065199999999939e+00
1.836956699999999998e+00
1.836956699999999998e+00
1.849949000000000066e+00
1.849949000000000066e+00
1.869908499999999973e+00
1.869908499999999973e+00
1.880198199999999931e+00
1.880198199999999931e+00
1.907604300000000030e+00
1.907604300000000030e+00
1.909608299999999925e+00
1.909608299999999925e+00
1.920393500000000087e+00
1.920393500000000087e+00
1.922857299999999992e+00
1.922857299999999992e+00
1.951251800000000092e+00
1.951251800000000092e+00
1.951677200000000001e+00
1.951677200000000001e+00
1.952243399999999962e+00
1.952243399999999962e+00
1.961118399999999928e+00
1.961118399999999928e+00
1.961748700000000012e+00
1.961748700000000012e+00
1.961803100000000022e+00
1.961803100000000022e+00
1.965420100000000003e+00
1.965420100000000003e+00
1.968758299999999961e+00
1.968758299999999961e+00
1.969682699999999897e+00
1.969682699999999897e+00
1.973728699999999892e+00
1.973728699999999892e+00
1.974293000000000076e+00
1.974293000000000076e+00
2.006804300000000207e+00
2.006804300000000207e+00
2.014473000000000180e+00
2.014473000000000180e+00
2.020771299999999826e+00
2.020771299999999826e+00
2.022614200000000029e+00
2.022614200000000029e+00
2.032772899999999883e+00
2.032772899999999883e+00
2.034454900000000066e+00
2.034454900000000066e+00
2.034455100000000183e+00
2.034455100000000183e+00
2.036207399999999890e+00
2.036207399999999890e+00
2.040296899999999969e+00
2.040296899999999969e+00
2.043165199999999793e+00
2.043165199999999793e+00
2.047718399999999939e+00
2.047718399999999939e+00
2.050111499999999864e+00
2.050111499999999864e+00
2.060489500000000085e+00
2.060489500000000085e+00
2.062796800000000097e+00
2.062796800000000097e+00
2.069881200000000199e+00
2.069881200000000199e+00
2.072333700000000167e+00
2.072333700000000167e+00
2.072382699999999911e+00
2.072382699999999911e+00
2.081075900000000090e+00
2.081075900000000090e+00
2.082399999999999807e+00
2.082399999999999807e+00
2.084546500000000080e+00
2.084546500000000080e+00
2.084594800000000081e+00
2.084594800000000081e+00
2.091099300000000216e+00
2.091099300000000216e+00
2.098544599999999871e+00
2.098544599999999871e+00
2.112839199999999806e+00
2.112839199999999806e+00
2.114276100000000103e+00
2.114276100000000103e+00
2.115078899999999873e+00
2.115078899999999873e+00
2.122267799999999927e+00
2.122267799999999927e+00
2.126897899999999897e+00
2.126897899999999897e+00
2.128365300000000016e+00
2.128365300000000016e+00
2.136560600000000143e+00
2.136560600000000143e+00
2.136700700000000008e+00
2.136700700000000008e+00
2.144259900000000219e+00
2.144259900000000219e+00
2.144268100000000121e+00
2.144268100000000121e+00
2.144983799999999885e+00
2.144983799999999885e+00
2.144983900000000165e+00
2.144983900000000165e+00
2.144984000000000002e+00
2.144984000000000002e+00
2.144989199999999929e+00
2.144989199999999929e+00
2.144989199999999929e+00
2.148404900000000062e+00
2.148404900000000062e+00
2.418669899999999817e+00
2.418669899999999817e+00
2.560346800000000034e+00
2.560346800000000034e+00
2.567322400000000115e+00
2.567322400000000115e+00
2.816738899999999823e+00
2.816738899999999823e+00
3.049792099999999895e+00
3.049792099999999895e+00
3.498247899999999966e+00
3.498247899999999966e+00
3.522398499999999988e+00
3.522398499999999988e+00
3.663839900000000149e+00
3.663839900000000149e+00
3.893748899999999846e+00
3.893748899999999846e+00
4.176581900000000402e+00
4.176581900000000402e+00
4.210718299999999914e+00
4.210718299999999914e+00
4.256071900000000241e+00
4.256071900000000241e+00
4.604748200000000402e+00
4.604748200000000402e+00
4.629986800000000180e+00
4.629986800000000180e+00
4.689081700000000019e+00
4.689081700000000019e+00
4.730143799999999565e+00
4.730143799999999565e+00
5.696778100000000400e+00
5.696778100000000400e+00
5.836819300000000155e+00
5.836819300000000155e+00
5.890947599999999618e+00
5.890947599999999618e+00
5.890992200000000345e+00
5.890992200000000345e+00
6.527262300000000295e+00
6.527262300000000295e+00
6.688707899999999817e+00
6.688707899999999817e+00
6.688707899999999817e+00
6.688707899999999817e+00
6.689010399999999912e+00
6.689010399999999912e+00
6.946322799999999908e+00
6.946322799999999908e+00
7.217408700000000010e+00
7.217408700000000010e+00
7.346141199999999927e+00
7.346141199999999927e+00
7.395405900000000088e+00
7.395405900000000088e+00
7.755370700000000284e+00
7.755370700000000284e+00
7.772487299999999877e+00
7.772487299999999877e+00
7.772487299999999877e+00
7.949863999999999820e+00
7.949863999999999820e+00
8.091504000000000474e+00
8.091504000000000474e+00
8.294557700000000366e+00
8.294557700000000366e+00
8.422962800000000527e+00
8.422962800000000527e+00
8.639981699999999876e+00
8.639981699999999876e+00
8.729086900000000426e+00
8.729086900000000426e+00
9.087785600000000130e+00
9.087785600000000130e+00
9.284485999999999351e+00
9.284485999999999351e+00
9.390244900000000783e+00
9.390244900000000783e+00
9.416818199999999806e+00
9.416818199999999806e+00
9.962401800000000307e+00
9.962401800000000307e+00
1.014671799999999990e+01
1.014671799999999990e+01
1.072625200000000056e+01
1.072625200000000056e+01
1.072756799999999977e+01
1.072756799999999977e+01
1.080455399999999955e+01
1.080455399999999955e+01
1.127035200000000081e+01
1.127035200000000081e+01
1.162581800000000065e+01
1.162581800000000065e+01
1.188583099999999959e+01
1.188583099999999959e+01
1.189509999999999934e+01
1.189509999999999934e+01
1.202107499999999973e+01
1.202107499999999973e+01
1.233137400000000028e+01
1.233137400000000028e+01
1.270985100000000045e+01
1.270985100000000045e+01
1.282309000000000054e+01
1.282309000000000054e+01
1.288780599999999943e+01
1.288780599999999943e+01
1.298383600000000015e+01
1.298383600000000015e+01
1.313369400000000020e+01
1.313369400000000020e+01
1.313369400000000020e+01
1.313372500000000009e+01
1.313372500000000009e+01
1.313378999999999941e+01
1.313378999999999941e+01
1.392993500000000040e+01
1.392993500000000040e+01
1.431893400000000049e+01
1.431893400000000049e+01
1.460865800000000014e+01
1.460865800000000014e+01
1.460873999999999917e+01
1.460873999999999917e+01
1.460932299999999984e+01
1.460932299999999984e+01
1.461160899999999963e+01
1.461160899999999963e+01
1.461504300000000001e+01
1.461504300000000001e+01
1.461798600000000015e+01
1.461798600000000015e+01
1.461921800000000005e+01
1.461921800000000005e+01
1.462079999999999913e+01
1.462079999999999913e+01
1.462099599999999988e+01
1.462099599999999988e+01
1.462099599999999988e+01
1.462099599999999988e+01
1.462264300000000006e+01
1.462264300000000006e+01
1.462923900000000010e+01
1.462923900000000010e+01
1.463335499999999989e+01
1.463335499999999989e+01
1.463590100000000049e+01
1.463590100000000049e+01
1.463638599999999990e+01
1.463638599999999990e+01
1.464294899999999977e+01
1.464294899999999977e+01
1.464799400000000063e+01
1.464799400000000063e+01
1.464815199999999962e+01
1.464815199999999962e+01
1.465169799999999967e+01
1.465169799999999967e+01
1.465380000000000038e+01
1.465380000000000038e+01
1.465887599999999935e+01
1.465887599999999935e+01
1.466987199999999980e+01
1.466987199999999980e+01
1.467933799999999955e+01
1.467933799999999955e+01
1.467933799999999955e+01
1.467943299999999951e+01
1.467943299999999951e+01
1.468010800000000060e+01
1.468010800000000060e+01
1.468316300000000041e+01
1.468316300000000041e+01
1.469335200000000086e+01
1.469335200000000086e+01
1.469383200000000045e+01
1.469383200000000045e+01
1.469471899999999920e+01
1.469471899999999920e+01
1.469481200000000065e+01
1.469481200000000065e+01
1.469540699999999944e+01
1.469540699999999944e+01
1.470193100000000008e+01
1.470193100000000008e+01
1.470266100000000087e+01
1.470266100000000087e+01
1.470507199999999948e+01
1.470507199999999948e+01
1.471297599999999939e+01
1.471297599999999939e+01
1.471301700000000068e+01
1.471301700000000068e+01
1.471316700000000033e+01
1.471316700000000033e+01
1.471648899999999927e+01
1.471648899999999927e+01
1.471658900000000081e+01
1.471658900000000081e+01
1.472451399999999921e+01
1.472451399999999921e+01
1.472818600000000089e+01
1.472818600000000089e+01
1.472877699999999912e+01
1.472877699999999912e+01
1.473356599999999972e+01
1.473356599999999972e+01
1.473785200000000017e+01
1.473785200000000017e+01
1.473846299999999943e+01
1.473846299999999943e+01
1.474308399999999963e+01
1.474308399999999963e+01
1.474593699999999963e+01
1.474593699999999963e+01
1.475450400000000073e+01
1.475450400000000073e+01
1.475820900000000080e+01
1.475820900000000080e+01
1.476885500000000029e+01
1.476885500000000029e+01
1.477102499999999985e+01
1.477102499999999985e+01
1.477404199999999967e+01
1.477404199999999967e+01
1.477960500000000010e+01
1.477960500000000010e+01
1.477960900000000066e+01
1.477960900000000066e+01
1.477961700000000000e+01
1.477961700000000000e+01
1.477961700000000000e+01
1.478541200000000089e+01
1.478541200000000089e+01
1.478866499999999995e+01
1.478866499999999995e+01
1.478866499999999995e+01
1.478866900000000051e+01
1.478866900000000051e+01
1.478868100000000041e+01
1.478868100000000041e+01
1.478868100000000041e+01
1.478984400000000043e+01
1.478984400000000043e+01
1.479365999999999914e+01
1.479365999999999914e+01
1.479595199999999977e+01
1.479595199999999977e+01
1.480463400000000007e+01
1.480463400000000007e+01
1.480923400000000001e+01
1.480923400000000001e+01
1.481356800000000007e+01
1.481356800000000007e+01
1.482155599999999929e+01
1.482155599999999929e+01
1.482727299999999993e+01
1.482727299999999993e+01
1.483102000000000054e+01
1.483102000000000054e+01
1.483102099999999979e+01
1.483102099999999979e+01
1.483745099999999972e+01
1.483745099999999972e+01
1.484600099999999934e+01
1.484600099999999934e+01
1.484814899999999938e+01
1.484814899999999938e+01
1.484899200000000086e+01
1.484899200000000086e+01
1.485025000000000084e+01
1.485025000000000084e+01
1.485399499999999939e+01
1.485399499999999939e+01
1.485890599999999928e+01
1.485890599999999928e+01
1.486261400000000066e+01
1.486261400000000066e+01
1.487359499999999990e+01
1.487359499999999990e+01
1.487714899999999929e+01
1.487714899999999929e+01
1.488090399999999924e+01
1.488090399999999924e+01
1.488616799999999962e+01
1.488616799999999962e+01
1.489490600000000065e+01
1.489490600000000065e+01
1.489490600000000065e+01
1.490447299999999942e+01
1.490447299999999942e+01
1.490608100000000036e+01
1.490608100000000036e+01
1.490840099999999957e+01
1.490840099999999957e+01
1.491461800000000082e+01
1.491461800000000082e+01
1.491770099999999921e+01
1.491770099999999921e+01
1.492724499999999921e+01
1.492724499999999921e+01
1.493231100000000033e+01
1.493231100000000033e+01
1.493587199999999982e+01
1.493587199999999982e+01
1.494413899999999984e+01
1.494413899999999984e+01
1.494413899999999984e+01
