# t
0.000000000000000000e+00
8.344597400000000323e-13
3.504565300000000235e-11
2.311787800000000086e-05
2.311787800000000086e-05
3.228020400000000066e-05
3.228020900000000101e-05
3.228021099999999979e-05
2.814177099999999880e-04
2.814177099999999880e-04
7.818200099999999793e-04
7.818200099999999793e-04
9.679536700000000542e-04
9.679536700000000542e-04
1.064212599999999915e-03
1.064212599999999915e-03
1.247995599999999995e-03
1.247995599999999995e-03
1.370972700000000054e-03
1.370972700000000054e-03
1.485800399999999931e-03
1.485800399999999931e-03
1.558465900000000071e-03
1.558465900000000071e-03
1.661596499999999947e-03
1.661596499999999947e-03
1.763397699999999903e-03
1.763397699999999903e-03
2.391516199999999849e-03
2.391516199999999849e-03
2.419686700000000124e-03
2.419686700000000124e-03
2.490037999999999974e-03
2.490037999999999974e-03
2.533475900000000183e-03
2.533475900000000183e-03
2.579965200000000104e-03
2.579965200000000104e-03
2.579965300000000138e-03
2.579965300000000138e-03
2.818849699999999812e-03
2.818849699999999812e-03
3.804270900000000094e-03
3.804270900000000094e-03
4.013635399999999909e-03
4.013635399999999909e-03
4.567219499999999703e-03
4.567219499999999703e-03
4.700926599999999574e-03
4.700926599999999574e-03
4.700926599999999574e-03
4.700926599999999574e-03
5.232954399999999867e-03
5.232954399999999867e-03
5.232954399999999867e-03
5.232954399999999867e-03
6.363770300000000033e-03
6.363770300000000033e-03
7.030445300000000286e-03
7.030445300000000286e-03
7.378368800000000005e-03
7.378368800000000005e-03
7.381332200000000066e-03
7.381332200000000066e-03
7.806931799999999866e-03
7.806931799999999866e-03
8.058730000000000060e-03
8.058730000000000060e-03
8.621791000000000177e-03
8.621791000000000177e-03
8.772269600000000278e-03
8.772269600000000278e-03
9.117155800000000324e-03
9.117155800000000324e-03
9.161284599999999778e-03
9.161284599999999778e-03
9.171926199999999585e-03
9.171926299999999185e-03
9.183604899999999599e-03
9.183604899999999599e-03
9.183604899999999599e-03
9.183604899999999599e-03
9.193701800000000576e-03
9.193701800000000576e-03
9.240698000000000314e-03
9.240698000000000314e-03
9.247231099999999454e-03
9.247231099999999454e-03
9.337094500000000380e-03
9.337094500000000380e-03
9.358795600000000686e-03
9.358795600000000686e-03
9.462697500000000553e-03
9.462697500000000553e-03
9.479140599999999819e-03
9.479140599999999819e-03
9.511036699999999428e-03
9.511036699999999428e-03
9.511036800000000763e-03
9.511036800000000763e-03
9.511036800000000763e-03
9.511036800000000763e-03
9.518621099999999280e-03
9.518621099999999280e-03
9.519862100000000063e-03
9.519862100000000063e-03
9.553232199999999244e-03
9.553232199999999244e-03
9.558989699999999312e-03
9.558989699999999312e-03
9.619658300000000217e-03
9.619658300000000217e-03
9.625622599999999682e-03
9.625622599999999682e-03
9.697860799999999393e-03
9.697860900000000728e-03
9.728700999999999321e-03
9.728700999999999321e-03
9.845045300000000721e-03
9.845045300000000721e-03
9.845571299999999679e-03
9.845571299999999679e-03
9.944538299999999831e-03
9.944538299999999831e-03
1.002118899999999979e-02
1.002118899999999979e-02
1.004191299999999953e-02
1.004191299999999953e-02
1.006242400000000037e-02
1.006242400000000037e-02
1.009085499999999927e-02
1.009085499999999927e-02
1.019841699999999955e-02
1.019841699999999955e-02
1.034336999999999930e-02
1.034336999999999930e-02
1.035558699999999943e-02
1.035558699999999943e-02
1.037702799999999995e-02
1.037702799999999995e-02
1.042698300000000078e-02
1.042698300000000078e-02
1.055949299999999966e-02
1.055949299999999966e-02
1.060543599999999934e-02
1.060543599999999934e-02
1.061405900000000034e-02
1.061405900000000034e-02
1.069710999999999926e-02
1.069710999999999926e-02
1.128967799999999917e-02
1.128967799999999917e-02
1.451774400000000083e-02
1.451774400000000083e-02
1.683764700000000072e-02
1.683764700000000072e-02
1.907038800000000062e-02
1.907038800000000062e-02
1.907038800000000062e-02
1.914444800000000141e-02
1.914444800000000141e-02
1.936229899999999948e-02
1.936229899999999948e-02
1.936229899999999948e-02
2.055205800000000152e-02
2.055205800000000152e-02
2.182832999999999996e-02
2.182832999999999996e-02
2.387224699999999922e-02
2.387224699999999922e-02
3.013720599999999972e-02
3.013720599999999972e-02
3.334939600000000337e-02
3.334939600000000337e-02
3.343146300000000154e-02
3.343146300000000154e-02
3.859030599999999783e-02
3.859030599999999783e-02
3.859030599999999783e-02
3.859030599999999783e-02
4.967910400000000171e-02
4.967910400000000171e-02
5.864311099999999777e-02
5.864311099999999777e-02
5.864311099999999777e-02
5.864311099999999777e-02
7.523353400000000468e-02
7.523353400000000468e-02
8.352731200000000633e-02
8.352731200000000633e-02
8.378673700000000002e-02
8.378673700000000002e-02
8.682856499999999644e-02
8.682856499999999644e-02
8.941939200000000032e-02
8.941939200000000032e-02
1.089393300000000009e-01
1.089393300000000009e-01
1.089393300000000009e-01
1.196702399999999972e-01
1.196702399999999972e-01
1.232875100000000029e-01
1.232875100000000029e-01
1.283493599999999957e-01
1.283493599999999957e-01
1.303582500000000088e-01
1.303582500000000088e-01
1.321687599999999962e-01
1.321687599999999962e-01
1.391661399999999937e-01
1.391661399999999937e-01
1.503535799999999867e-01
1.503535799999999867e-01
1.551366799999999990e-01
1.551366799999999990e-01
1.625470199999999865e-01
1.625470199999999865e-01
1.670962599999999965e-01
1.670962599999999965e-01
1.698812000000000100e-01
1.698812000000000100e-01
1.719915499999999930e-01
1.792561699999999925e-01
1.792561699999999925e-01
1.903822799999999871e-01
1.903822799999999871e-01
1.944020399999999982e-01
1.944020399999999982e-01
2.002814699999999892e-01
2.002814699999999892e-01
2.002814699999999892e-01
2.024635599999999869e-01
2.024635599999999869e-01
2.079263699999999992e-01
2.079263699999999992e-01
2.112072399999999905e-01
2.112072399999999905e-01
2.114295099999999872e-01
2.114295099999999872e-01
2.233472499999999972e-01
2.233472499999999972e-01
2.272839799999999966e-01
2.272839799999999966e-01
2.320480099999999990e-01
2.320480099999999990e-01
2.405989400000000111e-01
2.405989400000000111e-01
2.423275900000000094e-01
2.423275900000000094e-01
2.423275900000000094e-01
2.487580000000000069e-01
2.487580000000000069e-01
2.487580000000000069e-01
2.487580000000000069e-01
2.487580000000000069e-01
2.487580000000000069e-01
2.608807699999999841e-01
2.608807699999999841e-01
2.627152200000000271e-01
2.627152200000000271e-01
2.676546599999999887e-01
2.676546599999999887e-01
2.676546599999999887e-01
2.676546599999999887e-01
2.943747700000000078e-01
2.943747700000000078e-01
2.946074900000000274e-01
2.946074900000000274e-01
2.972395400000000243e-01
2.972395400000000243e-01
2.979223899999999814e-01
2.979223899999999814e-01
2.980328999999999895e-01
2.980328999999999895e-01
3.008493600000000101e-01
3.008493600000000101e-01
3.008493600000000101e-01
3.010554500000000022e-01
3.010554500000000022e-01
3.011972900000000064e-01
3.011972900000000064e-01
3.075566900000000214e-01
3.076389999999999958e-01
3.076389999999999958e-01
3.076389999999999958e-01
3.077660999999999869e-01
3.077660999999999869e-01
3.078119300000000114e-01
3.078119300000000114e-01
3.079583000000000181e-01
3.079583000000000181e-01
3.080482600000000182e-01
3.080482600000000182e-01
3.080485600000000268e-01
3.080485600000000268e-01
3.080498300000000245e-01
3.080498300000000245e-01
3.080501999999999962e-01
3.080501999999999962e-01
3.080515799999999915e-01
3.080515799999999915e-01
3.080515799999999915e-01
3.080652400000000180e-01
3.080652400000000180e-01
3.080652400000000180e-01
3.081283599999999900e-01
3.081283599999999900e-01
3.083278799999999986e-01
3.083278799999999986e-01
3.084292499999999881e-01
3.084292499999999881e-01
3.105491599999999908e-01
3.105491599999999908e-01
3.166682800000000242e-01
3.166682800000000242e-01
3.181622700000000248e-01
3.181622700000000248e-01
3.183435099999999962e-01
3.183435099999999962e-01
3.185741000000000267e-01
3.185741000000000267e-01
3.185910800000000265e-01
3.185910800000000265e-01
3.185910800000000265e-01
3.190935100000000246e-01
3.190935100000000246e-01
3.192892900000000034e-01
3.192892900000000034e-01
3.193516299999999974e-01
3.193516299999999974e-01
3.194500299999999959e-01
3.194500299999999959e-01
3.196084699999999779e-01
3.196084699999999779e-01
3.196628100000000194e-01
3.196628100000000194e-01
3.197038700000000011e-01
3.197038700000000011e-01
3.204308299999999998e-01
3.204308299999999998e-01
3.236417300000000163e-01
3.236417300000000163e-01
3.236426399999999814e-01
3.236426399999999814e-01
3.236435100000000231e-01
3.236435100000000231e-01
3.274552199999999913e-01
3.274552199999999913e-01
3.276527200000000084e-01
3.276527200000000084e-01
3.276822500000000082e-01
3.276822500000000082e-01
3.276931699999999781e-01
3.276931699999999781e-01
3.277418799999999854e-01
3.277418799999999854e-01
3.389059400000000166e-01
3.389059400000000166e-01
3.431053000000000019e-01
3.431053000000000019e-01
3.670342400000000116e-01
3.670342400000000116e-01
3.927484600000000214e-01
3.927484600000000214e-01
3.939687199999999945e-01
3.939687199999999945e-01
4.058529300000000006e-01
4.058529300000000006e-01
4.089702199999999954e-01
4.089702199999999954e-01
4.117543900000000257e-01
4.117543900000000257e-01
4.195396399999999915e-01
4.195396399999999915e-01
4.280616600000000105e-01
4.280616600000000105e-01
4.456110999999999822e-01
4.456110999999999822e-01
4.485260999999999831e-01
4.485260999999999831e-01
4.591573500000000196e-01
4.591573500000000196e-01
4.649629100000000070e-01
4.649629100000000070e-01
4.924588899999999825e-01
4.924588899999999825e-01
4.944437199999999755e-01
4.944437199999999755e-01
5.000657899999999545e-01
5.000657899999999545e-01
5.077847599999999462e-01
5.077847599999999462e-01
5.097089200000000098e-01
5.097089200000000098e-01
5.168326399999999543e-01
5.168326399999999543e-01
5.180202499999999599e-01
5.180202499999999599e-01
5.340571899999999594e-01
5.340571899999999594e-01
5.384600400000000286e-01
5.384600400000000286e-01
5.384644299999999939e-01
5.384644299999999939e-01
5.532086800000000082e-01
5.532086800000000082e-01
5.550166199999999606e-01
5.550166199999999606e-01
5.812061699999999664e-01
5.812061699999999664e-01
5.815468900000000385e-01
5.815468900000000385e-01
5.880676999999999710e-01
5.880676999999999710e-01
5.960742999999999459e-01
5.960742999999999459e-01
6.039497900000000419e-01
6.039497900000000419e-01
6.054855599999999782e-01
6.054855599999999782e-01
6.059195800000000132e-01
6.059195800000000132e-01
6.252564400000000244e-01
6.252564400000000244e-01
6.276154200000000349e-01
6.276154200000000349e-01
6.285434600000000538e-01
6.285434600000000538e-01
6.488540799999999997e-01
6.488540799999999997e-01
6.649001300000000336e-01
6.649001300000000336e-01
6.688503099999999479e-01
6.688503099999999479e-01
6.769250100000000492e-01
6.769250100000000492e-01
6.914018600000000347e-01
6.914018600000000347e-01
7.182769199999999854e-01
7.182769199999999854e-01
7.224668899999999727e-01
7.224668899999999727e-01
7.299140699999999704e-01
7.299140699999999704e-01
7.522866999999999749e-01
7.522866999999999749e-01
7.591746400000000117e-01
7.591746400000000117e-01
7.638358600000000331e-01
7.638358600000000331e-01
7.642902999999999780e-01
7.642902999999999780e-01
7.758148700000000453e-01
7.758148700000000453e-01
7.779833400000000232e-01
7.779833400000000232e-01
7.779833400000000232e-01
7.779910399999999671e-01
7.779910399999999671e-01
7.780615400000000514e-01
7.891672299999999973e-01
7.891672299999999973e-01
7.891672299999999973e-01
7.891738299999999651e-01
7.891738299999999651e-01
7.897816399999999515e-01
7.897816399999999515e-01
7.897816399999999515e-01
7.897816399999999515e-01
7.983400000000000496e-01
7.983400000000000496e-01
7.983400000000000496e-01
7.983575499999999714e-01
7.983575499999999714e-01
8.020059200000000388e-01
8.020059200000000388e-01
8.097755100000000317e-01
8.097755100000000317e-01
8.183471799999999519e-01
8.183471799999999519e-01
8.307231899999999447e-01
8.307231899999999447e-01
8.344561799999999918e-01
8.344561799999999918e-01
8.415355799999999498e-01
8.415355799999999498e-01
8.509545499999999763e-01
8.509545499999999763e-01
8.515299299999999905e-01
8.515299299999999905e-01
8.521663000000000432e-01
8.521663000000000432e-01
8.541791100000000192e-01
8.541791100000000192e-01
8.562307300000000509e-01
8.562307300000000509e-01
8.670694100000000404e-01
8.670694100000000404e-01
8.673529100000000325e-01
8.673529100000000325e-01
8.715488700000000311e-01
8.715488700000000311e-01
8.725304400000000182e-01
8.725304400000000182e-01
8.749809100000000006e-01
8.749809100000000006e-01
8.787084800000000140e-01
8.787084800000000140e-01
8.860153400000000401e-01
8.860153400000000401e-01
8.950415099999999846e-01
8.950415099999999846e-01
8.984985699999999964e-01
8.984985699999999964e-01
9.008822800000000353e-01
9.008822800000000353e-01
9.054367300000000229e-01
9.054367300000000229e-01
9.075360099999999486e-01
9.075360099999999486e-01
9.087958600000000109e-01
9.087958600000000109e-01
9.125141300000000344e-01
9.125141300000000344e-01
9.147563100000000169e-01
9.147563100000000169e-01
9.259443000000000534e-01
9.259443000000000534e-01
9.276235000000000452e-01
9.276235000000000452e-01
9.348164399999999707e-01
9.348164399999999707e-01
9.474786099999999989e-01
9.474786099999999989e-01
9.479160699999999995e-01
9.479160699999999995e-01
9.520914000000000321e-01
9.520914000000000321e-01
9.526592900000000474e-01
9.526592900000000474e-01
9.578921900000000322e-01
9.578921900000000322e-01
9.598186600000000457e-01
9.598186600000000457e-01
9.615423400000000509e-01
9.615423400000000509e-01
9.619986200000000265e-01
9.619986200000000265e-01
9.655658799999999875e-01
9.655658799999999875e-01
9.663452700000000339e-01
9.663452700000000339e-01
9.760794999999999888e-01
9.760794999999999888e-01
9.801345099999999588e-01
9.801345099999999588e-01
9.832089499999999704e-01
9.832089499999999704e-01
9.841949700000000023e-01
9.841949700000000023e-01
9.853136500000000408e-01
9.853136500000000408e-01
9.905101800000000178e-01
9.905101800000000178e-01
9.906048299999999918e-01
9.906048299999999918e-01
1.020292399999999988e+00
1.020292399999999988e+00
1.029260499999999912e+00
1.029260499999999912e+00
1.064869099999999902e+00
1.064869099999999902e+00
1.073073399999999955e+00
1.073073399999999955e+00
1.212432299999999907e+00
1.212432299999999907e+00
1.312192800000000048e+00
1.326276699999999975e+00
1.326276699999999975e+00
1.326276699999999975e+00
1.326276699999999975e+00
1.326310700000000065e+00
1.326310700000000065e+00
1.326824299999999957e+00
1.326824299999999957e+00
1.326920700000000064e+00
1.326920700000000064e+00
1.331738400000000100e+00
1.331738400000000100e+00
1.331785299999999950e+00
1.331785299999999950e+00
1.331817500000000098e+00
1.331817500000000098e+00
1.331820400000000015e+00
1.331820400000000015e+00
1.331823200000000096e+00
1.331823200000000096e+00
1.331823200000000096e+00
1.331823200000000096e+00
1.331901699999999966e+00
1.332308199999999943e+00
1.332308199999999943e+00
1.337045599999999945e+00
1.337045599999999945e+00
1.340054199999999973e+00
1.340054199999999973e+00
1.341699699999999940e+00
1.341699699999999940e+00
1.343567200000000073e+00
1.343567200000000073e+00
1.345201099999999927e+00
1.345201099999999927e+00
1.365491000000000010e+00
1.365491000000000010e+00
1.365975600000000068e+00
1.365975600000000068e+00
1.366486599999999996e+00
1.366486599999999996e+00
1.366642700000000099e+00
1.366642700000000099e+00
1.372882099999999994e+00
1.372882099999999994e+00
1.373179699999999892e+00
1.373179699999999892e+00
1.373186000000000018e+00
1.373186000000000018e+00
1.375716200000000056e+00
1.375716200000000056e+00
1.380959899999999907e+00
1.380959899999999907e+00
1.381029199999999957e+00
1.381029199999999957e+00
1.382984800000000014e+00
1.382984800000000014e+00
1.386672200000000021e+00
1.386672200000000021e+00
1.387910399999999989e+00
1.387932900000000025e+00
1.387932900000000025e+00
1.388308499999999945e+00
1.388639900000000038e+00
1.388639900000000038e+00
1.389064700000000041e+00
1.389064700000000041e+00
1.392141599999999979e+00
1.392141599999999979e+00
1.394975999999999994e+00
1.394975999999999994e+00
1.402401400000000020e+00
1.402401400000000020e+00
1.402401400000000020e+00
1.402401400000000020e+00
1.407512700000000061e+00
1.407512700000000061e+00
1.407735100000000017e+00
1.407735100000000017e+00
1.408117000000000063e+00
1.408117000000000063e+00
1.408522700000000016e+00
1.408522700000000016e+00
1.409548299999999976e+00
1.409548299999999976e+00
1.417973699999999893e+00
1.417973699999999893e+00
1.418213799999999969e+00
1.418213799999999969e+00
1.421669000000000072e+00
1.421669000000000072e+00
1.426987000000000005e+00
1.426987000000000005e+00
1.431371399999999960e+00
1.431371399999999960e+00
1.437814399999999937e+00
1.437814399999999937e+00
1.437887600000000043e+00
1.437887600000000043e+00
1.437887600000000043e+00
1.437904999999999989e+00
1.437904999999999989e+00
1.437960300000000080e+00
1.437960300000000080e+00
1.439367800000000086e+00
1.439367800000000086e+00
1.439551299999999978e+00
1.439551299999999978e+00
1.441304799999999942e+00
1.441304799999999942e+00
1.451379100000000033e+00
1.451379100000000033e+00
1.455138999999999960e+00
1.455138999999999960e+00
1.456029400000000029e+00
1.456029400000000029e+00
1.458256500000000067e+00
1.458256500000000067e+00
1.459828300000000079e+00
1.459828300000000079e+00
1.466045599999999949e+00
1.466045599999999949e+00
1.466059900000000082e+00
1.475811999999999902e+00
1.475811999999999902e+00
1.496572000000000013e+00
1.496572000000000013e+00
1.502373699999999923e+00
1.502373699999999923e+00
1.513005399999999945e+00
1.513005399999999945e+00
1.518903200000000009e+00
1.518903200000000009e+00
1.529994899999999936e+00
1.529994899999999936e+00
1.530463300000000082e+00
1.530463300000000082e+00
1.533077199999999918e+00
1.533077199999999918e+00
1.536497199999999896e+00
1.536497199999999896e+00
1.546973699999999896e+00
1.546973699999999896e+00
1.546973699999999896e+00
1.546973699999999896e+00
1.546973699999999896e+00
1.546997799999999978e+00
1.546997799999999978e+00
1.547011399999999925e+00
1.547011399999999925e+00
1.572150399999999948e+00
1.572150399999999948e+00
1.576847799999999911e+00
1.576847799999999911e+00
1.587296700000000005e+00
1.587296700000000005e+00
1.594349500000000086e+00
1.594349500000000086e+00
1.595081500000000041e+00
1.595081500000000041e+00
1.595081500000000041e+00
1.595081500000000041e+00
1.595081500000000041e+00
1.595081500000000041e+00
1.601194900000000088e+00
1.601194900000000088e+00
1.604954999999999909e+00
1.604954999999999909e+00
1.610199500000000006e+00
1.610199500000000006e+00
1.618622699999999970e+00
1.618622699999999970e+00
1.622135600000000011e+00
1.622135600000000011e+00
1.622555799999999993e+00
1.622555799999999993e+00
1.629101700000000097e+00
1.629101700000000097e+00
1.629707199999999911e+00
1.629707199999999911e+00
1.635912299999999986e+00
1.635912299999999986e+00
1.636076700000000050e+00
1.636076700000000050e+00
1.643880199999999903e+00
1.643880199999999903e+00
1.664963299999999924e+00
1.664963299999999924e+00
1.668823900000000027e+00
1.668823900000000027e+00
1.673981799999999964e+00
1.673981799999999964e+00
1.673981799999999964e+00
1.709147399999999983e+00
1.709147399999999983e+00
1.747329799999999933e+00
1.747329799999999933e+00
1.747329799999999933e+00
1.747329799999999933e+00
1.747329799999999933e+00
1.747344500000000078e+00
1.754515599999999953e+00
1.754515599999999953e+00
1.754589399999999966e+00
1.754589399999999966e+00
1.758865600000000029e+00
1.758865600000000029e+00
1.762185399999999902e+00
1.762185399999999902e+00
1.766346799999999995e+00
1.766346799999999995e+00
1.782868399999999909e+00
1.782868399999999909e+00
1.804507400000000095e+00
1.804507400000000095e+00
1.807829499999999978e+00
1.807829499999999978e+00
1.813887999999999945e+00
1.813887999999999945e+00
1.815510399999999969e+00
1.815510399999999969e+00
1.827996200000000071e+00
1.827996200000000071e+00
1.834373999999999949e+00
1.834373999999999949e+00
1.837908400000000109e+00
1.843602500000000033e+00
1.843602500000000033e+00
1.843602500000000033e+00
1.853923599999999894e+00
1.853923599999999894e+00
1.866529399999999894e+00
1.866529399999999894e+00
1.869673399999999930e+00
1.869673399999999930e+00
1.870581999999999967e+00
1.870581999999999967e+00
1.874754599999999938e+00
1.874754599999999938e+00
1.876906200000000080e+00
1.876906200000000080e+00
1.880079800000000079e+00
1.880079800000000079e+00
1.881949199999999989e+00
1.881949199999999989e+00
1.882882100000000003e+00
1.882882100000000003e+00
1.884565299999999999e+00
1.884565299999999999e+00
1.896361600000000092e+00
1.896361600000000092e+00
1.911416800000000027e+00
1.911416800000000027e+00
1.941232400000000080e+00
1.941232400000000080e+00
1.941839199999999988e+00
1.941839199999999988e+00
1.943492999999999915e+00
1.943492999999999915e+00
1.943492999999999915e+00
2.028469700000000042e+00
2.029053100000000054e+00
2.029053100000000054e+00
2.029053100000000054e+00
2.030279399999999956e+00
2.030279399999999956e+00
2.059425300000000014e+00
2.059425300000000014e+00
2.068511899999999848e+00
2.068511899999999848e+00
2.070926500000000114e+00
2.070926500000000114e+00
2.080562000000000022e+00
2.080562000000000022e+00
2.082460199999999872e+00
2.082460199999999872e+00
2.091900900000000174e+00
2.091900900000000174e+00
2.123386599999999902e+00
2.123386599999999902e+00
2.140614400000000028e+00
2.140614400000000028e+00
2.159286100000000097e+00
2.159286100000000097e+00
2.162129800000000213e+00
2.162129800000000213e+00
2.164383400000000179e+00
2.164383400000000179e+00
2.176679399999999820e+00
2.176679399999999820e+00
2.176679399999999820e+00
2.184193500000000121e+00
2.184193500000000121e+00
2.184193500000000121e+00
2.184220799999999851e+00
2.184220799999999851e+00
2.184236999999999984e+00
2.185101500000000030e+00
2.185101500000000030e+00
2.188547699999999985e+00
2.188547699999999985e+00
2.188635399999999898e+00
2.188635399999999898e+00
2.194456999999999880e+00
2.194456999999999880e+00
2.196353300000000175e+00
2.196353300000000175e+00
2.213551400000000058e+00
2.213551400000000058e+00
2.220716700000000099e+00
2.220716700000000099e+00
2.236693199999999937e+00
2.236693199999999937e+00
2.263471500000000081e+00
2.263471500000000081e+00
2.268328499999999970e+00
2.268328499999999970e+00
2.273867300000000036e+00
2.276905600000000085e+00
2.276905600000000085e+00
2.289984800000000043e+00
2.289984800000000043e+00
2.296345500000000150e+00
2.296345500000000150e+00
2.297701399999999783e+00
2.297701399999999783e+00
2.297701399999999783e+00
2.297701399999999783e+00
2.300663500000000194e+00
2.300663500000000194e+00
2.308890299999999840e+00
2.308890299999999840e+00
2.310991500000000087e+00
2.310991500000000087e+00
2.312320000000000153e+00
2.312320000000000153e+00
2.313968599999999931e+00
2.313968599999999931e+00
2.314589199999999902e+00
2.314589199999999902e+00
2.314589199999999902e+00
2.320653899999999936e+00
2.320653899999999936e+00
2.320653899999999936e+00
2.325415399999999799e+00
2.325415399999999799e+00
2.339494699999999927e+00
2.339494699999999927e+00
2.340952800000000167e+00
2.340952800000000167e+00
2.340952800000000167e+00
2.345868600000000193e+00
2.345868600000000193e+00
2.345868600000000193e+00
2.348397199999999962e+00
2.348397199999999962e+00
2.348397199999999962e+00
2.349834700000000165e+00
2.349834700000000165e+00
2.353609399999999852e+00
2.353609399999999852e+00
2.361707099999999837e+00
2.361707099999999837e+00
2.363082100000000185e+00
2.363082100000000185e+00
2.364620799999999967e+00
2.364620799999999967e+00
2.365652400000000100e+00
2.365652400000000100e+00
2.367875900000000033e+00
2.367875900000000033e+00
2.371391000000000027e+00
2.371391000000000027e+00
2.372914699999999932e+00
2.372914699999999932e+00
2.378440499999999957e+00
2.378440499999999957e+00
2.379452099999999959e+00
2.379452099999999959e+00
2.388987000000000194e+00
2.388987000000000194e+00
2.396306200000000164e+00
2.396306200000000164e+00
2.401858600000000177e+00
2.401858600000000177e+00
2.410432099999999966e+00
2.410432099999999966e+00
2.427301700000000118e+00
2.427301700000000118e+00
2.435704400000000103e+00
2.435704400000000103e+00
2.438550300000000171e+00
2.438550300000000171e+00
2.440649899999999928e+00
2.440649899999999928e+00
2.457352499999999829e+00
2.457352499999999829e+00
2.459422099999999833e+00
2.459422099999999833e+00
2.460569599999999912e+00
2.460569599999999912e+00
2.490128200000000014e+00
2.490128200000000014e+00
2.504057500000000047e+00
2.504057500000000047e+00
2.504654700000000123e+00
2.504654700000000123e+00
2.515699699999999872e+00
2.515699699999999872e+00
2.518071899999999808e+00
2.518071899999999808e+00
2.518584699999999899e+00
2.518584699999999899e+00
2.526784500000000211e+00
2.526784500000000211e+00
2.526784500000000211e+00
2.526784500000000211e+00
2.527454200000000206e+00
2.527454200000000206e+00
2.527454200000000206e+00
2.529376300000000022e+00
2.529376300000000022e+00
2.542659099999999839e+00
2.542659099999999839e+00
2.550545399999999852e+00
2.550545399999999852e+00
2.551219899999999985e+00
2.551219899999999985e+00
2.551244599999999974e+00
2.551244599999999974e+00
2.551244599999999974e+00
2.551244599999999974e+00
2.551244599999999974e+00
2.551244599999999974e+00
2.551244599999999974e+00
2.551244599999999974e+00
2.551244599999999974e+00
2.552751699999999957e+00
2.552751699999999957e+00
2.563034200000000151e+00
2.563034200000000151e+00
2.568985099999999910e+00
2.568985099999999910e+00
2.587797500000000195e+00
2.587797500000000195e+00
2.609582300000000021e+00
2.609582300000000021e+00
2.624504899999999807e+00
2.624504899999999807e+00
2.624553099999999972e+00
2.624553099999999972e+00
2.624553099999999972e+00
2.630489799999999878e+00
2.630489799999999878e+00
2.633274800000000138e+00
2.633274800000000138e+00
2.635411200000000065e+00
2.635411200000000065e+00
2.636838399999999805e+00
2.636838399999999805e+00
2.636838399999999805e+00
2.636838399999999805e+00
2.636941999999999897e+00
2.636941999999999897e+00
2.636941999999999897e+00
2.636941999999999897e+00
2.636952799999999986e+00
2.636952799999999986e+00
2.636992199999999897e+00
2.636992199999999897e+00
2.637302399999999825e+00
2.653732100000000038e+00
2.653732100000000038e+00
2.663011599999999923e+00
2.663011599999999923e+00
2.670968100000000067e+00
2.670968100000000067e+00
2.701286099999999912e+00
2.701286099999999912e+00
2.707390900000000045e+00
2.707390900000000045e+00
2.710644999999999971e+00
2.710644999999999971e+00
2.715483400000000103e+00
2.715483400000000103e+00
2.717588000000000115e+00
2.717588000000000115e+00
2.731406100000000059e+00
2.731406100000000059e+00
2.737457500000000099e+00
2.737457500000000099e+00
2.745603399999999805e+00
2.745603399999999805e+00
2.774933799999999895e+00
2.774933799999999895e+00
2.778404500000000166e+00
2.778404500000000166e+00
2.791412499999999852e+00
2.791412499999999852e+00
2.791944200000000098e+00
2.791944200000000098e+00
2.797222899999999957e+00
2.797222899999999957e+00
2.838443600000000178e+00
2.838443600000000178e+00
2.880901099999999992e+00
2.880901099999999992e+00
2.884706700000000179e+00
2.884706700000000179e+00
2.886777100000000207e+00
2.886777100000000207e+00
2.888186099999999978e+00
2.888186099999999978e+00
2.892249599999999976e+00
2.892249599999999976e+00
2.892444799999999816e+00
2.892444799999999816e+00
2.920897500000000147e+00
2.920897500000000147e+00
2.924031600000000175e+00
2.924031600000000175e+00
2.929917699999999847e+00
2.929917699999999847e+00
2.934095199999999792e+00
2.934095199999999792e+00
2.937128299999999914e+00
2.937128299999999914e+00
2.947881199999999868e+00
2.947881199999999868e+00
2.952736499999999875e+00
2.952736499999999875e+00
2.954456500000000041e+00
2.954456500000000041e+00
2.962584800000000129e+00
2.962584800000000129e+00
2.968892900000000168e+00
2.968892900000000168e+00
2.974177800000000094e+00
2.974177800000000094e+00
2.988217999999999819e+00
2.988217999999999819e+00
2.991216500000000167e+00
2.991216500000000167e+00
3.005143299999999851e+00
3.005143299999999851e+00
3.007161599999999879e+00
3.007161599999999879e+00
3.015547999999999895e+00
3.015547999999999895e+00
3.022524900000000070e+00
3.022524900000000070e+00
3.022860500000000172e+00
3.022860500000000172e+00
3.027857500000000091e+00
3.027857500000000091e+00
3.040618199999999938e+00
3.040618199999999938e+00
3.048403200000000091e+00
3.048403200000000091e+00
3.048447499999999977e+00
3.048447499999999977e+00
3.053411500000000167e+00
3.053411500000000167e+00
3.075552099999999900e+00
3.075552099999999900e+00
3.076405499999999904e+00
3.076405499999999904e+00
3.083707099999999812e+00
3.083707099999999812e+00
3.083707099999999812e+00
3.083707099999999812e+00
3.083707099999999812e+00
3.083707099999999812e+00
3.083707099999999812e+00
3.083756999999999859e+00
3.083756999999999859e+00
3.084996600000000200e+00
3.084996600000000200e+00
3.089683500000000027e+00
3.089683500000000027e+00
3.093544000000000072e+00
3.093544000000000072e+00
3.098086299999999849e+00
3.098086299999999849e+00
3.105010000000000048e+00
3.105010000000000048e+00
3.116696399999999922e+00
3.116696399999999922e+00
3.116910100000000128e+00
3.116910100000000128e+00
3.134326100000000004e+00
3.134326100000000004e+00
3.143353799999999865e+00
3.143353799999999865e+00
3.156189700000000098e+00
3.156189700000000098e+00
3.158166299999999982e+00
3.158166299999999982e+00
3.191513299999999997e+00
3.191513299999999997e+00
3.191537799999999869e+00
3.191537799999999869e+00
3.191579799999999967e+00
3.203055899999999845e+00
3.203055899999999845e+00
3.203055899999999845e+00
3.203063400000000005e+00
3.203063400000000005e+00
3.216423199999999927e+00
3.216423199999999927e+00
3.218817800000000062e+00
3.218817800000000062e+00
3.218866300000000180e+00
3.218866300000000180e+00
3.218866300000000180e+00
3.218938099999999913e+00
3.218938099999999913e+00
3.220540199999999853e+00
3.220540199999999853e+00
3.222399999999999931e+00
3.222399999999999931e+00
3.227507300000000079e+00
3.227704500000000198e+00
3.227704500000000198e+00
3.238751399999999947e+00
3.238751399999999947e+00
3.240094700000000216e+00
3.240094700000000216e+00
3.240104899999999954e+00
3.240104899999999954e+00
3.240119599999999878e+00
3.240119599999999878e+00
3.240119599999999878e+00
3.250829599999999875e+00
3.250829599999999875e+00
3.266155200000000036e+00
3.266155200000000036e+00
3.281171599999999966e+00
3.281171599999999966e+00
3.292765199999999837e+00
3.292765199999999837e+00
3.313920500000000047e+00
3.313920500000000047e+00
3.322347600000000067e+00
3.322347600000000067e+00
3.337314399999999903e+00
3.337314399999999903e+00
3.351653999999999911e+00
3.351653999999999911e+00
3.361010799999999854e+00
3.361010799999999854e+00
3.377259899999999870e+00
3.377259899999999870e+00
3.417044499999999818e+00
3.417044499999999818e+00
3.418332700000000113e+00
3.418332700000000113e+00
3.426760900000000110e+00
3.426760900000000110e+00
3.437783000000000033e+00
3.437783000000000033e+00
3.454005800000000015e+00
3.454005800000000015e+00
3.455097400000000096e+00
3.455097400000000096e+00
3.458477400000000035e+00
3.458477400000000035e+00
3.466318499999999858e+00
3.466318499999999858e+00
3.489085799999999793e+00
3.489085799999999793e+00
3.492818999999999896e+00
3.492818999999999896e+00
3.494575100000000045e+00
3.494575100000000045e+00
3.500875000000000181e+00
3.500875000000000181e+00
3.505721400000000099e+00
3.505721400000000099e+00
3.520413399999999804e+00
3.520413399999999804e+00
3.529683900000000207e+00
3.529683900000000207e+00
3.529683900000000207e+00
3.538104999999999833e+00
3.538104999999999833e+00
3.538651400000000002e+00
3.538651400000000002e+00
3.540430499999999814e+00
3.540430499999999814e+00
3.546677199999999974e+00
3.546677199999999974e+00
3.547514899999999916e+00
3.547514899999999916e+00
3.547744999999999926e+00
3.547744999999999926e+00
3.549492799999999892e+00
3.549492799999999892e+00
3.549714600000000164e+00
3.549714600000000164e+00
3.551685200000000098e+00
3.551685200000000098e+00
3.552519499999999830e+00
3.552519499999999830e+00
3.553868700000000214e+00
3.553868700000000214e+00
3.555596599999999885e+00
3.555596599999999885e+00
3.559470399999999923e+00
3.559470399999999923e+00
3.559736500000000081e+00
3.560163199999999861e+00
3.560163199999999861e+00
3.564406500000000033e+00
3.564406500000000033e+00
3.566009000000000206e+00
3.566009000000000206e+00
3.569835499999999939e+00
3.569835499999999939e+00
3.571693799999999808e+00
3.571693799999999808e+00
3.575645600000000091e+00
3.575645600000000091e+00
3.577349599999999796e+00
3.577349599999999796e+00
3.590341000000000005e+00
3.597265600000000063e+00
3.597265600000000063e+00
3.597265600000000063e+00
3.598366500000000023e+00
3.598366500000000023e+00
3.599174099999999932e+00
3.599174099999999932e+00
3.599174099999999932e+00
3.600679700000000150e+00
3.600679700000000150e+00
3.602638199999999902e+00
3.602638199999999902e+00
3.604195700000000002e+00
3.604195700000000002e+00
3.621960599999999975e+00
3.621960599999999975e+00
3.627502900000000086e+00
3.627502900000000086e+00
3.627529800000000026e+00
3.627529800000000026e+00
3.628559200000000207e+00
3.628559200000000207e+00
3.629499700000000217e+00
3.629499700000000217e+00
3.629499700000000217e+00
3.629499700000000217e+00
3.629499700000000217e+00
3.629543799999999987e+00
3.629543799999999987e+00
3.629543799999999987e+00
3.629615300000000211e+00
3.629615300000000211e+00
3.631335400000000213e+00
3.631335400000000213e+00
3.631704200000000160e+00
3.631704200000000160e+00
3.631704200000000160e+00
3.635486600000000124e+00
3.635486600000000124e+00
3.635486600000000124e+00
3.643773400000000162e+00
3.643773400000000162e+00
3.646053699999999953e+00
3.646053699999999953e+00
3.647978699999999908e+00
3.647978699999999908e+00
3.648034599999999905e+00
3.648034599999999905e+00
3.649383900000000125e+00
3.649383900000000125e+00
3.665203500000000059e+00
3.665203500000000059e+00
3.670705900000000188e+00
3.670705900000000188e+00
3.672311600000000009e+00
3.672311600000000009e+00
3.673436600000000052e+00
3.673436600000000052e+00
3.673581099999999822e+00
3.673581099999999822e+00
3.673581099999999822e+00
3.676698899999999881e+00
3.676698899999999881e+00
3.676998100000000047e+00
3.676998100000000047e+00
3.677238099999999843e+00
3.677238099999999843e+00
3.677324399999999827e+00
3.677324399999999827e+00
3.678875699999999860e+00
3.678875699999999860e+00
3.679530000000000189e+00
3.679530000000000189e+00
3.684006199999999787e+00
3.684006199999999787e+00
3.693737699999999791e+00
3.693737699999999791e+00
3.707127400000000073e+00
3.707127400000000073e+00
3.707640200000000164e+00
3.707640200000000164e+00
3.710955900000000085e+00
3.710955900000000085e+00
3.719211699999999787e+00
3.719211699999999787e+00
3.723688099999999945e+00
3.723688099999999945e+00
3.738810400000000200e+00
3.738810400000000200e+00
3.741849999999999898e+00
3.741849999999999898e+00
3.743959700000000002e+00
3.743959700000000002e+00
3.749738699999999980e+00
3.749738699999999980e+00
3.750432400000000221e+00
3.750432400000000221e+00
3.751799300000000059e+00
3.751799300000000059e+00
3.751799300000000059e+00
3.751799300000000059e+00
3.760186099999999865e+00
3.760186099999999865e+00
3.760901000000000050e+00
3.760901000000000050e+00
3.766106600000000082e+00
3.766106600000000082e+00
3.771879399999999993e+00
3.771879399999999993e+00
3.771935899999999897e+00
3.771935899999999897e+00
3.772552899999999987e+00
3.772552899999999987e+00
3.774959500000000023e+00
3.774959500000000023e+00
3.782728000000000090e+00
3.782728000000000090e+00
3.785441000000000056e+00
3.785441000000000056e+00
3.791710500000000206e+00
3.791710500000000206e+00
3.794706699999999877e+00
3.794706699999999877e+00
3.794730500000000006e+00
3.794730500000000006e+00
3.799464599999999859e+00
3.799464599999999859e+00
3.803639200000000109e+00
3.803639200000000109e+00
3.804919899999999799e+00
3.804919899999999799e+00
3.804919899999999799e+00
3.805870999999999782e+00
3.805870999999999782e+00
3.820019199999999948e+00
3.820019199999999948e+00
3.822299600000000019e+00
3.822299600000000019e+00
3.822486200000000167e+00
3.822486200000000167e+00
3.822514299999999920e+00
3.822514299999999920e+00
3.838632899999999903e+00
3.838632899999999903e+00
3.838632899999999903e+00
3.841308699999999909e+00
3.841308699999999909e+00
3.845190800000000131e+00
3.845190800000000131e+00
3.846356800000000131e+00
3.846356800000000131e+00
3.851274000000000086e+00
3.851274000000000086e+00
3.863839099999999860e+00
3.863839099999999860e+00
3.865386700000000175e+00
3.865386700000000175e+00
3.878325600000000151e+00
3.878325600000000151e+00
3.881318199999999941e+00
3.881318199999999941e+00
3.898035300000000092e+00
3.898035300000000092e+00
3.903716399999999975e+00
3.903716399999999975e+00
3.919595900000000022e+00
3.919595900000000022e+00
3.919944399999999884e+00
3.919944399999999884e+00
3.919963699999999829e+00
3.919963699999999829e+00
3.920232599999999845e+00
3.920232599999999845e+00
3.920286899999999797e+00
3.962865900000000163e+00
3.962865900000000163e+00
3.962865900000000163e+00
3.963247099999999801e+00
3.963247099999999801e+00
3.963340800000000108e+00
3.963340800000000108e+00
3.963547699999999896e+00
3.963547699999999896e+00
3.963584800000000019e+00
3.963584800000000019e+00
3.963831199999999999e+00
3.963831199999999999e+00
3.963893500000000181e+00
3.963893500000000181e+00
3.972719800000000134e+00
3.973250499999999796e+00
3.973250499999999796e+00
3.973250499999999796e+00
3.973534100000000180e+00
3.973534100000000180e+00
3.973586599999999969e+00
3.973586599999999969e+00
3.973860000000000170e+00
3.973860000000000170e+00
3.974106400000000150e+00
3.974106400000000150e+00
3.974132500000000068e+00
3.974132500000000068e+00
3.974336000000000091e+00
3.974336000000000091e+00
3.974464600000000125e+00
3.974464600000000125e+00
3.974545599999999901e+00
3.974545599999999901e+00
3.974589499999999997e+00
3.974589499999999997e+00
3.975116700000000058e+00
3.975116700000000058e+00
3.975998000000000143e+00
3.975998000000000143e+00
3.976424499999999806e+00
3.976424499999999806e+00
3.976492200000000032e+00
3.976492200000000032e+00
3.978161200000000175e+00
3.978161200000000175e+00
3.978443700000000138e+00
3.978443700000000138e+00
3.978649900000000184e+00
3.978649900000000184e+00
3.978984599999999983e+00
3.978984599999999983e+00
3.978984599999999983e+00
3.979340999999999795e+00
3.979340999999999795e+00
3.979620900000000017e+00
3.979620900000000017e+00
3.980190599999999801e+00
3.980190599999999801e+00
3.980250100000000124e+00
3.980250100000000124e+00
3.980313100000000048e+00
3.980313100000000048e+00
3.980314799999999931e+00
3.980314799999999931e+00
3.981165199999999960e+00
3.981165199999999960e+00
3.981250199999999850e+00
3.981250199999999850e+00
3.981367099999999937e+00
3.981367099999999937e+00
3.981549300000000180e+00
3.981549300000000180e+00
3.981711400000000012e+00
3.981711400000000012e+00
3.981906799999999969e+00
3.981906799999999969e+00
3.981910099999999897e+00
3.981910099999999897e+00
3.982094399999999812e+00
3.982094399999999812e+00
3.982548899999999836e+00
3.982548899999999836e+00
3.982838500000000170e+00
3.982838500000000170e+00
3.983341300000000196e+00
3.983341300000000196e+00
3.983508099999999885e+00
3.983508099999999885e+00
3.984004899999999960e+00
3.984004899999999960e+00
3.984151799999999799e+00
3.984151799999999799e+00
3.984952700000000014e+00
3.984952700000000014e+00
3.985024500000000192e+00
3.985024500000000192e+00
3.985024500000000192e+00
3.985025100000000098e+00
3.985025100000000098e+00
3.988388599999999951e+00
3.988388599999999951e+00
4.010947299999999771e+00
4.010947299999999771e+00
4.010947400000000052e+00
4.010947400000000052e+00
4.010947400000000052e+00
4.010947400000000052e+00
4.010947400000000052e+00
4.010947400000000052e+00
4.010947599999999724e+00
4.010947599999999724e+00
4.010947599999999724e+00
4.012670800000000426e+00
4.012670800000000426e+00
4.012670800000000426e+00
4.012926900000000074e+00
4.012926900000000074e+00
4.018818099999999838e+00
4.018818099999999838e+00
4.023238799999999671e+00
4.023238799999999671e+00
4.034893000000000285e+00
4.034893000000000285e+00
4.034893000000000285e+00
4.037875099999999939e+00
4.037875099999999939e+00
4.044470900000000313e+00
4.044470900000000313e+00
4.044470900000000313e+00
4.050659300000000407e+00
4.050659300000000407e+00
4.055055600000000204e+00
4.055055600000000204e+00
4.055721100000000412e+00
4.055721100000000412e+00
4.055942299999999889e+00
4.055942299999999889e+00
4.055942299999999889e+00
4.055942299999999889e+00
4.055942299999999889e+00
4.058520599999999590e+00
4.058520599999999590e+00
4.080080500000000221e+00
4.080080500000000221e+00
4.080393499999999563e+00
4.080393499999999563e+00
4.083066500000000154e+00
4.083066500000000154e+00
4.091230699999999665e+00
4.091230699999999665e+00
4.091230699999999665e+00
4.091365200000000257e+00
4.091365200000000257e+00
4.099862500000000409e+00
4.099862500000000409e+00
4.105469399999999602e+00
4.105469399999999602e+00
4.110018000000000171e+00
4.110018000000000171e+00
4.116311800000000076e+00
4.116311800000000076e+00
4.119984800000000114e+00
4.119984800000000114e+00
4.121188700000000260e+00
4.121188700000000260e+00
4.128667599999999993e+00
4.128667599999999993e+00
4.129132300000000200e+00
4.133036200000000271e+00
4.133036200000000271e+00
4.142061299999999946e+00
4.142061299999999946e+00
4.147972399999999560e+00
4.147972399999999560e+00
4.167060199999999881e+00
4.167060199999999881e+00
4.197662099999999619e+00
4.197662099999999619e+00
4.197948900000000094e+00
4.197948900000000094e+00
4.197948900000000094e+00
4.199170099999999906e+00
4.199170099999999906e+00
4.202600999999999587e+00
4.202600999999999587e+00
4.207185599999999859e+00
4.207185599999999859e+00
4.209618400000000094e+00
4.209618400000000094e+00
4.214731800000000028e+00
4.214731800000000028e+00
4.236953399999999981e+00
4.236953399999999981e+00
4.243583300000000058e+00
4.243583300000000058e+00
4.243583300000000058e+00
4.243583300000000058e+00
4.243583300000000058e+00
4.246120999999999590e+00
4.246120999999999590e+00
4.255671099999999818e+00
4.255671099999999818e+00
4.267616600000000204e+00
4.267616600000000204e+00
4.268968700000000283e+00
4.268968700000000283e+00
4.271426100000000226e+00
4.271426100000000226e+00
4.275657100000000099e+00
4.275657100000000099e+00
4.277453900000000253e+00
4.277453900000000253e+00
4.283122500000000166e+00
4.283122500000000166e+00
4.292604299999999817e+00
4.292604299999999817e+00
4.297335600000000255e+00
4.297335600000000255e+00
4.298503499999999811e+00
4.298503499999999811e+00
4.298503499999999811e+00
4.298563399999999923e+00
4.298563399999999923e+00
4.300700599999999874e+00
4.300700599999999874e+00
4.301596199999999648e+00
4.301596199999999648e+00
4.301651599999999576e+00
4.301651599999999576e+00
4.305732700000000079e+00
4.305732700000000079e+00
4.305732700000000079e+00
4.306440799999999847e+00
4.306440799999999847e+00
4.307837600000000045e+00
4.307837600000000045e+00
4.307837600000000045e+00
4.311385600000000373e+00
4.311385600000000373e+00
4.313758700000000168e+00
4.313758700000000168e+00
4.313758700000000168e+00
4.313758700000000168e+00
4.314616899999999866e+00
4.314616899999999866e+00
4.315910599999999597e+00
4.315910599999999597e+00
4.318070600000000425e+00
4.318070600000000425e+00
4.342081199999999974e+00
4.342081199999999974e+00
4.345479899999999951e+00
4.345479899999999951e+00
4.347623999999999711e+00
4.347623999999999711e+00
4.347815200000000324e+00
4.347815200000000324e+00
4.351486000000000409e+00
4.351486000000000409e+00
4.365478500000000039e+00
4.365478500000000039e+00
4.375714199999999998e+00
4.375714199999999998e+00
4.377080000000000304e+00
4.377080000000000304e+00
4.377098900000000015e+00
4.377098900000000015e+00
4.377098900000000015e+00
4.378003299999999598e+00
4.378003299999999598e+00
4.401349200000000295e+00
4.401349200000000295e+00
4.409303500000000042e+00
4.409303500000000042e+00
4.409303600000000323e+00
4.409303600000000323e+00
4.415150200000000247e+00
4.415150200000000247e+00
4.426957299999999762e+00
4.426957299999999762e+00
4.426957299999999762e+00
4.427431399999999684e+00
4.427431399999999684e+00
4.427431399999999684e+00
4.449505499999999891e+00
4.449505499999999891e+00
4.456553399999999776e+00
4.456553399999999776e+00
4.464373400000000380e+00
4.464373400000000380e+00
4.481671900000000264e+00
4.481671900000000264e+00
4.482525899999999730e+00
4.482525899999999730e+00
4.492188299999999579e+00
4.492188299999999579e+00
4.500068599999999641e+00
4.500068599999999641e+00
4.501163100000000306e+00
4.501163100000000306e+00
4.538313200000000158e+00
4.538313200000000158e+00
4.541940199999999983e+00
4.541940199999999983e+00
4.552378700000000222e+00
4.552378700000000222e+00
4.585049200000000269e+00
4.585049200000000269e+00
4.586896499999999932e+00
4.586896499999999932e+00
4.598257000000000261e+00
4.598257000000000261e+00
4.625109400000000370e+00
4.625109400000000370e+00
4.625443999999999889e+00
4.625443999999999889e+00
4.638730599999999704e+00
4.638730599999999704e+00
4.641351099999999619e+00
4.641351099999999619e+00
4.661851999999999663e+00
4.661851999999999663e+00
4.674588700000000152e+00
4.674588700000000152e+00
4.681481400000000015e+00
4.681481400000000015e+00
4.682801699999999734e+00
4.682801699999999734e+00
4.685013599999999556e+00
4.685013599999999556e+00
4.685017300000000162e+00
4.685017300000000162e+00
4.691768999999999856e+00
4.691768999999999856e+00
4.710681799999999697e+00
4.710681799999999697e+00
4.716818800000000422e+00
4.716818800000000422e+00
4.718527400000000149e+00
4.718527400000000149e+00
4.747839100000000201e+00
4.747839100000000201e+00
4.747839100000000201e+00
4.770011600000000129e+00
4.770011600000000129e+00
4.775925199999999649e+00
4.775925199999999649e+00
4.795923700000000345e+00
4.795923700000000345e+00
4.811975799999999914e+00
4.811975799999999914e+00
4.844241300000000194e+00
4.844241300000000194e+00
4.845297900000000269e+00
4.845297900000000269e+00
4.847507900000000092e+00
4.847507900000000092e+00
4.853109500000000409e+00
4.853109500000000409e+00
4.874260600000000387e+00
4.874260600000000387e+00
4.876904500000000198e+00
4.876904500000000198e+00
4.909718800000000272e+00
4.909718800000000272e+00
4.911300100000000057e+00
4.911300100000000057e+00
4.933128199999999630e+00
4.933128199999999630e+00
4.934920100000000254e+00
4.934920100000000254e+00
4.935844499999999968e+00
4.935844499999999968e+00
4.935902399999999801e+00
4.935902399999999801e+00
4.935902399999999801e+00
4.935951000000000199e+00
4.936118900000000309e+00
4.936118900000000309e+00
4.936878499999999725e+00
4.936878499999999725e+00
4.936926800000000171e+00
4.936926800000000171e+00
4.936984899999999676e+00
4.936984899999999676e+00
4.936994199999999999e+00
4.936994199999999999e+00
4.944474300000000433e+00
4.944474300000000433e+00
4.948233000000000104e+00
4.948233000000000104e+00
4.952194399999999774e+00
4.952194399999999774e+00
4.955592600000000125e+00
4.955592600000000125e+00
4.959899300000000011e+00
4.959899300000000011e+00
4.966831299999999949e+00
4.966831299999999949e+00
4.979671399999999970e+00
4.979671399999999970e+00
4.998282399999999903e+00
4.998282399999999903e+00
5.014571300000000065e+00
5.014571300000000065e+00
5.014638800000000174e+00
5.014638800000000174e+00
5.024073999999999707e+00
5.024073999999999707e+00
5.029657499999999892e+00
5.029657499999999892e+00
5.030167600000000405e+00
5.030167600000000405e+00
5.034351100000000301e+00
5.034351100000000301e+00
5.035553300000000121e+00
5.035553300000000121e+00
5.038027800000000056e+00
5.038027800000000056e+00
5.041498699999999999e+00
5.041498699999999999e+00
5.044718500000000105e+00
5.044718500000000105e+00
5.044718500000000105e+00
5.045158899999999669e+00
5.045158899999999669e+00
5.045158899999999669e+00
5.048689999999999678e+00
5.048689999999999678e+00
5.051386800000000399e+00
5.051386800000000399e+00
5.051879399999999798e+00
5.051879399999999798e+00
5.057072500000000304e+00
5.057072500000000304e+00
5.059690299999999752e+00
5.059690299999999752e+00
5.061817099999999847e+00
5.061817099999999847e+00
5.062848699999999980e+00
5.062848699999999980e+00
5.064802099999999641e+00
5.064802099999999641e+00
5.064802099999999641e+00
5.064802099999999641e+00
5.064802099999999641e+00
5.064802099999999641e+00
5.065987400000000029e+00
5.065987400000000029e+00
5.076111599999999946e+00
5.076111599999999946e+00
5.076389500000000332e+00
5.076389500000000332e+00
5.076442700000000308e+00
5.076842499999999703e+00
5.076842499999999703e+00
5.077194500000000055e+00
5.077194500000000055e+00
5.077204300000000003e+00
5.077204300000000003e+00
5.077259999999999884e+00
5.077259999999999884e+00
5.077259999999999884e+00
5.077259999999999884e+00
5.089549700000000065e+00
5.089549700000000065e+00
