# t	msd	err
1.000000000001000089e-06 1.541673761629287764e-01 4.334873258251356609e-02
3.000000000000398181e-06 6.558323939745203113e-01 1.355071743686996066e-01
7.666666666666431762e-06 2.305164178926423779e-01 2.176808269420459421e-02
1.183333333333360346e-05 2.823946004564700796e-01 5.071987197106590101e-02
2.279999999999985963e-05 4.089821279381598562e-01 5.346267707209689801e-02
4.256250000000010622e-05 2.385855908855949448e-01 1.893538723635190824e-02
7.545679012345691378e-05 3.773284203720145280e-01 3.177604001628537428e-02
1.205891472868196834e-04 8.579350117824255939e-01 1.432849066855234887e-01
2.400200841514703743e-04 8.691233904829307466e-01 5.601065201112514352e-02
4.170325955734411651e-04 1.193718302880763860e+00 6.936503087015337410e-02
7.458195090016354325e-04 9.700975352215817082e-01 5.783024123558799801e-02
1.133263432494282163e-03 1.956698238402151180e+00 1.019686790997975379e-01
2.379816611062330819e-03 3.049004372285164965e+00 1.126501895736525261e-01
4.379888408728030771e-03 3.867035681625919707e+00 1.038126139997227193e-01
7.508724877815021667e-03 6.384759189494600307e+00 7.624163337134935714e-02
1.247501402609500765e-02 5.588617564385192971e+00 8.400925754895199882e-02
2.289449660028442662e-02 6.460767995380757966e+00 8.238695893778723300e-02
4.072106654517866631e-02 7.604633620757157431e+00 7.958053654072698435e-02
7.294390700207317724e-02 9.099788746400632178e+00 6.513360766875522789e-02
1.287437135984422498e-01 1.237352624174096682e+01 5.836798305064079539e-02
2.295921266162164187e-01 1.484611923317376814e+01 4.707078314862121748e-02
3.985692343054194620e-01 1.938097043565881705e+01 3.946195331828984687e-02
7.185062103235627662e-01 2.174875003651945349e+01 3.558994030194086167e-02
1.269643868989699165e+00 2.717173373157759286e+01 4.291269570244998777e-02
2.246288793603353096e+00 2.809782229430134848e+01 2.246484506691595953e-02
3.739821903650421220e+00 4.419622853007093255e+01 2.114483819464189895e-02
