# Barrier Energy Step Time
0.000000000000000000e+00 -5.120277000000000044e+03 0.000000000000000000e+00 0.000000000000000000e+00
3.180000000000000049e-01 -5.120149000000000342e+03 5.000000000000000000e-01 1.863000000000000039e-12
0.000000000000000000e+00 -5.120466999999999643e+03 1.000000000000000000e+00 1.863000000000000039e-12
5.080000000000000071e-01 -5.119769000000000233e+03 1.500000000000000000e+00 8.270999999999999795e-12
0.000000000000000000e+00 -5.120277000000000044e+03 2.000000000000000000e+00 8.270999999999999795e-12
3.180000000000000049e-01 -5.120149000000000342e+03 2.500000000000000000e+00 1.192999999999999945e-11
0.000000000000000000e+00 -5.120466999999999643e+03 3.000000000000000000e+00 1.192999999999999945e-11
4.249999999999999889e-01 -5.119685000000000400e+03 3.500000000000000000e+00 3.198000000000000227e-11
0.000000000000000000e+00 -5.120109999999999673e+03 4.000000000000000000e+00 3.198000000000000227e-11
6.800000000000000488e-02 -5.120399000000000342e+03 4.500000000000000000e+00 3.246999999999999877e-11
0.000000000000000000e+00 -5.120466999999999643e+03 5.000000000000000000e+00 3.246999999999999877e-11
6.270000000000000018e-01 -5.121863000000000284e+03 5.500000000000000000e+00 2.161000000000000086e-10
0.000000000000000000e+00 -5.122489999999999782e+03 6.000000000000000000e+00 2.161000000000000086e-10
2.196000000000000174e+00 -5.118893000000000029e+03 6.500000000000000000e+00 4.600000000000000139e-04
0.000000000000000000e+00 -5.121087999999999738e+03 7.000000000000000000e+00 4.600000000000000139e-04
6.889999999999999458e-01 -5.121796000000000276e+03 7.500000000000000000e+00 4.600000000000000139e-04
0.000000000000000000e+00 -5.122484999999999673e+03 8.000000000000000000e+00 4.600000000000000139e-04
2.083000000000000185e+00 -5.119016999999999825e+03 8.500000000000000000e+00 5.404000000000000166e-04
0.000000000000000000e+00 -5.121100000000000364e+03 9.000000000000000000e+00 5.404000000000000166e-04
5.749999999999999556e-01 -5.121917999999999665e+03 9.500000000000000000e+00 5.404000000000000166e-04
0.000000000000000000e+00 -5.122493000000000393e+03 1.000000000000000000e+01 5.404000000000000166e-04
1.967999999999999972e+00 -5.119131999999999607e+03 1.050000000000000000e+01 6.555999999999999979e-04
0.000000000000000000e+00 -5.121100000000000364e+03 1.100000000000000000e+01 6.555999999999999979e-04
5.749999999999999556e-01 -5.121917999999999665e+03 1.150000000000000000e+01 6.555999999999999979e-04
0.000000000000000000e+00 -5.122493000000000393e+03 1.200000000000000000e+01 6.555999999999999979e-04
2.165999999999999925e+00 -5.118939000000000306e+03 1.250000000000000000e+01 6.802000000000000537e-04
0.000000000000000000e+00 -5.121104999999999563e+03 1.300000000000000000e+01 6.802000000000000537e-04
5.580000000000000515e-01 -5.121923999999999978e+03 1.350000000000000000e+01 6.802000000000000537e-04
0.000000000000000000e+00 -5.122481999999999971e+03 1.400000000000000000e+01 6.802000000000000537e-04
1.881000000000000005e+00 -5.119402000000000044e+03 1.450000000000000000e+01 7.142999999999999610e-04
0.000000000000000000e+00 -5.121283000000000357e+03 1.500000000000000000e+01 7.142999999999999610e-04
6.360000000000000098e-01 -5.121842999999999847e+03 1.550000000000000000e+01 7.142999999999999610e-04
0.000000000000000000e+00 -5.122479999999999563e+03 1.600000000000000000e+01 7.142999999999999610e-04
1.832999999999999963e+00 -5.119449999999999818e+03 1.650000000000000000e+01 8.421000000000000317e-04
0.000000000000000000e+00 -5.121283000000000357e+03 1.700000000000000000e+01 8.421000000000000317e-04
8.599999999999999867e-01 -5.119801000000000386e+03 1.750000000000000000e+01 8.421000000000000317e-04
0.000000000000000000e+00 -5.120661000000000058e+03 1.800000000000000000e+01 8.421000000000000317e-04
2.379999999999999893e-01 -5.121045000000000073e+03 1.850000000000000000e+01 8.421000000000000317e-04
0.000000000000000000e+00 -5.121283000000000357e+03 1.900000000000000000e+01 8.421000000000000317e-04
8.100000000000000533e-01 -5.121734999999999673e+03 1.950000000000000000e+01 8.421000000000000317e-04
0.000000000000000000e+00 -5.122546000000000276e+03 2.000000000000000000e+01 8.421000000000000317e-04
2.092999999999999972e+00 -5.119060999999999694e+03 2.050000000000000000e+01 1.606000000000000006e-03
0.000000000000000000e+00 -5.121154000000000451e+03 2.100000000000000000e+01 1.606000000000000006e-03
7.019999999999999574e-01 -5.121844000000000051e+03 2.150000000000000000e+01 1.606000000000000006e-03
0.000000000000000000e+00 -5.122546000000000276e+03 2.200000000000000000e+01 1.606000000000000006e-03
2.092999999999999972e+00 -5.119060999999999694e+03 2.250000000000000000e+01 2.333000000000000004e-03
0.000000000000000000e+00 -5.121154000000000451e+03 2.300000000000000000e+01 2.333000000000000004e-03
7.019999999999999574e-01 -5.121844000000000051e+03 2.350000000000000000e+01 2.333000000000000004e-03
0.000000000000000000e+00 -5.122546000000000276e+03 2.400000000000000000e+01 2.333000000000000004e-03
2.092999999999999972e+00 -5.119060999999999694e+03 2.450000000000000000e+01 2.782999999999999884e-03
0.000000000000000000e+00 -5.121154000000000451e+03 2.500000000000000000e+01 2.782999999999999884e-03
7.019999999999999574e-01 -5.121844000000000051e+03 2.550000000000000000e+01 2.782999999999999884e-03
0.000000000000000000e+00 -5.122546000000000276e+03 2.600000000000000000e+01 2.782999999999999884e-03
2.092999999999999972e+00 -5.119060999999999694e+03 2.650000000000000000e+01 3.037000000000000203e-03
0.000000000000000000e+00 -5.121154000000000451e+03 2.700000000000000000e+01 3.037000000000000203e-03
7.019999999999999574e-01 -5.121844000000000051e+03 2.750000000000000000e+01 3.037000000000000203e-03
0.000000000000000000e+00 -5.122546000000000276e+03 2.800000000000000000e+01 3.037000000000000203e-03
2.092999999999999972e+00 -5.119060999999999694e+03 2.850000000000000000e+01 3.713999999999999854e-03
0.000000000000000000e+00 -5.121154000000000451e+03 2.900000000000000000e+01 3.713999999999999854e-03
7.670000000000000151e-01 -5.122140000000000327e+03 2.950000000000000000e+01 3.713999999999999854e-03
0.000000000000000000e+00 -5.122907000000000153e+03 3.000000000000000000e+01 3.713999999999999854e-03
2.258000000000000007e+00 -5.119162999999999556e+03 3.050000000000000000e+01 4.481999999999999873e-03
0.000000000000000000e+00 -5.121421000000000276e+03 3.100000000000000000e+01 4.481999999999999873e-03
7.720000000000000195e-01 -5.122137999999999920e+03 3.150000000000000000e+01 4.481999999999999873e-03
0.000000000000000000e+00 -5.122909999999999854e+03 3.200000000000000000e+01 4.481999999999999873e-03
2.133999999999999897e+00 -5.119257999999999811e+03 3.250000000000000000e+01 4.736999999999999891e-03
0.000000000000000000e+00 -5.121391999999999825e+03 3.300000000000000000e+01 4.736999999999999891e-03
7.810000000000000275e-01 -5.122070999999999913e+03 3.350000000000000000e+01 4.736999999999999891e-03
0.000000000000000000e+00 -5.122851999999999862e+03 3.400000000000000000e+01 4.736999999999999891e-03
2.031000000000000139e+00 -5.119306999999999789e+03 3.450000000000000000e+01 5.784000000000000079e-03
0.000000000000000000e+00 -5.121337999999999738e+03 3.500000000000000000e+01 5.784000000000000079e-03
5.180000000000000160e-01 -5.122333999999999833e+03 3.550000000000000000e+01 5.784000000000000079e-03
0.000000000000000000e+00 -5.122851999999999862e+03 3.600000000000000000e+01 5.784000000000000079e-03
2.031000000000000139e+00 -5.119306999999999789e+03 3.650000000000000000e+01 6.399000000000000174e-03
0.000000000000000000e+00 -5.121337999999999738e+03 3.700000000000000000e+01 6.399000000000000174e-03
5.180000000000000160e-01 -5.122333999999999833e+03 3.750000000000000000e+01 6.399000000000000174e-03
0.000000000000000000e+00 -5.122851999999999862e+03 3.800000000000000000e+01 6.399000000000000174e-03
2.031000000000000139e+00 -5.119306999999999789e+03 3.850000000000000000e+01 6.597999999999999698e-03
0.000000000000000000e+00 -5.121337999999999738e+03 3.900000000000000000e+01 6.597999999999999698e-03
5.180000000000000160e-01 -5.122333999999999833e+03 3.950000000000000000e+01 6.597999999999999698e-03
0.000000000000000000e+00 -5.122851999999999862e+03 4.000000000000000000e+01 6.597999999999999698e-03
2.031000000000000139e+00 -5.119306999999999789e+03 4.050000000000000000e+01 7.486999999999999732e-03
0.000000000000000000e+00 -5.121337999999999738e+03 4.100000000000000000e+01 7.486999999999999732e-03
5.180000000000000160e-01 -5.122333999999999833e+03 4.150000000000000000e+01 7.486999999999999732e-03
0.000000000000000000e+00 -5.122851999999999862e+03 4.200000000000000000e+01 7.486999999999999732e-03
2.035000000000000142e+00 -5.119654000000000451e+03 4.250000000000000000e+01 7.856999999999999401e-03
0.000000000000000000e+00 -5.121689000000000306e+03 4.300000000000000000e+01 7.856999999999999401e-03
8.880000000000000115e-01 -5.121971999999999753e+03 4.350000000000000000e+01 7.856999999999999401e-03
0.000000000000000000e+00 -5.122860999999999876e+03 4.400000000000000000e+01 7.856999999999999401e-03
2.327999999999999847e+00 -5.119061999999999898e+03 4.450000000000000000e+01 1.111000000000000008e-02
0.000000000000000000e+00 -5.121390000000000327e+03 4.500000000000000000e+01 1.111000000000000008e-02
1.108000000000000096e+00 -5.121398000000000138e+03 4.550000000000000000e+01 1.111000000000000008e-02
0.000000000000000000e+00 -5.122505000000000109e+03 4.600000000000000000e+01 1.111000000000000008e-02
2.145000000000000018e+00 -5.120715000000000146e+03 4.650000000000000000e+01 1.111999999999999968e-02
0.000000000000000000e+00 -5.122859000000000378e+03 4.700000000000000000e+01 1.111999999999999968e-02
2.060999999999999943e+00 -5.119283000000000357e+03 4.750000000000000000e+01 1.161000000000000053e-02
0.000000000000000000e+00 -5.121344000000000051e+03 4.800000000000000000e+01 1.161000000000000053e-02
5.450000000000000400e-01 -5.122314000000000306e+03 4.850000000000000000e+01 1.161000000000000053e-02
0.000000000000000000e+00 -5.122859000000000378e+03 4.900000000000000000e+01 1.161000000000000053e-02
2.060999999999999943e+00 -5.119627999999999702e+03 4.950000000000000000e+01 1.485000000000000035e-02
0.000000000000000000e+00 -5.121689000000000306e+03 5.000000000000000000e+01 1.485000000000000035e-02
8.880000000000000115e-01 -5.121970000000000255e+03 5.050000000000000000e+01 1.485000000000000035e-02
0.000000000000000000e+00 -5.122858000000000175e+03 5.100000000000000000e+01 1.485000000000000035e-02
2.052000000000000046e+00 -5.119289999999999964e+03 5.150000000000000000e+01 1.489000000000000046e-02
0.000000000000000000e+00 -5.121341999999999643e+03 5.200000000000000000e+01 1.489000000000000046e-02
5.360000000000000320e-01 -5.122322000000000116e+03 5.250000000000000000e+01 1.489000000000000046e-02
0.000000000000000000e+00 -5.122858000000000175e+03 5.300000000000000000e+01 1.489000000000000046e-02
2.052000000000000046e+00 -5.119636000000000422e+03 5.350000000000000000e+01 1.566999999999999990e-02
0.000000000000000000e+00 -5.121689000000000306e+03 5.400000000000000000e+01 1.566999999999999990e-02
8.880000000000000115e-01 -5.121972999999999956e+03 5.450000000000000000e+01 1.566999999999999990e-02
0.000000000000000000e+00 -5.122860999999999876e+03 5.500000000000000000e+01 1.566999999999999990e-02
2.080999999999999961e+00 -5.119264000000000124e+03 5.550000000000000000e+01 1.788999999999999965e-02
0.000000000000000000e+00 -5.121344000000000051e+03 5.600000000000000000e+01 1.788999999999999965e-02
5.639999999999999458e-01 -5.122296999999999571e+03 5.650000000000000000e+01 1.788999999999999965e-02
0.000000000000000000e+00 -5.122860999999999876e+03 5.700000000000000000e+01 1.788999999999999965e-02
2.080999999999999961e+00 -5.119264000000000124e+03 5.750000000000000000e+01 2.079999999999999905e-02
0.000000000000000000e+00 -5.121344000000000051e+03 5.800000000000000000e+01 2.079999999999999905e-02
5.639999999999999458e-01 -5.122296999999999571e+03 5.850000000000000000e+01 2.079999999999999905e-02
0.000000000000000000e+00 -5.122860999999999876e+03 5.900000000000000000e+01 2.079999999999999905e-02
2.080000000000000071e+00 -5.119609000000000378e+03 5.950000000000000000e+01 2.314000000000000085e-02
0.000000000000000000e+00 -5.121689000000000306e+03 6.000000000000000000e+01 2.314000000000000085e-02
8.870000000000000107e-01 -5.121970999999999549e+03 6.050000000000000000e+01 2.314000000000000085e-02
0.000000000000000000e+00 -5.122858000000000175e+03 6.100000000000000000e+01 2.314000000000000085e-02
2.051000000000000156e+00 -5.119289999999999964e+03 6.150000000000000000e+01 2.367999999999999966e-02
0.000000000000000000e+00 -5.121341999999999643e+03 6.200000000000000000e+01 2.367999999999999966e-02
5.350000000000000311e-01 -5.122323000000000320e+03 6.250000000000000000e+01 2.367999999999999966e-02
0.000000000000000000e+00 -5.122858000000000175e+03 6.300000000000000000e+01 2.367999999999999966e-02
2.051000000000000156e+00 -5.119289999999999964e+03 6.350000000000000000e+01 2.607999999999999902e-02
0.000000000000000000e+00 -5.121341999999999643e+03 6.400000000000000000e+01 2.607999999999999902e-02
5.350000000000000311e-01 -5.122323000000000320e+03 6.450000000000000000e+01 2.607999999999999902e-02
0.000000000000000000e+00 -5.122858000000000175e+03 6.500000000000000000e+01 2.607999999999999902e-02
2.051000000000000156e+00 -5.119636999999999716e+03 6.550000000000000000e+01 2.809999999999999998e-02
0.000000000000000000e+00 -5.121689000000000306e+03 6.600000000000000000e+01 2.809999999999999998e-02
7.369999999999999885e-01 -5.122444000000000415e+03 6.650000000000000000e+01 2.809999999999999998e-02
0.000000000000000000e+00 -5.123180999999999585e+03 6.700000000000000000e+01 2.809999999999999998e-02
2.548000000000000043e+00 -5.118573000000000320e+03 6.750000000000000000e+01 3.314999999999999891e-02
0.000000000000000000e+00 -5.121119999999999891e+03 6.800000000000000000e+01 3.314999999999999891e-02
4.939999999999999947e-01 -5.122684000000000196e+03 6.850000000000000000e+01 3.314999999999999891e-02
0.000000000000000000e+00 -5.123177999999999884e+03 6.900000000000000000e+01 3.314999999999999891e-02
2.390000000000000124e+00 -5.118922999999999774e+03 6.950000000000000000e+01 3.939999999999999752e-02
0.000000000000000000e+00 -5.121313000000000102e+03 7.000000000000000000e+01 3.939999999999999752e-02
5.250000000000000222e-01 -5.122653000000000247e+03 7.050000000000000000e+01 3.939999999999999752e-02
0.000000000000000000e+00 -5.123177999999999884e+03 7.100000000000000000e+01 3.939999999999999752e-02
2.229999999999999982e+00 -5.119461000000000240e+03 7.150000000000000000e+01 4.392000000000000071e-02
0.000000000000000000e+00 -5.121690999999999804e+03 7.200000000000000000e+01 4.392000000000000071e-02
7.439999999999999947e-01 -5.122439000000000306e+03 7.250000000000000000e+01 4.392000000000000071e-02
0.000000000000000000e+00 -5.123182999999999993e+03 7.300000000000000000e+01 4.392000000000000071e-02
2.234999999999999876e+00 -5.119456000000000131e+03 7.350000000000000000e+01 4.393999999999999989e-02
0.000000000000000000e+00 -5.121690999999999804e+03 7.400000000000000000e+01 4.393999999999999989e-02
7.439999999999999947e-01 -5.122439000000000306e+03 7.450000000000000000e+01 4.393999999999999989e-02
0.000000000000000000e+00 -5.123182999999999993e+03 7.500000000000000000e+01 4.393999999999999989e-02
2.329000000000000181e+00 -5.118585000000000036e+03 7.550000000000000000e+01 4.519999999999999712e-02
0.000000000000000000e+00 -5.120913999999999760e+03 7.600000000000000000e+01 4.519999999999999712e-02
2.375999999999999890e+00 -5.116926000000000386e+03 7.650000000000000000e+01 6.458999999999999464e-02
0.000000000000000000e+00 -5.119301999999999680e+03 7.700000000000000000e+01 6.458999999999999464e-02
6.209999999999999964e-01 -5.120543999999999869e+03 7.750000000000000000e+01 6.458999999999999464e-02
0.000000000000000000e+00 -5.121164999999999964e+03 7.800000000000000000e+01 6.458999999999999464e-02
6.149999999999999911e-01 -5.120336000000000240e+03 7.850000000000000000e+01 6.458999999999999464e-02
0.000000000000000000e+00 -5.120951000000000022e+03 7.900000000000000000e+01 6.458999999999999464e-02
4.010000000000000231e-01 -5.120762999999999920e+03 7.950000000000000000e+01 6.458999999999999464e-02
0.000000000000000000e+00 -5.121162999999999556e+03 8.000000000000000000e+01 6.458999999999999464e-02
5.649999999999999467e-01 -5.122475999999999658e+03 8.050000000000000000e+01 6.458999999999999464e-02
0.000000000000000000e+00 -5.123041000000000167e+03 8.100000000000000000e+01 6.458999999999999464e-02
2.273000000000000131e+00 -5.119296999999999571e+03 8.150000000000000000e+01 6.461999999999999689e-02
0.000000000000000000e+00 -5.121569999999999709e+03 8.200000000000000000e+01 6.461999999999999689e-02
7.810000000000000275e-01 -5.122278000000000247e+03 8.250000000000000000e+01 6.461999999999999689e-02
0.000000000000000000e+00 -5.123059000000000196e+03 8.300000000000000000e+01 6.461999999999999689e-02
2.713999999999999968e+00 -5.117920000000000073e+03 8.350000000000000000e+01 6.665999999999999703e-02
0.000000000000000000e+00 -5.120634000000000015e+03 8.400000000000000000e+01 6.665999999999999703e-02
2.989999999999999880e-01 -5.122712999999999738e+03 8.450000000000000000e+01 6.665999999999999703e-02
0.000000000000000000e+00 -5.123011999999999716e+03 8.500000000000000000e+01 6.665999999999999703e-02
2.365000000000000213e+00 -5.118837999999999738e+03 8.550000000000000000e+01 7.173999999999999821e-02
0.000000000000000000e+00 -5.121203000000000429e+03 8.600000000000000000e+01 7.173999999999999821e-02
4.709999999999999742e-01 -5.122533999999999651e+03 8.650000000000000000e+01 7.173999999999999821e-02
0.000000000000000000e+00 -5.123005000000000109e+03 8.700000000000000000e+01 7.173999999999999821e-02
2.301000000000000156e+00 -5.118844000000000051e+03 8.750000000000000000e+01 7.413000000000000145e-02
0.000000000000000000e+00 -5.121145000000000437e+03 8.800000000000000000e+01 7.413000000000000145e-02
4.500000000000000111e-01 -5.122519000000000233e+03 8.850000000000000000e+01 7.413000000000000145e-02
0.000000000000000000e+00 -5.122969000000000051e+03 8.900000000000000000e+01 7.413000000000000145e-02
2.337000000000000188e+00 -5.119502999999999702e+03 8.950000000000000000e+01 7.592999999999999750e-02
0.000000000000000000e+00 -5.121840000000000146e+03 9.000000000000000000e+01 7.592999999999999750e-02
7.760000000000000231e-01 -5.122564000000000306e+03 9.050000000000000000e+01 7.592999999999999750e-02
0.000000000000000000e+00 -5.123341000000000349e+03 9.100000000000000000e+01 7.592999999999999750e-02
2.283999999999999808e+00 -5.119068000000000211e+03 9.150000000000000000e+01 7.915999999999999426e-02
0.000000000000000000e+00 -5.121351999999999862e+03 9.200000000000000000e+01 7.915999999999999426e-02
2.959999999999999853e-01 -5.123047999999999774e+03 9.250000000000000000e+01 7.915999999999999426e-02
0.000000000000000000e+00 -5.123344000000000051e+03 9.300000000000000000e+01 7.915999999999999426e-02
2.214999999999999858e+00 -5.119617000000000189e+03 9.350000000000000000e+01 8.512000000000000122e-02
0.000000000000000000e+00 -5.121832000000000335e+03 9.400000000000000000e+01 8.512000000000000122e-02
8.239999999999999547e-01 -5.122222999999999956e+03 9.450000000000000000e+01 8.512000000000000122e-02
0.000000000000000000e+00 -5.123046999999999571e+03 9.500000000000000000e+01 8.512000000000000122e-02
2.068000000000000060e+00 -5.119766999999999825e+03 9.550000000000000000e+01 8.530000000000000082e-02
0.000000000000000000e+00 -5.121835000000000036e+03 9.600000000000000000e+01 8.530000000000000082e-02
7.139999999999999680e-01 -5.122627000000000407e+03 9.650000000000000000e+01 8.530000000000000082e-02
0.000000000000000000e+00 -5.123341000000000349e+03 9.700000000000000000e+01 8.530000000000000082e-02
2.310999999999999943e+00 -5.118784999999999854e+03 9.750000000000000000e+01 9.882000000000000506e-02
0.000000000000000000e+00 -5.121095999999999549e+03 9.800000000000000000e+01 9.882000000000000506e-02
3.300000000000000155e-02 -5.123310000000000400e+03 9.850000000000000000e+01 9.882000000000000506e-02
0.000000000000000000e+00 -5.123342999999999847e+03 9.900000000000000000e+01 9.882000000000000506e-02
2.214999999999999858e+00 -5.119615999999999985e+03 9.950000000000000000e+01 9.907000000000000528e-02
0.000000000000000000e+00 -5.121831000000000131e+03 1.000000000000000000e+02 9.907000000000000528e-02
1.284999999999999920e+00 -5.121533999999999651e+03 1.005000000000000000e+02 9.907000000000000528e-02
0.000000000000000000e+00 -5.122818000000000211e+03 1.010000000000000000e+02 9.907000000000000528e-02
2.408999999999999808e+00 -5.120637999999999920e+03 1.015000000000000000e+02 1.005999999999999950e-01
0.000000000000000000e+00 -5.123046999999999571e+03 1.020000000000000000e+02 1.005999999999999950e-01
2.073999999999999844e+00 -5.119448000000000320e+03 1.025000000000000000e+02 1.016999999999999987e-01
0.000000000000000000e+00 -5.121521999999999935e+03 1.030000000000000000e+02 1.016999999999999987e-01
5.500000000000000444e-01 -5.122497999999999593e+03 1.035000000000000000e+02 1.016999999999999987e-01
0.000000000000000000e+00 -5.123046999999999571e+03 1.040000000000000000e+02 1.016999999999999987e-01
2.076000000000000068e+00 -5.119757999999999811e+03 1.045000000000000000e+02 1.030999999999999972e-01
0.000000000000000000e+00 -5.121835000000000036e+03 1.050000000000000000e+02 1.030999999999999972e-01
7.129999999999999671e-01 -5.122628999999999905e+03 1.055000000000000000e+02 1.030999999999999972e-01
0.000000000000000000e+00 -5.123341999999999643e+03 1.060000000000000000e+02 1.030999999999999972e-01
2.293000000000000149e+00 -5.119543999999999869e+03 1.065000000000000000e+02 1.088999999999999968e-01
0.000000000000000000e+00 -5.121837999999999738e+03 1.070000000000000000e+02 1.088999999999999968e-01
7.770000000000000240e-01 -5.122567000000000007e+03 1.075000000000000000e+02 1.088999999999999968e-01
0.000000000000000000e+00 -5.123344000000000051e+03 1.080000000000000000e+02 1.088999999999999968e-01
2.319999999999999840e+00 -5.118863999999999578e+03 1.085000000000000000e+02 1.092000000000000054e-01
0.000000000000000000e+00 -5.121184000000000196e+03 1.090000000000000000e+02 1.092000000000000054e-01
1.600000000000000033e-01 -5.123184000000000196e+03 1.095000000000000000e+02 1.092000000000000054e-01
0.000000000000000000e+00 -5.123344000000000051e+03 1.100000000000000000e+02 1.092000000000000054e-01
2.585999999999999854e+00 -5.118704999999999927e+03 1.105000000000000000e+02 1.154000000000000026e-01
0.000000000000000000e+00 -5.121291000000000167e+03 1.110000000000000000e+02 1.154000000000000026e-01
4.440000000000000058e-01 -5.122894000000000233e+03 1.115000000000000000e+02 1.154000000000000026e-01
0.000000000000000000e+00 -5.123337999999999738e+03 1.120000000000000000e+02 1.154000000000000026e-01
2.253000000000000114e+00 -5.119604000000000269e+03 1.125000000000000000e+02 1.169000000000000039e-01
0.000000000000000000e+00 -5.121856999999999971e+03 1.130000000000000000e+02 1.169000000000000039e-01
7.720000000000000195e-01 -5.122565999999999804e+03 1.135000000000000000e+02 1.169000000000000039e-01
0.000000000000000000e+00 -5.123337999999999738e+03 1.140000000000000000e+02 1.169000000000000039e-01
2.294000000000000039e+00 -5.119055000000000291e+03 1.145000000000000000e+02 1.203999999999999931e-01
0.000000000000000000e+00 -5.121349000000000160e+03 1.150000000000000000e+02 1.203999999999999931e-01
3.049999999999999933e-01 -5.123033000000000357e+03 1.155000000000000000e+02 1.203999999999999931e-01
0.000000000000000000e+00 -5.123337999999999738e+03 1.160000000000000000e+02 1.203999999999999931e-01
2.214999999999999858e+00 -5.119609999999999673e+03 1.165000000000000000e+02 1.205999999999999989e-01
0.000000000000000000e+00 -5.121824999999999818e+03 1.170000000000000000e+02 1.205999999999999989e-01
7.009999999999999565e-01 -5.122636999999999716e+03 1.175000000000000000e+02 1.205999999999999989e-01
0.000000000000000000e+00 -5.123337999999999738e+03 1.180000000000000000e+02 1.205999999999999989e-01
2.254000000000000004e+00 -5.119603000000000065e+03 1.185000000000000000e+02 1.242999999999999938e-01
0.000000000000000000e+00 -5.121856999999999971e+03 1.190000000000000000e+02 1.242999999999999938e-01
7.730000000000000204e-01 -5.122564999999999600e+03 1.195000000000000000e+02 1.242999999999999938e-01
0.000000000000000000e+00 -5.123337999999999738e+03 1.200000000000000000e+02 1.242999999999999938e-01
2.725999999999999979e+00 -5.118076000000000022e+03 1.205000000000000000e+02 1.264000000000000123e-01
0.000000000000000000e+00 -5.120802999999999884e+03 1.210000000000000000e+02 1.264000000000000123e-01
1.499999999999999944e-01 -5.121444000000000415e+03 1.215000000000000000e+02 1.264000000000000123e-01
0.000000000000000000e+00 -5.121594000000000051e+03 1.220000000000000000e+02 1.264000000000000123e-01
7.690000000000000169e-01 -5.122372999999999593e+03 1.225000000000000000e+02 1.264000000000000123e-01
0.000000000000000000e+00 -5.123141999999999825e+03 1.230000000000000000e+02 1.264000000000000123e-01
2.471999999999999975e+00 -5.118697000000000116e+03 1.235000000000000000e+02 1.320000000000000062e-01
0.000000000000000000e+00 -5.121168999999999869e+03 1.240000000000000000e+02 1.320000000000000062e-01
5.000000000000000000e-01 -5.122604999999999563e+03 1.245000000000000000e+02 1.320000000000000062e-01
0.000000000000000000e+00 -5.123104000000000269e+03 1.250000000000000000e+02 1.320000000000000062e-01
2.439000000000000057e+00 -5.118838999999999942e+03 1.255000000000000000e+02 1.484000000000000041e-01
0.000000000000000000e+00 -5.121278000000000247e+03 1.260000000000000000e+02 1.484000000000000041e-01
6.969999999999999529e-01 -5.120161000000000058e+03 1.265000000000000000e+02 1.484000000000000041e-01
0.000000000000000000e+00 -5.120856999999999971e+03 1.270000000000000000e+02 1.484000000000000041e-01
2.700000000000000178e-01 -5.122921000000000276e+03 1.275000000000000000e+02 1.484000000000000041e-01
0.000000000000000000e+00 -5.123190999999999804e+03 1.280000000000000000e+02 1.484000000000000041e-01
2.282000000000000028e+00 -5.119421999999999571e+03 1.285000000000000000e+02 1.562000000000000055e-01
0.000000000000000000e+00 -5.121704999999999927e+03 1.290000000000000000e+02 1.562000000000000055e-01
1.042999999999999927e+00 -5.121774999999999636e+03 1.295000000000000000e+02 1.562000000000000055e-01
0.000000000000000000e+00 -5.122817000000000007e+03 1.300000000000000000e+02 1.562000000000000055e-01
2.047000000000000153e+00 -5.119247999999999593e+03 1.305000000000000000e+02 1.565999999999999892e-01
0.000000000000000000e+00 -5.121296000000000276e+03 1.310000000000000000e+02 1.565999999999999892e-01
5.250000000000000222e-01 -5.122292000000000371e+03 1.315000000000000000e+02 1.565999999999999892e-01
0.000000000000000000e+00 -5.122817000000000007e+03 1.320000000000000000e+02 1.565999999999999892e-01
2.048999999999999932e+00 -5.119657000000000153e+03 1.325000000000000000e+02 1.579000000000000126e-01
0.000000000000000000e+00 -5.121706000000000131e+03 1.330000000000000000e+02 1.579000000000000126e-01
9.330000000000000515e-01 -5.121867000000000189e+03 1.335000000000000000e+02 1.579000000000000126e-01
0.000000000000000000e+00 -5.122800000000000182e+03 1.340000000000000000e+02 1.579000000000000126e-01
2.012999999999999901e+00 -5.119694999999999709e+03 1.345000000000000000e+02 1.580999999999999905e-01
0.000000000000000000e+00 -5.121707999999999629e+03 1.350000000000000000e+02 1.580999999999999905e-01
7.590000000000000080e-01 -5.122435999999999694e+03 1.355000000000000000e+02 1.580999999999999905e-01
0.000000000000000000e+00 -5.123194999999999709e+03 1.360000000000000000e+02 1.580999999999999905e-01
2.261000000000000121e+00 -5.119036000000000058e+03 1.365000000000000000e+02 1.597999999999999976e-01
0.000000000000000000e+00 -5.121296000000000276e+03 1.370000000000000000e+02 1.597999999999999976e-01
3.639999999999999902e-01 -5.122835000000000036e+03 1.375000000000000000e+02 1.597999999999999976e-01
0.000000000000000000e+00 -5.123198999999999614e+03 1.380000000000000000e+02 1.597999999999999976e-01
2.281000000000000139e+00 -5.119065999999999804e+03 1.385000000000000000e+02 1.650999999999999968e-01
0.000000000000000000e+00 -5.121345999999999549e+03 1.390000000000000000e+02 1.650999999999999968e-01
8.990000000000000213e-01 -5.122298999999999978e+03 1.395000000000000000e+02 1.650999999999999968e-01
0.000000000000000000e+00 -5.123198000000000320e+03 1.400000000000000000e+02 1.650999999999999968e-01
2.232000000000000206e+00 -5.119395000000000437e+03 1.405000000000000000e+02 1.655000000000000082e-01
0.000000000000000000e+00 -5.121627999999999702e+03 1.410000000000000000e+02 1.655000000000000082e-01
6.520000000000000240e-01 -5.122545000000000073e+03 1.415000000000000000e+02 1.655000000000000082e-01
0.000000000000000000e+00 -5.123197000000000116e+03 1.420000000000000000e+02 1.655000000000000082e-01
2.329000000000000181e+00 -5.119341999999999643e+03 1.425000000000000000e+02 1.685999999999999999e-01
0.000000000000000000e+00 -5.121671000000000276e+03 1.430000000000000000e+02 1.685999999999999999e-01
8.030000000000000471e-01 -5.122395000000000437e+03 1.435000000000000000e+02 1.685999999999999999e-01
0.000000000000000000e+00 -5.123198000000000320e+03 1.440000000000000000e+02 1.685999999999999999e-01
2.285000000000000142e+00 -5.119042999999999665e+03 1.445000000000000000e+02 1.701999999999999902e-01
0.000000000000000000e+00 -5.121328000000000429e+03 1.450000000000000000e+02 1.701999999999999902e-01
5.819999999999999618e-01 -5.122618999999999687e+03 1.455000000000000000e+02 1.701999999999999902e-01
0.000000000000000000e+00 -5.123201000000000022e+03 1.460000000000000000e+02 1.701999999999999902e-01
2.447000000000000064e+00 -5.118920000000000073e+03 1.465000000000000000e+02 1.719999999999999862e-01
0.000000000000000000e+00 -5.121367000000000189e+03 1.470000000000000000e+02 1.719999999999999862e-01
6.019999999999999796e-01 -5.122600999999999658e+03 1.475000000000000000e+02 1.719999999999999862e-01
0.000000000000000000e+00 -5.123203000000000429e+03 1.480000000000000000e+02 1.719999999999999862e-01
2.234999999999999876e+00 -5.119400999999999840e+03 1.485000000000000000e+02 1.776000000000000079e-01
0.000000000000000000e+00 -5.121635000000000218e+03 1.490000000000000000e+02 1.776000000000000079e-01
6.670000000000000373e-01 -5.122534999999999854e+03 1.495000000000000000e+02 1.776000000000000079e-01
0.000000000000000000e+00 -5.123203000000000429e+03 1.500000000000000000e+02 1.776000000000000079e-01
2.258999999999999897e+00 -5.119458999999999833e+03 1.505000000000000000e+02 1.786000000000000087e-01
0.000000000000000000e+00 -5.121719000000000051e+03 1.510000000000000000e+02 1.786000000000000087e-01
9.819999999999999840e-01 -5.121858000000000175e+03 1.515000000000000000e+02 1.786000000000000087e-01
0.000000000000000000e+00 -5.122840000000000146e+03 1.520000000000000000e+02 1.786000000000000087e-01
2.052000000000000046e+00 -5.119655999999999949e+03 1.525000000000000000e+02 1.791000000000000092e-01
0.000000000000000000e+00 -5.121707999999999629e+03 1.530000000000000000e+02 1.791000000000000092e-01
9.190000000000000391e-01 -5.121907000000000153e+03 1.535000000000000000e+02 1.791000000000000092e-01
0.000000000000000000e+00 -5.122826000000000022e+03 1.540000000000000000e+02 1.791000000000000092e-01
2.024000000000000021e+00 -5.119686999999999898e+03 1.545000000000000000e+02 1.801000000000000101e-01
0.000000000000000000e+00 -5.121711000000000240e+03 1.550000000000000000e+02 1.801000000000000101e-01
9.340000000000000524e-01 -5.121921000000000276e+03 1.555000000000000000e+02 1.801000000000000101e-01
0.000000000000000000e+00 -5.122854999999999563e+03 1.560000000000000000e+02 1.801000000000000101e-01
2.093999999999999861e+00 -5.119614999999999782e+03 1.565000000000000000e+02 1.804000000000000048e-01
0.000000000000000000e+00 -5.121708999999999833e+03 1.570000000000000000e+02 1.804000000000000048e-01
9.270000000000000462e-01 -5.121926000000000386e+03 1.575000000000000000e+02 1.804000000000000048e-01
0.000000000000000000e+00 -5.122851999999999862e+03 1.580000000000000000e+02 1.804000000000000048e-01
2.274000000000000021e+00 -5.119090000000000146e+03 1.585000000000000000e+02 1.807999999999999885e-01
0.000000000000000000e+00 -5.121364999999999782e+03 1.590000000000000000e+02 1.807999999999999885e-01
7.860000000000000320e-01 -5.122065999999999804e+03 1.595000000000000000e+02 1.807999999999999885e-01
0.000000000000000000e+00 -5.122851999999999862e+03 1.600000000000000000e+02 1.807999999999999885e-01
2.084999999999999964e+00 -5.119628999999999905e+03 1.605000000000000000e+02 1.811000000000000110e-01
0.000000000000000000e+00 -5.121713999999999942e+03 1.610000000000000000e+02 1.811000000000000110e-01
9.429999999999999494e-01 -5.121912000000000262e+03 1.615000000000000000e+02 1.811000000000000110e-01
0.000000000000000000e+00 -5.122855999999999767e+03 1.620000000000000000e+02 1.811000000000000110e-01
2.084999999999999964e+00 -5.119630000000000109e+03 1.625000000000000000e+02 1.834999999999999964e-01
0.000000000000000000e+00 -5.121713999999999942e+03 1.630000000000000000e+02 1.834999999999999964e-01
9.429999999999999494e-01 -5.121896999999999935e+03 1.635000000000000000e+02 1.834999999999999964e-01
0.000000000000000000e+00 -5.122840000000000146e+03 1.640000000000000000e+02 1.834999999999999964e-01
2.052999999999999936e+00 -5.119658999999999651e+03 1.645000000000000000e+02 1.837999999999999912e-01
0.000000000000000000e+00 -5.121711000000000240e+03 1.650000000000000000e+02 1.837999999999999912e-01
9.230000000000000426e-01 -5.121917000000000371e+03 1.655000000000000000e+02 1.837999999999999912e-01
0.000000000000000000e+00 -5.122840000000000146e+03 1.660000000000000000e+02 1.837999999999999912e-01
2.053999999999999826e+00 -5.119658999999999651e+03 1.665000000000000000e+02 1.847999999999999921e-01
0.000000000000000000e+00 -5.121712999999999738e+03 1.670000000000000000e+02 1.847999999999999921e-01
9.320000000000000506e-01 -5.121899000000000342e+03 1.675000000000000000e+02 1.847999999999999921e-01
0.000000000000000000e+00 -5.122831000000000131e+03 1.680000000000000000e+02 1.847999999999999921e-01
2.032999999999999918e+00 -5.119676999999999680e+03 1.685000000000000000e+02 1.849000000000000088e-01
0.000000000000000000e+00 -5.121710000000000036e+03 1.690000000000000000e+02 1.849000000000000088e-01
9.230000000000000426e-01 -5.121904000000000451e+03 1.695000000000000000e+02 1.849000000000000088e-01
0.000000000000000000e+00 -5.122827000000000226e+03 1.700000000000000000e+02 1.849000000000000088e-01
2.443000000000000060e+00 -5.119233000000000175e+03 1.705000000000000000e+02 1.859999999999999987e-01
0.000000000000000000e+00 -5.121676000000000386e+03 1.710000000000000000e+02 1.859999999999999987e-01
7.389999999999999902e-01 -5.122429000000000087e+03 1.715000000000000000e+02 1.859999999999999987e-01
0.000000000000000000e+00 -5.123167000000000371e+03 1.720000000000000000e+02 1.859999999999999987e-01
2.339999999999999858e+00 -5.118760000000000218e+03 1.725000000000000000e+02 2.159999999999999976e-01
0.000000000000000000e+00 -5.121100000000000364e+03 1.730000000000000000e+02 2.159999999999999976e-01
2.909999999999999809e-01 -5.122869999999999891e+03 1.735000000000000000e+02 2.159999999999999976e-01
0.000000000000000000e+00 -5.123161000000000058e+03 1.740000000000000000e+02 2.159999999999999976e-01
2.865000000000000213e+00 -5.117935000000000400e+03 1.745000000000000000e+02 2.227000000000000091e-01
0.000000000000000000e+00 -5.120800000000000182e+03 1.750000000000000000e+02 2.227000000000000091e-01
3.439999999999999725e-01 -5.122822000000000116e+03 1.755000000000000000e+02 2.227000000000000091e-01
0.000000000000000000e+00 -5.123166000000000167e+03 1.760000000000000000e+02 2.227000000000000091e-01
2.228000000000000203e+00 -5.119452000000000226e+03 1.765000000000000000e+02 2.323999999999999955e-01
0.000000000000000000e+00 -5.121680000000000291e+03 1.770000000000000000e+02 2.323999999999999955e-01
9.020000000000000240e-01 -5.121886999999999716e+03 1.775000000000000000e+02 2.323999999999999955e-01
0.000000000000000000e+00 -5.122789999999999964e+03 1.780000000000000000e+02 2.323999999999999955e-01
2.027000000000000135e+00 -5.119643000000000029e+03 1.785000000000000000e+02 2.326000000000000012e-01
0.000000000000000000e+00 -5.121670000000000073e+03 1.790000000000000000e+02 2.326000000000000012e-01
7.329999999999999849e-01 -5.122430999999999585e+03 1.795000000000000000e+02 2.326000000000000012e-01
0.000000000000000000e+00 -5.123163999999999760e+03 1.800000000000000000e+02 2.326000000000000012e-01
2.418000000000000149e+00 -5.118868000000000393e+03 1.805000000000000000e+02 2.379000000000000004e-01
0.000000000000000000e+00 -5.121287000000000262e+03 1.810000000000000000e+02 2.379000000000000004e-01
5.829999999999999627e-01 -5.122560999999999694e+03 1.815000000000000000e+02 2.379000000000000004e-01
0.000000000000000000e+00 -5.123143000000000029e+03 1.820000000000000000e+02 2.379000000000000004e-01
2.229000000000000092e+00 -5.119417000000000371e+03 1.825000000000000000e+02 2.383000000000000118e-01
0.000000000000000000e+00 -5.121645000000000437e+03 1.830000000000000000e+02 2.383000000000000118e-01
7.309999999999999831e-01 -5.122412000000000262e+03 1.835000000000000000e+02 2.383000000000000118e-01
0.000000000000000000e+00 -5.123143000000000029e+03 1.840000000000000000e+02 2.383000000000000118e-01
2.218999999999999861e+00 -5.119402000000000044e+03 1.845000000000000000e+02 2.489999999999999991e-01
0.000000000000000000e+00 -5.121621000000000095e+03 1.850000000000000000e+02 2.489999999999999991e-01
6.959999999999999520e-01 -5.122447000000000116e+03 1.855000000000000000e+02 2.489999999999999991e-01
0.000000000000000000e+00 -5.123143000000000029e+03 1.860000000000000000e+02 2.489999999999999991e-01
2.330999999999999961e+00 -5.118546999999999571e+03 1.865000000000000000e+02 2.497000000000000053e-01
0.000000000000000000e+00 -5.120877999999999702e+03 1.870000000000000000e+02 2.497000000000000053e-01
6.600000000000000311e-02 -5.123077000000000226e+03 1.875000000000000000e+02 2.497000000000000053e-01
0.000000000000000000e+00 -5.123143000000000029e+03 1.880000000000000000e+02 2.497000000000000053e-01
2.218999999999999861e+00 -5.119402000000000044e+03 1.885000000000000000e+02 2.511999999999999789e-01
0.000000000000000000e+00 -5.121621000000000095e+03 1.890000000000000000e+02 2.511999999999999789e-01
6.959999999999999520e-01 -5.122447000000000116e+03 1.895000000000000000e+02 2.511999999999999789e-01
0.000000000000000000e+00 -5.123143000000000029e+03 1.900000000000000000e+02 2.511999999999999789e-01
2.525999999999999801e+00 -5.118739999999999782e+03 1.905000000000000000e+02 2.516999999999999793e-01
0.000000000000000000e+00 -5.121266999999999825e+03 1.910000000000000000e+02 2.516999999999999793e-01
5.510000000000000453e-01 -5.122599000000000160e+03 1.915000000000000000e+02 2.516999999999999793e-01
0.000000000000000000e+00 -5.123149999999999636e+03 1.920000000000000000e+02 2.516999999999999793e-01
2.222999999999999865e+00 -5.119434000000000196e+03 1.925000000000000000e+02 2.570000000000000062e-01
0.000000000000000000e+00 -5.121658000000000357e+03 1.930000000000000000e+02 2.570000000000000062e-01
7.309999999999999831e-01 -5.122418999999999869e+03 1.935000000000000000e+02 2.570000000000000062e-01
0.000000000000000000e+00 -5.123149999999999636e+03 1.940000000000000000e+02 2.570000000000000062e-01
2.222999999999999865e+00 -5.119434000000000196e+03 1.945000000000000000e+02 2.599000000000000199e-01
0.000000000000000000e+00 -5.121657000000000153e+03 1.950000000000000000e+02 2.599000000000000199e-01
7.269999999999999796e-01 -5.122432999999999993e+03 1.955000000000000000e+02 2.599000000000000199e-01
0.000000000000000000e+00 -5.123159999999999854e+03 1.960000000000000000e+02 2.599000000000000199e-01
2.333000000000000185e+00 -5.118773000000000138e+03 1.965000000000000000e+02 2.626000000000000001e-01
0.000000000000000000e+00 -5.121105999999999767e+03 1.970000000000000000e+02 2.626000000000000001e-01
2.790000000000000258e-01 -5.122881000000000313e+03 1.975000000000000000e+02 2.626000000000000001e-01
0.000000000000000000e+00 -5.123159999999999854e+03 1.980000000000000000e+02 2.626000000000000001e-01
2.229999999999999982e+00 -5.119435999999999694e+03 1.985000000000000000e+02 2.639000000000000234e-01
0.000000000000000000e+00 -5.121666000000000167e+03 1.990000000000000000e+02 2.639000000000000234e-01
7.359999999999999876e-01 -5.122423999999999978e+03 1.995000000000000000e+02 2.639000000000000234e-01
0.000000000000000000e+00 -5.123159999999999854e+03 2.000000000000000000e+02 2.639000000000000234e-01
2.333000000000000185e+00 -5.118770000000000437e+03 2.005000000000000000e+02 2.713999999999999746e-01
0.000000000000000000e+00 -5.121103000000000065e+03 2.010000000000000000e+02 2.713999999999999746e-01
4.450000000000000067e-01 -5.122622999999999593e+03 2.015000000000000000e+02 2.713999999999999746e-01
0.000000000000000000e+00 -5.123068000000000211e+03 2.020000000000000000e+02 2.713999999999999746e-01
2.230999999999999872e+00 -5.119351999999999862e+03 2.025000000000000000e+02 2.965999999999999748e-01
0.000000000000000000e+00 -5.121582999999999629e+03 2.030000000000000000e+02 2.965999999999999748e-01
7.459999999999999964e-01 -5.122322000000000116e+03 2.035000000000000000e+02 2.965999999999999748e-01
0.000000000000000000e+00 -5.123068000000000211e+03 2.040000000000000000e+02 2.965999999999999748e-01
2.379999999999999893e+00 -5.118671999999999571e+03 2.045000000000000000e+02 3.109999999999999987e-01
0.000000000000000000e+00 -5.121052999999999884e+03 2.050000000000000000e+02 3.109999999999999987e-01
3.569999999999999840e-01 -5.122729999999999563e+03 2.055000000000000000e+02 3.109999999999999987e-01
0.000000000000000000e+00 -5.123087000000000444e+03 2.060000000000000000e+02 3.109999999999999987e-01
2.551000000000000156e+00 -5.118640999999999622e+03 2.065000000000000000e+02 3.292999999999999816e-01
0.000000000000000000e+00 -5.121192000000000007e+03 2.070000000000000000e+02 3.292999999999999816e-01
3.750000000000000000e-01 -5.122726999999999862e+03 2.075000000000000000e+02 3.292999999999999816e-01
0.000000000000000000e+00 -5.123100999999999658e+03 2.080000000000000000e+02 3.292999999999999816e-01
2.283999999999999808e+00 -5.118908000000000357e+03 2.085000000000000000e+02 3.315000000000000169e-01
0.000000000000000000e+00 -5.121192000000000007e+03 2.090000000000000000e+02 3.315000000000000169e-01
4.620000000000000218e-01 -5.122579999999999927e+03 2.095000000000000000e+02 3.315000000000000169e-01
0.000000000000000000e+00 -5.123042000000000371e+03 2.100000000000000000e+02 3.315000000000000169e-01
2.415000000000000036e+00 -5.118502999999999702e+03 2.105000000000000000e+02 3.321000000000000063e-01
0.000000000000000000e+00 -5.120917000000000371e+03 2.110000000000000000e+02 3.321000000000000063e-01
4.069999999999999729e-01 -5.122681999999999789e+03 2.115000000000000000e+02 3.321000000000000063e-01
0.000000000000000000e+00 -5.123088999999999942e+03 2.120000000000000000e+02 3.321000000000000063e-01
2.240000000000000213e+00 -5.119078999999999724e+03 2.125000000000000000e+02 3.321000000000000063e-01
0.000000000000000000e+00 -5.121319000000000415e+03 2.130000000000000000e+02 3.321000000000000063e-01
9.030000000000000249e-01 -5.122340000000000146e+03 2.135000000000000000e+02 3.321000000000000063e-01
0.000000000000000000e+00 -5.123243000000000393e+03 2.140000000000000000e+02 3.321000000000000063e-01
2.395999999999999908e+00 -5.119051000000000386e+03 2.145000000000000000e+02 3.392999999999999905e-01
0.000000000000000000e+00 -5.121447000000000116e+03 2.150000000000000000e+02 3.392999999999999905e-01
6.989999999999999547e-01 -5.120323999999999614e+03 2.155000000000000000e+02 3.392999999999999905e-01
0.000000000000000000e+00 -5.121023000000000138e+03 2.160000000000000000e+02 3.392999999999999905e-01
2.750000000000000222e-01 -5.121171000000000276e+03 2.165000000000000000e+02 3.392999999999999905e-01
0.000000000000000000e+00 -5.121445999999999913e+03 2.170000000000000000e+02 3.392999999999999905e-01
6.029999999999999805e-01 -5.122738999999999578e+03 2.175000000000000000e+02 3.392999999999999905e-01
0.000000000000000000e+00 -5.123342999999999847e+03 2.180000000000000000e+02 3.392999999999999905e-01
2.233000000000000096e+00 -5.119573999999999614e+03 2.185000000000000000e+02 3.533999999999999919e-01
0.000000000000000000e+00 -5.121806999999999789e+03 2.190000000000000000e+02 3.533999999999999919e-01
6.969999999999999529e-01 -5.122645999999999731e+03 2.195000000000000000e+02 3.533999999999999919e-01
0.000000000000000000e+00 -5.123342999999999847e+03 2.200000000000000000e+02 3.533999999999999919e-01
2.319999999999999840e+00 -5.119041000000000167e+03 2.205000000000000000e+02 3.553000000000000047e-01
0.000000000000000000e+00 -5.121360999999999876e+03 2.210000000000000000e+02 3.553000000000000047e-01
3.340000000000000191e-01 -5.123005000000000109e+03 2.215000000000000000e+02 3.553000000000000047e-01
0.000000000000000000e+00 -5.123338999999999942e+03 2.220000000000000000e+02 3.553000000000000047e-01
2.507000000000000117e+00 -5.118702000000000226e+03 2.225000000000000000e+02 3.614999999999999880e-01
0.000000000000000000e+00 -5.121208999999999833e+03 2.230000000000000000e+02 3.614999999999999880e-01
3.780000000000000027e-01 -5.122966000000000349e+03 2.235000000000000000e+02 3.614999999999999880e-01
0.000000000000000000e+00 -5.123342999999999847e+03 2.240000000000000000e+02 3.614999999999999880e-01
2.286999999999999922e+00 -5.119560999999999694e+03 2.245000000000000000e+02 3.629999999999999893e-01
0.000000000000000000e+00 -5.121847999999999956e+03 2.250000000000000000e+02 3.629999999999999893e-01
7.920000000000000373e-01 -5.122551000000000386e+03 2.255000000000000000e+02 3.629999999999999893e-01
0.000000000000000000e+00 -5.123342999999999847e+03 2.260000000000000000e+02 3.629999999999999893e-01
2.233999999999999986e+00 -5.119573999999999614e+03 2.265000000000000000e+02 3.638000000000000123e-01
0.000000000000000000e+00 -5.121807999999999993e+03 2.270000000000000000e+02 3.638000000000000123e-01
6.979999999999999538e-01 -5.122645999999999731e+03 2.275000000000000000e+02 3.638000000000000123e-01
0.000000000000000000e+00 -5.123342999999999847e+03 2.280000000000000000e+02 3.638000000000000123e-01
2.321000000000000174e+00 -5.119498999999999796e+03 2.285000000000000000e+02 3.719000000000000083e-01
0.000000000000000000e+00 -5.121819999999999709e+03 2.290000000000000000e+02 3.719000000000000083e-01
7.980000000000000426e-01 -5.122546000000000276e+03 2.295000000000000000e+02 3.719000000000000083e-01
0.000000000000000000e+00 -5.123344000000000051e+03 2.300000000000000000e+02 3.719000000000000083e-01
2.285000000000000142e+00 -5.119564000000000306e+03 2.305000000000000000e+02 3.723000000000000198e-01
0.000000000000000000e+00 -5.121849000000000160e+03 2.310000000000000000e+02 3.723000000000000198e-01
7.900000000000000355e-01 -5.122555000000000291e+03 2.315000000000000000e+02 3.723000000000000198e-01
0.000000000000000000e+00 -5.123344000000000051e+03 2.320000000000000000e+02 3.723000000000000198e-01
2.234999999999999876e+00 -5.119573000000000320e+03 2.325000000000000000e+02 3.790999999999999925e-01
0.000000000000000000e+00 -5.121809000000000196e+03 2.330000000000000000e+02 3.790999999999999925e-01
8.399999999999999689e-01 -5.122123999999999796e+03 2.335000000000000000e+02 3.790999999999999925e-01
0.000000000000000000e+00 -5.122965000000000146e+03 2.340000000000000000e+02 3.790999999999999925e-01
1.995999999999999996e+00 -5.119810000000000400e+03 2.345000000000000000e+02 3.790999999999999925e-01
0.000000000000000000e+00 -5.121805999999999585e+03 2.350000000000000000e+02 3.790999999999999925e-01
6.979999999999999538e-01 -5.122645999999999731e+03 2.355000000000000000e+02 3.790999999999999925e-01
0.000000000000000000e+00 -5.123345000000000255e+03 2.360000000000000000e+02 3.790999999999999925e-01
2.237000000000000099e+00 -5.119569000000000415e+03 2.365000000000000000e+02 3.810000000000000053e-01
0.000000000000000000e+00 -5.121805999999999585e+03 2.370000000000000000e+02 3.810000000000000053e-01
6.979999999999999538e-01 -5.122645999999999731e+03 2.375000000000000000e+02 3.810000000000000053e-01
0.000000000000000000e+00 -5.123345000000000255e+03 2.380000000000000000e+02 3.810000000000000053e-01
2.237000000000000099e+00 -5.119569000000000415e+03 2.385000000000000000e+02 3.850000000000000089e-01
0.000000000000000000e+00 -5.121805999999999585e+03 2.390000000000000000e+02 3.850000000000000089e-01
6.979999999999999538e-01 -5.122645999999999731e+03 2.395000000000000000e+02 3.850000000000000089e-01
0.000000000000000000e+00 -5.123345000000000255e+03 2.400000000000000000e+02 3.850000000000000089e-01
2.282999999999999918e+00 -5.119567000000000007e+03 2.405000000000000000e+02 3.894000000000000239e-01
0.000000000000000000e+00 -5.121850000000000364e+03 2.410000000000000000e+02 3.894000000000000239e-01
1.054000000000000048e+00 -5.121644000000000233e+03 2.415000000000000000e+02 3.894000000000000239e-01
0.000000000000000000e+00 -5.122698000000000320e+03 2.420000000000000000e+02 3.894000000000000239e-01
2.068000000000000060e+00 -5.119269000000000233e+03 2.425000000000000000e+02 3.894000000000000239e-01
0.000000000000000000e+00 -5.121337000000000444e+03 2.430000000000000000e+02 3.894000000000000239e-01
4.430000000000000049e-01 -5.122404000000000451e+03 2.435000000000000000e+02 3.894000000000000239e-01
0.000000000000000000e+00 -5.122846999999999753e+03 2.440000000000000000e+02 3.894000000000000239e-01
1.949000000000000066e+00 -5.119965000000000146e+03 2.445000000000000000e+02 3.895000000000000129e-01
0.000000000000000000e+00 -5.121913999999999760e+03 2.450000000000000000e+02 3.895000000000000129e-01
7.760000000000000231e-01 -5.122626000000000204e+03 2.455000000000000000e+02 3.895000000000000129e-01
0.000000000000000000e+00 -5.123400999999999840e+03 2.460000000000000000e+02 3.895000000000000129e-01
2.315999999999999837e+00 -5.119569000000000415e+03 2.465000000000000000e+02 3.961000000000000076e-01
0.000000000000000000e+00 -5.121885000000000218e+03 2.470000000000000000e+02 3.961000000000000076e-01
8.000000000000000444e-01 -5.122600999999999658e+03 2.475000000000000000e+02 3.961000000000000076e-01
0.000000000000000000e+00 -5.123400999999999840e+03 2.480000000000000000e+02 3.961000000000000076e-01
2.531000000000000139e+00 -5.118711000000000240e+03 2.485000000000000000e+02 4.012999999999999901e-01
0.000000000000000000e+00 -5.121242000000000189e+03 2.490000000000000000e+02 4.012999999999999901e-01
3.709999999999999964e-01 -5.123015000000000327e+03 2.495000000000000000e+02 4.012999999999999901e-01
0.000000000000000000e+00 -5.123386000000000422e+03 2.500000000000000000e+02 4.012999999999999901e-01
2.263999999999999790e+00 -5.119636000000000422e+03 2.505000000000000000e+02 4.013999999999999790e-01
0.000000000000000000e+00 -5.121899999999999636e+03 2.510000000000000000e+02 4.013999999999999790e-01
7.780000000000000249e-01 -5.122608000000000175e+03 2.515000000000000000e+02 4.013999999999999790e-01
0.000000000000000000e+00 -5.123386000000000422e+03 2.520000000000000000e+02 4.013999999999999790e-01
2.263999999999999790e+00 -5.119636000000000422e+03 2.525000000000000000e+02 4.062999999999999945e-01
0.000000000000000000e+00 -5.121899999999999636e+03 2.530000000000000000e+02 4.062999999999999945e-01
7.780000000000000249e-01 -5.122608000000000175e+03 2.535000000000000000e+02 4.062999999999999945e-01
0.000000000000000000e+00 -5.123386000000000422e+03 2.540000000000000000e+02 4.062999999999999945e-01
2.230999999999999872e+00 -5.119610999999999876e+03 2.545000000000000000e+02 4.084999999999999742e-01
0.000000000000000000e+00 -5.121842999999999847e+03 2.550000000000000000e+02 4.084999999999999742e-01
6.879999999999999449e-01 -5.122698000000000320e+03 2.555000000000000000e+02 4.084999999999999742e-01
0.000000000000000000e+00 -5.123386000000000422e+03 2.560000000000000000e+02 4.084999999999999742e-01
2.262999999999999901e+00 -5.119636999999999716e+03 2.565000000000000000e+02 4.092000000000000082e-01
0.000000000000000000e+00 -5.121899999999999636e+03 2.570000000000000000e+02 4.092000000000000082e-01
7.770000000000000240e-01 -5.122609000000000378e+03 2.575000000000000000e+02 4.092000000000000082e-01
0.000000000000000000e+00 -5.123386000000000422e+03 2.580000000000000000e+02 4.092000000000000082e-01
2.604000000000000092e+00 -5.118454999999999927e+03 2.585000000000000000e+02 4.141000000000000236e-01
0.000000000000000000e+00 -5.121060000000000400e+03 2.590000000000000000e+02 4.141000000000000236e-01
2.780000000000000249e-01 -5.123105999999999767e+03 2.595000000000000000e+02 4.141000000000000236e-01
0.000000000000000000e+00 -5.123384000000000015e+03 2.600000000000000000e+02 4.141000000000000236e-01
2.322000000000000064e+00 -5.119545000000000073e+03 2.605000000000000000e+02 4.147000000000000131e-01
0.000000000000000000e+00 -5.121867000000000189e+03 2.610000000000000000e+02 4.147000000000000131e-01
8.040000000000000480e-01 -5.122579999999999927e+03 2.615000000000000000e+02 4.147000000000000131e-01
0.000000000000000000e+00 -5.123384000000000015e+03 2.620000000000000000e+02 4.147000000000000131e-01
2.234999999999999876e+00 -5.119608000000000175e+03 2.625000000000000000e+02 4.213999999999999968e-01
0.000000000000000000e+00 -5.121842999999999847e+03 2.630000000000000000e+02 4.213999999999999968e-01
6.939999999999999503e-01 -5.122690999999999804e+03 2.635000000000000000e+02 4.213999999999999968e-01
0.000000000000000000e+00 -5.123384000000000015e+03 2.640000000000000000e+02 4.213999999999999968e-01
2.234999999999999876e+00 -5.119608000000000175e+03 2.645000000000000000e+02 4.287000000000000255e-01
0.000000000000000000e+00 -5.121842999999999847e+03 2.650000000000000000e+02 4.287000000000000255e-01
8.199999999999999512e-01 -5.122212999999999738e+03 2.655000000000000000e+02 4.287000000000000255e-01
0.000000000000000000e+00 -5.123033000000000357e+03 2.660000000000000000e+02 4.287000000000000255e-01
1.995999999999999996e+00 -5.119849000000000160e+03 2.665000000000000000e+02 4.289999999999999925e-01
0.000000000000000000e+00 -5.121844000000000051e+03 2.670000000000000000e+02 4.289999999999999925e-01
7.009999999999999565e-01 -5.122682999999999993e+03 2.675000000000000000e+02 4.289999999999999925e-01
0.000000000000000000e+00 -5.123384000000000015e+03 2.680000000000000000e+02 4.289999999999999925e-01
2.391000000000000014e+00 -5.119113000000000284e+03 2.685000000000000000e+02 4.341999999999999749e-01
0.000000000000000000e+00 -5.121502999999999702e+03 2.690000000000000000e+02 4.341999999999999749e-01
5.100000000000000089e-01 -5.122872999999999593e+03 2.695000000000000000e+02 4.341999999999999749e-01
0.000000000000000000e+00 -5.123384000000000015e+03 2.700000000000000000e+02 4.341999999999999749e-01
2.334999999999999964e+00 -5.119029999999999745e+03 2.705000000000000000e+02 4.390000000000000013e-01
0.000000000000000000e+00 -5.121364999999999782e+03 2.710000000000000000e+02 4.390000000000000013e-01
5.500000000000000444e-01 -5.122847999999999956e+03 2.715000000000000000e+02 4.390000000000000013e-01
0.000000000000000000e+00 -5.123398000000000138e+03 2.720000000000000000e+02 4.390000000000000013e-01
2.314999999999999947e+00 -5.119127000000000407e+03 2.725000000000000000e+02 4.405000000000000027e-01
0.000000000000000000e+00 -5.121442000000000007e+03 2.730000000000000000e+02 4.405000000000000027e-01
3.420000000000000262e-01 -5.123052999999999884e+03 2.735000000000000000e+02 4.405000000000000027e-01
0.000000000000000000e+00 -5.123395000000000437e+03 2.740000000000000000e+02 4.405000000000000027e-01
2.709000000000000075e+00 -5.118780999999999949e+03 2.745000000000000000e+02 4.405000000000000027e-01
0.000000000000000000e+00 -5.121489999999999782e+03 2.750000000000000000e+02 4.405000000000000027e-01
6.250000000000000000e-01 -5.120289999999999964e+03 2.755000000000000000e+02 4.405000000000000027e-01
0.000000000000000000e+00 -5.120913999999999760e+03 2.760000000000000000e+02 4.405000000000000027e-01
4.900000000000000189e-02 -5.121440999999999804e+03 2.765000000000000000e+02 4.405000000000000027e-01
0.000000000000000000e+00 -5.121489999999999782e+03 2.770000000000000000e+02 4.405000000000000027e-01
6.800000000000000488e-01 -5.122716999999999643e+03 2.775000000000000000e+02 4.405000000000000027e-01
0.000000000000000000e+00 -5.123395999999999731e+03 2.780000000000000000e+02 4.405000000000000027e-01
2.226999999999999869e+00 -5.119622999999999593e+03 2.785000000000000000e+02 4.492999999999999772e-01
0.000000000000000000e+00 -5.121850000000000364e+03 2.790000000000000000e+02 4.492999999999999772e-01
8.000000000000000444e-01 -5.122255000000000109e+03 2.795000000000000000e+02 4.492999999999999772e-01
0.000000000000000000e+00 -5.123055000000000291e+03 2.800000000000000000e+02 4.492999999999999772e-01
2.044999999999999929e+00 -5.119509000000000015e+03 2.805000000000000000e+02 4.500000000000000111e-01
0.000000000000000000e+00 -5.121554000000000087e+03 2.810000000000000000e+02 4.500000000000000111e-01
5.440000000000000391e-01 -5.122510000000000218e+03 2.815000000000000000e+02 4.500000000000000111e-01
0.000000000000000000e+00 -5.123055000000000291e+03 2.820000000000000000e+02 4.500000000000000111e-01
2.009999999999999787e+00 -5.119841000000000349e+03 2.825000000000000000e+02 4.501000000000000001e-01
0.000000000000000000e+00 -5.121850999999999658e+03 2.830000000000000000e+02 4.501000000000000001e-01
6.860000000000000542e-01 -5.122711000000000240e+03 2.835000000000000000e+02 4.501000000000000001e-01
0.000000000000000000e+00 -5.123398000000000138e+03 2.840000000000000000e+02 4.501000000000000001e-01
2.327999999999999847e+00 -5.118908999999999651e+03 2.845000000000000000e+02 4.546000000000000041e-01
0.000000000000000000e+00 -5.121237000000000080e+03 2.850000000000000000e+02 4.546000000000000041e-01
1.670000000000000095e-01 -5.123230999999999767e+03 2.855000000000000000e+02 4.546000000000000041e-01
0.000000000000000000e+00 -5.123398000000000138e+03 2.860000000000000000e+02 4.546000000000000041e-01
2.265000000000000124e+00 -5.119645000000000437e+03 2.865000000000000000e+02 4.703999999999999848e-01
0.000000000000000000e+00 -5.121911000000000058e+03 2.870000000000000000e+02 4.703999999999999848e-01
7.780000000000000249e-01 -5.122618999999999687e+03 2.875000000000000000e+02 4.703999999999999848e-01
0.000000000000000000e+00 -5.123398000000000138e+03 2.880000000000000000e+02 4.703999999999999848e-01
2.322999999999999954e+00 -5.119119999999999891e+03 2.885000000000000000e+02 4.708999999999999853e-01
0.000000000000000000e+00 -5.121443000000000211e+03 2.890000000000000000e+02 4.708999999999999853e-01
3.439999999999999725e-01 -5.123051000000000386e+03 2.895000000000000000e+02 4.708999999999999853e-01
0.000000000000000000e+00 -5.123395000000000437e+03 2.900000000000000000e+02 4.708999999999999853e-01
2.294999999999999929e+00 -5.119148000000000138e+03 2.905000000000000000e+02 4.721000000000000196e-01
0.000000000000000000e+00 -5.121443000000000211e+03 2.910000000000000000e+02 4.721000000000000196e-01
3.400000000000000244e-01 -5.123056999999999789e+03 2.915000000000000000e+02 4.721000000000000196e-01
0.000000000000000000e+00 -5.123396999999999935e+03 2.920000000000000000e+02 4.721000000000000196e-01
2.293000000000000149e+00 -5.119149999999999636e+03 2.925000000000000000e+02 4.733999999999999875e-01
0.000000000000000000e+00 -5.121443000000000211e+03 2.930000000000000000e+02 4.733999999999999875e-01
3.400000000000000244e-01 -5.123056999999999789e+03 2.935000000000000000e+02 4.733999999999999875e-01
0.000000000000000000e+00 -5.123396999999999935e+03 2.940000000000000000e+02 4.733999999999999875e-01
2.271999999999999797e+00 -5.119637999999999920e+03 2.945000000000000000e+02 4.818000000000000060e-01
0.000000000000000000e+00 -5.121909999999999854e+03 2.950000000000000000e+02 4.818000000000000060e-01
7.850000000000000311e-01 -5.122612000000000080e+03 2.955000000000000000e+02 4.818000000000000060e-01
0.000000000000000000e+00 -5.123396999999999935e+03 2.960000000000000000e+02 4.818000000000000060e-01
2.271999999999999797e+00 -5.119637999999999920e+03 2.965000000000000000e+02 4.955999999999999850e-01
0.000000000000000000e+00 -5.121909999999999854e+03 2.970000000000000000e+02 4.955999999999999850e-01
7.850000000000000311e-01 -5.122612000000000080e+03 2.975000000000000000e+02 4.955999999999999850e-01
0.000000000000000000e+00 -5.123396999999999935e+03 2.980000000000000000e+02 4.955999999999999850e-01
2.301000000000000156e+00 -5.119141999999999825e+03 2.985000000000000000e+02 4.964000000000000079e-01
0.000000000000000000e+00 -5.121444000000000415e+03 2.990000000000000000e+02 4.964000000000000079e-01
3.489999999999999769e-01 -5.123047999999999774e+03 2.995000000000000000e+02 4.964000000000000079e-01
0.000000000000000000e+00 -5.123396999999999935e+03 3.000000000000000000e+02 4.964000000000000079e-01
2.330999999999999961e+00 -5.118903000000000247e+03 3.005000000000000000e+02 4.973000000000000198e-01
0.000000000000000000e+00 -5.121234000000000378e+03 3.010000000000000000e+02 4.973000000000000198e-01
4.119999999999999774e-01 -5.122972999999999956e+03 3.015000000000000000e+02 4.973000000000000198e-01
0.000000000000000000e+00 -5.123385000000000218e+03 3.020000000000000000e+02 4.973000000000000198e-01
2.228000000000000203e+00 -5.119612000000000080e+03 3.025000000000000000e+02 4.975999999999999868e-01
0.000000000000000000e+00 -5.121840000000000146e+03 3.030000000000000000e+02 4.975999999999999868e-01
8.050000000000000488e-01 -5.122230999999999767e+03 3.035000000000000000e+02 4.975999999999999868e-01
0.000000000000000000e+00 -5.123036000000000058e+03 3.040000000000000000e+02 4.975999999999999868e-01
2.044000000000000039e+00 -5.119492000000000189e+03 3.045000000000000000e+02 4.984999999999999987e-01
0.000000000000000000e+00 -5.121536000000000058e+03 3.050000000000000000e+02 4.984999999999999987e-01
5.430000000000000382e-01 -5.122493000000000393e+03 3.055000000000000000e+02 4.984999999999999987e-01
0.000000000000000000e+00 -5.123036000000000058e+03 3.060000000000000000e+02 4.984999999999999987e-01
2.011000000000000121e+00 -5.119831000000000131e+03 3.065000000000000000e+02 4.996999999999999775e-01
0.000000000000000000e+00 -5.121841999999999643e+03 3.070000000000000000e+02 4.996999999999999775e-01
6.889999999999999458e-01 -5.122697000000000116e+03 3.075000000000000000e+02 4.996999999999999775e-01
0.000000000000000000e+00 -5.123386999999999716e+03 3.080000000000000000e+02 4.996999999999999775e-01
2.516999999999999904e+00 -5.118675000000000182e+03 3.085000000000000000e+02 5.004999999999999449e-01
0.000000000000000000e+00 -5.121192000000000007e+03 3.090000000000000000e+02 5.004999999999999449e-01
3.539999999999999813e-01 -5.122993000000000393e+03 3.095000000000000000e+02 5.004999999999999449e-01
0.000000000000000000e+00 -5.123345999999999549e+03 3.100000000000000000e+02 5.004999999999999449e-01
2.326999999999999957e+00 -5.119055000000000291e+03 3.105000000000000000e+02 5.082999999999999741e-01
0.000000000000000000e+00 -5.121382999999999811e+03 3.110000000000000000e+02 5.082999999999999741e-01
3.639999999999999902e-01 -5.122981999999999971e+03 3.115000000000000000e+02 5.082999999999999741e-01
0.000000000000000000e+00 -5.123345999999999549e+03 3.120000000000000000e+02 5.082999999999999741e-01
2.233000000000000096e+00 -5.119569999999999709e+03 3.125000000000000000e+02 5.110999999999999988e-01
0.000000000000000000e+00 -5.121802999999999884e+03 3.130000000000000000e+02 5.110999999999999988e-01
8.199999999999999512e-01 -5.122172999999999774e+03 3.135000000000000000e+02 5.110999999999999988e-01
0.000000000000000000e+00 -5.122993000000000393e+03 3.140000000000000000e+02 5.110999999999999988e-01
2.012999999999999901e+00 -5.119786000000000058e+03 3.145000000000000000e+02 5.113999999999999657e-01
0.000000000000000000e+00 -5.121798999999999978e+03 3.150000000000000000e+02 5.113999999999999657e-01
8.040000000000000480e-01 -5.122188000000000102e+03 3.155000000000000000e+02 5.113999999999999657e-01
0.000000000000000000e+00 -5.122992000000000189e+03 3.160000000000000000e+02 5.113999999999999657e-01
2.001999999999999780e+00 -5.119802999999999884e+03 3.165000000000000000e+02 5.116000000000000547e-01
0.000000000000000000e+00 -5.121805000000000291e+03 3.170000000000000000e+02 5.116000000000000547e-01
7.029999999999999583e-01 -5.122640000000000327e+03 3.175000000000000000e+02 5.116000000000000547e-01
0.000000000000000000e+00 -5.123344000000000051e+03 3.180000000000000000e+02 5.116000000000000547e-01
2.544000000000000039e+00 -5.118914999999999964e+03 3.185000000000000000e+02 5.133999999999999675e-01
0.000000000000000000e+00 -5.121458999999999833e+03 3.190000000000000000e+02 5.133999999999999675e-01
5.370000000000000329e-01 -5.122381000000000313e+03 3.195000000000000000e+02 5.133999999999999675e-01
0.000000000000000000e+00 -5.122917999999999665e+03 3.200000000000000000e+02 5.133999999999999675e-01
1.657999999999999918e+00 -5.120289999999999964e+03 3.205000000000000000e+02 5.133999999999999675e-01
0.000000000000000000e+00 -5.121948999999999614e+03 3.210000000000000000e+02 5.133999999999999675e-01
9.320000000000000506e-01 -5.120649999999999636e+03 3.215000000000000000e+02 5.133999999999999675e-01
0.000000000000000000e+00 -5.121582000000000335e+03 3.220000000000000000e+02 5.133999999999999675e-01
6.900000000000000577e-02 -5.122621000000000095e+03 3.225000000000000000e+02 5.133999999999999675e-01
0.000000000000000000e+00 -5.122689999999999600e+03 3.230000000000000000e+02 5.133999999999999675e-01
1.175999999999999934e+00 -5.120405999999999949e+03 3.235000000000000000e+02 5.133999999999999675e-01
0.000000000000000000e+00 -5.121582000000000335e+03 3.240000000000000000e+02 5.133999999999999675e-01
6.800000000000000488e-02 -5.123252999999999702e+03 3.245000000000000000e+02 5.133999999999999675e-01
0.000000000000000000e+00 -5.123319999999999709e+03 3.250000000000000000e+02 5.133999999999999675e-01
2.214999999999999858e+00 -5.119583999999999833e+03 3.255000000000000000e+02 5.159000000000000252e-01
0.000000000000000000e+00 -5.121798999999999978e+03 3.260000000000000000e+02 5.159000000000000252e-01
7.950000000000000400e-01 -5.122293999999999869e+03 3.265000000000000000e+02 5.159000000000000252e-01
0.000000000000000000e+00 -5.123088999999999942e+03 3.270000000000000000e+02 5.159000000000000252e-01
2.125000000000000000e+00 -5.119686999999999898e+03 3.275000000000000000e+02 5.162999999999999812e-01
0.000000000000000000e+00 -5.121810999999999694e+03 3.280000000000000000e+02 5.162999999999999812e-01
