# t
0.000000000000000000e+00
1.020989400000000061e-02
1.020989400000000061e-02
1.109967100000000019e-02
1.109967100000000019e-02
1.136275100000000080e-02
1.136275100000000080e-02
1.237245000000000011e-02
1.237245000000000011e-02
1.334464200000000100e-01
1.334464200000000100e-01
1.337460799999999894e-01
1.337460799999999894e-01
1.372395600000000104e-01
1.372395600000000104e-01
1.475646300000000022e-01
1.475646300000000022e-01
1.497361500000000123e-01
1.497362000000000137e-01
1.498292900000000039e-01
1.498292900000000039e-01
1.525316700000000081e-01
1.525316700000000081e-01
1.644258299999999950e-01
1.644258299999999950e-01
1.690466499999999928e-01
1.690466499999999928e-01
1.731004700000000063e-01
1.731004700000000063e-01
1.785062199999999932e-01
1.785062199999999932e-01
1.844620600000000110e-01
1.844620600000000110e-01
2.034949100000000011e-01
2.034949100000000011e-01
2.047109300000000132e-01
2.056394300000000119e-01
2.080892099999999967e-01
2.080892099999999967e-01
2.159442099999999976e-01
2.159442099999999976e-01
2.161939400000000011e-01
2.161939400000000011e-01
2.273062200000000033e-01
2.273062200000000033e-01
2.337993499999999891e-01
2.337993499999999891e-01
2.386342899999999989e-01
2.386342899999999989e-01
2.483990799999999943e-01
2.483990799999999943e-01
2.533670000000000089e-01
2.533670000000000089e-01
2.710452099999999809e-01
2.710452099999999809e-01
2.804596200000000206e-01
2.804596200000000206e-01
2.854976300000000022e-01
2.854976300000000022e-01
2.884752700000000059e-01
2.884752700000000059e-01
2.941305399999999959e-01
2.941305399999999959e-01
3.159313100000000207e-01
3.159313100000000207e-01
3.630840000000000178e-01
3.630840000000000178e-01
3.941645500000000024e-01
3.941645500000000024e-01
3.973824000000000245e-01
3.973824100000000192e-01
4.083729500000000123e-01
4.083729500000000123e-01
4.100837600000000194e-01
4.100837600000000194e-01
4.201049600000000273e-01
4.201049600000000273e-01
4.201998599999999806e-01
4.221225800000000250e-01
4.248480000000000034e-01
4.248480000000000034e-01
4.488175899999999885e-01
4.488175899999999885e-01
4.975399899999999875e-01
4.975399899999999875e-01
4.997216300000000277e-01
5.010073699999999519e-01
5.076672199999999746e-01
5.076672300000000249e-01
5.111569200000000146e-01
5.144595899999999666e-01
5.181089599999999518e-01
5.202536199999999722e-01
5.224755399999999605e-01
5.224755399999999605e-01
5.241688399999999692e-01
5.241688399999999692e-01
5.527136499999999453e-01
5.527136499999999453e-01
5.546809499999999504e-01
5.546809499999999504e-01
5.592525400000000202e-01
5.592525400000000202e-01
5.940180999999999933e-01
5.940180999999999933e-01
5.965040499999999524e-01
5.965040499999999524e-01
5.971456600000000225e-01
5.971456600000000225e-01
6.061974599999999658e-01
6.061974599999999658e-01
6.079992600000000413e-01
6.079992600000000413e-01
6.082718200000000186e-01
6.082718200000000186e-01
6.144696699999999678e-01
6.144696699999999678e-01
6.346721600000000407e-01
6.346721600000000407e-01
6.360189000000000537e-01
6.360189000000000537e-01
6.466459399999999746e-01
6.466459399999999746e-01
6.466493399999999614e-01
6.466493399999999614e-01
6.580675400000000064e-01
6.580675400000000064e-01
6.588059699999999630e-01
6.588059699999999630e-01
6.632557900000000117e-01
6.632557900000000117e-01
6.651691100000000079e-01
6.681338999999999473e-01
6.682020600000000421e-01
6.690696999999999894e-01
6.697421300000000466e-01
6.703265299999999760e-01
6.780012600000000500e-01
6.780012600000000500e-01
6.787905499999999925e-01
6.787905499999999925e-01
6.805594400000000155e-01
6.805594400000000155e-01
6.953903299999999454e-01
6.953903299999999454e-01
6.970965099999999470e-01
6.970965099999999470e-01
7.035206400000000304e-01
7.035206400000000304e-01
7.059772300000000111e-01
7.059772300000000111e-01
7.060306600000000321e-01
7.060306600000000321e-01
7.124919199999999453e-01
7.124919199999999453e-01
7.142404599999999659e-01
7.142404599999999659e-01
7.184677999999999898e-01
7.184677999999999898e-01
7.315457699999999841e-01
7.315457699999999841e-01
7.370515699999999892e-01
7.370515699999999892e-01
7.376751499999999462e-01
7.376751499999999462e-01
7.439490100000000217e-01
7.439490100000000217e-01
7.630327999999999555e-01
7.630327999999999555e-01
7.651538100000000453e-01
7.732165500000000025e-01
7.849197700000000166e-01
7.849197700000000166e-01
8.185943399999999759e-01
8.185943399999999759e-01
8.210361099999999857e-01
8.210361099999999857e-01
8.560365699999999967e-01
8.560365699999999967e-01
8.710863100000000303e-01
8.710863100000000303e-01
8.807686399999999916e-01
8.807686399999999916e-01
9.296373799999999576e-01
9.296373799999999576e-01
9.317142099999999871e-01
9.317142099999999871e-01
9.450797899999999752e-01
9.450797899999999752e-01
9.558565500000000270e-01
9.558565500000000270e-01
9.568763200000000024e-01
9.568763200000000024e-01
9.568805500000000519e-01
9.568805500000000519e-01
9.596348599999999784e-01
9.622179299999999991e-01
9.622179299999999991e-01
9.703975799999999818e-01
9.717669700000000077e-01
9.717669700000000077e-01
9.932704199999999872e-01
9.932704199999999872e-01
9.949506000000000183e-01
9.949506000000000183e-01
1.002100599999999897e+00
1.002100599999999897e+00
1.005439699999999936e+00
1.005439699999999936e+00
1.009165300000000043e+00
1.009165300000000043e+00
1.015254799999999902e+00
1.015254799999999902e+00
1.017272200000000071e+00
1.017272200000000071e+00
1.019953399999999899e+00
1.019953399999999899e+00
1.050549799999999978e+00
1.050549799999999978e+00
1.058195100000000055e+00
1.058195100000000055e+00
1.061667200000000033e+00
1.061667200000000033e+00
1.063300300000000087e+00
1.063300300000000087e+00
1.071791399999999950e+00
1.071791399999999950e+00
1.079850699999999941e+00
1.079850699999999941e+00
1.091140100000000057e+00
1.091140100000000057e+00
1.092240700000000064e+00
1.092240700000000064e+00
1.093818500000000027e+00
1.093959200000000020e+00
1.094121200000000016e+00
1.094859100000000085e+00
1.096118300000000101e+00
1.101933999999999969e+00
1.102979799999999955e+00
1.107155799999999912e+00
1.107155799999999912e+00
1.108548199999999984e+00
1.108548199999999984e+00
1.112294600000000022e+00
1.112294600000000022e+00
1.147642400000000062e+00
1.147642400000000062e+00
1.165985999999999967e+00
1.165985999999999967e+00
1.170505899999999988e+00
1.170505899999999988e+00
1.170505899999999988e+00
1.170505899999999988e+00
1.181144699999999936e+00
1.181144699999999936e+00
1.210003299999999893e+00
1.210003299999999893e+00
1.214593199999999928e+00
1.214593199999999928e+00
1.216186900000000071e+00
1.216186900000000071e+00
1.247719699999999987e+00
1.247719699999999987e+00
1.274001500000000009e+00
1.274001500000000009e+00
1.294250499999999970e+00
1.294250499999999970e+00
1.302618300000000007e+00
1.302618300000000007e+00
1.321805799999999920e+00
1.321805799999999920e+00
1.354047699999999965e+00
1.354047699999999965e+00
1.354553600000000024e+00
1.354553600000000024e+00
1.367092699999999938e+00
1.367092699999999938e+00
1.367194100000000079e+00
1.367248400000000030e+00
1.373504499999999906e+00
1.373504499999999906e+00
1.374283499999999991e+00
1.374381499999999923e+00
1.375129199999999940e+00
1.375540599999999891e+00
1.376910499999999926e+00
1.377363099999999951e+00
1.385178800000000043e+00
1.385178800000000043e+00
1.392718499999999970e+00
1.392718499999999970e+00
1.396293100000000065e+00
1.397975799999999991e+00
1.398100399999999910e+00
1.398178300000000096e+00
1.398205900000000002e+00
1.398386700000000094e+00
1.398558699999999932e+00
1.398558699999999932e+00
1.398558699999999932e+00
1.399251299999999976e+00
1.399251299999999976e+00
1.403283999999999976e+00
1.403283999999999976e+00
1.404510200000000042e+00
1.404510200000000042e+00
1.407247099999999973e+00
1.407247099999999973e+00
1.410419199999999984e+00
1.410419199999999984e+00
1.411752200000000013e+00
1.411752200000000013e+00
1.417020500000000016e+00
1.417020500000000016e+00
1.419774099999999928e+00
1.419774099999999928e+00
1.425067700000000048e+00
1.425067700000000048e+00
1.437019000000000046e+00
1.437019000000000046e+00
1.451520700000000108e+00
1.451520700000000108e+00
1.452735300000000063e+00
1.452735300000000063e+00
1.533314400000000077e+00
1.533314400000000077e+00
1.546621900000000105e+00
1.546621900000000105e+00
1.563075900000000074e+00
1.563075900000000074e+00
1.567256299999999936e+00
1.567256299999999936e+00
1.626736699999999924e+00
1.626736699999999924e+00
1.630800900000000109e+00
1.630800900000000109e+00
1.631272099999999892e+00
1.631272099999999892e+00
1.639680199999999921e+00
1.639680199999999921e+00
1.735385100000000014e+00
1.735385100000000014e+00
1.737735000000000030e+00
1.737735000000000030e+00
1.738617400000000091e+00
1.738731400000000038e+00
1.738832300000000108e+00
1.738867699999999905e+00
1.739581999999999962e+00
1.739602700000000057e+00
1.741139800000000015e+00
1.741140799999999933e+00
1.741969499999999949e+00
1.741969499999999949e+00
1.745071299999999992e+00
1.745071299999999992e+00
1.746505900000000056e+00
1.746505900000000056e+00
1.757592599999999949e+00
1.757592599999999949e+00
1.758587399999999912e+00
1.758587399999999912e+00
1.763739100000000004e+00
1.763739100000000004e+00
1.765100499999999961e+00
