# Barrier Energy Step Time
0.000000000000000000e+00 -5.109961000000000240e+03 0.000000000000000000e+00 0.000000000000000000e+00
2.250999999999999890e+00 -5.105542999999999665e+03 5.000000000000000000e-01 1.021000000000000033e-02
0.000000000000000000e+00 -5.107792999999999665e+03 1.000000000000000000e+00 1.021000000000000033e-02
8.200000000000000344e-02 -5.109878999999999905e+03 1.500000000000000000e+00 1.021000000000000033e-02
0.000000000000000000e+00 -5.109961000000000240e+03 2.000000000000000000e+00 1.021000000000000033e-02
2.282999999999999918e+00 -5.106014000000000124e+03 2.500000000000000000e+00 1.110000000000000049e-02
0.000000000000000000e+00 -5.108296000000000276e+03 3.000000000000000000e+00 1.110000000000000049e-02
4.839999999999999858e-01 -5.109498999999999796e+03 3.500000000000000000e+00 1.110000000000000049e-02
0.000000000000000000e+00 -5.109984000000000378e+03 4.000000000000000000e+00 1.110000000000000049e-02
2.172000000000000153e+00 -5.106123999999999796e+03 4.500000000000000000e+00 1.136000000000000031e-02
0.000000000000000000e+00 -5.108296000000000276e+03 5.000000000000000000e+00 1.136000000000000031e-02
4.839999999999999858e-01 -5.109498999999999796e+03 5.500000000000000000e+00 1.136000000000000031e-02
0.000000000000000000e+00 -5.109984000000000378e+03 6.000000000000000000e+00 1.136000000000000031e-02
2.314000000000000057e+00 -5.105761999999999716e+03 6.500000000000000000e+00 1.237000000000000079e-02
0.000000000000000000e+00 -5.108076000000000022e+03 7.000000000000000000e+00 1.237000000000000079e-02
4.179999999999999827e-01 -5.109680999999999585e+03 7.500000000000000000e+00 1.237000000000000079e-02
0.000000000000000000e+00 -5.110099000000000160e+03 8.000000000000000000e+00 1.237000000000000079e-02
2.536999999999999922e+00 -5.106547999999999774e+03 8.500000000000000000e+00 1.333999999999999908e-01
0.000000000000000000e+00 -5.109083999999999833e+03 9.000000000000000000e+00 1.333999999999999908e-01
9.160000000000000364e-01 -5.109381999999999607e+03 9.500000000000000000e+00 1.333999999999999908e-01
0.000000000000000000e+00 -5.110297999999999774e+03 1.000000000000000000e+01 1.333999999999999908e-01
2.327999999999999847e+00 -5.106757999999999811e+03 1.050000000000000000e+01 1.337000000000000133e-01
0.000000000000000000e+00 -5.109086000000000240e+03 1.100000000000000000e+01 1.337000000000000133e-01
7.600000000000000089e-01 -5.109814999999999600e+03 1.150000000000000000e+01 1.337000000000000133e-01
0.000000000000000000e+00 -5.110574999999999818e+03 1.200000000000000000e+01 1.337000000000000133e-01
2.249000000000000110e+00 -5.106837000000000444e+03 1.250000000000000000e+01 1.371999999999999886e-01
0.000000000000000000e+00 -5.109086000000000240e+03 1.300000000000000000e+01 1.371999999999999886e-01
7.600000000000000089e-01 -5.109814999999999600e+03 1.350000000000000000e+01 1.371999999999999886e-01
0.000000000000000000e+00 -5.110574999999999818e+03 1.400000000000000000e+01 1.371999999999999886e-01
2.249000000000000110e+00 -5.106837000000000444e+03 1.450000000000000000e+01 1.476000000000000090e-01
0.000000000000000000e+00 -5.109086000000000240e+03 1.500000000000000000e+01 1.476000000000000090e-01
9.429999999999999494e-01 -5.109365999999999985e+03 1.550000000000000000e+01 1.476000000000000090e-01
0.000000000000000000e+00 -5.110309000000000196e+03 1.600000000000000000e+01 1.476000000000000090e-01
2.161000000000000032e+00 -5.106630000000000109e+03 1.650000000000000000e+01 1.496999999999999997e-01
0.000000000000000000e+00 -5.108789999999999964e+03 1.700000000000000000e+01 1.496999999999999997e-01
1.122999999999999998e+00 -5.108788999999999760e+03 1.750000000000000000e+01 1.496999999999999997e-01
0.000000000000000000e+00 -5.109912000000000262e+03 1.800000000000000000e+01 1.496999999999999997e-01
1.993999999999999995e+00 -5.106765999999999622e+03 1.850000000000000000e+01 1.497999999999999887e-01
0.000000000000000000e+00 -5.108760000000000218e+03 1.900000000000000000e+01 1.497999999999999887e-01
7.439999999999999947e-01 -5.109554000000000087e+03 1.950000000000000000e+01 1.497999999999999887e-01
0.000000000000000000e+00 -5.110297999999999774e+03 2.000000000000000000e+01 1.497999999999999887e-01
2.129000000000000004e+00 -5.106650999999999840e+03 2.050000000000000000e+01 1.524999999999999967e-01
0.000000000000000000e+00 -5.108779999999999745e+03 2.100000000000000000e+01 1.524999999999999967e-01
6.099999999999999867e-01 -5.109688000000000102e+03 2.150000000000000000e+01 1.524999999999999967e-01
0.000000000000000000e+00 -5.110297999999999774e+03 2.200000000000000000e+01 1.524999999999999967e-01
2.129000000000000004e+00 -5.106650999999999840e+03 2.250000000000000000e+01 1.643999999999999906e-01
0.000000000000000000e+00 -5.108779999999999745e+03 2.300000000000000000e+01 1.643999999999999906e-01
6.099999999999999867e-01 -5.109688000000000102e+03 2.350000000000000000e+01 1.643999999999999906e-01
0.000000000000000000e+00 -5.110298999999999978e+03 2.400000000000000000e+01 1.643999999999999906e-01
2.129000000000000004e+00 -5.106650999999999840e+03 2.450000000000000000e+01 1.690000000000000113e-01
0.000000000000000000e+00 -5.108779999999999745e+03 2.500000000000000000e+01 1.690000000000000113e-01
6.099999999999999867e-01 -5.109689000000000306e+03 2.550000000000000000e+01 1.690000000000000113e-01
0.000000000000000000e+00 -5.110298999999999978e+03 2.600000000000000000e+01 1.690000000000000113e-01
2.129000000000000004e+00 -5.106650999999999840e+03 2.650000000000000000e+01 1.731000000000000039e-01
0.000000000000000000e+00 -5.108779999999999745e+03 2.700000000000000000e+01 1.731000000000000039e-01
6.099999999999999867e-01 -5.109689000000000306e+03 2.750000000000000000e+01 1.731000000000000039e-01
0.000000000000000000e+00 -5.110298999999999978e+03 2.800000000000000000e+01 1.731000000000000039e-01
2.327999999999999847e+00 -5.106757999999999811e+03 2.850000000000000000e+01 1.784999999999999920e-01
0.000000000000000000e+00 -5.109086000000000240e+03 2.900000000000000000e+01 1.784999999999999920e-01
7.580000000000000071e-01 -5.109818000000000211e+03 2.950000000000000000e+01 1.784999999999999920e-01
0.000000000000000000e+00 -5.110576000000000022e+03 3.000000000000000000e+01 1.784999999999999920e-01
2.248000000000000220e+00 -5.106837999999999738e+03 3.050000000000000000e+01 1.844999999999999973e-01
0.000000000000000000e+00 -5.109086000000000240e+03 3.100000000000000000e+01 1.844999999999999973e-01
7.580000000000000071e-01 -5.109818000000000211e+03 3.150000000000000000e+01 1.844999999999999973e-01
0.000000000000000000e+00 -5.110576000000000022e+03 3.200000000000000000e+01 1.844999999999999973e-01
2.248000000000000220e+00 -5.106837999999999738e+03 3.250000000000000000e+01 2.034999999999999865e-01
0.000000000000000000e+00 -5.109086000000000240e+03 3.300000000000000000e+01 2.034999999999999865e-01
9.370000000000000551e-01 -5.109372000000000298e+03 3.350000000000000000e+01 2.034999999999999865e-01
0.000000000000000000e+00 -5.110307999999999993e+03 3.400000000000000000e+01 2.034999999999999865e-01
2.059000000000000163e+00 -5.107967999999999847e+03 3.450000000000000000e+01 2.046999999999999931e-01
0.000000000000000000e+00 -5.110027000000000044e+03 3.500000000000000000e+01 2.046999999999999931e-01
2.035000000000000142e+00 -5.108292000000000371e+03 3.550000000000000000e+01 2.056000000000000050e-01
0.000000000000000000e+00 -5.110327000000000226e+03 3.600000000000000000e+01 2.056000000000000050e-01
2.188000000000000167e+00 -5.106898000000000138e+03 3.650000000000000000e+01 2.081000000000000072e-01
0.000000000000000000e+00 -5.109086000000000240e+03 3.700000000000000000e+01 2.081000000000000072e-01
7.550000000000000044e-01 -5.109820999999999913e+03 3.750000000000000000e+01 2.081000000000000072e-01
0.000000000000000000e+00 -5.110576000000000022e+03 3.800000000000000000e+01 2.081000000000000072e-01
2.245000000000000107e+00 -5.106841000000000349e+03 3.850000000000000000e+01 2.159000000000000086e-01
0.000000000000000000e+00 -5.109086000000000240e+03 3.900000000000000000e+01 2.159000000000000086e-01
7.550000000000000044e-01 -5.109820999999999913e+03 3.950000000000000000e+01 2.159000000000000086e-01
0.000000000000000000e+00 -5.110576000000000022e+03 4.000000000000000000e+01 2.159000000000000086e-01
2.245000000000000107e+00 -5.106841000000000349e+03 4.050000000000000000e+01 2.162000000000000033e-01
0.000000000000000000e+00 -5.109086000000000240e+03 4.100000000000000000e+01 2.162000000000000033e-01
7.550000000000000044e-01 -5.109820999999999913e+03 4.150000000000000000e+01 2.162000000000000033e-01
0.000000000000000000e+00 -5.110576000000000022e+03 4.200000000000000000e+01 2.162000000000000033e-01
2.245000000000000107e+00 -5.106841000000000349e+03 4.250000000000000000e+01 2.273000000000000020e-01
0.000000000000000000e+00 -5.109086000000000240e+03 4.300000000000000000e+01 2.273000000000000020e-01
7.550000000000000044e-01 -5.109820999999999913e+03 4.350000000000000000e+01 2.273000000000000020e-01
0.000000000000000000e+00 -5.110576000000000022e+03 4.400000000000000000e+01 2.273000000000000020e-01
2.245000000000000107e+00 -5.106841000000000349e+03 4.450000000000000000e+01 2.338000000000000078e-01
0.000000000000000000e+00 -5.109086000000000240e+03 4.500000000000000000e+01 2.338000000000000078e-01
7.550000000000000044e-01 -5.109820999999999913e+03 4.550000000000000000e+01 2.338000000000000078e-01
0.000000000000000000e+00 -5.110576000000000022e+03 4.600000000000000000e+01 2.338000000000000078e-01
2.245000000000000107e+00 -5.106841000000000349e+03 4.650000000000000000e+01 2.386000000000000065e-01
0.000000000000000000e+00 -5.109086000000000240e+03 4.700000000000000000e+01 2.386000000000000065e-01
7.550000000000000044e-01 -5.109820999999999913e+03 4.750000000000000000e+01 2.386000000000000065e-01
0.000000000000000000e+00 -5.110576000000000022e+03 4.800000000000000000e+01 2.386000000000000065e-01
2.245000000000000107e+00 -5.106841000000000349e+03 4.850000000000000000e+01 2.484000000000000097e-01
0.000000000000000000e+00 -5.109086000000000240e+03 4.900000000000000000e+01 2.484000000000000097e-01
7.550000000000000044e-01 -5.109820999999999913e+03 4.950000000000000000e+01 2.484000000000000097e-01
0.000000000000000000e+00 -5.110576000000000022e+03 5.000000000000000000e+01 2.484000000000000097e-01
2.245000000000000107e+00 -5.106841000000000349e+03 5.050000000000000000e+01 2.534000000000000141e-01
0.000000000000000000e+00 -5.109086000000000240e+03 5.100000000000000000e+01 2.534000000000000141e-01
7.550000000000000044e-01 -5.109820999999999913e+03 5.150000000000000000e+01 2.534000000000000141e-01
0.000000000000000000e+00 -5.110576000000000022e+03 5.200000000000000000e+01 2.534000000000000141e-01
2.245000000000000107e+00 -5.106841000000000349e+03 5.250000000000000000e+01 2.710000000000000187e-01
0.000000000000000000e+00 -5.109086000000000240e+03 5.300000000000000000e+01 2.710000000000000187e-01
7.550000000000000044e-01 -5.109820999999999913e+03 5.350000000000000000e+01 2.710000000000000187e-01
0.000000000000000000e+00 -5.110576000000000022e+03 5.400000000000000000e+01 2.710000000000000187e-01
2.245000000000000107e+00 -5.106841000000000349e+03 5.450000000000000000e+01 2.805000000000000271e-01
0.000000000000000000e+00 -5.109086000000000240e+03 5.500000000000000000e+01 2.805000000000000271e-01
7.550000000000000044e-01 -5.109820999999999913e+03 5.550000000000000000e+01 2.805000000000000271e-01
0.000000000000000000e+00 -5.110576000000000022e+03 5.600000000000000000e+01 2.805000000000000271e-01
2.245000000000000107e+00 -5.106841000000000349e+03 5.650000000000000000e+01 2.854999999999999760e-01
0.000000000000000000e+00 -5.109086000000000240e+03 5.700000000000000000e+01 2.854999999999999760e-01
7.550000000000000044e-01 -5.109820999999999913e+03 5.750000000000000000e+01 2.854999999999999760e-01
0.000000000000000000e+00 -5.110576000000000022e+03 5.800000000000000000e+01 2.854999999999999760e-01
2.245000000000000107e+00 -5.106841000000000349e+03 5.850000000000000000e+01 2.884999999999999787e-01
0.000000000000000000e+00 -5.109086000000000240e+03 5.900000000000000000e+01 2.884999999999999787e-01
7.550000000000000044e-01 -5.109820999999999913e+03 5.950000000000000000e+01 2.884999999999999787e-01
0.000000000000000000e+00 -5.110576000000000022e+03 6.000000000000000000e+01 2.884999999999999787e-01
2.245000000000000107e+00 -5.106841000000000349e+03 6.050000000000000000e+01 2.940999999999999726e-01
0.000000000000000000e+00 -5.109086000000000240e+03 6.100000000000000000e+01 2.940999999999999726e-01
7.550000000000000044e-01 -5.109820999999999913e+03 6.150000000000000000e+01 2.940999999999999726e-01
0.000000000000000000e+00 -5.110576000000000022e+03 6.200000000000000000e+01 2.940999999999999726e-01
2.245000000000000107e+00 -5.106841000000000349e+03 6.250000000000000000e+01 3.159000000000000141e-01
0.000000000000000000e+00 -5.109086000000000240e+03 6.300000000000000000e+01 3.159000000000000141e-01
7.550000000000000044e-01 -5.109820999999999913e+03 6.350000000000000000e+01 3.159000000000000141e-01
0.000000000000000000e+00 -5.110576000000000022e+03 6.400000000000000000e+01 3.159000000000000141e-01
2.245000000000000107e+00 -5.106841000000000349e+03 6.450000000000000000e+01 3.630999999999999783e-01
0.000000000000000000e+00 -5.109086000000000240e+03 6.500000000000000000e+01 3.630999999999999783e-01
7.550000000000000044e-01 -5.109820999999999913e+03 6.550000000000000000e+01 3.630999999999999783e-01
0.000000000000000000e+00 -5.110576000000000022e+03 6.600000000000000000e+01 3.630999999999999783e-01
2.245000000000000107e+00 -5.106841000000000349e+03 6.650000000000000000e+01 3.941999999999999948e-01
0.000000000000000000e+00 -5.109086000000000240e+03 6.700000000000000000e+01 3.941999999999999948e-01
9.280000000000000471e-01 -5.109380000000000109e+03 6.750000000000000000e+01 3.941999999999999948e-01
0.000000000000000000e+00 -5.110307999999999993e+03 6.800000000000000000e+01 3.941999999999999948e-01
2.157000000000000028e+00 -5.106632999999999811e+03 6.850000000000000000e+01 3.973999999999999755e-01
0.000000000000000000e+00 -5.108788999999999760e+03 6.900000000000000000e+01 3.973999999999999755e-01
6.380000000000000115e-01 -5.109670000000000073e+03 6.950000000000000000e+01 3.973999999999999755e-01
0.000000000000000000e+00 -5.110307999999999993e+03 7.000000000000000000e+01 3.973999999999999755e-01
2.157000000000000028e+00 -5.106632999999999811e+03 7.050000000000000000e+01 4.083999999999999853e-01
0.000000000000000000e+00 -5.108788999999999760e+03 7.100000000000000000e+01 4.083999999999999853e-01
6.380000000000000115e-01 -5.109670000000000073e+03 7.150000000000000000e+01 4.083999999999999853e-01
0.000000000000000000e+00 -5.110307999999999993e+03 7.200000000000000000e+01 4.083999999999999853e-01
2.157000000000000028e+00 -5.106632999999999811e+03 7.250000000000000000e+01 4.101000000000000201e-01
0.000000000000000000e+00 -5.108788999999999760e+03 7.300000000000000000e+01 4.101000000000000201e-01
6.380000000000000115e-01 -5.109670000000000073e+03 7.350000000000000000e+01 4.101000000000000201e-01
0.000000000000000000e+00 -5.110307999999999993e+03 7.400000000000000000e+01 4.101000000000000201e-01
2.157000000000000028e+00 -5.106632999999999811e+03 7.450000000000000000e+01 4.200999999999999734e-01
0.000000000000000000e+00 -5.108788999999999760e+03 7.500000000000000000e+01 4.200999999999999734e-01
6.380000000000000115e-01 -5.109670000000000073e+03 7.550000000000000000e+01 4.200999999999999734e-01
0.000000000000000000e+00 -5.110307999999999993e+03 7.600000000000000000e+01 4.200999999999999734e-01
2.056999999999999940e+00 -5.107970000000000255e+03 7.650000000000000000e+01 4.202000000000000179e-01
0.000000000000000000e+00 -5.110028000000000247e+03 7.700000000000000000e+01 4.202000000000000179e-01
2.037999999999999812e+00 -5.108287999999999556e+03 7.750000000000000000e+01 4.220999999999999752e-01
0.000000000000000000e+00 -5.110326000000000022e+03 7.800000000000000000e+01 4.220999999999999752e-01
2.504999999999999893e+00 -5.106302999999999884e+03 7.850000000000000000e+01 4.248000000000000109e-01
0.000000000000000000e+00 -5.108807999999999993e+03 7.900000000000000000e+01 4.248000000000000109e-01
7.199999999999999734e-01 -5.109608000000000175e+03 7.950000000000000000e+01 4.248000000000000109e-01
0.000000000000000000e+00 -5.110328000000000429e+03 8.000000000000000000e+01 4.248000000000000109e-01
2.242999999999999883e+00 -5.106840000000000146e+03 8.050000000000000000e+01 4.487999999999999767e-01
0.000000000000000000e+00 -5.109082000000000335e+03 8.100000000000000000e+01 4.487999999999999767e-01
7.469999999999999973e-01 -5.109829999999999927e+03 8.150000000000000000e+01 4.487999999999999767e-01
0.000000000000000000e+00 -5.110577000000000226e+03 8.200000000000000000e+01 4.487999999999999767e-01
2.241000000000000103e+00 -5.106841000000000349e+03 8.250000000000000000e+01 4.974999999999999978e-01
0.000000000000000000e+00 -5.109082000000000335e+03 8.300000000000000000e+01 4.974999999999999978e-01
9.090000000000000302e-01 -5.109411000000000058e+03 8.350000000000000000e+01 4.974999999999999978e-01
0.000000000000000000e+00 -5.110319999999999709e+03 8.400000000000000000e+01 4.974999999999999978e-01
2.115000000000000213e+00 -5.107918999999999869e+03 8.450000000000000000e+01 4.996999999999999775e-01
0.000000000000000000e+00 -5.110033000000000357e+03 8.500000000000000000e+01 4.996999999999999775e-01
2.068000000000000060e+00 -5.108260000000000218e+03 8.550000000000000000e+01 5.010000000000000009e-01
0.000000000000000000e+00 -5.110327000000000226e+03 8.600000000000000000e+01 5.010000000000000009e-01
2.185999999999999943e+00 -5.106898000000000138e+03 8.650000000000000000e+01 5.077000000000000401e-01
0.000000000000000000e+00 -5.109083999999999833e+03 8.700000000000000000e+01 5.077000000000000401e-01
9.150000000000000355e-01 -5.109404000000000451e+03 8.750000000000000000e+01 5.077000000000000401e-01
0.000000000000000000e+00 -5.110319999999999709e+03 8.800000000000000000e+01 5.077000000000000401e-01
2.115000000000000213e+00 -5.107917000000000371e+03 8.850000000000000000e+01 5.111999999999999877e-01
0.000000000000000000e+00 -5.110032000000000153e+03 8.900000000000000000e+01 5.111999999999999877e-01
2.061999999999999833e+00 -5.108265000000000327e+03 8.950000000000000000e+01 5.144999999999999574e-01
0.000000000000000000e+00 -5.110326000000000022e+03 9.000000000000000000e+01 5.144999999999999574e-01
2.162999999999999812e+00 -5.107877999999999702e+03 9.050000000000000000e+01 5.181000000000000050e-01
0.000000000000000000e+00 -5.110041000000000167e+03 9.100000000000000000e+01 5.181000000000000050e-01
2.108000000000000096e+00 -5.108221999999999753e+03 9.150000000000000000e+01 5.202999999999999847e-01
0.000000000000000000e+00 -5.110328999999999724e+03 9.200000000000000000e+01 5.202999999999999847e-01
2.170999999999999819e+00 -5.106912000000000262e+03 9.250000000000000000e+01 5.224999999999999645e-01
0.000000000000000000e+00 -5.109082999999999629e+03 9.300000000000000000e+01 5.224999999999999645e-01
9.090000000000000302e-01 -5.109411000000000058e+03 9.350000000000000000e+01 5.224999999999999645e-01
0.000000000000000000e+00 -5.110319999999999709e+03 9.400000000000000000e+01 5.224999999999999645e-01
2.146999999999999797e+00 -5.106935999999999694e+03 9.450000000000000000e+01 5.241999999999999993e-01
0.000000000000000000e+00 -5.109082999999999629e+03 9.500000000000000000e+01 5.241999999999999993e-01
7.469999999999999973e-01 -5.109829999999999927e+03 9.550000000000000000e+01 5.241999999999999993e-01
0.000000000000000000e+00 -5.110577000000000226e+03 9.600000000000000000e+01 5.241999999999999993e-01
2.241000000000000103e+00 -5.106841999999999643e+03 9.650000000000000000e+01 5.526999999999999691e-01
0.000000000000000000e+00 -5.109082999999999629e+03 9.700000000000000000e+01 5.526999999999999691e-01
9.090000000000000302e-01 -5.109411000000000058e+03 9.750000000000000000e+01 5.526999999999999691e-01
0.000000000000000000e+00 -5.110319999999999709e+03 9.800000000000000000e+01 5.526999999999999691e-01
2.146999999999999797e+00 -5.106935999999999694e+03 9.850000000000000000e+01 5.546999999999999709e-01
0.000000000000000000e+00 -5.109082999999999629e+03 9.900000000000000000e+01 5.546999999999999709e-01
7.469999999999999973e-01 -5.109829999999999927e+03 9.950000000000000000e+01 5.546999999999999709e-01
0.000000000000000000e+00 -5.110577000000000226e+03 1.000000000000000000e+02 5.546999999999999709e-01
2.241000000000000103e+00 -5.106841999999999643e+03 1.005000000000000000e+02 5.593000000000000194e-01
0.000000000000000000e+00 -5.109082999999999629e+03 1.010000000000000000e+02 5.593000000000000194e-01
7.469999999999999973e-01 -5.109829999999999927e+03 1.015000000000000000e+02 5.593000000000000194e-01
0.000000000000000000e+00 -5.110577000000000226e+03 1.020000000000000000e+02 5.593000000000000194e-01
2.241000000000000103e+00 -5.106841999999999643e+03 1.025000000000000000e+02 5.939999999999999725e-01
0.000000000000000000e+00 -5.109082999999999629e+03 1.030000000000000000e+02 5.939999999999999725e-01
9.100000000000000311e-01 -5.109398000000000138e+03 1.035000000000000000e+02 5.939999999999999725e-01
0.000000000000000000e+00 -5.110306999999999789e+03 1.040000000000000000e+02 5.939999999999999725e-01
2.154999999999999805e+00 -5.106632999999999811e+03 1.045000000000000000e+02 5.965000000000000302e-01
0.000000000000000000e+00 -5.108787999999999556e+03 1.050000000000000000e+02 5.965000000000000302e-01
8.000000000000000444e-01 -5.109485999999999876e+03 1.055000000000000000e+02 5.965000000000000302e-01
0.000000000000000000e+00 -5.110284999999999854e+03 1.060000000000000000e+02 5.965000000000000302e-01
2.100000000000000089e+00 -5.106670000000000073e+03 1.065000000000000000e+02 5.970999999999999641e-01
0.000000000000000000e+00 -5.108770999999999731e+03 1.070000000000000000e+02 5.970999999999999641e-01
5.859999999999999654e-01 -5.109712999999999738e+03 1.075000000000000000e+02 5.970999999999999641e-01
0.000000000000000000e+00 -5.110298999999999978e+03 1.080000000000000000e+02 5.970999999999999641e-01
2.113999999999999879e+00 -5.106657000000000153e+03 1.085000000000000000e+02 6.061999999999999611e-01
0.000000000000000000e+00 -5.108770999999999731e+03 1.090000000000000000e+02 6.061999999999999611e-01
5.859999999999999654e-01 -5.109712999999999738e+03 1.095000000000000000e+02 6.061999999999999611e-01
0.000000000000000000e+00 -5.110298999999999978e+03 1.100000000000000000e+02 6.061999999999999611e-01
2.113999999999999879e+00 -5.106657000000000153e+03 1.105000000000000000e+02 6.079999999999999849e-01
0.000000000000000000e+00 -5.108770999999999731e+03 1.110000000000000000e+02 6.079999999999999849e-01
7.620000000000000107e-01 -5.109529000000000451e+03 1.115000000000000000e+02 6.079999999999999849e-01
0.000000000000000000e+00 -5.110291000000000167e+03 1.120000000000000000e+02 6.079999999999999849e-01
2.282999999999999918e+00 -5.106488000000000284e+03 1.125000000000000000e+02 6.082999999999999519e-01
0.000000000000000000e+00 -5.108770999999999731e+03 1.130000000000000000e+02 6.082999999999999519e-01
5.919999999999999707e-01 -5.109703000000000429e+03 1.135000000000000000e+02 6.082999999999999519e-01
0.000000000000000000e+00 -5.110295000000000073e+03 1.140000000000000000e+02 6.082999999999999519e-01
2.116999999999999993e+00 -5.106654000000000451e+03 1.145000000000000000e+02 6.145000000000000462e-01
0.000000000000000000e+00 -5.108770999999999731e+03 1.150000000000000000e+02 6.145000000000000462e-01
5.919999999999999707e-01 -5.109704999999999927e+03 1.155000000000000000e+02 6.145000000000000462e-01
0.000000000000000000e+00 -5.110296999999999571e+03 1.160000000000000000e+02 6.145000000000000462e-01
2.119000000000000217e+00 -5.106652000000000044e+03 1.165000000000000000e+02 6.347000000000000419e-01
0.000000000000000000e+00 -5.108770999999999731e+03 1.170000000000000000e+02 6.347000000000000419e-01
5.919999999999999707e-01 -5.109704999999999927e+03 1.175000000000000000e+02 6.347000000000000419e-01
0.000000000000000000e+00 -5.110297999999999774e+03 1.180000000000000000e+02 6.347000000000000419e-01
2.119000000000000217e+00 -5.106652000000000044e+03 1.185000000000000000e+02 6.360000000000000098e-01
0.000000000000000000e+00 -5.108770999999999731e+03 1.190000000000000000e+02 6.360000000000000098e-01
5.919999999999999707e-01 -5.109706000000000131e+03 1.195000000000000000e+02 6.360000000000000098e-01
0.000000000000000000e+00 -5.110297999999999774e+03 1.200000000000000000e+02 6.360000000000000098e-01
2.119000000000000217e+00 -5.106650999999999840e+03 1.205000000000000000e+02 6.465999999999999526e-01
0.000000000000000000e+00 -5.108770999999999731e+03 1.210000000000000000e+02 6.465999999999999526e-01
7.620000000000000107e-01 -5.109523000000000138e+03 1.215000000000000000e+02 6.465999999999999526e-01
0.000000000000000000e+00 -5.110284999999999854e+03 1.220000000000000000e+02 6.465999999999999526e-01
2.099000000000000199e+00 -5.106670000000000073e+03 1.225000000000000000e+02 6.465999999999999526e-01
0.000000000000000000e+00 -5.108769000000000233e+03 1.230000000000000000e+02 6.465999999999999526e-01
5.829999999999999627e-01 -5.109703000000000429e+03 1.235000000000000000e+02 6.465999999999999526e-01
0.000000000000000000e+00 -5.110284999999999854e+03 1.240000000000000000e+02 6.465999999999999526e-01
2.099000000000000199e+00 -5.106670000000000073e+03 1.245000000000000000e+02 6.581000000000000183e-01
0.000000000000000000e+00 -5.108769000000000233e+03 1.250000000000000000e+02 6.581000000000000183e-01
5.829999999999999627e-01 -5.109703000000000429e+03 1.255000000000000000e+02 6.581000000000000183e-01
0.000000000000000000e+00 -5.110286000000000058e+03 1.260000000000000000e+02 6.581000000000000183e-01
2.329000000000000181e+00 -5.106756999999999607e+03 1.265000000000000000e+02 6.588000000000000522e-01
0.000000000000000000e+00 -5.109086000000000240e+03 1.270000000000000000e+02 6.588000000000000522e-01
7.600000000000000089e-01 -5.109815999999999804e+03 1.275000000000000000e+02 6.588000000000000522e-01
0.000000000000000000e+00 -5.110574999999999818e+03 1.280000000000000000e+02 6.588000000000000522e-01
2.249000000000000110e+00 -5.106837000000000444e+03 1.285000000000000000e+02 6.633000000000000007e-01
0.000000000000000000e+00 -5.109086000000000240e+03 1.290000000000000000e+02 6.633000000000000007e-01
9.419999999999999485e-01 -5.109367000000000189e+03 1.295000000000000000e+02 6.633000000000000007e-01
0.000000000000000000e+00 -5.110309000000000196e+03 1.300000000000000000e+02 6.633000000000000007e-01
2.164000000000000146e+00 -5.107865999999999985e+03 1.305000000000000000e+02 6.652000000000000135e-01
0.000000000000000000e+00 -5.110029999999999745e+03 1.310000000000000000e+02 6.652000000000000135e-01
2.051000000000000156e+00 -5.108274999999999636e+03 1.315000000000000000e+02 6.681000000000000272e-01
0.000000000000000000e+00 -5.110326000000000022e+03 1.320000000000000000e+02 6.681000000000000272e-01
2.222999999999999865e+00 -5.107814000000000306e+03 1.325000000000000000e+02 6.682000000000000162e-01
0.000000000000000000e+00 -5.110037000000000262e+03 1.330000000000000000e+02 6.682000000000000162e-01
2.085999999999999854e+00 -5.108242000000000189e+03 1.335000000000000000e+02 6.691000000000000281e-01
0.000000000000000000e+00 -5.110328000000000429e+03 1.340000000000000000e+02 6.691000000000000281e-01
2.232000000000000206e+00 -5.107805999999999585e+03 1.345000000000000000e+02 6.696999999999999620e-01
0.000000000000000000e+00 -5.110037000000000262e+03 1.350000000000000000e+02 6.696999999999999620e-01
2.088999999999999968e+00 -5.108238000000000284e+03 1.355000000000000000e+02 6.703000000000000069e-01
0.000000000000000000e+00 -5.110327000000000226e+03 1.360000000000000000e+02 6.703000000000000069e-01
2.246999999999999886e+00 -5.106835000000000036e+03 1.365000000000000000e+02 6.780000000000000471e-01
0.000000000000000000e+00 -5.109082000000000335e+03 1.370000000000000000e+02 6.780000000000000471e-01
9.080000000000000293e-01 -5.109399000000000342e+03 1.375000000000000000e+02 6.780000000000000471e-01
0.000000000000000000e+00 -5.110306999999999789e+03 1.380000000000000000e+02 6.780000000000000471e-01
2.133999999999999897e+00 -5.106948999999999614e+03 1.385000000000000000e+02 6.787999999999999590e-01
0.000000000000000000e+00 -5.109082000000000335e+03 1.390000000000000000e+02 6.787999999999999590e-01
7.469999999999999973e-01 -5.109829999999999927e+03 1.395000000000000000e+02 6.787999999999999590e-01
0.000000000000000000e+00 -5.110577000000000226e+03 1.400000000000000000e+02 6.787999999999999590e-01
2.241000000000000103e+00 -5.106841000000000349e+03 1.405000000000000000e+02 6.805999999999999828e-01
0.000000000000000000e+00 -5.109082000000000335e+03 1.410000000000000000e+02 6.805999999999999828e-01
7.469999999999999973e-01 -5.109829999999999927e+03 1.415000000000000000e+02 6.805999999999999828e-01
0.000000000000000000e+00 -5.110577000000000226e+03 1.420000000000000000e+02 6.805999999999999828e-01
2.241000000000000103e+00 -5.106841000000000349e+03 1.425000000000000000e+02 6.954000000000000181e-01
0.000000000000000000e+00 -5.109082000000000335e+03 1.430000000000000000e+02 6.954000000000000181e-01
7.469999999999999973e-01 -5.109829999999999927e+03 1.435000000000000000e+02 6.954000000000000181e-01
0.000000000000000000e+00 -5.110577000000000226e+03 1.440000000000000000e+02 6.954000000000000181e-01
2.241000000000000103e+00 -5.106841000000000349e+03 1.445000000000000000e+02 6.971000000000000529e-01
0.000000000000000000e+00 -5.109082000000000335e+03 1.450000000000000000e+02 6.971000000000000529e-01
7.469999999999999973e-01 -5.109829999999999927e+03 1.455000000000000000e+02 6.971000000000000529e-01
0.000000000000000000e+00 -5.110577000000000226e+03 1.460000000000000000e+02 6.971000000000000529e-01
2.241000000000000103e+00 -5.106841000000000349e+03 1.465000000000000000e+02 7.035000000000000142e-01
0.000000000000000000e+00 -5.109082000000000335e+03 1.470000000000000000e+02 7.035000000000000142e-01
7.469999999999999973e-01 -5.109829999999999927e+03 1.475000000000000000e+02 7.035000000000000142e-01
0.000000000000000000e+00 -5.110577000000000226e+03 1.480000000000000000e+02 7.035000000000000142e-01
2.241000000000000103e+00 -5.106841000000000349e+03 1.485000000000000000e+02 7.059999999999999609e-01
0.000000000000000000e+00 -5.109082000000000335e+03 1.490000000000000000e+02 7.059999999999999609e-01
9.080000000000000293e-01 -5.109399000000000342e+03 1.495000000000000000e+02 7.059999999999999609e-01
0.000000000000000000e+00 -5.110306999999999789e+03 1.500000000000000000e+02 7.059999999999999609e-01
2.322999999999999954e+00 -5.106761999999999716e+03 1.505000000000000000e+02 7.059999999999999609e-01
0.000000000000000000e+00 -5.109085000000000036e+03 1.510000000000000000e+02 7.059999999999999609e-01
7.540000000000000036e-01 -5.109823000000000320e+03 1.515000000000000000e+02 7.059999999999999609e-01
0.000000000000000000e+00 -5.110576000000000022e+03 1.520000000000000000e+02 7.059999999999999609e-01
2.245000000000000107e+00 -5.106840000000000146e+03 1.525000000000000000e+02 7.125000000000000222e-01
0.000000000000000000e+00 -5.109085000000000036e+03 1.530000000000000000e+02 7.125000000000000222e-01
9.250000000000000444e-01 -5.109381999999999607e+03 1.535000000000000000e+02 7.125000000000000222e-01
0.000000000000000000e+00 -5.110306999999999789e+03 1.540000000000000000e+02 7.125000000000000222e-01
2.146999999999999797e+00 -5.106938000000000102e+03 1.545000000000000000e+02 7.141999999999999460e-01
0.000000000000000000e+00 -5.109085000000000036e+03 1.550000000000000000e+02 7.141999999999999460e-01
7.540000000000000036e-01 -5.109823000000000320e+03 1.555000000000000000e+02 7.141999999999999460e-01
0.000000000000000000e+00 -5.110576000000000022e+03 1.560000000000000000e+02 7.141999999999999460e-01
2.245000000000000107e+00 -5.106840000000000146e+03 1.565000000000000000e+02 7.185000000000000275e-01
0.000000000000000000e+00 -5.109085000000000036e+03 1.570000000000000000e+02 7.185000000000000275e-01
7.540000000000000036e-01 -5.109823000000000320e+03 1.575000000000000000e+02 7.185000000000000275e-01
0.000000000000000000e+00 -5.110576000000000022e+03 1.580000000000000000e+02 7.185000000000000275e-01
2.245000000000000107e+00 -5.106840000000000146e+03 1.585000000000000000e+02 7.315000000000000391e-01
0.000000000000000000e+00 -5.109085000000000036e+03 1.590000000000000000e+02 7.315000000000000391e-01
7.540000000000000036e-01 -5.109823000000000320e+03 1.595000000000000000e+02 7.315000000000000391e-01
0.000000000000000000e+00 -5.110576000000000022e+03 1.600000000000000000e+02 7.315000000000000391e-01
2.245000000000000107e+00 -5.106840000000000146e+03 1.605000000000000000e+02 7.370999999999999774e-01
0.000000000000000000e+00 -5.109085000000000036e+03 1.610000000000000000e+02 7.370999999999999774e-01
7.540000000000000036e-01 -5.109823000000000320e+03 1.615000000000000000e+02 7.370999999999999774e-01
0.000000000000000000e+00 -5.110577000000000226e+03 1.620000000000000000e+02 7.370999999999999774e-01
2.245000000000000107e+00 -5.106840000000000146e+03 1.625000000000000000e+02 7.377000000000000224e-01
0.000000000000000000e+00 -5.109085000000000036e+03 1.630000000000000000e+02 7.377000000000000224e-01
7.540000000000000036e-01 -5.109823000000000320e+03 1.635000000000000000e+02 7.377000000000000224e-01
0.000000000000000000e+00 -5.110576000000000022e+03 1.640000000000000000e+02 7.377000000000000224e-01
2.245000000000000107e+00 -5.106840000000000146e+03 1.645000000000000000e+02 7.439000000000000057e-01
0.000000000000000000e+00 -5.109085000000000036e+03 1.650000000000000000e+02 7.439000000000000057e-01
7.540000000000000036e-01 -5.109823000000000320e+03 1.655000000000000000e+02 7.439000000000000057e-01
0.000000000000000000e+00 -5.110577000000000226e+03 1.660000000000000000e+02 7.439000000000000057e-01
2.245000000000000107e+00 -5.106840000000000146e+03 1.665000000000000000e+02 7.630000000000000115e-01
0.000000000000000000e+00 -5.109085000000000036e+03 1.670000000000000000e+02 7.630000000000000115e-01
9.260000000000000453e-01 -5.109382999999999811e+03 1.675000000000000000e+02 7.630000000000000115e-01
0.000000000000000000e+00 -5.110307999999999993e+03 1.680000000000000000e+02 7.630000000000000115e-01
2.375000000000000000e+00 -5.107673999999999978e+03 1.685000000000000000e+02 7.651999999999999913e-01
0.000000000000000000e+00 -5.110047999999999774e+03 1.690000000000000000e+02 7.651999999999999913e-01
2.149999999999999911e+00 -5.108179000000000087e+03 1.695000000000000000e+02 7.731999999999999984e-01
0.000000000000000000e+00 -5.110329999999999927e+03 1.700000000000000000e+02 7.731999999999999984e-01
2.164000000000000146e+00 -5.106920000000000073e+03 1.705000000000000000e+02 7.849000000000000421e-01
0.000000000000000000e+00 -5.109083999999999833e+03 1.710000000000000000e+02 7.849000000000000421e-01
7.489999999999999991e-01 -5.109828000000000429e+03 1.715000000000000000e+02 7.849000000000000421e-01
0.000000000000000000e+00 -5.110577000000000226e+03 1.720000000000000000e+02 7.849000000000000421e-01
2.241999999999999993e+00 -5.106841999999999643e+03 1.725000000000000000e+02 8.185999999999999943e-01
0.000000000000000000e+00 -5.109083999999999833e+03 1.730000000000000000e+02 8.185999999999999943e-01
7.489999999999999991e-01 -5.109828000000000429e+03 1.735000000000000000e+02 8.185999999999999943e-01
0.000000000000000000e+00 -5.110577000000000226e+03 1.740000000000000000e+02 8.185999999999999943e-01
2.241999999999999993e+00 -5.106841999999999643e+03 1.745000000000000000e+02 8.209999999999999520e-01
0.000000000000000000e+00 -5.109083999999999833e+03 1.750000000000000000e+02 8.209999999999999520e-01
7.489999999999999991e-01 -5.109828000000000429e+03 1.755000000000000000e+02 8.209999999999999520e-01
0.000000000000000000e+00 -5.110577000000000226e+03 1.760000000000000000e+02 8.209999999999999520e-01
2.241999999999999993e+00 -5.106841999999999643e+03 1.765000000000000000e+02 8.559999999999999831e-01
0.000000000000000000e+00 -5.109083999999999833e+03 1.770000000000000000e+02 8.559999999999999831e-01
7.489999999999999991e-01 -5.109828000000000429e+03 1.775000000000000000e+02 8.559999999999999831e-01
0.000000000000000000e+00 -5.110577000000000226e+03 1.780000000000000000e+02 8.559999999999999831e-01
2.241999999999999993e+00 -5.106841999999999643e+03 1.785000000000000000e+02 8.710999999999999854e-01
0.000000000000000000e+00 -5.109083999999999833e+03 1.790000000000000000e+02 8.710999999999999854e-01
7.489999999999999991e-01 -5.109828000000000429e+03 1.795000000000000000e+02 8.710999999999999854e-01
0.000000000000000000e+00 -5.110577000000000226e+03 1.800000000000000000e+02 8.710999999999999854e-01
2.241999999999999993e+00 -5.106841999999999643e+03 1.805000000000000000e+02 8.808000000000000274e-01
0.000000000000000000e+00 -5.109083999999999833e+03 1.810000000000000000e+02 8.808000000000000274e-01
7.489999999999999991e-01 -5.109828000000000429e+03 1.815000000000000000e+02 8.808000000000000274e-01
0.000000000000000000e+00 -5.110577000000000226e+03 1.820000000000000000e+02 8.808000000000000274e-01
2.241999999999999993e+00 -5.106841999999999643e+03 1.825000000000000000e+02 9.295999999999999819e-01
0.000000000000000000e+00 -5.109083999999999833e+03 1.830000000000000000e+02 9.295999999999999819e-01
9.140000000000000346e-01 -5.109394000000000233e+03 1.835000000000000000e+02 9.295999999999999819e-01
0.000000000000000000e+00 -5.110307999999999993e+03 1.840000000000000000e+02 9.295999999999999819e-01
2.157000000000000028e+00 -5.106632999999999811e+03 1.845000000000000000e+02 9.316999999999999726e-01
0.000000000000000000e+00 -5.108788999999999760e+03 1.850000000000000000e+02 9.316999999999999726e-01
6.380000000000000115e-01 -5.109670000000000073e+03 1.855000000000000000e+02 9.316999999999999726e-01
0.000000000000000000e+00 -5.110307999999999993e+03 1.860000000000000000e+02 9.316999999999999726e-01
2.157000000000000028e+00 -5.106632999999999811e+03 1.865000000000000000e+02 9.451000000000000512e-01
0.000000000000000000e+00 -5.108788999999999760e+03 1.870000000000000000e+02 9.451000000000000512e-01
6.380000000000000115e-01 -5.109670000000000073e+03 1.875000000000000000e+02 9.451000000000000512e-01
0.000000000000000000e+00 -5.110307999999999993e+03 1.880000000000000000e+02 9.451000000000000512e-01
2.157000000000000028e+00 -5.106631999999999607e+03 1.885000000000000000e+02 9.558999999999999719e-01
0.000000000000000000e+00 -5.108788999999999760e+03 1.890000000000000000e+02 9.558999999999999719e-01
6.380000000000000115e-01 -5.109670000000000073e+03 1.895000000000000000e+02 9.558999999999999719e-01
0.000000000000000000e+00 -5.110307999999999993e+03 1.900000000000000000e+02 9.558999999999999719e-01
2.157000000000000028e+00 -5.106631999999999607e+03 1.905000000000000000e+02 9.568999999999999728e-01
0.000000000000000000e+00 -5.108788999999999760e+03 1.910000000000000000e+02 9.568999999999999728e-01
6.380000000000000115e-01 -5.109670000000000073e+03 1.915000000000000000e+02 9.568999999999999728e-01
0.000000000000000000e+00 -5.110307999999999993e+03 1.920000000000000000e+02 9.568999999999999728e-01
2.157000000000000028e+00 -5.106631999999999607e+03 1.925000000000000000e+02 9.568999999999999728e-01
0.000000000000000000e+00 -5.108788999999999760e+03 1.930000000000000000e+02 9.568999999999999728e-01
6.380000000000000115e-01 -5.109670000000000073e+03 1.935000000000000000e+02 9.568999999999999728e-01
0.000000000000000000e+00 -5.110307999999999993e+03 1.940000000000000000e+02 9.568999999999999728e-01
1.989000000000000101e+00 -5.108090000000000146e+03 1.945000000000000000e+02 9.596000000000000085e-01
0.000000000000000000e+00 -5.110078999999999724e+03 1.950000000000000000e+02 9.596000000000000085e-01
2.347999999999999865e+00 -5.105474000000000160e+03 1.955000000000000000e+02 9.622000000000000552e-01
0.000000000000000000e+00 -5.107820999999999913e+03 1.960000000000000000e+02 9.622000000000000552e-01
9.099999999999999756e-02 -5.109988000000000284e+03 1.965000000000000000e+02 9.622000000000000552e-01
0.000000000000000000e+00 -5.110078999999999724e+03 1.970000000000000000e+02 9.622000000000000552e-01
2.156000000000000139e+00 -5.108173999999999978e+03 1.975000000000000000e+02 9.704000000000000403e-01
0.000000000000000000e+00 -5.110329999999999927e+03 1.980000000000000000e+02 9.704000000000000403e-01
2.160000000000000142e+00 -5.106917999999999665e+03 1.985000000000000000e+02 9.717999999999999972e-01
0.000000000000000000e+00 -5.109078999999999724e+03 1.990000000000000000e+02 9.717999999999999972e-01
7.409999999999999920e-01 -5.109835000000000036e+03 1.995000000000000000e+02 9.717999999999999972e-01
0.000000000000000000e+00 -5.110576000000000022e+03 2.000000000000000000e+02 9.717999999999999972e-01
2.237999999999999989e+00 -5.106842999999999847e+03 2.005000000000000000e+02 9.932999999999999607e-01
0.000000000000000000e+00 -5.109082000000000335e+03 2.010000000000000000e+02 9.932999999999999607e-01
9.040000000000000258e-01 -5.109404000000000451e+03 2.015000000000000000e+02 9.932999999999999607e-01
0.000000000000000000e+00 -5.110307999999999993e+03 2.020000000000000000e+02 9.932999999999999607e-01
2.154999999999999805e+00 -5.106634000000000015e+03 2.025000000000000000e+02 9.949999999999999956e-01
0.000000000000000000e+00 -5.108788999999999760e+03 2.030000000000000000e+02 9.949999999999999956e-01
6.370000000000000107e-01 -5.109671000000000276e+03 2.035000000000000000e+02 9.949999999999999956e-01
0.000000000000000000e+00 -5.110307999999999993e+03 2.040000000000000000e+02 9.949999999999999956e-01
2.154999999999999805e+00 -5.106634000000000015e+03 2.045000000000000000e+02 1.002000000000000002e+00
0.000000000000000000e+00 -5.108788999999999760e+03 2.050000000000000000e+02 1.002000000000000002e+00
6.370000000000000107e-01 -5.109671000000000276e+03 2.055000000000000000e+02 1.002000000000000002e+00
0.000000000000000000e+00 -5.110307999999999993e+03 2.060000000000000000e+02 1.002000000000000002e+00
2.156000000000000139e+00 -5.106634000000000015e+03 2.065000000000000000e+02 1.004999999999999893e+00
0.000000000000000000e+00 -5.108788999999999760e+03 2.070000000000000000e+02 1.004999999999999893e+00
6.370000000000000107e-01 -5.109671000000000276e+03 2.075000000000000000e+02 1.004999999999999893e+00
0.000000000000000000e+00 -5.110307999999999993e+03 2.080000000000000000e+02 1.004999999999999893e+00
2.156000000000000139e+00 -5.106634000000000015e+03 2.085000000000000000e+02 1.008999999999999897e+00
0.000000000000000000e+00 -5.108788999999999760e+03 2.090000000000000000e+02 1.008999999999999897e+00
6.370000000000000107e-01 -5.109671000000000276e+03 2.095000000000000000e+02 1.008999999999999897e+00
0.000000000000000000e+00 -5.110307999999999993e+03 2.100000000000000000e+02 1.008999999999999897e+00
2.156000000000000139e+00 -5.106634000000000015e+03 2.105000000000000000e+02 1.014999999999999902e+00
0.000000000000000000e+00 -5.108788999999999760e+03 2.110000000000000000e+02 1.014999999999999902e+00
6.370000000000000107e-01 -5.109671000000000276e+03 2.115000000000000000e+02 1.014999999999999902e+00
0.000000000000000000e+00 -5.110307999999999993e+03 2.120000000000000000e+02 1.014999999999999902e+00
2.322000000000000064e+00 -5.106762999999999920e+03 2.125000000000000000e+02 1.016999999999999904e+00
0.000000000000000000e+00 -5.109086000000000240e+03 2.130000000000000000e+02 1.016999999999999904e+00
7.550000000000000044e-01 -5.109820999999999913e+03 2.135000000000000000e+02 1.016999999999999904e+00
0.000000000000000000e+00 -5.110576000000000022e+03 2.140000000000000000e+02 1.016999999999999904e+00
2.245999999999999996e+00 -5.106840000000000146e+03 2.145000000000000000e+02 1.020000000000000018e+00
0.000000000000000000e+00 -5.109086000000000240e+03 2.150000000000000000e+02 1.020000000000000018e+00
7.550000000000000044e-01 -5.109820999999999913e+03 2.155000000000000000e+02 1.020000000000000018e+00
0.000000000000000000e+00 -5.110576000000000022e+03 2.160000000000000000e+02 1.020000000000000018e+00
2.245999999999999996e+00 -5.106840000000000146e+03 2.165000000000000000e+02 1.050999999999999934e+00
0.000000000000000000e+00 -5.109086000000000240e+03 2.170000000000000000e+02 1.050999999999999934e+00
7.550000000000000044e-01 -5.109820999999999913e+03 2.175000000000000000e+02 1.050999999999999934e+00
0.000000000000000000e+00 -5.110576000000000022e+03 2.180000000000000000e+02 1.050999999999999934e+00
2.245999999999999996e+00 -5.106840000000000146e+03 2.185000000000000000e+02 1.058000000000000052e+00
0.000000000000000000e+00 -5.109086000000000240e+03 2.190000000000000000e+02 1.058000000000000052e+00
9.290000000000000480e-01 -5.109380000000000109e+03 2.195000000000000000e+02 1.058000000000000052e+00
0.000000000000000000e+00 -5.110309000000000196e+03 2.200000000000000000e+02 1.058000000000000052e+00
2.161000000000000032e+00 -5.106630000000000109e+03 2.205000000000000000e+02 1.062000000000000055e+00
0.000000000000000000e+00 -5.108789999999999964e+03 2.210000000000000000e+02 1.062000000000000055e+00
6.420000000000000151e-01 -5.109667000000000371e+03 2.215000000000000000e+02 1.062000000000000055e+00
0.000000000000000000e+00 -5.110309000000000196e+03 2.220000000000000000e+02 1.062000000000000055e+00
2.161000000000000032e+00 -5.106628999999999905e+03 2.225000000000000000e+02 1.062999999999999945e+00
0.000000000000000000e+00 -5.108789999999999964e+03 2.230000000000000000e+02 1.062999999999999945e+00
6.420000000000000151e-01 -5.109667000000000371e+03 2.235000000000000000e+02 1.062999999999999945e+00
0.000000000000000000e+00 -5.110309000000000196e+03 2.240000000000000000e+02 1.062999999999999945e+00
2.319999999999999840e+00 -5.106765000000000327e+03 2.245000000000000000e+02 1.072000000000000064e+00
0.000000000000000000e+00 -5.109083999999999833e+03 2.250000000000000000e+02 1.072000000000000064e+00
7.520000000000000018e-01 -5.109824999999999818e+03 2.255000000000000000e+02 1.072000000000000064e+00
0.000000000000000000e+00 -5.110577000000000226e+03 2.260000000000000000e+02 1.072000000000000064e+00
2.244000000000000217e+00 -5.106840000000000146e+03 2.265000000000000000e+02 1.080000000000000071e+00
0.000000000000000000e+00 -5.109083999999999833e+03 2.270000000000000000e+02 1.080000000000000071e+00
7.520000000000000018e-01 -5.109824999999999818e+03 2.275000000000000000e+02 1.080000000000000071e+00
0.000000000000000000e+00 -5.110577000000000226e+03 2.280000000000000000e+02 1.080000000000000071e+00
2.244000000000000217e+00 -5.106840000000000146e+03 2.285000000000000000e+02 1.090999999999999970e+00
0.000000000000000000e+00 -5.109083999999999833e+03 2.290000000000000000e+02 1.090999999999999970e+00
9.210000000000000409e-01 -5.109387999999999920e+03 2.295000000000000000e+02 1.090999999999999970e+00
0.000000000000000000e+00 -5.110309000000000196e+03 2.300000000000000000e+02 1.090999999999999970e+00
2.162999999999999812e+00 -5.106627000000000407e+03 2.305000000000000000e+02 1.092000000000000082e+00
0.000000000000000000e+00 -5.108789999999999964e+03 2.310000000000000000e+02 1.092000000000000082e+00
6.440000000000000169e-01 -5.109663999999999760e+03 2.315000000000000000e+02 1.092000000000000082e+00
0.000000000000000000e+00 -5.110309000000000196e+03 2.320000000000000000e+02 1.092000000000000082e+00
2.060999999999999943e+00 -5.107966000000000349e+03 2.325000000000000000e+02 1.094000000000000083e+00
0.000000000000000000e+00 -5.110025999999999840e+03 2.330000000000000000e+02 1.094000000000000083e+00
1.778000000000000025e+00 -5.108530999999999949e+03 2.335000000000000000e+02 1.094000000000000083e+00
0.000000000000000000e+00 -5.110309000000000196e+03 2.340000000000000000e+02 1.094000000000000083e+00
2.060999999999999943e+00 -5.107969000000000051e+03 2.345000000000000000e+02 1.094000000000000083e+00
0.000000000000000000e+00 -5.110029999999999745e+03 2.350000000000000000e+02 1.094000000000000083e+00
2.048999999999999932e+00 -5.108278000000000247e+03 2.355000000000000000e+02 1.094999999999999973e+00
0.000000000000000000e+00 -5.110327000000000226e+03 2.360000000000000000e+02 1.094999999999999973e+00
2.298999999999999932e+00 -5.107751000000000204e+03 2.365000000000000000e+02 1.096000000000000085e+00
0.000000000000000000e+00 -5.110050000000000182e+03 2.370000000000000000e+02 1.096000000000000085e+00
2.161999999999999922e+00 -5.108167999999999665e+03 2.375000000000000000e+02 1.102000000000000091e+00
0.000000000000000000e+00 -5.110329999999999927e+03 2.380000000000000000e+02 1.102000000000000091e+00
2.245999999999999996e+00 -5.107793999999999869e+03 2.385000000000000000e+02 1.102999999999999980e+00
0.000000000000000000e+00 -5.110039999999999964e+03 2.390000000000000000e+02 1.102999999999999980e+00
2.310000000000000053e+00 -5.106775999999999840e+03 2.395000000000000000e+02 1.106999999999999984e+00
0.000000000000000000e+00 -5.109086000000000240e+03 2.400000000000000000e+02 1.106999999999999984e+00
7.610000000000000098e-01 -5.109814000000000306e+03 2.405000000000000000e+02 1.106999999999999984e+00
0.000000000000000000e+00 -5.110574999999999818e+03 2.410000000000000000e+02 1.106999999999999984e+00
2.249000000000000110e+00 -5.106837000000000444e+03 2.415000000000000000e+02 1.108999999999999986e+00
0.000000000000000000e+00 -5.109086000000000240e+03 2.420000000000000000e+02 1.108999999999999986e+00
7.610000000000000098e-01 -5.109814000000000306e+03 2.425000000000000000e+02 1.108999999999999986e+00
0.000000000000000000e+00 -5.110574999999999818e+03 2.430000000000000000e+02 1.108999999999999986e+00
2.249000000000000110e+00 -5.106837000000000444e+03 2.435000000000000000e+02 1.112000000000000099e+00
0.000000000000000000e+00 -5.109086000000000240e+03 2.440000000000000000e+02 1.112000000000000099e+00
7.610000000000000098e-01 -5.109814000000000306e+03 2.445000000000000000e+02 1.112000000000000099e+00
0.000000000000000000e+00 -5.110574999999999818e+03 2.450000000000000000e+02 1.112000000000000099e+00
2.249000000000000110e+00 -5.106837000000000444e+03 2.455000000000000000e+02 1.147999999999999909e+00
0.000000000000000000e+00 -5.109086000000000240e+03 2.460000000000000000e+02 1.147999999999999909e+00
7.610000000000000098e-01 -5.109814000000000306e+03 2.465000000000000000e+02 1.147999999999999909e+00
0.000000000000000000e+00 -5.110574999999999818e+03 2.470000000000000000e+02 1.147999999999999909e+00
2.249000000000000110e+00 -5.106837000000000444e+03 2.475000000000000000e+02 1.165999999999999925e+00
0.000000000000000000e+00 -5.109086000000000240e+03 2.480000000000000000e+02 1.165999999999999925e+00
7.610000000000000098e-01 -5.109814000000000306e+03 2.485000000000000000e+02 1.165999999999999925e+00
0.000000000000000000e+00 -5.110574999999999818e+03 2.490000000000000000e+02 1.165999999999999925e+00
2.427000000000000046e+00 -5.106270999999999731e+03 2.495000000000000000e+02 1.171000000000000041e+00
0.000000000000000000e+00 -5.108698999999999614e+03 2.500000000000000000e+02 1.171000000000000041e+00
7.379999999999999893e-01 -5.107304000000000087e+03 2.505000000000000000e+02 1.171000000000000041e+00
0.000000000000000000e+00 -5.108042000000000371e+03 2.510000000000000000e+02 1.171000000000000041e+00
8.100000000000000255e-02 -5.108618000000000393e+03 2.515000000000000000e+02 1.171000000000000041e+00
0.000000000000000000e+00 -5.108698999999999614e+03 2.520000000000000000e+02 1.171000000000000041e+00
5.450000000000000400e-01 -5.110032000000000153e+03 2.525000000000000000e+02 1.171000000000000041e+00
0.000000000000000000e+00 -5.110576000000000022e+03 2.530000000000000000e+02 1.171000000000000041e+00
2.245000000000000107e+00 -5.106841000000000349e+03 2.535000000000000000e+02 1.181000000000000050e+00
0.000000000000000000e+00 -5.109086000000000240e+03 2.540000000000000000e+02 1.181000000000000050e+00
7.550000000000000044e-01 -5.109820999999999913e+03 2.545000000000000000e+02 1.181000000000000050e+00
0.000000000000000000e+00 -5.110576000000000022e+03 2.550000000000000000e+02 1.181000000000000050e+00
2.245000000000000107e+00 -5.106841000000000349e+03 2.555000000000000000e+02 1.209999999999999964e+00
0.000000000000000000e+00 -5.109086000000000240e+03 2.560000000000000000e+02 1.209999999999999964e+00
7.550000000000000044e-01 -5.109820999999999913e+03 2.565000000000000000e+02 1.209999999999999964e+00
0.000000000000000000e+00 -5.110576000000000022e+03 2.570000000000000000e+02 1.209999999999999964e+00
2.419999999999999929e+00 -5.106280999999999949e+03 2.575000000000000000e+02 1.215000000000000080e+00
0.000000000000000000e+00 -5.108701000000000022e+03 2.580000000000000000e+02 1.215000000000000080e+00
5.460000000000000409e-01 -5.110030999999999949e+03 2.585000000000000000e+02 1.215000000000000080e+00
0.000000000000000000e+00 -5.110576000000000022e+03 2.590000000000000000e+02 1.215000000000000080e+00
2.245000000000000107e+00 -5.106841000000000349e+03 2.595000000000000000e+02 1.215999999999999970e+00
0.000000000000000000e+00 -5.109086000000000240e+03 2.600000000000000000e+02 1.215999999999999970e+00
7.550000000000000044e-01 -5.109820999999999913e+03 2.605000000000000000e+02 1.215999999999999970e+00
0.000000000000000000e+00 -5.110576000000000022e+03 2.610000000000000000e+02 1.215999999999999970e+00
2.245000000000000107e+00 -5.106841000000000349e+03 2.615000000000000000e+02 1.247999999999999998e+00
0.000000000000000000e+00 -5.109086000000000240e+03 2.620000000000000000e+02 1.247999999999999998e+00
7.550000000000000044e-01 -5.109820999999999913e+03 2.625000000000000000e+02 1.247999999999999998e+00
0.000000000000000000e+00 -5.110576000000000022e+03 2.630000000000000000e+02 1.247999999999999998e+00
2.245000000000000107e+00 -5.106841000000000349e+03 2.635000000000000000e+02 1.274000000000000021e+00
0.000000000000000000e+00 -5.109086000000000240e+03 2.640000000000000000e+02 1.274000000000000021e+00
7.550000000000000044e-01 -5.109820999999999913e+03 2.645000000000000000e+02 1.274000000000000021e+00
0.000000000000000000e+00 -5.110576000000000022e+03 2.650000000000000000e+02 1.274000000000000021e+00
2.245000000000000107e+00 -5.106841000000000349e+03 2.655000000000000000e+02 1.294000000000000039e+00
0.000000000000000000e+00 -5.109086000000000240e+03 2.660000000000000000e+02 1.294000000000000039e+00
7.550000000000000044e-01 -5.109820999999999913e+03 2.665000000000000000e+02 1.294000000000000039e+00
0.000000000000000000e+00 -5.110576000000000022e+03 2.670000000000000000e+02 1.294000000000000039e+00
2.419999999999999929e+00 -5.106280999999999949e+03 2.675000000000000000e+02 1.302999999999999936e+00
0.000000000000000000e+00 -5.108701000000000022e+03 2.680000000000000000e+02 1.302999999999999936e+00
5.460000000000000409e-01 -5.110030999999999949e+03 2.685000000000000000e+02 1.302999999999999936e+00
0.000000000000000000e+00 -5.110576000000000022e+03 2.690000000000000000e+02 1.302999999999999936e+00
2.419999999999999929e+00 -5.106280999999999949e+03 2.695000000000000000e+02 1.322000000000000064e+00
0.000000000000000000e+00 -5.108701000000000022e+03 2.700000000000000000e+02 1.322000000000000064e+00
5.460000000000000409e-01 -5.110030999999999949e+03 2.705000000000000000e+02 1.322000000000000064e+00
0.000000000000000000e+00 -5.110576000000000022e+03 2.710000000000000000e+02 1.322000000000000064e+00
2.245000000000000107e+00 -5.106841000000000349e+03 2.715000000000000000e+02 1.354000000000000092e+00
0.000000000000000000e+00 -5.109086000000000240e+03 2.720000000000000000e+02 1.354000000000000092e+00
7.550000000000000044e-01 -5.109820999999999913e+03 2.725000000000000000e+02 1.354000000000000092e+00
0.000000000000000000e+00 -5.110576000000000022e+03 2.730000000000000000e+02 1.354000000000000092e+00
2.245000000000000107e+00 -5.106841000000000349e+03 2.735000000000000000e+02 1.354999999999999982e+00
0.000000000000000000e+00 -5.109086000000000240e+03 2.740000000000000000e+02 1.354999999999999982e+00
7.550000000000000044e-01 -5.109820999999999913e+03 2.745000000000000000e+02 1.354999999999999982e+00
0.000000000000000000e+00 -5.110576000000000022e+03 2.750000000000000000e+02 1.354999999999999982e+00
2.245000000000000107e+00 -5.106841000000000349e+03 2.755000000000000000e+02 1.366999999999999993e+00
0.000000000000000000e+00 -5.109086000000000240e+03 2.760000000000000000e+02 1.366999999999999993e+00
9.310000000000000497e-01 -5.109377999999999702e+03 2.765000000000000000e+02 1.366999999999999993e+00
0.000000000000000000e+00 -5.110309000000000196e+03 2.770000000000000000e+02 1.366999999999999993e+00
2.162999999999999812e+00 -5.107864999999999782e+03 2.775000000000000000e+02 1.366999999999999993e+00
0.000000000000000000e+00 -5.110029000000000451e+03 2.780000000000000000e+02 1.366999999999999993e+00
1.883000000000000007e+00 -5.108426000000000386e+03 2.785000000000000000e+02 1.366999999999999993e+00
0.000000000000000000e+00 -5.110309000000000196e+03 2.790000000000000000e+02 1.366999999999999993e+00
2.160000000000000142e+00 -5.106630000000000109e+03 2.795000000000000000e+02 1.374000000000000110e+00
0.000000000000000000e+00 -5.108789999999999964e+03 2.800000000000000000e+02 1.374000000000000110e+00
6.420000000000000151e-01 -5.109667000000000371e+03 2.805000000000000000e+02 1.374000000000000110e+00
0.000000000000000000e+00 -5.110309000000000196e+03 2.810000000000000000e+02 1.374000000000000110e+00
2.164000000000000146e+00 -5.107864999999999782e+03 2.815000000000000000e+02 1.374000000000000110e+00
0.000000000000000000e+00 -5.110029000000000451e+03 2.820000000000000000e+02 1.374000000000000110e+00
1.883000000000000007e+00 -5.108426000000000386e+03 2.825000000000000000e+02 1.374000000000000110e+00
0.000000000000000000e+00 -5.110309000000000196e+03 2.830000000000000000e+02 1.374000000000000110e+00
2.164000000000000146e+00 -5.107864999999999782e+03 2.835000000000000000e+02 1.375000000000000000e+00
0.000000000000000000e+00 -5.110029000000000451e+03 2.840000000000000000e+02 1.375000000000000000e+00
1.883000000000000007e+00 -5.108426000000000386e+03 2.845000000000000000e+02 1.375999999999999890e+00
0.000000000000000000e+00 -5.110309000000000196e+03 2.850000000000000000e+02 1.375999999999999890e+00
2.164000000000000146e+00 -5.107864999999999782e+03 2.855000000000000000e+02 1.377000000000000002e+00
0.000000000000000000e+00 -5.110029000000000451e+03 2.860000000000000000e+02 1.377000000000000002e+00
1.883000000000000007e+00 -5.108426000000000386e+03 2.865000000000000000e+02 1.377000000000000002e+00
0.000000000000000000e+00 -5.110309000000000196e+03 2.870000000000000000e+02 1.377000000000000002e+00
2.161000000000000032e+00 -5.106630000000000109e+03 2.875000000000000000e+02 1.385000000000000009e+00
0.000000000000000000e+00 -5.108791000000000167e+03 2.880000000000000000e+02 1.385000000000000009e+00
6.420000000000000151e-01 -5.109667000000000371e+03 2.885000000000000000e+02 1.385000000000000009e+00
0.000000000000000000e+00 -5.110309000000000196e+03 2.890000000000000000e+02 1.385000000000000009e+00
2.319999999999999840e+00 -5.106765999999999622e+03 2.895000000000000000e+02 1.393000000000000016e+00
0.000000000000000000e+00 -5.109085000000000036e+03 2.900000000000000000e+02 1.393000000000000016e+00
1.096000000000000085e+00 -5.109213999999999942e+03 2.905000000000000000e+02 1.393000000000000016e+00
0.000000000000000000e+00 -5.110309000000000196e+03 2.910000000000000000e+02 1.393000000000000016e+00
2.164000000000000146e+00 -5.107865999999999985e+03 2.915000000000000000e+02 1.395999999999999908e+00
0.000000000000000000e+00 -5.110029999999999745e+03 2.920000000000000000e+02 1.395999999999999908e+00
1.885000000000000009e+00 -5.108423999999999978e+03 2.925000000000000000e+02 1.397999999999999909e+00
0.000000000000000000e+00 -5.110309000000000196e+03 2.930000000000000000e+02 1.397999999999999909e+00
2.164000000000000146e+00 -5.107865999999999985e+03 2.935000000000000000e+02 1.397999999999999909e+00
0.000000000000000000e+00 -5.110029999999999745e+03 2.940000000000000000e+02 1.397999999999999909e+00
1.885000000000000009e+00 -5.108423999999999978e+03 2.945000000000000000e+02 1.397999999999999909e+00
0.000000000000000000e+00 -5.110309000000000196e+03 2.950000000000000000e+02 1.397999999999999909e+00
2.164000000000000146e+00 -5.107865999999999985e+03 2.955000000000000000e+02 1.397999999999999909e+00
0.000000000000000000e+00 -5.110029999999999745e+03 2.960000000000000000e+02 1.397999999999999909e+00
1.885000000000000009e+00 -5.108423999999999978e+03 2.965000000000000000e+02 1.397999999999999909e+00
0.000000000000000000e+00 -5.110310000000000400e+03 2.970000000000000000e+02 1.397999999999999909e+00
2.754999999999999893e+00 -5.105229000000000269e+03 2.975000000000000000e+02 1.399000000000000021e+00
0.000000000000000000e+00 -5.107984000000000378e+03 2.980000000000000000e+02 1.399000000000000021e+00
1.000000000000000056e-01 -5.108972999999999956e+03 2.985000000000000000e+02 1.399000000000000021e+00
0.000000000000000000e+00 -5.109073000000000320e+03 2.990000000000000000e+02 1.399000000000000021e+00
8.760000000000000009e-01 -5.109418999999999869e+03 2.995000000000000000e+02 1.399000000000000021e+00
0.000000000000000000e+00 -5.110295000000000073e+03 3.000000000000000000e+02 1.399000000000000021e+00
2.120000000000000107e+00 -5.106657000000000153e+03 3.005000000000000000e+02 1.399000000000000021e+00
0.000000000000000000e+00 -5.108777000000000044e+03 3.010000000000000000e+02 1.399000000000000021e+00
6.019999999999999796e-01 -5.109693000000000211e+03 3.015000000000000000e+02 1.399000000000000021e+00
0.000000000000000000e+00 -5.110296000000000276e+03 3.020000000000000000e+02 1.399000000000000021e+00
2.120999999999999996e+00 -5.106657000000000153e+03 3.025000000000000000e+02 1.403000000000000025e+00
0.000000000000000000e+00 -5.108777000000000044e+03 3.030000000000000000e+02 1.403000000000000025e+00
6.019999999999999796e-01 -5.109694000000000415e+03 3.035000000000000000e+02 1.403000000000000025e+00
0.000000000000000000e+00 -5.110296000000000276e+03 3.040000000000000000e+02 1.403000000000000025e+00
2.120999999999999996e+00 -5.106657000000000153e+03 3.045000000000000000e+02 1.405000000000000027e+00
0.000000000000000000e+00 -5.108777000000000044e+03 3.050000000000000000e+02 1.405000000000000027e+00
6.019999999999999796e-01 -5.109694000000000415e+03 3.055000000000000000e+02 1.405000000000000027e+00
0.000000000000000000e+00 -5.110296000000000276e+03 3.060000000000000000e+02 1.405000000000000027e+00
2.120999999999999996e+00 -5.106655999999999949e+03 3.065000000000000000e+02 1.407000000000000028e+00
0.000000000000000000e+00 -5.108777000000000044e+03 3.070000000000000000e+02 1.407000000000000028e+00
7.730000000000000204e-01 -5.109515000000000327e+03 3.075000000000000000e+02 1.407000000000000028e+00
0.000000000000000000e+00 -5.110287999999999556e+03 3.080000000000000000e+02 1.407000000000000028e+00
2.104999999999999982e+00 -5.106667999999999665e+03 3.085000000000000000e+02 1.409999999999999920e+00
0.000000000000000000e+00 -5.108771999999999935e+03 3.090000000000000000e+02 1.409999999999999920e+00
5.889999999999999680e-01 -5.109698999999999614e+03 3.095000000000000000e+02 1.409999999999999920e+00
0.000000000000000000e+00 -5.110287999999999556e+03 3.100000000000000000e+02 1.409999999999999920e+00
2.104999999999999982e+00 -5.106667000000000371e+03 3.105000000000000000e+02 1.411999999999999922e+00
0.000000000000000000e+00 -5.108771999999999935e+03 3.110000000000000000e+02 1.411999999999999922e+00
5.889999999999999680e-01 -5.109698999999999614e+03 3.115000000000000000e+02 1.411999999999999922e+00
0.000000000000000000e+00 -5.110288999999999760e+03 3.120000000000000000e+02 1.411999999999999922e+00
2.105999999999999872e+00 -5.106667000000000371e+03 3.125000000000000000e+02 1.417000000000000037e+00
0.000000000000000000e+00 -5.108771999999999935e+03 3.130000000000000000e+02 1.417000000000000037e+00
5.889999999999999680e-01 -5.109699999999999818e+03 3.135000000000000000e+02 1.417000000000000037e+00
0.000000000000000000e+00 -5.110289999999999964e+03 3.140000000000000000e+02 1.417000000000000037e+00
2.329000000000000181e+00 -5.106756999999999607e+03 3.145000000000000000e+02 1.419999999999999929e+00
0.000000000000000000e+00 -5.109086000000000240e+03 3.150000000000000000e+02 1.419999999999999929e+00
7.600000000000000089e-01 -5.109815999999999804e+03 3.155000000000000000e+02 1.419999999999999929e+00
0.000000000000000000e+00 -5.110574999999999818e+03 3.160000000000000000e+02 1.419999999999999929e+00
2.424999999999999822e+00 -5.106274000000000342e+03 3.165000000000000000e+02 1.425000000000000044e+00
0.000000000000000000e+00 -5.108699999999999818e+03 3.170000000000000000e+02 1.425000000000000044e+00
5.500000000000000444e-01 -5.110024999999999636e+03 3.175000000000000000e+02 1.425000000000000044e+00
0.000000000000000000e+00 -5.110574999999999818e+03 3.180000000000000000e+02 1.425000000000000044e+00
2.248000000000000220e+00 -5.106838999999999942e+03 3.185000000000000000e+02 1.437000000000000055e+00
0.000000000000000000e+00 -5.109086000000000240e+03 3.190000000000000000e+02 1.437000000000000055e+00
7.590000000000000080e-01 -5.109815999999999804e+03 3.195000000000000000e+02 1.437000000000000055e+00
0.000000000000000000e+00 -5.110574999999999818e+03 3.200000000000000000e+02 1.437000000000000055e+00
2.248000000000000220e+00 -5.106838999999999942e+03 3.205000000000000000e+02 1.451999999999999957e+00
0.000000000000000000e+00 -5.109086000000000240e+03 3.210000000000000000e+02 1.451999999999999957e+00
7.590000000000000080e-01 -5.109815999999999804e+03 3.215000000000000000e+02 1.451999999999999957e+00
0.000000000000000000e+00 -5.110574999999999818e+03 3.220000000000000000e+02 1.451999999999999957e+00
2.248000000000000220e+00 -5.106838999999999942e+03 3.225000000000000000e+02 1.453000000000000069e+00
0.000000000000000000e+00 -5.109086000000000240e+03 3.230000000000000000e+02 1.453000000000000069e+00
7.590000000000000080e-01 -5.109815999999999804e+03 3.235000000000000000e+02 1.453000000000000069e+00
0.000000000000000000e+00 -5.110574999999999818e+03 3.240000000000000000e+02 1.453000000000000069e+00
2.248000000000000220e+00 -5.106838999999999942e+03 3.245000000000000000e+02 1.532999999999999918e+00
0.000000000000000000e+00 -5.109086000000000240e+03 3.250000000000000000e+02 1.532999999999999918e+00
7.590000000000000080e-01 -5.109815999999999804e+03 3.255000000000000000e+02 1.532999999999999918e+00
0.000000000000000000e+00 -5.110574999999999818e+03 3.260000000000000000e+02 1.532999999999999918e+00
2.248000000000000220e+00 -5.106838999999999942e+03 3.265000000000000000e+02 1.546999999999999931e+00
0.000000000000000000e+00 -5.109086000000000240e+03 3.270000000000000000e+02 1.546999999999999931e+00
7.590000000000000080e-01 -5.109815999999999804e+03 3.275000000000000000e+02 1.546999999999999931e+00
0.000000000000000000e+00 -5.110574999999999818e+03 3.280000000000000000e+02 1.546999999999999931e+00
2.248000000000000220e+00 -5.106838999999999942e+03 3.285000000000000000e+02 1.562999999999999945e+00
0.000000000000000000e+00 -5.109086000000000240e+03 3.290000000000000000e+02 1.562999999999999945e+00
7.590000000000000080e-01 -5.109815999999999804e+03 3.295000000000000000e+02 1.562999999999999945e+00
0.000000000000000000e+00 -5.110574999999999818e+03 3.300000000000000000e+02 1.562999999999999945e+00
2.248000000000000220e+00 -5.106838999999999942e+03 3.305000000000000000e+02 1.566999999999999948e+00
0.000000000000000000e+00 -5.109086000000000240e+03 3.310000000000000000e+02 1.566999999999999948e+00
7.590000000000000080e-01 -5.109817000000000007e+03 3.315000000000000000e+02 1.566999999999999948e+00
0.000000000000000000e+00 -5.110574999999999818e+03 3.320000000000000000e+02 1.566999999999999948e+00
2.424999999999999822e+00 -5.106274999999999636e+03 3.325000000000000000e+02 1.627000000000000002e+00
0.000000000000000000e+00 -5.108699999999999818e+03 3.330000000000000000e+02 1.627000000000000002e+00
5.500000000000000444e-01 -5.110025999999999840e+03 3.335000000000000000e+02 1.627000000000000002e+00
0.000000000000000000e+00 -5.110574999999999818e+03 3.340000000000000000e+02 1.627000000000000002e+00
2.248000000000000220e+00 -5.106838999999999942e+03 3.345000000000000000e+02 1.631000000000000005e+00
0.000000000000000000e+00 -5.109086000000000240e+03 3.350000000000000000e+02 1.631000000000000005e+00
9.370000000000000551e-01 -5.109371000000000095e+03 3.355000000000000000e+02 1.631000000000000005e+00
0.000000000000000000e+00 -5.110307999999999993e+03 3.360000000000000000e+02 1.631000000000000005e+00
2.158999999999999808e+00 -5.106926999999999680e+03 3.365000000000000000e+02 1.631000000000000005e+00
0.000000000000000000e+00 -5.109086000000000240e+03 3.370000000000000000e+02 1.631000000000000005e+00
7.580000000000000071e-01 -5.109818000000000211e+03 3.375000000000000000e+02 1.631000000000000005e+00
0.000000000000000000e+00 -5.110576000000000022e+03 3.380000000000000000e+02 1.631000000000000005e+00
2.246999999999999886e+00 -5.106840000000000146e+03 3.385000000000000000e+02 1.639999999999999902e+00
0.000000000000000000e+00 -5.109086000000000240e+03 3.390000000000000000e+02 1.639999999999999902e+00
7.580000000000000071e-01 -5.109818000000000211e+03 3.395000000000000000e+02 1.639999999999999902e+00
0.000000000000000000e+00 -5.110576000000000022e+03 3.400000000000000000e+02 1.639999999999999902e+00
2.246999999999999886e+00 -5.106840000000000146e+03 3.405000000000000000e+02 1.735000000000000098e+00
0.000000000000000000e+00 -5.109086000000000240e+03 3.410000000000000000e+02 1.735000000000000098e+00
7.580000000000000071e-01 -5.109818000000000211e+03 3.415000000000000000e+02 1.735000000000000098e+00
0.000000000000000000e+00 -5.110576000000000022e+03 3.420000000000000000e+02 1.735000000000000098e+00
2.246999999999999886e+00 -5.106840000000000146e+03 3.425000000000000000e+02 1.737999999999999989e+00
0.000000000000000000e+00 -5.109086000000000240e+03 3.430000000000000000e+02 1.737999999999999989e+00
9.360000000000000542e-01 -5.109372999999999593e+03 3.435000000000000000e+02 1.737999999999999989e+00
0.000000000000000000e+00 -5.110307999999999993e+03 3.440000000000000000e+02 1.737999999999999989e+00
2.057999999999999829e+00 -5.107969000000000051e+03 3.445000000000000000e+02 1.739000000000000101e+00
0.000000000000000000e+00 -5.110027000000000044e+03 3.450000000000000000e+02 1.739000000000000101e+00
1.776999999999999913e+00 -5.108530999999999949e+03 3.455000000000000000e+02 1.739000000000000101e+00
0.000000000000000000e+00 -5.110307999999999993e+03 3.460000000000000000e+02 1.739000000000000101e+00
2.057999999999999829e+00 -5.107969000000000051e+03 3.465000000000000000e+02 1.739000000000000101e+00
0.000000000000000000e+00 -5.110027000000000044e+03 3.470000000000000000e+02 1.739000000000000101e+00
1.776999999999999913e+00 -5.108530999999999949e+03 3.475000000000000000e+02 1.739000000000000101e+00
0.000000000000000000e+00 -5.110307999999999993e+03 3.480000000000000000e+02 1.739000000000000101e+00
2.057999999999999829e+00 -5.107969000000000051e+03 3.485000000000000000e+02 1.739999999999999991e+00
0.000000000000000000e+00 -5.110027000000000044e+03 3.490000000000000000e+02 1.739999999999999991e+00
1.776999999999999913e+00 -5.108530999999999949e+03 3.495000000000000000e+02 1.739999999999999991e+00
0.000000000000000000e+00 -5.110307999999999993e+03 3.500000000000000000e+02 1.739999999999999991e+00
2.057999999999999829e+00 -5.107969000000000051e+03 3.505000000000000000e+02 1.741000000000000103e+00
0.000000000000000000e+00 -5.110027000000000044e+03 3.510000000000000000e+02 1.741000000000000103e+00
1.776999999999999913e+00 -5.108530999999999949e+03 3.515000000000000000e+02 1.741000000000000103e+00
0.000000000000000000e+00 -5.110309000000000196e+03 3.520000000000000000e+02 1.741000000000000103e+00
2.193999999999999950e+00 -5.106886999999999716e+03 3.525000000000000000e+02 1.741999999999999993e+00
0.000000000000000000e+00 -5.109079999999999927e+03 3.530000000000000000e+02 1.741999999999999993e+00
7.419999999999999929e-01 -5.109833999999999833e+03 3.535000000000000000e+02 1.741999999999999993e+00
0.000000000000000000e+00 -5.110576000000000022e+03 3.540000000000000000e+02 1.741999999999999993e+00
2.237999999999999989e+00 -5.106841999999999643e+03 3.545000000000000000e+02 1.745000000000000107e+00
0.000000000000000000e+00 -5.109079999999999927e+03 3.550000000000000000e+02 1.745000000000000107e+00
8.970000000000000195e-01 -5.109407000000000153e+03 3.555000000000000000e+02 1.745000000000000107e+00
0.000000000000000000e+00 -5.110304000000000087e+03 3.560000000000000000e+02 1.745000000000000107e+00
2.144000000000000128e+00 -5.106640999999999622e+03 3.565000000000000000e+02 1.747000000000000108e+00
0.000000000000000000e+00 -5.108784999999999854e+03 3.570000000000000000e+02 1.747000000000000108e+00
6.250000000000000000e-01 -5.109679000000000087e+03 3.575000000000000000e+02 1.747000000000000108e+00
0.000000000000000000e+00 -5.110304000000000087e+03 3.580000000000000000e+02 1.747000000000000108e+00
2.144000000000000128e+00 -5.106640000000000327e+03 3.585000000000000000e+02 1.758000000000000007e+00
0.000000000000000000e+00 -5.108784999999999854e+03 3.590000000000000000e+02 1.758000000000000007e+00
6.250000000000000000e-01 -5.109679000000000087e+03 3.595000000000000000e+02 1.758000000000000007e+00
0.000000000000000000e+00 -5.110304000000000087e+03 3.600000000000000000e+02 1.758000000000000007e+00
2.144000000000000128e+00 -5.106640000000000327e+03 3.605000000000000000e+02 1.758999999999999897e+00
0.000000000000000000e+00 -5.108784999999999854e+03 3.610000000000000000e+02 1.758999999999999897e+00
6.250000000000000000e-01 -5.109679000000000087e+03 3.615000000000000000e+02 1.758999999999999897e+00
0.000000000000000000e+00 -5.110304000000000087e+03 3.620000000000000000e+02 1.758999999999999897e+00
2.144000000000000128e+00 -5.106640000000000327e+03 3.625000000000000000e+02 1.764000000000000012e+00
0.000000000000000000e+00 -5.108784999999999854e+03 3.630000000000000000e+02 1.764000000000000012e+00
6.250000000000000000e-01 -5.109679000000000087e+03 3.635000000000000000e+02 1.764000000000000012e+00
0.000000000000000000e+00 -5.110304000000000087e+03 3.640000000000000000e+02 1.764000000000000012e+00
2.144000000000000128e+00 -5.106640000000000327e+03 3.645000000000000000e+02 1.764999999999999902e+00
0.000000000000000000e+00 -5.108784999999999854e+03 3.650000000000000000e+02 1.764999999999999902e+00
