# t
0.000000000000000000e+00
5.123427599999999736e-13
1.033378100000000100e-12
1.072887200000000086e-12
1.566679500000000059e-12
2.886852400000000136e-12
3.367553699999999838e-12
4.440837199999999886e-12
1.382422099999999920e-11
1.517174999999999952e-07
1.517192400000000072e-07
5.165898699999999475e-07
5.165950399999999610e-07
5.165959000000000102e-07
1.918425900000000063e-06
1.918426199999999881e-06
3.492228299999999952e-06
3.492228499999999831e-06
4.922198300000000256e-06
4.922198500000000134e-06
5.647552599999999939e-06
5.647553200000000422e-06
6.902411400000000035e-06
6.902411499999999974e-06
9.805077400000000544e-06
9.805077400000000544e-06
1.241703899999999989e-05
1.241703899999999989e-05
1.327540200000000046e-05
1.327540200000000046e-05
1.337041199999999941e-05
1.337041199999999941e-05
1.415057300000000083e-05
1.415057300000000083e-05
1.455780599999999951e-05
1.455780700000000060e-05
1.543087400000000048e-05
1.543087499999999988e-05
1.543088299999999840e-05
1.543088299999999840e-05
3.870985999999999871e-04
3.870985999999999871e-04
4.242213899999999760e-04
4.242213899999999760e-04
7.225356600000000257e-04
7.225356600000000257e-04
1.510102900000000019e-03
1.510102900000000019e-03
1.510102900000000019e-03
1.510102900000000019e-03
1.894840500000000020e-03
1.894840500000000020e-03
2.195510800000000182e-03
2.195510900000000216e-03
2.367956599999999825e-03
2.367956599999999825e-03
2.510330700000000092e-03
2.510330700000000092e-03
2.909947400000000104e-03
2.909947400000000104e-03
3.341568599999999827e-03
3.341568599999999827e-03
3.450739700000000215e-03
3.450739700000000215e-03
3.563472299999999923e-03
3.563472299999999923e-03
3.891221299999999932e-03
3.891221299999999932e-03
4.138177600000000032e-03
4.138177600000000032e-03
5.009973099999999631e-03
5.009973099999999631e-03
5.696420500000000386e-03
5.696420500000000386e-03
5.697800000000000260e-03
5.697800000000000260e-03
5.993872600000000120e-03
5.993872600000000120e-03
7.754513299999999873e-03
7.754513299999999873e-03
8.293096399999999938e-03
8.293096399999999938e-03
9.414059199999999863e-03
9.414059199999999863e-03
9.662052900000000707e-03
9.662052900000000707e-03
9.866923600000000738e-03
9.866923600000000738e-03
1.442066300000000023e-02
1.442066300000000023e-02
1.696797800000000161e-02
1.696797800000000161e-02
1.758655099999999888e-02
1.758655099999999888e-02
1.865191700000000050e-02
1.865191700000000050e-02
1.913584700000000097e-02
1.913584700000000097e-02
2.029314100000000065e-02
2.029314100000000065e-02
2.060702299999999862e-02
2.060702299999999862e-02
2.166947400000000107e-02
2.166947400000000107e-02
2.200465399999999849e-02
2.200465399999999849e-02
2.273248900000000156e-02
2.273248900000000156e-02
2.313591900000000132e-02
2.313591900000000132e-02
2.356891900000000067e-02
2.356891900000000067e-02
2.363228100000000151e-02
2.363228100000000151e-02
2.422030299999999858e-02
2.422030299999999858e-02
2.426624900000000015e-02
2.426624900000000015e-02
2.445297899999999969e-02
2.445297899999999969e-02
2.547159699999999860e-02
2.547159699999999860e-02
2.663565899999999903e-02
2.663565899999999903e-02
3.056942600000000024e-02
3.056942600000000024e-02
3.139561600000000119e-02
3.139561600000000119e-02
3.348697600000000163e-02
3.348697600000000163e-02
3.415198099999999792e-02
3.415198099999999792e-02
3.509624699999999708e-02
3.509624699999999708e-02
3.608747500000000080e-02
3.608747500000000080e-02
3.624060300000000318e-02
3.624060300000000318e-02
3.760102600000000267e-02
3.760102600000000267e-02
3.865167700000000234e-02
3.865167700000000234e-02
3.893183000000000060e-02
3.893183000000000060e-02
4.017199500000000201e-02
4.017199500000000201e-02
4.207433900000000226e-02
4.207433900000000226e-02
4.301024400000000303e-02
4.301024400000000303e-02
4.393792700000000162e-02
4.393792700000000162e-02
4.825122899999999965e-02
4.825122899999999965e-02
4.835359399999999974e-02
4.835359399999999974e-02
4.897602100000000153e-02
4.897602100000000153e-02
5.147416600000000175e-02
5.147416600000000175e-02
5.302085200000000026e-02
5.302085200000000026e-02
5.393120800000000131e-02
5.393120800000000131e-02
5.484280500000000141e-02
5.484280500000000141e-02
5.484280500000000141e-02
5.694715999999999667e-02
5.694715999999999667e-02
5.694715999999999667e-02
5.712915100000000301e-02
5.712915100000000301e-02
5.722929300000000052e-02
5.722929300000000052e-02
5.722992100000000304e-02
5.722992100000000304e-02
5.743831700000000262e-02
5.743831700000000262e-02
5.754137899999999667e-02
5.754137899999999667e-02
5.761825100000000227e-02
5.761825100000000227e-02
5.791575200000000090e-02
5.791575200000000090e-02
5.797495700000000057e-02
5.797495700000000057e-02
5.823702099999999993e-02
5.823702099999999993e-02
5.829067000000000276e-02
5.829067000000000276e-02
5.835431399999999741e-02
5.835431399999999741e-02
5.840762000000000037e-02
5.840762000000000037e-02
5.840762000000000037e-02
5.840762000000000037e-02
5.840991300000000080e-02
5.840991300000000080e-02
5.855115600000000003e-02
5.855115600000000003e-02
5.857159199999999871e-02
5.857159199999999871e-02
5.866099200000000208e-02
5.866099200000000208e-02
5.866345800000000166e-02
5.866345800000000166e-02
5.868181499999999828e-02
5.868181499999999828e-02
5.870876600000000251e-02
5.870876600000000251e-02
5.879862699999999914e-02
5.879862699999999914e-02
5.883561600000000030e-02
5.883561600000000030e-02
5.884390800000000032e-02
5.884390800000000032e-02
5.884907699999999964e-02
5.884907699999999964e-02
5.902161100000000160e-02
5.902161100000000160e-02
5.914087600000000194e-02
5.914087600000000194e-02
5.915350999999999942e-02
5.915350999999999942e-02
5.918944000000000288e-02
5.918944000000000288e-02
5.941957800000000067e-02
5.941957800000000067e-02
5.944891000000000064e-02
5.944891000000000064e-02
5.946748899999999838e-02
5.946748899999999838e-02
5.950842800000000210e-02
5.950842800000000210e-02
5.961629000000000234e-02
5.961629000000000234e-02
5.967449799999999943e-02
5.967449799999999943e-02
5.972358700000000159e-02
5.972358700000000159e-02
5.977865599999999946e-02
5.977865599999999946e-02
5.997615800000000164e-02
5.997615800000000164e-02
6.008221799999999974e-02
6.008221799999999974e-02
6.012768200000000174e-02
6.012768200000000174e-02
6.017201900000000020e-02
6.017201900000000020e-02
6.019304500000000058e-02
6.019304500000000058e-02
6.025686300000000079e-02
6.025686300000000079e-02
6.031772400000000312e-02
6.031772400000000312e-02
6.035548599999999986e-02
6.035548599999999986e-02
6.037691199999999786e-02
6.037691199999999786e-02
6.041202899999999903e-02
6.041202899999999903e-02
6.059177500000000050e-02
6.059177500000000050e-02
6.075286600000000259e-02
6.075286600000000259e-02
6.076600499999999794e-02
6.076600499999999794e-02
6.077372300000000171e-02
6.077372300000000171e-02
6.087186900000000206e-02
6.087186900000000206e-02
6.102698000000000150e-02
6.102698000000000150e-02
6.112309300000000334e-02
6.112309300000000334e-02
6.120991199999999827e-02
6.120991199999999827e-02
6.123780699999999827e-02
6.123780699999999827e-02
6.128306299999999873e-02
6.128306299999999873e-02
6.131129099999999693e-02
6.131129099999999693e-02
6.145133700000000171e-02
6.145133700000000171e-02
6.148002600000000012e-02
6.148002600000000012e-02
6.155182000000000014e-02
6.155182000000000014e-02
6.155194299999999785e-02
6.155194299999999785e-02
6.161544599999999733e-02
6.161544599999999733e-02
6.172005299999999695e-02
6.172005299999999695e-02
6.173827199999999682e-02
6.173827199999999682e-02
6.179584400000000255e-02
6.179584400000000255e-02
6.181863499999999678e-02
6.181863499999999678e-02
6.193770199999999726e-02
6.193770199999999726e-02
6.194483800000000207e-02
6.194483800000000207e-02
6.205594100000000335e-02
6.205594100000000335e-02
6.207350899999999894e-02
6.207350899999999894e-02
6.237060900000000047e-02
6.237060900000000047e-02
6.262350099999999808e-02
6.262350099999999808e-02
6.265218899999999702e-02
6.265218899999999702e-02
6.283039899999999511e-02
6.283039899999999511e-02
6.285450099999999318e-02
6.285450099999999318e-02
6.285469200000000367e-02
6.285469200000000367e-02
6.317930300000000610e-02
6.317930300000000610e-02
6.318048699999999351e-02
6.318048699999999351e-02
6.321888600000000191e-02
6.321888600000000191e-02
6.325549599999999439e-02
6.325549599999999439e-02
6.331370599999999738e-02
6.331370599999999738e-02
6.331370599999999738e-02
6.331370599999999738e-02
6.342267299999999886e-02
6.342267299999999886e-02
6.344705999999999957e-02
6.344705999999999957e-02
6.353557499999999691e-02
6.353557499999999691e-02
6.361015100000000366e-02
6.361015100000000366e-02
6.361015100000000366e-02
6.361035600000000678e-02
6.361035600000000678e-02
6.361046700000000387e-02
6.361046700000000387e-02
6.361046700000000387e-02
6.372512199999999516e-02
6.372512199999999516e-02
6.385436699999999521e-02
6.385436699999999521e-02
6.387521499999999908e-02
6.387521499999999908e-02
6.396715799999999619e-02
6.396715799999999619e-02
6.401162400000000308e-02
6.401162400000000308e-02
6.404527999999999610e-02
6.404527999999999610e-02
6.404868599999999357e-02
6.404868599999999357e-02
6.424065199999999531e-02
6.424065199999999531e-02
6.428061999999999665e-02
6.428061999999999665e-02
6.428110900000000294e-02
6.428110900000000294e-02
6.438954299999999353e-02
6.438954299999999353e-02
6.442397399999999497e-02
6.442397399999999497e-02
6.453702099999999997e-02
6.453702099999999997e-02
6.454948400000000419e-02
6.454948400000000419e-02
6.461527200000000137e-02
6.461527200000000137e-02
6.467196399999999845e-02
6.467196399999999845e-02
6.475733799999999762e-02
6.475733799999999762e-02
6.484751900000000624e-02
6.484751900000000624e-02
6.515463700000000136e-02
6.515463700000000136e-02
6.516437899999999450e-02
6.516437899999999450e-02
6.517248200000000380e-02
6.517248200000000380e-02
6.524438300000000301e-02
6.524438300000000301e-02
6.524968999999999908e-02
6.524968999999999908e-02
6.564378399999999669e-02
6.564378399999999669e-02
6.569708800000000071e-02
6.569708800000000071e-02
6.573461899999999414e-02
6.573461899999999414e-02
6.573461899999999414e-02
6.573464800000000663e-02
6.573464800000000663e-02
6.584718999999999989e-02
6.584718999999999989e-02
6.585718399999999917e-02
6.585718399999999917e-02
6.587302200000000330e-02
6.587302200000000330e-02
6.590357700000000485e-02
6.590357700000000485e-02
6.591459400000000690e-02
6.591459400000000690e-02
6.599133699999999714e-02
6.599133699999999714e-02
6.599947300000000294e-02
6.599947300000000294e-02
6.600255700000000336e-02
6.600255700000000336e-02
6.604196399999999467e-02
6.604196399999999467e-02
6.608453899999999770e-02
6.608453899999999770e-02
6.614791799999999999e-02
6.614791799999999999e-02
6.615913299999999497e-02
6.615913299999999497e-02
6.620073399999999719e-02
6.620073399999999719e-02
6.621015299999999382e-02
6.621015299999999382e-02
6.621916799999999492e-02
6.621916799999999492e-02
6.622556500000000013e-02
6.622556500000000013e-02
6.625065199999999321e-02
6.625065199999999321e-02
6.627745399999999953e-02
6.627745399999999953e-02
6.635172899999999818e-02
6.635172899999999818e-02
6.644139899999999821e-02
6.644139899999999821e-02
6.644551899999999456e-02
6.644551899999999456e-02
6.648603100000000099e-02
6.648603100000000099e-02
6.648824899999999927e-02
6.648824899999999927e-02
6.652106700000000317e-02
6.652106700000000317e-02
6.654313200000000483e-02
6.654313200000000483e-02
6.659884300000000479e-02
6.659884300000000479e-02
6.661597299999999500e-02
6.661597299999999500e-02
6.668077399999999821e-02
6.668077399999999821e-02
6.668346099999999943e-02
6.668346099999999943e-02
6.674546500000000382e-02
6.674546500000000382e-02
6.675008999999999804e-02
6.675008999999999804e-02
6.675062499999999399e-02
6.675062499999999399e-02
6.676174199999999892e-02
6.676174199999999892e-02
6.678499100000000188e-02
6.678499100000000188e-02
6.683067400000000657e-02
6.683067400000000657e-02
6.692550399999999677e-02
6.692550399999999677e-02
6.698271000000000086e-02
6.698271000000000086e-02
6.701685899999999807e-02
6.701685899999999807e-02
6.703984000000000332e-02
6.703984000000000332e-02
6.710997500000000227e-02
6.710997500000000227e-02
6.719952199999999765e-02
6.719952199999999765e-02
6.722697900000000615e-02
6.722697900000000615e-02
6.725103100000000278e-02
6.725103100000000278e-02
6.726721800000000362e-02
6.726721800000000362e-02
6.726872899999999933e-02
6.726872899999999933e-02
6.727337899999999427e-02
6.727337899999999427e-02
6.730231899999999934e-02
6.730231899999999934e-02
6.730569200000000030e-02
6.730569200000000030e-02
6.736032799999999710e-02
6.736032799999999710e-02
6.738178100000000170e-02
6.738178100000000170e-02
6.743922199999999312e-02
6.743922199999999312e-02
6.751594900000000565e-02
6.751594900000000565e-02
6.755042499999999728e-02
6.755042499999999728e-02
6.761158500000000182e-02
6.761158500000000182e-02
6.761211799999999883e-02
6.761211799999999883e-02
6.764120499999999592e-02
6.764120499999999592e-02
6.773099999999999954e-02
6.773099999999999954e-02
6.773740200000000211e-02
6.773740200000000211e-02
6.783958399999999445e-02
6.783958399999999445e-02
6.785773200000000394e-02
6.785773200000000394e-02
6.787816800000000261e-02
6.787816800000000261e-02
6.790989299999999895e-02
6.790989299999999895e-02
6.796759400000000617e-02
6.796759400000000617e-02
6.797635400000000272e-02
6.797635400000000272e-02
6.798460200000000508e-02
6.798460200000000508e-02
6.802484400000000098e-02
6.802484400000000098e-02
6.808546199999999937e-02
6.808546199999999937e-02
6.813919499999999962e-02
6.813919499999999962e-02
6.813919499999999962e-02
6.816145099999999790e-02
6.816145099999999790e-02
6.816903600000000230e-02
6.816903600000000230e-02
6.822584800000000560e-02
6.822584800000000560e-02
6.827067100000000499e-02
6.827067100000000499e-02
6.840409499999999809e-02
6.840409499999999809e-02
6.840551699999999902e-02
6.840551699999999902e-02
6.841350200000000104e-02
6.841350200000000104e-02
6.842445099999999725e-02
6.842445099999999725e-02
6.843130899999999572e-02
6.843130899999999572e-02
6.848410000000000608e-02
6.848410000000000608e-02
6.863840000000000219e-02
6.863840000000000219e-02
6.864066800000000190e-02
6.864066800000000190e-02
6.864138999999999657e-02
6.864138999999999657e-02
6.870319900000000646e-02
6.870319900000000646e-02
6.871230400000000182e-02
6.871230400000000182e-02
6.874030400000000207e-02
6.874030400000000207e-02
6.877428100000000655e-02
6.877428100000000655e-02
6.883263100000000523e-02
6.883263100000000523e-02
6.883857599999999854e-02
6.883857599999999854e-02
6.884553599999999884e-02
6.884553599999999884e-02
6.884654599999999458e-02
6.884654599999999458e-02
6.892310100000000050e-02
6.892310100000000050e-02
6.897461800000000143e-02
6.897461800000000143e-02
6.922420899999999488e-02
6.922420899999999488e-02
6.926077199999999823e-02
6.926077199999999823e-02
6.928945000000000243e-02
6.928945000000000243e-02
6.932661699999999316e-02
6.932661699999999316e-02
6.935839000000000587e-02
6.935839000000000587e-02
6.940533399999999908e-02
6.940533399999999908e-02
6.948951400000000223e-02
6.948951400000000223e-02
6.963798400000000000e-02
6.963798400000000000e-02
6.968698800000000526e-02
6.968698800000000526e-02
6.969075099999999523e-02
6.969075099999999523e-02
6.971754600000000524e-02
6.971754600000000524e-02
6.991711300000000295e-02
6.991711300000000295e-02
6.994493000000000238e-02
6.994493000000000238e-02
6.994860899999999493e-02
6.994860899999999493e-02
7.001618499999999468e-02
7.001618499999999468e-02
7.004207099999999742e-02
7.004207099999999742e-02
7.005184000000000411e-02
7.005184000000000411e-02
7.008272200000000007e-02
7.008272200000000007e-02
7.010087500000000693e-02
7.010087500000000693e-02
7.013978199999999774e-02
7.013978199999999774e-02
7.013978199999999774e-02
7.013978199999999774e-02
7.018734399999999873e-02
7.018734399999999873e-02
7.018964199999999654e-02
7.018964199999999654e-02
7.022777099999999439e-02
7.022777099999999439e-02
7.026552199999999693e-02
7.026552199999999693e-02
7.031206900000000481e-02
7.031206900000000481e-02
7.033025800000000660e-02
7.033025800000000660e-02
7.033920300000000292e-02
7.033920300000000292e-02
7.039713300000000062e-02
7.039713300000000062e-02
7.045788299999999893e-02
7.045788299999999893e-02
7.055044800000000171e-02
7.055044800000000171e-02
7.055522300000000024e-02
7.055522300000000024e-02
7.056690100000000132e-02
7.056690100000000132e-02
7.079045600000000160e-02
7.079045600000000160e-02
7.080361100000000241e-02
7.080361100000000241e-02
7.081536600000000459e-02
7.081536600000000459e-02
7.084604499999999638e-02
7.084604499999999638e-02
7.088664999999999550e-02
7.088664999999999550e-02
7.092681900000000206e-02
7.092681900000000206e-02
7.152744599999999453e-02
7.152744599999999453e-02
7.550291300000000483e-02
7.550291300000000483e-02
7.890921500000000477e-02
7.890921500000000477e-02
8.192912199999999312e-02
8.192912199999999312e-02
8.548667599999999756e-02
8.548667599999999756e-02
1.009157299999999952e-01
1.009157299999999952e-01
1.100666299999999986e-01
1.100666299999999986e-01
1.115993599999999947e-01
1.115993599999999947e-01
1.219575199999999998e-01
1.219575199999999998e-01
1.271312699999999907e-01
1.271312699999999907e-01
1.342002599999999879e-01
1.342002599999999879e-01
1.469894800000000057e-01
1.469894800000000057e-01
1.563359699999999908e-01
1.563359699999999908e-01
1.698208499999999954e-01
1.698208499999999954e-01
1.717734399999999995e-01
1.717734399999999995e-01
1.730639900000000009e-01
1.730639900000000009e-01
1.833812200000000114e-01
1.833812200000000114e-01
1.833812200000000114e-01
1.858496000000000037e-01
1.858496000000000037e-01
1.858496000000000037e-01
1.896464800000000062e-01
1.896464800000000062e-01
1.949755699999999869e-01
1.949755699999999869e-01
1.967853099999999911e-01
1.967853099999999911e-01
1.968329900000000132e-01
1.968329900000000132e-01
1.968525299999999978e-01
2.162061399999999911e-01
2.162061399999999911e-01
2.254199799999999920e-01
2.254199799999999920e-01
2.256423100000000126e-01
2.256423100000000126e-01
2.258222500000000021e-01
2.258222500000000021e-01
2.258637699999999915e-01
2.258637699999999915e-01
2.261297800000000024e-01
2.261297800000000024e-01
2.297944799999999954e-01
2.297944799999999954e-01
2.321931399999999923e-01
2.321931399999999923e-01
2.358268199999999926e-01
2.358268199999999926e-01
2.375831700000000102e-01
2.375831700000000102e-01
2.388573900000000028e-01
2.388573900000000028e-01
2.389055900000000010e-01
2.389055900000000010e-01
2.407147000000000037e-01
2.407147000000000037e-01
2.410280499999999937e-01
2.410280499999999937e-01
2.509670399999999746e-01
2.509670399999999746e-01
2.524672900000000109e-01
2.524672900000000109e-01
2.527139299999999755e-01
2.527139299999999755e-01
2.536404899999999962e-01
2.536404899999999962e-01
2.544922199999999912e-01
2.544922199999999912e-01
2.581380500000000078e-01
2.581380500000000078e-01
2.583405899999999811e-01
2.583405899999999811e-01
2.629015199999999997e-01
2.629015199999999997e-01
2.717453899999999756e-01
2.717453899999999756e-01
2.745488899999999899e-01
2.745488899999999899e-01
2.786832799999999777e-01
2.786832799999999777e-01
2.829562800000000045e-01
2.829562800000000045e-01
2.833903400000000183e-01
2.833903400000000183e-01
2.850160400000000260e-01
2.850160400000000260e-01
2.902402600000000277e-01
2.902402600000000277e-01
2.935285300000000097e-01
2.935285300000000097e-01
2.962143899999999941e-01
2.962143899999999941e-01
3.033800400000000175e-01
3.033800400000000175e-01
3.048715100000000122e-01
3.048715100000000122e-01
3.048920800000000098e-01
3.077559200000000161e-01
3.077559200000000161e-01
3.098292799999999847e-01
3.117377299999999907e-01
3.117377299999999907e-01
3.165637700000000221e-01
3.165637700000000221e-01
3.165637700000000221e-01
3.175799499999999997e-01
3.175799499999999997e-01
3.201103299999999985e-01
3.201103299999999985e-01
3.201111799999999952e-01
3.201111799999999952e-01
3.255302099999999865e-01
3.255302099999999865e-01
3.256411399999999956e-01
3.256411399999999956e-01
3.286098599999999759e-01
3.286098599999999759e-01
3.325422900000000181e-01
3.325422900000000181e-01
3.325422900000000181e-01
3.371519700000000230e-01
3.371519700000000230e-01
3.377193399999999790e-01
3.377193399999999790e-01
3.412081800000000276e-01
3.412081800000000276e-01
3.687479699999999805e-01
3.687479699999999805e-01
3.758885200000000038e-01
3.758885200000000038e-01
3.828502300000000136e-01
3.828502300000000136e-01
3.830803600000000086e-01
3.830803600000000086e-01
3.831007399999999952e-01
3.831007399999999952e-01
3.876047400000000032e-01
3.876047400000000032e-01
3.949944200000000127e-01
3.949944200000000127e-01
4.051511600000000102e-01
4.051511600000000102e-01
4.080935299999999821e-01
4.080935299999999821e-01
4.126186099999999968e-01
4.126186099999999968e-01
4.133195000000000063e-01
4.133195000000000063e-01
4.174150300000000202e-01
4.174150300000000202e-01
4.195467299999999788e-01
4.195467299999999788e-01
4.294562000000000102e-01
4.294562000000000102e-01
4.305846400000000185e-01
4.305846400000000185e-01
4.386542500000000233e-01
4.386542500000000233e-01
4.442595500000000031e-01
4.442595500000000031e-01
4.536222200000000204e-01
4.536222200000000204e-01
4.596573999999999938e-01
4.596573999999999938e-01
4.659945099999999729e-01
4.659945099999999729e-01
4.664885799999999860e-01
4.664885799999999860e-01
4.665196400000000132e-01
4.665196400000000132e-01
4.731413600000000108e-01
4.731413600000000108e-01
4.734732600000000069e-01
4.734732600000000069e-01
4.753531999999999758e-01
4.753531999999999758e-01
4.866269599999999973e-01
4.866269599999999973e-01
4.918576599999999743e-01
4.918576599999999743e-01
4.939486599999999838e-01
4.939486599999999838e-01
4.943183299999999725e-01
4.943183299999999725e-01
5.075605300000000097e-01
5.075605300000000097e-01
5.119481900000000252e-01
5.119481900000000252e-01
5.156167000000000389e-01
5.156167000000000389e-01
5.398699900000000218e-01
5.398699900000000218e-01
5.398708899999999922e-01
5.398708899999999922e-01
5.429014399999999574e-01
5.429014399999999574e-01
5.510121999999999520e-01
5.510121999999999520e-01
5.543267800000000189e-01
5.543267800000000189e-01
5.721198800000000251e-01
5.721198800000000251e-01
5.772457300000000124e-01
5.772457300000000124e-01
5.796348500000000348e-01
5.796348500000000348e-01
5.832182399999999989e-01
5.832182399999999989e-01
5.879396099999999459e-01
5.879396099999999459e-01
5.883079199999999842e-01
5.883079199999999842e-01
5.888676699999999542e-01
5.888676699999999542e-01
5.895307699999999818e-01
5.895307699999999818e-01
5.909167199999999509e-01
5.909506500000000218e-01
5.961773900000000292e-01
5.961773900000000292e-01
5.998101399999999916e-01
5.998101399999999916e-01
6.016093200000000030e-01
6.016093200000000030e-01
6.072825600000000268e-01
6.072825600000000268e-01
6.080528899999999570e-01
6.080528899999999570e-01
6.094428299999999910e-01
6.094428299999999910e-01
6.097335000000000393e-01
6.097335000000000393e-01
6.168267299999999898e-01
6.168267299999999898e-01
6.194028299999999598e-01
6.194028299999999598e-01
6.198318000000000438e-01
6.198318000000000438e-01
6.207398400000000427e-01
6.207398400000000427e-01
6.238366600000000428e-01
6.238366600000000428e-01
6.239257599999999959e-01
6.239257599999999959e-01
6.263095800000000324e-01
6.263095800000000324e-01
6.314841900000000008e-01
6.314841900000000008e-01
6.320179200000000108e-01
6.320179200000000108e-01
6.368578000000000294e-01
6.368578000000000294e-01
6.373683100000000490e-01
6.373683100000000490e-01
6.430879499999999638e-01
6.430879499999999638e-01
6.441067900000000401e-01
6.441067900000000401e-01
6.441912100000000141e-01
6.441912100000000141e-01
6.470044499999999532e-01
6.470044499999999532e-01
6.491271600000000364e-01
6.491271600000000364e-01
6.511247500000000299e-01
6.511247500000000299e-01
6.629618200000000350e-01
6.629618200000000350e-01
6.660852499999999621e-01
6.660852499999999621e-01
6.737357600000000168e-01
6.737357600000000168e-01
6.749403600000000170e-01
6.749403600000000170e-01
6.788269999999999582e-01
6.788269999999999582e-01
6.904851600000000422e-01
6.904851600000000422e-01
6.917759900000000073e-01
6.917759900000000073e-01
6.958348300000000153e-01
6.958348300000000153e-01
7.014913099999999790e-01
7.014913099999999790e-01
7.064221299999999815e-01
7.064221299999999815e-01
7.088693000000000355e-01
7.088693000000000355e-01
7.088866700000000520e-01
7.088866700000000520e-01
7.088866700000000520e-01
7.113347199999999759e-01
7.113347199999999759e-01
7.113347199999999759e-01
7.274406399999999717e-01
7.274406399999999717e-01
7.275582400000000227e-01
7.388170499999999752e-01
7.388170499999999752e-01
7.388242299999999707e-01
7.388242299999999707e-01
7.388242299999999707e-01
7.493642999999999832e-01
7.493642999999999832e-01
7.494323200000000407e-01
7.494323200000000407e-01
7.497090100000000090e-01
7.497090100000000090e-01
7.693962100000000248e-01
7.693962100000000248e-01
7.805003299999999644e-01
7.805003299999999644e-01
7.846778399999999598e-01
7.846778399999999598e-01
7.896384300000000023e-01
7.896384300000000023e-01
8.044996399999999603e-01
8.044996399999999603e-01
8.136701800000000206e-01
8.136701800000000206e-01
