# t	msd	err
9.999999999997519554e-04 9.189271282273603347e+00 4.184867371800428337e+00
1.999999999999972720e-03 5.905543282612322997e+01 1.088781719177755569e+01
3.463917525773107294e-03 1.649696955683207378e+01 4.692125936080626225e+00
5.929411764705663258e-03 1.845773784694172903e+01 3.894707510126817596e+00
1.001533742331303482e-02 1.337825509732557450e+01 5.037503475533052777e-01
1.971390567428148166e-02 1.357519214565969534e+01 4.795310460805737307e-01
2.980462689220389136e-02 1.913582663809279083e+01 5.607643852323729305e-01
4.475921765853823481e-02 2.134988742708560139e+01 4.199829462842353811e-01
7.475349587665829076e-02 2.420085862875758664e+01 2.837727320545808674e-01
1.204849954751129604e-01 3.054703373141483880e+01 2.669189582987843146e-01
1.946037612625115543e-01 3.974269041240067679e+01 2.051670644584572545e-01
3.254883819986640892e-01 5.325378438064902298e+01 1.776638175813586573e-01
5.390760715445360729e-01 7.760743708241878380e+01 1.715977071806422671e-01
8.892203866327932360e-01 1.132172958125420479e+02 1.927309920142212252e-01
1.465252808172996302e+00 1.662457078957071985e+02 2.141509358484985082e-01
2.417229571320883785e+00 2.507568501057706953e+02 2.643099916783126502e-01
3.995697833316716352e+00 3.819805963062249816e+02 3.080820725110163805e-01
6.601626059616758191e+00 5.695877169463897189e+02 3.698287107638905669e-01
1.089137690863613983e+01 8.538765635497342146e+02 4.249458656482675289e-01
1.793093801567397350e+01 1.229316438376340784e+03 4.651508503415386908e-01
2.948618194587674068e+01 2.409522185696884662e+03 6.802041360434580852e-01
4.815347104361009656e+01 4.459667665335634410e+03 8.880279522814927828e-01
7.378313621801029853e+01 6.960513124164557667e+03 1.174704935120003624e+00
