# t	msd	err
3.285714285714241237e-03 1.666648317040806404e+00 3.035983263657917042e-01
7.999999999999816286e-03 1.444407749787377515e+00 3.035843168494813948e-01
1.216774193548396388e-02 1.505352979441056505e+00 1.451585782032563665e-01
2.546153846153851805e-02 1.391001551257618152e+00 9.391475549100088138e-02
4.457851239669433085e-02 1.446295993162332039e+00 9.266879344951275965e-02
7.947509025270768634e-02 1.401151635256505879e+00 6.045773804200531981e-02
1.413900369003694979e-01 1.414960239300714795e+00 4.288927774023920669e-02
2.560695150115461782e-01 1.438860978695206239e+00 3.610972122175355736e-02
4.554969556584994028e-01 1.456291781226841220e+00 2.701845973238414106e-02
8.235830695620198760e-01 1.467782400478886196e+00 2.020231501333362434e-02
1.486160849266336514e+00 1.494799987463683921e+00 1.611521748123527845e-02
2.653078306812561404e+00 1.455273788288869774e+00 1.162348268693762579e-02
4.779491947828798715e+00 1.465632061721765300e+00 9.403118575305235982e-03
8.415045578351707078e+00 1.466782440712186775e+00 8.128488512835969557e-03
1.394645637161686835e+01 1.462616826419471439e+00 1.047374352044118731e-02
