# Barrier Energy Step Time
0.000000000000000000e+00 -6.273429999999999609e+02 0.000000000000000000e+00 0.000000000000000000e+00
3.820000000000000062e-01 -6.290860000000000127e+02 5.000000000000000000e-01 4.619999999999999499e-13
0.000000000000000000e+00 -6.294690000000000509e+02 1.000000000000000000e+00 4.619999999999999499e-13
2.508000000000000007e+00 -6.248360000000000127e+02 1.500000000000000000e+00 1.189999999999999947e-01
0.000000000000000000e+00 -6.273429999999999609e+02 2.000000000000000000e+00 1.189999999999999947e-01
3.830000000000000071e-01 -6.290860000000000127e+02 2.500000000000000000e+00 1.189999999999999947e-01
0.000000000000000000e+00 -6.294690000000000509e+02 3.000000000000000000e+00 1.189999999999999947e-01
2.508000000000000007e+00 -6.248350000000000364e+02 3.500000000000000000e+00 2.519000000000000128e-01
0.000000000000000000e+00 -6.273429999999999609e+02 4.000000000000000000e+00 2.519000000000000128e-01
3.820000000000000062e-01 -6.290860000000000127e+02 4.500000000000000000e+00 2.519000000000000128e-01
0.000000000000000000e+00 -6.294690000000000509e+02 5.000000000000000000e+00 2.519000000000000128e-01
2.507000000000000117e+00 -6.248360000000000127e+02 5.500000000000000000e+00 3.620999999999999774e-01
0.000000000000000000e+00 -6.273429999999999609e+02 6.000000000000000000e+00 3.620999999999999774e-01
3.820000000000000062e-01 -6.290860000000000127e+02 6.500000000000000000e+00 3.620999999999999774e-01
0.000000000000000000e+00 -6.294690000000000509e+02 7.000000000000000000e+00 3.620999999999999774e-01
2.507000000000000117e+00 -6.248360000000000127e+02 7.500000000000000000e+00 4.867000000000000215e-01
0.000000000000000000e+00 -6.273429999999999609e+02 8.000000000000000000e+00 4.867000000000000215e-01
3.820000000000000062e-01 -6.290869999999999891e+02 8.500000000000000000e+00 4.867000000000000215e-01
0.000000000000000000e+00 -6.294690000000000509e+02 9.000000000000000000e+00 4.867000000000000215e-01
2.508000000000000007e+00 -6.248350000000000364e+02 9.500000000000000000e+00 5.799999999999999600e-01
0.000000000000000000e+00 -6.273429999999999609e+02 1.000000000000000000e+01 5.799999999999999600e-01
3.830000000000000071e-01 -6.290860000000000127e+02 1.050000000000000000e+01 5.799999999999999600e-01
0.000000000000000000e+00 -6.294690000000000509e+02 1.100000000000000000e+01 5.799999999999999600e-01
2.507000000000000117e+00 -6.248360000000000127e+02 1.150000000000000000e+01 7.647000000000000464e-01
0.000000000000000000e+00 -6.273429999999999609e+02 1.200000000000000000e+01 7.647000000000000464e-01
3.820000000000000062e-01 -6.290860000000000127e+02 1.250000000000000000e+01 7.647000000000000464e-01
0.000000000000000000e+00 -6.294690000000000509e+02 1.300000000000000000e+01 7.647000000000000464e-01
2.507000000000000117e+00 -6.248360000000000127e+02 1.350000000000000000e+01 7.819000000000000394e-01
0.000000000000000000e+00 -6.273429999999999609e+02 1.400000000000000000e+01 7.819000000000000394e-01
3.820000000000000062e-01 -6.290860000000000127e+02 1.450000000000000000e+01 7.819000000000000394e-01
0.000000000000000000e+00 -6.294690000000000509e+02 1.500000000000000000e+01 7.819000000000000394e-01
2.507000000000000117e+00 -6.248360000000000127e+02 1.550000000000000000e+01 1.354000000000000092e+00
0.000000000000000000e+00 -6.273429999999999609e+02 1.600000000000000000e+01 1.354000000000000092e+00
3.820000000000000062e-01 -6.290860000000000127e+02 1.650000000000000000e+01 1.354000000000000092e+00
0.000000000000000000e+00 -6.294690000000000509e+02 1.700000000000000000e+01 1.354000000000000092e+00
2.507000000000000117e+00 -6.248360000000000127e+02 1.750000000000000000e+01 1.451000000000000068e+00
0.000000000000000000e+00 -6.273429999999999609e+02 1.800000000000000000e+01 1.451000000000000068e+00
3.820000000000000062e-01 -6.290860000000000127e+02 1.850000000000000000e+01 1.451000000000000068e+00
0.000000000000000000e+00 -6.294690000000000509e+02 1.900000000000000000e+01 1.451000000000000068e+00
2.507000000000000117e+00 -6.248360000000000127e+02 1.950000000000000000e+01 1.560000000000000053e+00
0.000000000000000000e+00 -6.273429999999999609e+02 2.000000000000000000e+01 1.560000000000000053e+00
3.820000000000000062e-01 -6.290869999999999891e+02 2.050000000000000000e+01 1.560000000000000053e+00
0.000000000000000000e+00 -6.294690000000000509e+02 2.100000000000000000e+01 1.560000000000000053e+00
2.507000000000000117e+00 -6.248360000000000127e+02 2.150000000000000000e+01 1.564000000000000057e+00
0.000000000000000000e+00 -6.273429999999999609e+02 2.200000000000000000e+01 1.564000000000000057e+00
3.820000000000000062e-01 -6.290860000000000127e+02 2.250000000000000000e+01 1.564000000000000057e+00
0.000000000000000000e+00 -6.294690000000000509e+02 2.300000000000000000e+01 1.564000000000000057e+00
2.507000000000000117e+00 -6.248360000000000127e+02 2.350000000000000000e+01 1.572000000000000064e+00
0.000000000000000000e+00 -6.273429999999999609e+02 2.400000000000000000e+01 1.572000000000000064e+00
3.820000000000000062e-01 -6.290860000000000127e+02 2.450000000000000000e+01 1.572000000000000064e+00
0.000000000000000000e+00 -6.294690000000000509e+02 2.500000000000000000e+01 1.572000000000000064e+00
2.507000000000000117e+00 -6.248360000000000127e+02 2.550000000000000000e+01 1.624000000000000110e+00
0.000000000000000000e+00 -6.273429999999999609e+02 2.600000000000000000e+01 1.624000000000000110e+00
3.820000000000000062e-01 -6.290869999999999891e+02 2.650000000000000000e+01 1.624000000000000110e+00
0.000000000000000000e+00 -6.294690000000000509e+02 2.700000000000000000e+01 1.624000000000000110e+00
2.507000000000000117e+00 -6.248360000000000127e+02 2.750000000000000000e+01 1.709000000000000075e+00
0.000000000000000000e+00 -6.273429999999999609e+02 2.800000000000000000e+01 1.709000000000000075e+00
3.820000000000000062e-01 -6.290860000000000127e+02 2.850000000000000000e+01 1.709000000000000075e+00
0.000000000000000000e+00 -6.294690000000000509e+02 2.900000000000000000e+01 1.709000000000000075e+00
2.507000000000000117e+00 -6.248360000000000127e+02 2.950000000000000000e+01 1.778000000000000025e+00
0.000000000000000000e+00 -6.273429999999999609e+02 3.000000000000000000e+01 1.778000000000000025e+00
3.820000000000000062e-01 -6.290869999999999891e+02 3.050000000000000000e+01 1.778000000000000025e+00
0.000000000000000000e+00 -6.294690000000000509e+02 3.100000000000000000e+01 1.778000000000000025e+00
2.508000000000000007e+00 -6.248350000000000364e+02 3.150000000000000000e+01 1.885000000000000009e+00
0.000000000000000000e+00 -6.273429999999999609e+02 3.200000000000000000e+01 1.885000000000000009e+00
3.820000000000000062e-01 -6.290860000000000127e+02 3.250000000000000000e+01 1.885000000000000009e+00
0.000000000000000000e+00 -6.294690000000000509e+02 3.300000000000000000e+01 1.885000000000000009e+00
2.507000000000000117e+00 -6.248360000000000127e+02 3.350000000000000000e+01 1.921999999999999931e+00
0.000000000000000000e+00 -6.273429999999999609e+02 3.400000000000000000e+01 1.921999999999999931e+00
3.820000000000000062e-01 -6.290860000000000127e+02 3.450000000000000000e+01 1.921999999999999931e+00
0.000000000000000000e+00 -6.294690000000000509e+02 3.500000000000000000e+01 1.921999999999999931e+00
2.507000000000000117e+00 -6.248360000000000127e+02 3.550000000000000000e+01 2.033999999999999808e+00
0.000000000000000000e+00 -6.273429999999999609e+02 3.600000000000000000e+01 2.033999999999999808e+00
3.820000000000000062e-01 -6.290860000000000127e+02 3.650000000000000000e+01 2.033999999999999808e+00
0.000000000000000000e+00 -6.294690000000000509e+02 3.700000000000000000e+01 2.033999999999999808e+00
2.507000000000000117e+00 -6.248360000000000127e+02 3.750000000000000000e+01 2.040000000000000036e+00
0.000000000000000000e+00 -6.273429999999999609e+02 3.800000000000000000e+01 2.040000000000000036e+00
3.820000000000000062e-01 -6.290860000000000127e+02 3.850000000000000000e+01 2.040000000000000036e+00
0.000000000000000000e+00 -6.294690000000000509e+02 3.900000000000000000e+01 2.040000000000000036e+00
2.507000000000000117e+00 -6.248360000000000127e+02 3.950000000000000000e+01 2.095000000000000195e+00
0.000000000000000000e+00 -6.273429999999999609e+02 4.000000000000000000e+01 2.095000000000000195e+00
3.820000000000000062e-01 -6.290860000000000127e+02 4.050000000000000000e+01 2.095000000000000195e+00
0.000000000000000000e+00 -6.294690000000000509e+02 4.100000000000000000e+01 2.095000000000000195e+00
2.507000000000000117e+00 -6.248360000000000127e+02 4.150000000000000000e+01 2.148000000000000131e+00
0.000000000000000000e+00 -6.273429999999999609e+02 4.200000000000000000e+01 2.148000000000000131e+00
3.820000000000000062e-01 -6.290869999999999891e+02 4.250000000000000000e+01 2.148000000000000131e+00
0.000000000000000000e+00 -6.294690000000000509e+02 4.300000000000000000e+01 2.148000000000000131e+00
2.507000000000000117e+00 -6.248360000000000127e+02 4.350000000000000000e+01 2.152000000000000135e+00
0.000000000000000000e+00 -6.273429999999999609e+02 4.400000000000000000e+01 2.152000000000000135e+00
3.820000000000000062e-01 -6.290860000000000127e+02 4.450000000000000000e+01 2.152000000000000135e+00
0.000000000000000000e+00 -6.294690000000000509e+02 4.500000000000000000e+01 2.152000000000000135e+00
2.508000000000000007e+00 -6.248350000000000364e+02 4.550000000000000000e+01 2.291999999999999815e+00
0.000000000000000000e+00 -6.273429999999999609e+02 4.600000000000000000e+01 2.291999999999999815e+00
3.820000000000000062e-01 -6.290869999999999891e+02 4.650000000000000000e+01 2.291999999999999815e+00
0.000000000000000000e+00 -6.294690000000000509e+02 4.700000000000000000e+01 2.291999999999999815e+00
2.507000000000000117e+00 -6.248360000000000127e+02 4.750000000000000000e+01 2.411000000000000032e+00
0.000000000000000000e+00 -6.273429999999999609e+02 4.800000000000000000e+01 2.411000000000000032e+00
3.820000000000000062e-01 -6.290869999999999891e+02 4.850000000000000000e+01 2.411000000000000032e+00
0.000000000000000000e+00 -6.294690000000000509e+02 4.900000000000000000e+01 2.411000000000000032e+00
2.507000000000000117e+00 -6.248360000000000127e+02 4.950000000000000000e+01 2.431000000000000050e+00
0.000000000000000000e+00 -6.273429999999999609e+02 5.000000000000000000e+01 2.431000000000000050e+00
3.820000000000000062e-01 -6.290869999999999891e+02 5.050000000000000000e+01 2.431000000000000050e+00
0.000000000000000000e+00 -6.294690000000000509e+02 5.100000000000000000e+01 2.431000000000000050e+00
2.507000000000000117e+00 -6.248360000000000127e+02 5.150000000000000000e+01 2.532000000000000028e+00
0.000000000000000000e+00 -6.273429999999999609e+02 5.200000000000000000e+01 2.532000000000000028e+00
3.820000000000000062e-01 -6.290860000000000127e+02 5.250000000000000000e+01 2.532000000000000028e+00
0.000000000000000000e+00 -6.294690000000000509e+02 5.300000000000000000e+01 2.532000000000000028e+00
2.507000000000000117e+00 -6.248360000000000127e+02 5.350000000000000000e+01 2.547000000000000153e+00
0.000000000000000000e+00 -6.273429999999999609e+02 5.400000000000000000e+01 2.547000000000000153e+00
3.820000000000000062e-01 -6.290869999999999891e+02 5.450000000000000000e+01 2.547000000000000153e+00
0.000000000000000000e+00 -6.294690000000000509e+02 5.500000000000000000e+01 2.547000000000000153e+00
2.507000000000000117e+00 -6.248360000000000127e+02 5.550000000000000000e+01 2.620000000000000107e+00
0.000000000000000000e+00 -6.273429999999999609e+02 5.600000000000000000e+01 2.620000000000000107e+00
3.820000000000000062e-01 -6.290860000000000127e+02 5.650000000000000000e+01 2.620000000000000107e+00
0.000000000000000000e+00 -6.294690000000000509e+02 5.700000000000000000e+01 2.620000000000000107e+00
2.508000000000000007e+00 -6.248350000000000364e+02 5.750000000000000000e+01 2.879000000000000004e+00
0.000000000000000000e+00 -6.273429999999999609e+02 5.800000000000000000e+01 2.879000000000000004e+00
3.820000000000000062e-01 -6.290869999999999891e+02 5.850000000000000000e+01 2.879000000000000004e+00
0.000000000000000000e+00 -6.294690000000000509e+02 5.900000000000000000e+01 2.879000000000000004e+00
2.507000000000000117e+00 -6.248360000000000127e+02 5.950000000000000000e+01 2.884999999999999787e+00
0.000000000000000000e+00 -6.273429999999999609e+02 6.000000000000000000e+01 2.884999999999999787e+00
3.820000000000000062e-01 -6.290860000000000127e+02 6.050000000000000000e+01 2.884999999999999787e+00
0.000000000000000000e+00 -6.294690000000000509e+02 6.100000000000000000e+01 2.884999999999999787e+00
2.508000000000000007e+00 -6.248350000000000364e+02 6.150000000000000000e+01 2.887999999999999901e+00
0.000000000000000000e+00 -6.273429999999999609e+02 6.200000000000000000e+01 2.887999999999999901e+00
3.820000000000000062e-01 -6.290860000000000127e+02 6.250000000000000000e+01 2.887999999999999901e+00
0.000000000000000000e+00 -6.294690000000000509e+02 6.300000000000000000e+01 2.887999999999999901e+00
2.508000000000000007e+00 -6.248350000000000364e+02 6.350000000000000000e+01 2.898000000000000131e+00
0.000000000000000000e+00 -6.273429999999999609e+02 6.400000000000000000e+01 2.898000000000000131e+00
3.820000000000000062e-01 -6.290869999999999891e+02 6.450000000000000000e+01 2.898000000000000131e+00
0.000000000000000000e+00 -6.294690000000000509e+02 6.500000000000000000e+01 2.898000000000000131e+00
2.507000000000000117e+00 -6.248360000000000127e+02 6.550000000000000000e+01 2.930000000000000160e+00
0.000000000000000000e+00 -6.273429999999999609e+02 6.600000000000000000e+01 2.930000000000000160e+00
3.820000000000000062e-01 -6.290860000000000127e+02 6.650000000000000000e+01 2.930000000000000160e+00
0.000000000000000000e+00 -6.294690000000000509e+02 6.700000000000000000e+01 2.930000000000000160e+00
2.508000000000000007e+00 -6.248350000000000364e+02 6.750000000000000000e+01 2.975999999999999979e+00
0.000000000000000000e+00 -6.273429999999999609e+02 6.800000000000000000e+01 2.975999999999999979e+00
3.820000000000000062e-01 -6.290860000000000127e+02 6.850000000000000000e+01 2.975999999999999979e+00
0.000000000000000000e+00 -6.294690000000000509e+02 6.900000000000000000e+01 2.975999999999999979e+00
2.507000000000000117e+00 -6.248360000000000127e+02 6.950000000000000000e+01 3.036999999999999922e+00
0.000000000000000000e+00 -6.273429999999999609e+02 7.000000000000000000e+01 3.036999999999999922e+00
3.820000000000000062e-01 -6.290860000000000127e+02 7.050000000000000000e+01 3.036999999999999922e+00
0.000000000000000000e+00 -6.294690000000000509e+02 7.100000000000000000e+01 3.036999999999999922e+00
2.507000000000000117e+00 -6.248360000000000127e+02 7.150000000000000000e+01 3.056000000000000050e+00
0.000000000000000000e+00 -6.273429999999999609e+02 7.200000000000000000e+01 3.056000000000000050e+00
3.820000000000000062e-01 -6.290860000000000127e+02 7.250000000000000000e+01 3.056000000000000050e+00
0.000000000000000000e+00 -6.294690000000000509e+02 7.300000000000000000e+01 3.056000000000000050e+00
2.507000000000000117e+00 -6.248360000000000127e+02 7.350000000000000000e+01 3.064999999999999947e+00
0.000000000000000000e+00 -6.273429999999999609e+02 7.400000000000000000e+01 3.064999999999999947e+00
3.820000000000000062e-01 -6.290869999999999891e+02 7.450000000000000000e+01 3.064999999999999947e+00
0.000000000000000000e+00 -6.294690000000000509e+02 7.500000000000000000e+01 3.064999999999999947e+00
2.507000000000000117e+00 -6.248360000000000127e+02 7.550000000000000000e+01 3.262999999999999901e+00
0.000000000000000000e+00 -6.273429999999999609e+02 7.600000000000000000e+01 3.262999999999999901e+00
3.820000000000000062e-01 -6.290869999999999891e+02 7.650000000000000000e+01 3.262999999999999901e+00
0.000000000000000000e+00 -6.294690000000000509e+02 7.700000000000000000e+01 3.262999999999999901e+00
2.507000000000000117e+00 -6.248360000000000127e+02 7.750000000000000000e+01 3.311999999999999833e+00
0.000000000000000000e+00 -6.273429999999999609e+02 7.800000000000000000e+01 3.311999999999999833e+00
3.820000000000000062e-01 -6.290860000000000127e+02 7.850000000000000000e+01 3.311999999999999833e+00
0.000000000000000000e+00 -6.294690000000000509e+02 7.900000000000000000e+01 3.311999999999999833e+00
2.507000000000000117e+00 -6.248360000000000127e+02 7.950000000000000000e+01 3.452999999999999847e+00
0.000000000000000000e+00 -6.273429999999999609e+02 8.000000000000000000e+01 3.452999999999999847e+00
3.820000000000000062e-01 -6.290860000000000127e+02 8.050000000000000000e+01 3.452999999999999847e+00
0.000000000000000000e+00 -6.294690000000000509e+02 8.100000000000000000e+01 3.452999999999999847e+00
2.507000000000000117e+00 -6.248360000000000127e+02 8.150000000000000000e+01 3.559000000000000163e+00
0.000000000000000000e+00 -6.273429999999999609e+02 8.200000000000000000e+01 3.559000000000000163e+00
3.820000000000000062e-01 -6.290860000000000127e+02 8.250000000000000000e+01 3.559000000000000163e+00
0.000000000000000000e+00 -6.294690000000000509e+02 8.300000000000000000e+01 3.559000000000000163e+00
2.507000000000000117e+00 -6.248360000000000127e+02 8.350000000000000000e+01 3.559000000000000163e+00
0.000000000000000000e+00 -6.273429999999999609e+02 8.400000000000000000e+01 3.559000000000000163e+00
3.820000000000000062e-01 -6.290860000000000127e+02 8.450000000000000000e+01 3.559000000000000163e+00
0.000000000000000000e+00 -6.294690000000000509e+02 8.500000000000000000e+01 3.559000000000000163e+00
2.507000000000000117e+00 -6.248360000000000127e+02 8.550000000000000000e+01 3.568999999999999950e+00
0.000000000000000000e+00 -6.273429999999999609e+02 8.600000000000000000e+01 3.568999999999999950e+00
3.820000000000000062e-01 -6.290869999999999891e+02 8.650000000000000000e+01 3.568999999999999950e+00
0.000000000000000000e+00 -6.294690000000000509e+02 8.700000000000000000e+01 3.568999999999999950e+00
2.507000000000000117e+00 -6.248360000000000127e+02 8.750000000000000000e+01 3.588999999999999968e+00
0.000000000000000000e+00 -6.273429999999999609e+02 8.800000000000000000e+01 3.588999999999999968e+00
3.820000000000000062e-01 -6.290869999999999891e+02 8.850000000000000000e+01 3.588999999999999968e+00
0.000000000000000000e+00 -6.294690000000000509e+02 8.900000000000000000e+01 3.588999999999999968e+00
2.507000000000000117e+00 -6.248360000000000127e+02 8.950000000000000000e+01 3.620999999999999996e+00
0.000000000000000000e+00 -6.273429999999999609e+02 9.000000000000000000e+01 3.620999999999999996e+00
3.820000000000000062e-01 -6.290860000000000127e+02 9.050000000000000000e+01 3.620999999999999996e+00
0.000000000000000000e+00 -6.294690000000000509e+02 9.100000000000000000e+01 3.620999999999999996e+00
2.507000000000000117e+00 -6.248360000000000127e+02 9.150000000000000000e+01 3.688000000000000167e+00
0.000000000000000000e+00 -6.273429999999999609e+02 9.200000000000000000e+01 3.688000000000000167e+00
3.820000000000000062e-01 -6.290860000000000127e+02 9.250000000000000000e+01 3.688000000000000167e+00
0.000000000000000000e+00 -6.294690000000000509e+02 9.300000000000000000e+01 3.688000000000000167e+00
2.507000000000000117e+00 -6.248360000000000127e+02 9.350000000000000000e+01 3.779999999999999805e+00
0.000000000000000000e+00 -6.273429999999999609e+02 9.400000000000000000e+01 3.779999999999999805e+00
3.820000000000000062e-01 -6.290869999999999891e+02 9.450000000000000000e+01 3.779999999999999805e+00
0.000000000000000000e+00 -6.294690000000000509e+02 9.500000000000000000e+01 3.779999999999999805e+00
2.507000000000000117e+00 -6.248360000000000127e+02 9.550000000000000000e+01 3.839999999999999858e+00
0.000000000000000000e+00 -6.273429999999999609e+02 9.600000000000000000e+01 3.839999999999999858e+00
3.820000000000000062e-01 -6.290860000000000127e+02 9.650000000000000000e+01 3.839999999999999858e+00
0.000000000000000000e+00 -6.294690000000000509e+02 9.700000000000000000e+01 3.839999999999999858e+00
2.507000000000000117e+00 -6.248360000000000127e+02 9.750000000000000000e+01 3.972999999999999865e+00
0.000000000000000000e+00 -6.273429999999999609e+02 9.800000000000000000e+01 3.972999999999999865e+00
3.820000000000000062e-01 -6.290860000000000127e+02 9.850000000000000000e+01 3.972999999999999865e+00
0.000000000000000000e+00 -6.294690000000000509e+02 9.900000000000000000e+01 3.972999999999999865e+00
2.507000000000000117e+00 -6.248360000000000127e+02 9.950000000000000000e+01 4.041000000000000369e+00
0.000000000000000000e+00 -6.273429999999999609e+02 1.000000000000000000e+02 4.041000000000000369e+00
3.820000000000000062e-01 -6.290860000000000127e+02 1.005000000000000000e+02 4.041000000000000369e+00
0.000000000000000000e+00 -6.294690000000000509e+02 1.010000000000000000e+02 4.041000000000000369e+00
2.507000000000000117e+00 -6.248360000000000127e+02 1.015000000000000000e+02 4.245000000000000107e+00
0.000000000000000000e+00 -6.273429999999999609e+02 1.020000000000000000e+02 4.245000000000000107e+00
3.820000000000000062e-01 -6.290860000000000127e+02 1.025000000000000000e+02 4.245000000000000107e+00
0.000000000000000000e+00 -6.294690000000000509e+02 1.030000000000000000e+02 4.245000000000000107e+00
2.507000000000000117e+00 -6.248360000000000127e+02 1.035000000000000000e+02 4.485000000000000320e+00
0.000000000000000000e+00 -6.273429999999999609e+02 1.040000000000000000e+02 4.485000000000000320e+00
3.820000000000000062e-01 -6.290869999999999891e+02 1.045000000000000000e+02 4.485000000000000320e+00
0.000000000000000000e+00 -6.294690000000000509e+02 1.050000000000000000e+02 4.485000000000000320e+00
2.507000000000000117e+00 -6.248360000000000127e+02 1.055000000000000000e+02 4.500000000000000000e+00
0.000000000000000000e+00 -6.273429999999999609e+02 1.060000000000000000e+02 4.500000000000000000e+00
3.820000000000000062e-01 -6.290869999999999891e+02 1.065000000000000000e+02 4.500000000000000000e+00
0.000000000000000000e+00 -6.294690000000000509e+02 1.070000000000000000e+02 4.500000000000000000e+00
2.508000000000000007e+00 -6.248350000000000364e+02 1.075000000000000000e+02 4.599999999999999645e+00
0.000000000000000000e+00 -6.273429999999999609e+02 1.080000000000000000e+02 4.599999999999999645e+00
3.820000000000000062e-01 -6.290869999999999891e+02 1.085000000000000000e+02 4.599999999999999645e+00
0.000000000000000000e+00 -6.294690000000000509e+02 1.090000000000000000e+02 4.599999999999999645e+00
2.507000000000000117e+00 -6.248360000000000127e+02 1.095000000000000000e+02 4.788999999999999702e+00
0.000000000000000000e+00 -6.273429999999999609e+02 1.100000000000000000e+02 4.788999999999999702e+00
3.820000000000000062e-01 -6.290860000000000127e+02 1.105000000000000000e+02 4.788999999999999702e+00
0.000000000000000000e+00 -6.294690000000000509e+02 1.110000000000000000e+02 4.788999999999999702e+00
2.507000000000000117e+00 -6.248360000000000127e+02 1.115000000000000000e+02 4.791999999999999815e+00
0.000000000000000000e+00 -6.273429999999999609e+02 1.120000000000000000e+02 4.791999999999999815e+00
3.820000000000000062e-01 -6.290860000000000127e+02 1.125000000000000000e+02 4.791999999999999815e+00
0.000000000000000000e+00 -6.294690000000000509e+02 1.130000000000000000e+02 4.791999999999999815e+00
2.507000000000000117e+00 -6.248360000000000127e+02 1.135000000000000000e+02 4.804999999999999716e+00
0.000000000000000000e+00 -6.273429999999999609e+02 1.140000000000000000e+02 4.804999999999999716e+00
3.820000000000000062e-01 -6.290869999999999891e+02 1.145000000000000000e+02 4.804999999999999716e+00
0.000000000000000000e+00 -6.294690000000000509e+02 1.150000000000000000e+02 4.804999999999999716e+00
2.507000000000000117e+00 -6.248360000000000127e+02 1.155000000000000000e+02 4.855999999999999872e+00
0.000000000000000000e+00 -6.273429999999999609e+02 1.160000000000000000e+02 4.855999999999999872e+00
3.820000000000000062e-01 -6.290869999999999891e+02 1.165000000000000000e+02 4.855999999999999872e+00
0.000000000000000000e+00 -6.294690000000000509e+02 1.170000000000000000e+02 4.855999999999999872e+00
2.508000000000000007e+00 -6.248350000000000364e+02 1.175000000000000000e+02 4.905000000000000249e+00
0.000000000000000000e+00 -6.273429999999999609e+02 1.180000000000000000e+02 4.905000000000000249e+00
3.820000000000000062e-01 -6.290869999999999891e+02 1.185000000000000000e+02 4.905000000000000249e+00
0.000000000000000000e+00 -6.294690000000000509e+02 1.190000000000000000e+02 4.905000000000000249e+00
2.507000000000000117e+00 -6.248360000000000127e+02 1.195000000000000000e+02 4.982000000000000206e+00
0.000000000000000000e+00 -6.273429999999999609e+02 1.200000000000000000e+02 4.982000000000000206e+00
3.820000000000000062e-01 -6.290869999999999891e+02 1.205000000000000000e+02 4.982000000000000206e+00
0.000000000000000000e+00 -6.294690000000000509e+02 1.210000000000000000e+02 4.982000000000000206e+00
2.508000000000000007e+00 -6.248350000000000364e+02 1.215000000000000000e+02 5.280000000000000249e+00
0.000000000000000000e+00 -6.273429999999999609e+02 1.220000000000000000e+02 5.280000000000000249e+00
3.820000000000000062e-01 -6.290860000000000127e+02 1.225000000000000000e+02 5.280000000000000249e+00
0.000000000000000000e+00 -6.294690000000000509e+02 1.230000000000000000e+02 5.280000000000000249e+00
2.508000000000000007e+00 -6.248350000000000364e+02 1.235000000000000000e+02 5.395999999999999908e+00
0.000000000000000000e+00 -6.273429999999999609e+02 1.240000000000000000e+02 5.395999999999999908e+00
3.830000000000000071e-01 -6.290860000000000127e+02 1.245000000000000000e+02 5.395999999999999908e+00
0.000000000000000000e+00 -6.294690000000000509e+02 1.250000000000000000e+02 5.395999999999999908e+00
2.507000000000000117e+00 -6.248360000000000127e+02 1.255000000000000000e+02 5.483999999999999986e+00
0.000000000000000000e+00 -6.273429999999999609e+02 1.260000000000000000e+02 5.483999999999999986e+00
3.820000000000000062e-01 -6.290860000000000127e+02 1.265000000000000000e+02 5.483999999999999986e+00
0.000000000000000000e+00 -6.294690000000000509e+02 1.270000000000000000e+02 5.483999999999999986e+00
2.507000000000000117e+00 -6.248360000000000127e+02 1.275000000000000000e+02 5.982999999999999652e+00
0.000000000000000000e+00 -6.273429999999999609e+02 1.280000000000000000e+02 5.982999999999999652e+00
3.820000000000000062e-01 -6.290860000000000127e+02 1.285000000000000000e+02 5.982999999999999652e+00
0.000000000000000000e+00 -6.294690000000000509e+02 1.290000000000000000e+02 5.982999999999999652e+00
2.508000000000000007e+00 -6.248360000000000127e+02 1.295000000000000000e+02 6.003999999999999559e+00
0.000000000000000000e+00 -6.273429999999999609e+02 1.300000000000000000e+02 6.003999999999999559e+00
3.820000000000000062e-01 -6.290860000000000127e+02 1.305000000000000000e+02 6.003999999999999559e+00
0.000000000000000000e+00 -6.294690000000000509e+02 1.310000000000000000e+02 6.003999999999999559e+00
2.507000000000000117e+00 -6.248360000000000127e+02 1.315000000000000000e+02 6.017000000000000348e+00
0.000000000000000000e+00 -6.273429999999999609e+02 1.320000000000000000e+02 6.017000000000000348e+00
3.820000000000000062e-01 -6.290860000000000127e+02 1.325000000000000000e+02 6.017000000000000348e+00
0.000000000000000000e+00 -6.294690000000000509e+02 1.330000000000000000e+02 6.017000000000000348e+00
2.508000000000000007e+00 -6.248360000000000127e+02 1.335000000000000000e+02 6.083000000000000185e+00
0.000000000000000000e+00 -6.273429999999999609e+02 1.340000000000000000e+02 6.083000000000000185e+00
3.820000000000000062e-01 -6.290860000000000127e+02 1.345000000000000000e+02 6.083000000000000185e+00
0.000000000000000000e+00 -6.294690000000000509e+02 1.350000000000000000e+02 6.083000000000000185e+00
2.507000000000000117e+00 -6.248360000000000127e+02 1.355000000000000000e+02 6.102999999999999758e+00
0.000000000000000000e+00 -6.273429999999999609e+02 1.360000000000000000e+02 6.102999999999999758e+00
3.820000000000000062e-01 -6.290860000000000127e+02 1.365000000000000000e+02 6.102999999999999758e+00
0.000000000000000000e+00 -6.294690000000000509e+02 1.370000000000000000e+02 6.102999999999999758e+00
2.508000000000000007e+00 -6.248350000000000364e+02 1.375000000000000000e+02 6.639999999999999680e+00
0.000000000000000000e+00 -6.273429999999999609e+02 1.380000000000000000e+02 6.639999999999999680e+00
3.820000000000000062e-01 -6.290860000000000127e+02 1.385000000000000000e+02 6.639999999999999680e+00
0.000000000000000000e+00 -6.294690000000000509e+02 1.390000000000000000e+02 6.639999999999999680e+00
2.507000000000000117e+00 -6.248360000000000127e+02 1.395000000000000000e+02 6.780000000000000249e+00
0.000000000000000000e+00 -6.273429999999999609e+02 1.400000000000000000e+02 6.780000000000000249e+00
3.820000000000000062e-01 -6.290860000000000127e+02 1.405000000000000000e+02 6.780000000000000249e+00
0.000000000000000000e+00 -6.294690000000000509e+02 1.410000000000000000e+02 6.780000000000000249e+00
2.507000000000000117e+00 -6.248360000000000127e+02 1.415000000000000000e+02 6.799999999999999822e+00
0.000000000000000000e+00 -6.273429999999999609e+02 1.420000000000000000e+02 6.799999999999999822e+00
3.820000000000000062e-01 -6.290860000000000127e+02 1.425000000000000000e+02 6.799999999999999822e+00
0.000000000000000000e+00 -6.294690000000000509e+02 1.430000000000000000e+02 6.799999999999999822e+00
2.507000000000000117e+00 -6.248360000000000127e+02 1.435000000000000000e+02 6.809999999999999609e+00
0.000000000000000000e+00 -6.273429999999999609e+02 1.440000000000000000e+02 6.809999999999999609e+00
3.820000000000000062e-01 -6.290869999999999891e+02 1.445000000000000000e+02 6.809999999999999609e+00
0.000000000000000000e+00 -6.294690000000000509e+02 1.450000000000000000e+02 6.809999999999999609e+00
2.507000000000000117e+00 -6.248360000000000127e+02 1.455000000000000000e+02 6.828000000000000291e+00
0.000000000000000000e+00 -6.273429999999999609e+02 1.460000000000000000e+02 6.828000000000000291e+00
3.820000000000000062e-01 -6.290869999999999891e+02 1.465000000000000000e+02 6.828000000000000291e+00
0.000000000000000000e+00 -6.294690000000000509e+02 1.470000000000000000e+02 6.828000000000000291e+00
2.507000000000000117e+00 -6.248360000000000127e+02 1.475000000000000000e+02 6.865000000000000213e+00
0.000000000000000000e+00 -6.273429999999999609e+02 1.480000000000000000e+02 6.865000000000000213e+00
3.820000000000000062e-01 -6.290869999999999891e+02 1.485000000000000000e+02 6.865000000000000213e+00
0.000000000000000000e+00 -6.294690000000000509e+02 1.490000000000000000e+02 6.865000000000000213e+00
2.507000000000000117e+00 -6.248360000000000127e+02 1.495000000000000000e+02 6.969000000000000306e+00
0.000000000000000000e+00 -6.273429999999999609e+02 1.500000000000000000e+02 6.969000000000000306e+00
3.820000000000000062e-01 -6.290860000000000127e+02 1.505000000000000000e+02 6.969000000000000306e+00
0.000000000000000000e+00 -6.294690000000000509e+02 1.510000000000000000e+02 6.969000000000000306e+00
2.507000000000000117e+00 -6.248360000000000127e+02 1.515000000000000000e+02 6.985999999999999766e+00
0.000000000000000000e+00 -6.273429999999999609e+02 1.520000000000000000e+02 6.985999999999999766e+00
3.820000000000000062e-01 -6.290860000000000127e+02 1.525000000000000000e+02 6.985999999999999766e+00
0.000000000000000000e+00 -6.294690000000000509e+02 1.530000000000000000e+02 6.985999999999999766e+00
2.507000000000000117e+00 -6.248360000000000127e+02 1.535000000000000000e+02 7.016000000000000014e+00
0.000000000000000000e+00 -6.273429999999999609e+02 1.540000000000000000e+02 7.016000000000000014e+00
3.820000000000000062e-01 -6.290869999999999891e+02 1.545000000000000000e+02 7.016000000000000014e+00
0.000000000000000000e+00 -6.294690000000000509e+02 1.550000000000000000e+02 7.016000000000000014e+00
2.507000000000000117e+00 -6.248360000000000127e+02 1.555000000000000000e+02 7.027999999999999581e+00
0.000000000000000000e+00 -6.273429999999999609e+02 1.560000000000000000e+02 7.027999999999999581e+00
3.820000000000000062e-01 -6.290869999999999891e+02 1.565000000000000000e+02 7.027999999999999581e+00
0.000000000000000000e+00 -6.294690000000000509e+02 1.570000000000000000e+02 7.027999999999999581e+00
2.508000000000000007e+00 -6.248350000000000364e+02 1.575000000000000000e+02 7.059000000000000163e+00
0.000000000000000000e+00 -6.273429999999999609e+02 1.580000000000000000e+02 7.059000000000000163e+00
3.820000000000000062e-01 -6.290860000000000127e+02 1.585000000000000000e+02 7.059000000000000163e+00
0.000000000000000000e+00 -6.294690000000000509e+02 1.590000000000000000e+02 7.059000000000000163e+00
2.507000000000000117e+00 -6.248360000000000127e+02 1.595000000000000000e+02 7.073000000000000398e+00
0.000000000000000000e+00 -6.273429999999999609e+02 1.600000000000000000e+02 7.073000000000000398e+00
3.820000000000000062e-01 -6.290869999999999891e+02 1.605000000000000000e+02 7.073000000000000398e+00
0.000000000000000000e+00 -6.294690000000000509e+02 1.610000000000000000e+02 7.073000000000000398e+00
2.507000000000000117e+00 -6.248360000000000127e+02 1.615000000000000000e+02 7.075999999999999623e+00
0.000000000000000000e+00 -6.273429999999999609e+02 1.620000000000000000e+02 7.075999999999999623e+00
3.820000000000000062e-01 -6.290869999999999891e+02 1.625000000000000000e+02 7.075999999999999623e+00
0.000000000000000000e+00 -6.294690000000000509e+02 1.630000000000000000e+02 7.075999999999999623e+00
2.507000000000000117e+00 -6.248360000000000127e+02 1.635000000000000000e+02 7.192999999999999616e+00
0.000000000000000000e+00 -6.273429999999999609e+02 1.640000000000000000e+02 7.192999999999999616e+00
3.820000000000000062e-01 -6.290860000000000127e+02 1.645000000000000000e+02 7.192999999999999616e+00
0.000000000000000000e+00 -6.294690000000000509e+02 1.650000000000000000e+02 7.192999999999999616e+00
2.507000000000000117e+00 -6.248360000000000127e+02 1.655000000000000000e+02 7.201999999999999957e+00
0.000000000000000000e+00 -6.273429999999999609e+02 1.660000000000000000e+02 7.201999999999999957e+00
3.820000000000000062e-01 -6.290860000000000127e+02 1.665000000000000000e+02 7.201999999999999957e+00
0.000000000000000000e+00 -6.294690000000000509e+02 1.670000000000000000e+02 7.201999999999999957e+00
2.507000000000000117e+00 -6.248360000000000127e+02 1.675000000000000000e+02 7.322000000000000064e+00
0.000000000000000000e+00 -6.273429999999999609e+02 1.680000000000000000e+02 7.322000000000000064e+00
3.820000000000000062e-01 -6.290860000000000127e+02 1.685000000000000000e+02 7.322000000000000064e+00
0.000000000000000000e+00 -6.294690000000000509e+02 1.690000000000000000e+02 7.322000000000000064e+00
2.508000000000000007e+00 -6.248350000000000364e+02 1.695000000000000000e+02 7.500000000000000000e+00
0.000000000000000000e+00 -6.273429999999999609e+02 1.700000000000000000e+02 7.500000000000000000e+00
3.820000000000000062e-01 -6.290860000000000127e+02 1.705000000000000000e+02 7.500000000000000000e+00
0.000000000000000000e+00 -6.294690000000000509e+02 1.710000000000000000e+02 7.500000000000000000e+00
2.507000000000000117e+00 -6.248360000000000127e+02 1.715000000000000000e+02 7.615000000000000213e+00
0.000000000000000000e+00 -6.273429999999999609e+02 1.720000000000000000e+02 7.615000000000000213e+00
3.820000000000000062e-01 -6.290860000000000127e+02 1.725000000000000000e+02 7.615000000000000213e+00
0.000000000000000000e+00 -6.294690000000000509e+02 1.730000000000000000e+02 7.615000000000000213e+00
2.507000000000000117e+00 -6.248360000000000127e+02 1.735000000000000000e+02 7.769000000000000128e+00
0.000000000000000000e+00 -6.273429999999999609e+02 1.740000000000000000e+02 7.769000000000000128e+00
3.820000000000000062e-01 -6.290869999999999891e+02 1.745000000000000000e+02 7.769000000000000128e+00
0.000000000000000000e+00 -6.294690000000000509e+02 1.750000000000000000e+02 7.769000000000000128e+00
2.507000000000000117e+00 -6.248360000000000127e+02 1.755000000000000000e+02 7.786999999999999922e+00
0.000000000000000000e+00 -6.273429999999999609e+02 1.760000000000000000e+02 7.786999999999999922e+00
3.820000000000000062e-01 -6.290860000000000127e+02 1.765000000000000000e+02 7.786999999999999922e+00
0.000000000000000000e+00 -6.294690000000000509e+02 1.770000000000000000e+02 7.786999999999999922e+00
2.507000000000000117e+00 -6.248360000000000127e+02 1.775000000000000000e+02 7.881000000000000227e+00
0.000000000000000000e+00 -6.273429999999999609e+02 1.780000000000000000e+02 7.881000000000000227e+00
3.820000000000000062e-01 -6.290860000000000127e+02 1.785000000000000000e+02 7.881000000000000227e+00
0.000000000000000000e+00 -6.294690000000000509e+02 1.790000000000000000e+02 7.881000000000000227e+00
2.508000000000000007e+00 -6.248350000000000364e+02 1.795000000000000000e+02 7.911999999999999922e+00
0.000000000000000000e+00 -6.273429999999999609e+02 1.800000000000000000e+02 7.911999999999999922e+00
3.830000000000000071e-01 -6.290860000000000127e+02 1.805000000000000000e+02 7.911999999999999922e+00
0.000000000000000000e+00 -6.294690000000000509e+02 1.810000000000000000e+02 7.911999999999999922e+00
2.507000000000000117e+00 -6.248360000000000127e+02 1.815000000000000000e+02 8.034000000000000696e+00
0.000000000000000000e+00 -6.273429999999999609e+02 1.820000000000000000e+02 8.034000000000000696e+00
3.820000000000000062e-01 -6.290869999999999891e+02 1.825000000000000000e+02 8.034000000000000696e+00
0.000000000000000000e+00 -6.294690000000000509e+02 1.830000000000000000e+02 8.034000000000000696e+00
2.507000000000000117e+00 -6.248360000000000127e+02 1.835000000000000000e+02 8.281000000000000583e+00
0.000000000000000000e+00 -6.273429999999999609e+02 1.840000000000000000e+02 8.281000000000000583e+00
3.820000000000000062e-01 -6.290860000000000127e+02 1.845000000000000000e+02 8.281000000000000583e+00
0.000000000000000000e+00 -6.294690000000000509e+02 1.850000000000000000e+02 8.281000000000000583e+00
2.507000000000000117e+00 -6.248360000000000127e+02 1.855000000000000000e+02 8.368999999999999773e+00
0.000000000000000000e+00 -6.273429999999999609e+02 1.860000000000000000e+02 8.368999999999999773e+00
3.820000000000000062e-01 -6.290860000000000127e+02 1.865000000000000000e+02 8.368999999999999773e+00
0.000000000000000000e+00 -6.294690000000000509e+02 1.870000000000000000e+02 8.368999999999999773e+00
2.508000000000000007e+00 -6.248350000000000364e+02 1.875000000000000000e+02 8.409000000000000696e+00
0.000000000000000000e+00 -6.273429999999999609e+02 1.880000000000000000e+02 8.409000000000000696e+00
3.820000000000000062e-01 -6.290869999999999891e+02 1.885000000000000000e+02 8.409000000000000696e+00
0.000000000000000000e+00 -6.294690000000000509e+02 1.890000000000000000e+02 8.409000000000000696e+00
2.507000000000000117e+00 -6.248360000000000127e+02 1.895000000000000000e+02 8.467000000000000526e+00
0.000000000000000000e+00 -6.273429999999999609e+02 1.900000000000000000e+02 8.467000000000000526e+00
3.820000000000000062e-01 -6.290860000000000127e+02 1.905000000000000000e+02 8.467000000000000526e+00
0.000000000000000000e+00 -6.294690000000000509e+02 1.910000000000000000e+02 8.467000000000000526e+00
2.508000000000000007e+00 -6.248350000000000364e+02 1.915000000000000000e+02 8.483000000000000540e+00
0.000000000000000000e+00 -6.273429999999999609e+02 1.920000000000000000e+02 8.483000000000000540e+00
3.820000000000000062e-01 -6.290860000000000127e+02 1.925000000000000000e+02 8.483000000000000540e+00
0.000000000000000000e+00 -6.294690000000000509e+02 1.930000000000000000e+02 8.483000000000000540e+00
2.507000000000000117e+00 -6.248360000000000127e+02 1.935000000000000000e+02 8.589000000000000412e+00
0.000000000000000000e+00 -6.273429999999999609e+02 1.940000000000000000e+02 8.589000000000000412e+00
3.820000000000000062e-01 -6.290860000000000127e+02 1.945000000000000000e+02 8.589000000000000412e+00
0.000000000000000000e+00 -6.294690000000000509e+02 1.950000000000000000e+02 8.589000000000000412e+00
2.507000000000000117e+00 -6.248360000000000127e+02 1.955000000000000000e+02 8.663999999999999702e+00
0.000000000000000000e+00 -6.273429999999999609e+02 1.960000000000000000e+02 8.663999999999999702e+00
3.820000000000000062e-01 -6.290869999999999891e+02 1.965000000000000000e+02 8.663999999999999702e+00
0.000000000000000000e+00 -6.294690000000000509e+02 1.970000000000000000e+02 8.663999999999999702e+00
2.507000000000000117e+00 -6.248360000000000127e+02 1.975000000000000000e+02 8.692000000000000171e+00
0.000000000000000000e+00 -6.273429999999999609e+02 1.980000000000000000e+02 8.692000000000000171e+00
3.820000000000000062e-01 -6.290860000000000127e+02 1.985000000000000000e+02 8.692000000000000171e+00
0.000000000000000000e+00 -6.294690000000000509e+02 1.990000000000000000e+02 8.692000000000000171e+00
2.507000000000000117e+00 -6.248360000000000127e+02 1.995000000000000000e+02 8.702999999999999403e+00
0.000000000000000000e+00 -6.273429999999999609e+02 2.000000000000000000e+02 8.702999999999999403e+00
3.820000000000000062e-01 -6.290860000000000127e+02 2.005000000000000000e+02 8.702999999999999403e+00
0.000000000000000000e+00 -6.294690000000000509e+02 2.010000000000000000e+02 8.702999999999999403e+00
2.508000000000000007e+00 -6.248360000000000127e+02 2.015000000000000000e+02 8.730000000000000426e+00
0.000000000000000000e+00 -6.273429999999999609e+02 2.020000000000000000e+02 8.730000000000000426e+00
3.820000000000000062e-01 -6.290860000000000127e+02 2.025000000000000000e+02 8.730000000000000426e+00
0.000000000000000000e+00 -6.294690000000000509e+02 2.030000000000000000e+02 8.730000000000000426e+00
2.507000000000000117e+00 -6.248360000000000127e+02 2.035000000000000000e+02 8.733000000000000540e+00
0.000000000000000000e+00 -6.273429999999999609e+02 2.040000000000000000e+02 8.733000000000000540e+00
3.820000000000000062e-01 -6.290869999999999891e+02 2.045000000000000000e+02 8.733000000000000540e+00
0.000000000000000000e+00 -6.294690000000000509e+02 2.050000000000000000e+02 8.733000000000000540e+00
2.507000000000000117e+00 -6.248360000000000127e+02 2.055000000000000000e+02 8.756999999999999673e+00
0.000000000000000000e+00 -6.273429999999999609e+02 2.060000000000000000e+02 8.756999999999999673e+00
3.820000000000000062e-01 -6.290869999999999891e+02 2.065000000000000000e+02 8.756999999999999673e+00
0.000000000000000000e+00 -6.294690000000000509e+02 2.070000000000000000e+02 8.756999999999999673e+00
2.508000000000000007e+00 -6.248350000000000364e+02 2.075000000000000000e+02 8.814000000000000057e+00
0.000000000000000000e+00 -6.273429999999999609e+02 2.080000000000000000e+02 8.814000000000000057e+00
3.830000000000000071e-01 -6.290860000000000127e+02 2.085000000000000000e+02 8.814000000000000057e+00
0.000000000000000000e+00 -6.294690000000000509e+02 2.090000000000000000e+02 8.814000000000000057e+00
2.507000000000000117e+00 -6.248360000000000127e+02 2.095000000000000000e+02 8.832000000000000739e+00
0.000000000000000000e+00 -6.273429999999999609e+02 2.100000000000000000e+02 8.832000000000000739e+00
3.820000000000000062e-01 -6.290860000000000127e+02 2.105000000000000000e+02 8.832000000000000739e+00
0.000000000000000000e+00 -6.294690000000000509e+02 2.110000000000000000e+02 8.832000000000000739e+00
2.507000000000000117e+00 -6.248360000000000127e+02 2.115000000000000000e+02 8.845000000000000639e+00
0.000000000000000000e+00 -6.273429999999999609e+02 2.120000000000000000e+02 8.845000000000000639e+00
3.820000000000000062e-01 -6.290860000000000127e+02 2.125000000000000000e+02 8.845000000000000639e+00
0.000000000000000000e+00 -6.294690000000000509e+02 2.130000000000000000e+02 8.845000000000000639e+00
2.507000000000000117e+00 -6.248360000000000127e+02 2.135000000000000000e+02 8.858000000000000540e+00
0.000000000000000000e+00 -6.273429999999999609e+02 2.140000000000000000e+02 8.858000000000000540e+00
3.820000000000000062e-01 -6.290860000000000127e+02 2.145000000000000000e+02 8.858000000000000540e+00
0.000000000000000000e+00 -6.294690000000000509e+02 2.150000000000000000e+02 8.858000000000000540e+00
2.507000000000000117e+00 -6.248360000000000127e+02 2.155000000000000000e+02 8.964000000000000412e+00
0.000000000000000000e+00 -6.273429999999999609e+02 2.160000000000000000e+02 8.964000000000000412e+00
3.820000000000000062e-01 -6.290860000000000127e+02 2.165000000000000000e+02 8.964000000000000412e+00
0.000000000000000000e+00 -6.294690000000000509e+02 2.170000000000000000e+02 8.964000000000000412e+00
2.508000000000000007e+00 -6.248350000000000364e+02 2.175000000000000000e+02 9.058999999999999275e+00
0.000000000000000000e+00 -6.273429999999999609e+02 2.180000000000000000e+02 9.058999999999999275e+00
3.820000000000000062e-01 -6.290860000000000127e+02 2.185000000000000000e+02 9.058999999999999275e+00
0.000000000000000000e+00 -6.294690000000000509e+02 2.190000000000000000e+02 9.058999999999999275e+00
2.507000000000000117e+00 -6.248360000000000127e+02 2.195000000000000000e+02 9.130000000000000782e+00
0.000000000000000000e+00 -6.273429999999999609e+02 2.200000000000000000e+02 9.130000000000000782e+00
3.820000000000000062e-01 -6.290860000000000127e+02 2.205000000000000000e+02 9.130000000000000782e+00
0.000000000000000000e+00 -6.294690000000000509e+02 2.210000000000000000e+02 9.130000000000000782e+00
2.507000000000000117e+00 -6.248360000000000127e+02 2.215000000000000000e+02 9.210000000000000853e+00
0.000000000000000000e+00 -6.273429999999999609e+02 2.220000000000000000e+02 9.210000000000000853e+00
3.820000000000000062e-01 -6.290860000000000127e+02 2.225000000000000000e+02 9.210000000000000853e+00
0.000000000000000000e+00 -6.294690000000000509e+02 2.230000000000000000e+02 9.210000000000000853e+00
2.507000000000000117e+00 -6.248360000000000127e+02 2.235000000000000000e+02 9.218999999999999417e+00
0.000000000000000000e+00 -6.273429999999999609e+02 2.240000000000000000e+02 9.218999999999999417e+00
3.820000000000000062e-01 -6.290860000000000127e+02 2.245000000000000000e+02 9.218999999999999417e+00
0.000000000000000000e+00 -6.294690000000000509e+02 2.250000000000000000e+02 9.218999999999999417e+00
2.508000000000000007e+00 -6.248360000000000127e+02 2.255000000000000000e+02 9.256999999999999673e+00
0.000000000000000000e+00 -6.273429999999999609e+02 2.260000000000000000e+02 9.256999999999999673e+00
3.820000000000000062e-01 -6.290860000000000127e+02 2.265000000000000000e+02 9.256999999999999673e+00
0.000000000000000000e+00 -6.294690000000000509e+02 2.270000000000000000e+02 9.256999999999999673e+00
2.507000000000000117e+00 -6.248360000000000127e+02 2.275000000000000000e+02 9.259999999999999787e+00
0.000000000000000000e+00 -6.273429999999999609e+02 2.280000000000000000e+02 9.259999999999999787e+00
3.820000000000000062e-01 -6.290869999999999891e+02 2.285000000000000000e+02 9.259999999999999787e+00
0.000000000000000000e+00 -6.294690000000000509e+02 2.290000000000000000e+02 9.259999999999999787e+00
2.507000000000000117e+00 -6.248360000000000127e+02 2.295000000000000000e+02 9.464000000000000412e+00
0.000000000000000000e+00 -6.273429999999999609e+02 2.300000000000000000e+02 9.464000000000000412e+00
3.820000000000000062e-01 -6.290869999999999891e+02 2.305000000000000000e+02 9.464000000000000412e+00
0.000000000000000000e+00 -6.294690000000000509e+02 2.310000000000000000e+02 9.464000000000000412e+00
2.507000000000000117e+00 -6.248360000000000127e+02 2.315000000000000000e+02 9.554999999999999716e+00
0.000000000000000000e+00 -6.273429999999999609e+02 2.320000000000000000e+02 9.554999999999999716e+00
3.820000000000000062e-01 -6.290860000000000127e+02 2.325000000000000000e+02 9.554999999999999716e+00
0.000000000000000000e+00 -6.294690000000000509e+02 2.330000000000000000e+02 9.554999999999999716e+00
2.508000000000000007e+00 -6.248350000000000364e+02 2.335000000000000000e+02 9.695000000000000284e+00
0.000000000000000000e+00 -6.273429999999999609e+02 2.340000000000000000e+02 9.695000000000000284e+00
3.830000000000000071e-01 -6.290860000000000127e+02 2.345000000000000000e+02 9.695000000000000284e+00
0.000000000000000000e+00 -6.294690000000000509e+02 2.350000000000000000e+02 9.695000000000000284e+00
2.507000000000000117e+00 -6.248360000000000127e+02 2.355000000000000000e+02 9.757999999999999119e+00
0.000000000000000000e+00 -6.273429999999999609e+02 2.360000000000000000e+02 9.757999999999999119e+00
3.820000000000000062e-01 -6.290860000000000127e+02 2.365000000000000000e+02 9.757999999999999119e+00
0.000000000000000000e+00 -6.294690000000000509e+02 2.370000000000000000e+02 9.757999999999999119e+00
2.507000000000000117e+00 -6.248360000000000127e+02 2.375000000000000000e+02 9.814999999999999503e+00
0.000000000000000000e+00 -6.273429999999999609e+02 2.380000000000000000e+02 9.814999999999999503e+00
3.820000000000000062e-01 -6.290860000000000127e+02 2.385000000000000000e+02 9.814999999999999503e+00
0.000000000000000000e+00 -6.294690000000000509e+02 2.390000000000000000e+02 9.814999999999999503e+00
2.507000000000000117e+00 -6.248360000000000127e+02 2.395000000000000000e+02 9.874000000000000554e+00
0.000000000000000000e+00 -6.273429999999999609e+02 2.400000000000000000e+02 9.874000000000000554e+00
3.820000000000000062e-01 -6.290860000000000127e+02 2.405000000000000000e+02 9.874000000000000554e+00
0.000000000000000000e+00 -6.294690000000000509e+02 2.410000000000000000e+02 9.874000000000000554e+00
2.507000000000000117e+00 -6.248360000000000127e+02 2.415000000000000000e+02 1.008000000000000007e+01
0.000000000000000000e+00 -6.273429999999999609e+02 2.420000000000000000e+02 1.008000000000000007e+01
3.820000000000000062e-01 -6.290860000000000127e+02 2.425000000000000000e+02 1.008000000000000007e+01
0.000000000000000000e+00 -6.294690000000000509e+02 2.430000000000000000e+02 1.008000000000000007e+01
2.508000000000000007e+00 -6.248360000000000127e+02 2.435000000000000000e+02 1.008000000000000007e+01
0.000000000000000000e+00 -6.273429999999999609e+02 2.440000000000000000e+02 1.008000000000000007e+01
3.820000000000000062e-01 -6.290860000000000127e+02 2.445000000000000000e+02 1.008000000000000007e+01
0.000000000000000000e+00 -6.294690000000000509e+02 2.450000000000000000e+02 1.008000000000000007e+01
2.507000000000000117e+00 -6.248360000000000127e+02 2.455000000000000000e+02 1.021000000000000085e+01
0.000000000000000000e+00 -6.273429999999999609e+02 2.460000000000000000e+02 1.021000000000000085e+01
3.820000000000000062e-01 -6.290869999999999891e+02 2.465000000000000000e+02 1.021000000000000085e+01
0.000000000000000000e+00 -6.294690000000000509e+02 2.470000000000000000e+02 1.021000000000000085e+01
2.507000000000000117e+00 -6.248360000000000127e+02 2.475000000000000000e+02 1.046000000000000085e+01
0.000000000000000000e+00 -6.273429999999999609e+02 2.480000000000000000e+02 1.046000000000000085e+01
3.820000000000000062e-01 -6.290860000000000127e+02 2.485000000000000000e+02 1.046000000000000085e+01
0.000000000000000000e+00 -6.294690000000000509e+02 2.490000000000000000e+02 1.046000000000000085e+01
2.507000000000000117e+00 -6.248360000000000127e+02 2.495000000000000000e+02 1.052999999999999936e+01
0.000000000000000000e+00 -6.273429999999999609e+02 2.500000000000000000e+02 1.052999999999999936e+01
3.820000000000000062e-01 -6.290869999999999891e+02 2.505000000000000000e+02 1.052999999999999936e+01
0.000000000000000000e+00 -6.294690000000000509e+02 2.510000000000000000e+02 1.052999999999999936e+01
2.507000000000000117e+00 -6.248360000000000127e+02 2.515000000000000000e+02 1.059999999999999964e+01
0.000000000000000000e+00 -6.273429999999999609e+02 2.520000000000000000e+02 1.059999999999999964e+01
3.820000000000000062e-01 -6.290860000000000127e+02 2.525000000000000000e+02 1.059999999999999964e+01
0.000000000000000000e+00 -6.294690000000000509e+02 2.530000000000000000e+02 1.059999999999999964e+01
2.507000000000000117e+00 -6.248360000000000127e+02 2.535000000000000000e+02 1.071000000000000085e+01
0.000000000000000000e+00 -6.273429999999999609e+02 2.540000000000000000e+02 1.071000000000000085e+01
3.820000000000000062e-01 -6.290860000000000127e+02 2.545000000000000000e+02 1.071000000000000085e+01
0.000000000000000000e+00 -6.294690000000000509e+02 2.550000000000000000e+02 1.071000000000000085e+01
2.507000000000000117e+00 -6.248360000000000127e+02 2.555000000000000000e+02 1.078999999999999915e+01
0.000000000000000000e+00 -6.273429999999999609e+02 2.560000000000000000e+02 1.078999999999999915e+01
3.820000000000000062e-01 -6.290860000000000127e+02 2.565000000000000000e+02 1.078999999999999915e+01
0.000000000000000000e+00 -6.294690000000000509e+02 2.570000000000000000e+02 1.078999999999999915e+01
2.507000000000000117e+00 -6.248360000000000127e+02 2.575000000000000000e+02 1.084999999999999964e+01
0.000000000000000000e+00 -6.273429999999999609e+02 2.580000000000000000e+02 1.084999999999999964e+01
3.820000000000000062e-01 -6.290860000000000127e+02 2.585000000000000000e+02 1.084999999999999964e+01
0.000000000000000000e+00 -6.294690000000000509e+02 2.590000000000000000e+02 1.084999999999999964e+01
2.507000000000000117e+00 -6.248360000000000127e+02 2.595000000000000000e+02 1.088000000000000078e+01
0.000000000000000000e+00 -6.273429999999999609e+02 2.600000000000000000e+02 1.088000000000000078e+01
3.820000000000000062e-01 -6.290860000000000127e+02 2.605000000000000000e+02 1.088000000000000078e+01
0.000000000000000000e+00 -6.294690000000000509e+02 2.610000000000000000e+02 1.088000000000000078e+01
2.507000000000000117e+00 -6.248360000000000127e+02 2.615000000000000000e+02 1.101999999999999957e+01
0.000000000000000000e+00 -6.273429999999999609e+02 2.620000000000000000e+02 1.101999999999999957e+01
3.820000000000000062e-01 -6.290860000000000127e+02 2.625000000000000000e+02 1.101999999999999957e+01
0.000000000000000000e+00 -6.294690000000000509e+02 2.630000000000000000e+02 1.101999999999999957e+01
2.507000000000000117e+00 -6.248360000000000127e+02 2.635000000000000000e+02 1.108000000000000007e+01
0.000000000000000000e+00 -6.273429999999999609e+02 2.640000000000000000e+02 1.108000000000000007e+01
3.820000000000000062e-01 -6.290860000000000127e+02 2.645000000000000000e+02 1.108000000000000007e+01
0.000000000000000000e+00 -6.294690000000000509e+02 2.650000000000000000e+02 1.108000000000000007e+01
2.507000000000000117e+00 -6.248360000000000127e+02 2.655000000000000000e+02 1.108999999999999986e+01
0.000000000000000000e+00 -6.273429999999999609e+02 2.660000000000000000e+02 1.108999999999999986e+01
3.820000000000000062e-01 -6.290869999999999891e+02 2.665000000000000000e+02 1.108999999999999986e+01
0.000000000000000000e+00 -6.294690000000000509e+02 2.670000000000000000e+02 1.108999999999999986e+01
2.507000000000000117e+00 -6.248360000000000127e+02 2.675000000000000000e+02 1.108999999999999986e+01
0.000000000000000000e+00 -6.273429999999999609e+02 2.680000000000000000e+02 1.108999999999999986e+01
3.820000000000000062e-01 -6.290860000000000127e+02 2.685000000000000000e+02 1.108999999999999986e+01
0.000000000000000000e+00 -6.294690000000000509e+02 2.690000000000000000e+02 1.108999999999999986e+01
2.507000000000000117e+00 -6.248360000000000127e+02 2.695000000000000000e+02 1.117999999999999972e+01
0.000000000000000000e+00 -6.273429999999999609e+02 2.700000000000000000e+02 1.117999999999999972e+01
3.820000000000000062e-01 -6.290869999999999891e+02 2.705000000000000000e+02 1.117999999999999972e+01
0.000000000000000000e+00 -6.294690000000000509e+02 2.710000000000000000e+02 1.117999999999999972e+01
2.507000000000000117e+00 -6.248360000000000127e+02 2.715000000000000000e+02 1.118999999999999950e+01
0.000000000000000000e+00 -6.273429999999999609e+02 2.720000000000000000e+02 1.118999999999999950e+01
3.820000000000000062e-01 -6.290869999999999891e+02 2.725000000000000000e+02 1.118999999999999950e+01
0.000000000000000000e+00 -6.294690000000000509e+02 2.730000000000000000e+02 1.118999999999999950e+01
2.507000000000000117e+00 -6.248360000000000127e+02 2.735000000000000000e+02 1.125000000000000000e+01
0.000000000000000000e+00 -6.273429999999999609e+02 2.740000000000000000e+02 1.125000000000000000e+01
3.820000000000000062e-01 -6.290860000000000127e+02 2.745000000000000000e+02 1.125000000000000000e+01
0.000000000000000000e+00 -6.294690000000000509e+02 2.750000000000000000e+02 1.125000000000000000e+01
2.507000000000000117e+00 -6.248360000000000127e+02 2.755000000000000000e+02 1.147000000000000064e+01
0.000000000000000000e+00 -6.273429999999999609e+02 2.760000000000000000e+02 1.147000000000000064e+01
3.820000000000000062e-01 -6.290860000000000127e+02 2.765000000000000000e+02 1.147000000000000064e+01
0.000000000000000000e+00 -6.294690000000000509e+02 2.770000000000000000e+02 1.147000000000000064e+01
2.507000000000000117e+00 -6.248360000000000127e+02 2.775000000000000000e+02 1.148000000000000043e+01
0.000000000000000000e+00 -6.273429999999999609e+02 2.780000000000000000e+02 1.148000000000000043e+01
3.820000000000000062e-01 -6.290860000000000127e+02 2.785000000000000000e+02 1.148000000000000043e+01
0.000000000000000000e+00 -6.294690000000000509e+02 2.790000000000000000e+02 1.148000000000000043e+01
2.507000000000000117e+00 -6.248360000000000127e+02 2.795000000000000000e+02 1.150000000000000000e+01
0.000000000000000000e+00 -6.273429999999999609e+02 2.800000000000000000e+02 1.150000000000000000e+01
3.820000000000000062e-01 -6.290860000000000127e+02 2.805000000000000000e+02 1.150000000000000000e+01
0.000000000000000000e+00 -6.294690000000000509e+02 2.810000000000000000e+02 1.150000000000000000e+01
2.507000000000000117e+00 -6.248360000000000127e+02 2.815000000000000000e+02 1.150000000000000000e+01
0.000000000000000000e+00 -6.273429999999999609e+02 2.820000000000000000e+02 1.150000000000000000e+01
3.820000000000000062e-01 -6.290860000000000127e+02 2.825000000000000000e+02 1.150000000000000000e+01
0.000000000000000000e+00 -6.294690000000000509e+02 2.830000000000000000e+02 1.150000000000000000e+01
2.508000000000000007e+00 -6.248350000000000364e+02 2.835000000000000000e+02 1.158000000000000007e+01
0.000000000000000000e+00 -6.273429999999999609e+02 2.840000000000000000e+02 1.158000000000000007e+01
3.830000000000000071e-01 -6.290860000000000127e+02 2.845000000000000000e+02 1.158000000000000007e+01
0.000000000000000000e+00 -6.294690000000000509e+02 2.850000000000000000e+02 1.158000000000000007e+01
2.507000000000000117e+00 -6.248360000000000127e+02 2.855000000000000000e+02 1.166000000000000014e+01
0.000000000000000000e+00 -6.273429999999999609e+02 2.860000000000000000e+02 1.166000000000000014e+01
3.820000000000000062e-01 -6.290860000000000127e+02 2.865000000000000000e+02 1.166000000000000014e+01
0.000000000000000000e+00 -6.294690000000000509e+02 2.870000000000000000e+02 1.166000000000000014e+01
2.507000000000000117e+00 -6.248360000000000127e+02 2.875000000000000000e+02 1.172000000000000064e+01
0.000000000000000000e+00 -6.273429999999999609e+02 2.880000000000000000e+02 1.172000000000000064e+01
3.820000000000000062e-01 -6.290860000000000127e+02 2.885000000000000000e+02 1.172000000000000064e+01
0.000000000000000000e+00 -6.294690000000000509e+02 2.890000000000000000e+02 1.172000000000000064e+01
2.507000000000000117e+00 -6.248360000000000127e+02 2.895000000000000000e+02 1.172000000000000064e+01
0.000000000000000000e+00 -6.273429999999999609e+02 2.900000000000000000e+02 1.172000000000000064e+01
3.820000000000000062e-01 -6.290860000000000127e+02 2.905000000000000000e+02 1.172000000000000064e+01
0.000000000000000000e+00 -6.294690000000000509e+02 2.910000000000000000e+02 1.172000000000000064e+01
2.507000000000000117e+00 -6.248360000000000127e+02 2.915000000000000000e+02 1.178999999999999915e+01
0.000000000000000000e+00 -6.273429999999999609e+02 2.920000000000000000e+02 1.178999999999999915e+01
3.820000000000000062e-01 -6.290860000000000127e+02 2.925000000000000000e+02 1.178999999999999915e+01
0.000000000000000000e+00 -6.294690000000000509e+02 2.930000000000000000e+02 1.178999999999999915e+01
2.507000000000000117e+00 -6.248360000000000127e+02 2.935000000000000000e+02 1.183000000000000007e+01
0.000000000000000000e+00 -6.273429999999999609e+02 2.940000000000000000e+02 1.183000000000000007e+01
3.820000000000000062e-01 -6.290860000000000127e+02 2.945000000000000000e+02 1.183000000000000007e+01
0.000000000000000000e+00 -6.294690000000000509e+02 2.950000000000000000e+02 1.183000000000000007e+01
2.507000000000000117e+00 -6.248360000000000127e+02 2.955000000000000000e+02 1.183999999999999986e+01
0.000000000000000000e+00 -6.273429999999999609e+02 2.960000000000000000e+02 1.183999999999999986e+01
3.820000000000000062e-01 -6.290860000000000127e+02 2.965000000000000000e+02 1.183999999999999986e+01
0.000000000000000000e+00 -6.294690000000000509e+02 2.970000000000000000e+02 1.183999999999999986e+01
2.508000000000000007e+00 -6.248360000000000127e+02 2.975000000000000000e+02 1.189000000000000057e+01
0.000000000000000000e+00 -6.273429999999999609e+02 2.980000000000000000e+02 1.189000000000000057e+01
3.820000000000000062e-01 -6.290869999999999891e+02 2.985000000000000000e+02 1.189000000000000057e+01
0.000000000000000000e+00 -6.294690000000000509e+02 2.990000000000000000e+02 1.189000000000000057e+01
2.507000000000000117e+00 -6.248360000000000127e+02 2.995000000000000000e+02 1.191999999999999993e+01
0.000000000000000000e+00 -6.273429999999999609e+02 3.000000000000000000e+02 1.191999999999999993e+01
3.820000000000000062e-01 -6.290860000000000127e+02 3.005000000000000000e+02 1.191999999999999993e+01
0.000000000000000000e+00 -6.294690000000000509e+02 3.010000000000000000e+02 1.191999999999999993e+01
2.507000000000000117e+00 -6.248360000000000127e+02 3.015000000000000000e+02 1.196000000000000085e+01
0.000000000000000000e+00 -6.273429999999999609e+02 3.020000000000000000e+02 1.196000000000000085e+01
3.820000000000000062e-01 -6.290860000000000127e+02 3.025000000000000000e+02 1.196000000000000085e+01
0.000000000000000000e+00 -6.294690000000000509e+02 3.030000000000000000e+02 1.196000000000000085e+01
2.508000000000000007e+00 -6.248360000000000127e+02 3.035000000000000000e+02 1.200000000000000000e+01
0.000000000000000000e+00 -6.273429999999999609e+02 3.040000000000000000e+02 1.200000000000000000e+01
3.820000000000000062e-01 -6.290860000000000127e+02 3.045000000000000000e+02 1.200000000000000000e+01
0.000000000000000000e+00 -6.294690000000000509e+02 3.050000000000000000e+02 1.200000000000000000e+01
2.507000000000000117e+00 -6.248360000000000127e+02 3.055000000000000000e+02 1.206000000000000050e+01
0.000000000000000000e+00 -6.273429999999999609e+02 3.060000000000000000e+02 1.206000000000000050e+01
3.820000000000000062e-01 -6.290860000000000127e+02 3.065000000000000000e+02 1.206000000000000050e+01
0.000000000000000000e+00 -6.294690000000000509e+02 3.070000000000000000e+02 1.206000000000000050e+01
2.507000000000000117e+00 -6.248360000000000127e+02 3.075000000000000000e+02 1.209999999999999964e+01
0.000000000000000000e+00 -6.273429999999999609e+02 3.080000000000000000e+02 1.209999999999999964e+01
3.820000000000000062e-01 -6.290869999999999891e+02 3.085000000000000000e+02 1.209999999999999964e+01
0.000000000000000000e+00 -6.294690000000000509e+02 3.090000000000000000e+02 1.209999999999999964e+01
2.507000000000000117e+00 -6.248360000000000127e+02 3.095000000000000000e+02 1.221000000000000085e+01
0.000000000000000000e+00 -6.273429999999999609e+02 3.100000000000000000e+02 1.221000000000000085e+01
3.820000000000000062e-01 -6.290869999999999891e+02 3.105000000000000000e+02 1.221000000000000085e+01
0.000000000000000000e+00 -6.294690000000000509e+02 3.110000000000000000e+02 1.221000000000000085e+01
2.507000000000000117e+00 -6.248360000000000127e+02 3.115000000000000000e+02 1.226999999999999957e+01
0.000000000000000000e+00 -6.273429999999999609e+02 3.120000000000000000e+02 1.226999999999999957e+01
3.820000000000000062e-01 -6.290860000000000127e+02 3.125000000000000000e+02 1.226999999999999957e+01
0.000000000000000000e+00 -6.294690000000000509e+02 3.130000000000000000e+02 1.226999999999999957e+01
2.507000000000000117e+00 -6.248360000000000127e+02 3.135000000000000000e+02 1.246000000000000085e+01
0.000000000000000000e+00 -6.273429999999999609e+02 3.140000000000000000e+02 1.246000000000000085e+01
3.820000000000000062e-01 -6.290860000000000127e+02 3.145000000000000000e+02 1.246000000000000085e+01
0.000000000000000000e+00 -6.294690000000000509e+02 3.150000000000000000e+02 1.246000000000000085e+01
2.507000000000000117e+00 -6.248360000000000127e+02 3.155000000000000000e+02 1.261999999999999922e+01
0.000000000000000000e+00 -6.273429999999999609e+02 3.160000000000000000e+02 1.261999999999999922e+01
3.820000000000000062e-01 -6.290860000000000127e+02 3.165000000000000000e+02 1.261999999999999922e+01
0.000000000000000000e+00 -6.294690000000000509e+02 3.170000000000000000e+02 1.261999999999999922e+01
2.507000000000000117e+00 -6.248360000000000127e+02 3.175000000000000000e+02 1.286999999999999922e+01
0.000000000000000000e+00 -6.273429999999999609e+02 3.180000000000000000e+02 1.286999999999999922e+01
3.820000000000000062e-01 -6.290860000000000127e+02 3.185000000000000000e+02 1.286999999999999922e+01
0.000000000000000000e+00 -6.294690000000000509e+02 3.190000000000000000e+02 1.286999999999999922e+01
2.507000000000000117e+00 -6.248360000000000127e+02 3.195000000000000000e+02 1.300000000000000000e+01
0.000000000000000000e+00 -6.273429999999999609e+02 3.200000000000000000e+02 1.300000000000000000e+01
3.820000000000000062e-01 -6.290869999999999891e+02 3.205000000000000000e+02 1.300000000000000000e+01
0.000000000000000000e+00 -6.294690000000000509e+02 3.210000000000000000e+02 1.300000000000000000e+01
2.507000000000000117e+00 -6.248360000000000127e+02 3.215000000000000000e+02 1.311999999999999922e+01
0.000000000000000000e+00 -6.273429999999999609e+02 3.220000000000000000e+02 1.311999999999999922e+01
3.820000000000000062e-01 -6.290860000000000127e+02 3.225000000000000000e+02 1.311999999999999922e+01
0.000000000000000000e+00 -6.294690000000000509e+02 3.230000000000000000e+02 1.311999999999999922e+01
2.507000000000000117e+00 -6.248360000000000127e+02 3.235000000000000000e+02 1.344999999999999929e+01
0.000000000000000000e+00 -6.273429999999999609e+02 3.240000000000000000e+02 1.344999999999999929e+01
3.820000000000000062e-01 -6.290869999999999891e+02 3.245000000000000000e+02 1.344999999999999929e+01
0.000000000000000000e+00 -6.294690000000000509e+02 3.250000000000000000e+02 1.344999999999999929e+01
2.507000000000000117e+00 -6.248360000000000127e+02 3.255000000000000000e+02 1.346000000000000085e+01
0.000000000000000000e+00 -6.273429999999999609e+02 3.260000000000000000e+02 1.346000000000000085e+01
3.820000000000000062e-01 -6.290860000000000127e+02 3.265000000000000000e+02 1.346000000000000085e+01
0.000000000000000000e+00 -6.294690000000000509e+02 3.270000000000000000e+02 1.346000000000000085e+01
2.507000000000000117e+00 -6.248360000000000127e+02 3.275000000000000000e+02 1.349000000000000021e+01
0.000000000000000000e+00 -6.273429999999999609e+02 3.280000000000000000e+02 1.349000000000000021e+01
3.820000000000000062e-01 -6.290860000000000127e+02 3.285000000000000000e+02 1.349000000000000021e+01
0.000000000000000000e+00 -6.294690000000000509e+02 3.290000000000000000e+02 1.349000000000000021e+01
2.507000000000000117e+00 -6.248360000000000127e+02 3.295000000000000000e+02 1.353999999999999915e+01
0.000000000000000000e+00 -6.273429999999999609e+02 3.300000000000000000e+02 1.353999999999999915e+01
3.820000000000000062e-01 -6.290860000000000127e+02 3.305000000000000000e+02 1.353999999999999915e+01
0.000000000000000000e+00 -6.294690000000000509e+02 3.310000000000000000e+02 1.353999999999999915e+01
2.507000000000000117e+00 -6.248360000000000127e+02 3.315000000000000000e+02 1.371000000000000085e+01
0.000000000000000000e+00 -6.273429999999999609e+02 3.320000000000000000e+02 1.371000000000000085e+01
3.820000000000000062e-01 -6.290860000000000127e+02 3.325000000000000000e+02 1.371000000000000085e+01
0.000000000000000000e+00 -6.294690000000000509e+02 3.330000000000000000e+02 1.371000000000000085e+01
2.508000000000000007e+00 -6.248360000000000127e+02 3.335000000000000000e+02 1.374000000000000021e+01
0.000000000000000000e+00 -6.273429999999999609e+02 3.340000000000000000e+02 1.374000000000000021e+01
3.820000000000000062e-01 -6.290860000000000127e+02 3.345000000000000000e+02 1.374000000000000021e+01
0.000000000000000000e+00 -6.294690000000000509e+02 3.350000000000000000e+02 1.374000000000000021e+01
2.507000000000000117e+00 -6.248360000000000127e+02 3.355000000000000000e+02 1.376999999999999957e+01
0.000000000000000000e+00 -6.273429999999999609e+02 3.360000000000000000e+02 1.376999999999999957e+01
3.820000000000000062e-01 -6.290860000000000127e+02 3.365000000000000000e+02 1.376999999999999957e+01
0.000000000000000000e+00 -6.294690000000000509e+02 3.370000000000000000e+02 1.376999999999999957e+01
2.507000000000000117e+00 -6.248360000000000127e+02 3.375000000000000000e+02 1.390000000000000036e+01
0.000000000000000000e+00 -6.273429999999999609e+02 3.380000000000000000e+02 1.390000000000000036e+01
3.820000000000000062e-01 -6.290860000000000127e+02 3.385000000000000000e+02 1.390000000000000036e+01
0.000000000000000000e+00 -6.294690000000000509e+02 3.390000000000000000e+02 1.390000000000000036e+01
2.508000000000000007e+00 -6.248350000000000364e+02 3.395000000000000000e+02 1.391000000000000014e+01
0.000000000000000000e+00 -6.273429999999999609e+02 3.400000000000000000e+02 1.391000000000000014e+01
3.820000000000000062e-01 -6.290869999999999891e+02 3.405000000000000000e+02 1.391000000000000014e+01
0.000000000000000000e+00 -6.294690000000000509e+02 3.410000000000000000e+02 1.391000000000000014e+01
2.507000000000000117e+00 -6.248360000000000127e+02 3.415000000000000000e+02 1.396000000000000085e+01
0.000000000000000000e+00 -6.273429999999999609e+02 3.420000000000000000e+02 1.396000000000000085e+01
3.820000000000000062e-01 -6.290869999999999891e+02 3.425000000000000000e+02 1.396000000000000085e+01
0.000000000000000000e+00 -6.294690000000000509e+02 3.430000000000000000e+02 1.396000000000000085e+01
2.507000000000000117e+00 -6.248360000000000127e+02 3.435000000000000000e+02 1.400000000000000000e+01
0.000000000000000000e+00 -6.273429999999999609e+02 3.440000000000000000e+02 1.400000000000000000e+01
3.820000000000000062e-01 -6.290860000000000127e+02 3.445000000000000000e+02 1.400000000000000000e+01
0.000000000000000000e+00 -6.294690000000000509e+02 3.450000000000000000e+02 1.400000000000000000e+01
2.507000000000000117e+00 -6.248360000000000127e+02 3.455000000000000000e+02 1.402999999999999936e+01
0.000000000000000000e+00 -6.273429999999999609e+02 3.460000000000000000e+02 1.402999999999999936e+01
3.820000000000000062e-01 -6.290869999999999891e+02 3.465000000000000000e+02 1.402999999999999936e+01
0.000000000000000000e+00 -6.294690000000000509e+02 3.470000000000000000e+02 1.402999999999999936e+01
2.507000000000000117e+00 -6.248360000000000127e+02 3.475000000000000000e+02 1.408000000000000007e+01
0.000000000000000000e+00 -6.273429999999999609e+02 3.480000000000000000e+02 1.408000000000000007e+01
3.820000000000000062e-01 -6.290860000000000127e+02 3.485000000000000000e+02 1.408000000000000007e+01
0.000000000000000000e+00 -6.294690000000000509e+02 3.490000000000000000e+02 1.408000000000000007e+01
2.507000000000000117e+00 -6.248360000000000127e+02 3.495000000000000000e+02 1.418999999999999950e+01
0.000000000000000000e+00 -6.273429999999999609e+02 3.500000000000000000e+02 1.418999999999999950e+01
3.820000000000000062e-01 -6.290869999999999891e+02 3.505000000000000000e+02 1.418999999999999950e+01
0.000000000000000000e+00 -6.294690000000000509e+02 3.510000000000000000e+02 1.418999999999999950e+01
2.507000000000000117e+00 -6.248360000000000127e+02 3.515000000000000000e+02 1.421000000000000085e+01
0.000000000000000000e+00 -6.273429999999999609e+02 3.520000000000000000e+02 1.421000000000000085e+01
3.820000000000000062e-01 -6.290860000000000127e+02 3.525000000000000000e+02 1.421000000000000085e+01
0.000000000000000000e+00 -6.294690000000000509e+02 3.530000000000000000e+02 1.421000000000000085e+01
2.507000000000000117e+00 -6.248360000000000127e+02 3.535000000000000000e+02 1.431000000000000050e+01
0.000000000000000000e+00 -6.273429999999999609e+02 3.540000000000000000e+02 1.431000000000000050e+01
3.820000000000000062e-01 -6.290869999999999891e+02 3.545000000000000000e+02 1.431000000000000050e+01
0.000000000000000000e+00 -6.294690000000000509e+02 3.550000000000000000e+02 1.431000000000000050e+01
2.507000000000000117e+00 -6.248360000000000127e+02 3.555000000000000000e+02 1.433999999999999986e+01
0.000000000000000000e+00 -6.273429999999999609e+02 3.560000000000000000e+02 1.433999999999999986e+01
3.820000000000000062e-01 -6.290869999999999891e+02 3.565000000000000000e+02 1.433999999999999986e+01
0.000000000000000000e+00 -6.294690000000000509e+02 3.570000000000000000e+02 1.433999999999999986e+01
2.508000000000000007e+00 -6.248350000000000364e+02 3.575000000000000000e+02 1.438000000000000078e+01
0.000000000000000000e+00 -6.273429999999999609e+02 3.580000000000000000e+02 1.438000000000000078e+01
3.820000000000000062e-01 -6.290869999999999891e+02 3.585000000000000000e+02 1.438000000000000078e+01
0.000000000000000000e+00 -6.294690000000000509e+02 3.590000000000000000e+02 1.438000000000000078e+01
2.507000000000000117e+00 -6.248360000000000127e+02 3.595000000000000000e+02 1.450999999999999979e+01
0.000000000000000000e+00 -6.273429999999999609e+02 3.600000000000000000e+02 1.450999999999999979e+01
3.820000000000000062e-01 -6.290869999999999891e+02 3.605000000000000000e+02 1.450999999999999979e+01
0.000000000000000000e+00 -6.294690000000000509e+02 3.610000000000000000e+02 1.450999999999999979e+01
2.508000000000000007e+00 -6.248350000000000364e+02 3.615000000000000000e+02 1.450999999999999979e+01
0.000000000000000000e+00 -6.273429999999999609e+02 3.620000000000000000e+02 1.450999999999999979e+01
3.820000000000000062e-01 -6.290869999999999891e+02 3.625000000000000000e+02 1.450999999999999979e+01
0.000000000000000000e+00 -6.294690000000000509e+02 3.630000000000000000e+02 1.450999999999999979e+01
2.507000000000000117e+00 -6.248360000000000127e+02 3.635000000000000000e+02 1.455000000000000071e+01
0.000000000000000000e+00 -6.273429999999999609e+02 3.640000000000000000e+02 1.455000000000000071e+01
3.820000000000000062e-01 -6.290869999999999891e+02 3.645000000000000000e+02 1.455000000000000071e+01
0.000000000000000000e+00 -6.294690000000000509e+02 3.650000000000000000e+02 1.455000000000000071e+01
2.508000000000000007e+00 -6.248350000000000364e+02 3.655000000000000000e+02 1.466000000000000014e+01
0.000000000000000000e+00 -6.273429999999999609e+02 3.660000000000000000e+02 1.466000000000000014e+01
3.820000000000000062e-01 -6.290869999999999891e+02 3.665000000000000000e+02 1.466000000000000014e+01
0.000000000000000000e+00 -6.294690000000000509e+02 3.670000000000000000e+02 1.466000000000000014e+01
2.507000000000000117e+00 -6.248360000000000127e+02 3.675000000000000000e+02 1.469999999999999929e+01
0.000000000000000000e+00 -6.273429999999999609e+02 3.680000000000000000e+02 1.469999999999999929e+01
3.820000000000000062e-01 -6.290860000000000127e+02 3.685000000000000000e+02 1.469999999999999929e+01
0.000000000000000000e+00 -6.294690000000000509e+02 3.690000000000000000e+02 1.469999999999999929e+01
2.507000000000000117e+00 -6.248360000000000127e+02 3.695000000000000000e+02 1.477999999999999936e+01
0.000000000000000000e+00 -6.273429999999999609e+02 3.700000000000000000e+02 1.477999999999999936e+01
3.820000000000000062e-01 -6.290860000000000127e+02 3.705000000000000000e+02 1.477999999999999936e+01
0.000000000000000000e+00 -6.294690000000000509e+02 3.710000000000000000e+02 1.477999999999999936e+01
2.507000000000000117e+00 -6.248360000000000127e+02 3.715000000000000000e+02 1.478999999999999915e+01
0.000000000000000000e+00 -6.273429999999999609e+02 3.720000000000000000e+02 1.478999999999999915e+01
3.820000000000000062e-01 -6.290869999999999891e+02 3.725000000000000000e+02 1.478999999999999915e+01
0.000000000000000000e+00 -6.294690000000000509e+02 3.730000000000000000e+02 1.478999999999999915e+01
2.507000000000000117e+00 -6.248360000000000127e+02 3.735000000000000000e+02 1.481000000000000050e+01
0.000000000000000000e+00 -6.273429999999999609e+02 3.740000000000000000e+02 1.481000000000000050e+01
3.820000000000000062e-01 -6.290860000000000127e+02 3.745000000000000000e+02 1.481000000000000050e+01
0.000000000000000000e+00 -6.294690000000000509e+02 3.750000000000000000e+02 1.481000000000000050e+01
2.507000000000000117e+00 -6.248360000000000127e+02 3.755000000000000000e+02 1.493999999999999950e+01
0.000000000000000000e+00 -6.273429999999999609e+02 3.760000000000000000e+02 1.493999999999999950e+01
3.820000000000000062e-01 -6.290860000000000127e+02 3.765000000000000000e+02 1.493999999999999950e+01
0.000000000000000000e+00 -6.294690000000000509e+02 3.770000000000000000e+02 1.493999999999999950e+01
2.507000000000000117e+00 -6.248360000000000127e+02 3.775000000000000000e+02 1.513000000000000078e+01
0.000000000000000000e+00 -6.273429999999999609e+02 3.780000000000000000e+02 1.513000000000000078e+01
3.820000000000000062e-01 -6.290860000000000127e+02 3.785000000000000000e+02 1.513000000000000078e+01
0.000000000000000000e+00 -6.294690000000000509e+02 3.790000000000000000e+02 1.513000000000000078e+01
2.507000000000000117e+00 -6.248360000000000127e+02 3.795000000000000000e+02 1.516999999999999993e+01
0.000000000000000000e+00 -6.273429999999999609e+02 3.800000000000000000e+02 1.516999999999999993e+01
3.820000000000000062e-01 -6.290869999999999891e+02 3.805000000000000000e+02 1.516999999999999993e+01
0.000000000000000000e+00 -6.294690000000000509e+02 3.810000000000000000e+02 1.516999999999999993e+01
2.507000000000000117e+00 -6.248360000000000127e+02 3.815000000000000000e+02 1.525999999999999979e+01
0.000000000000000000e+00 -6.273429999999999609e+02 3.820000000000000000e+02 1.525999999999999979e+01
3.820000000000000062e-01 -6.290869999999999891e+02 3.825000000000000000e+02 1.525999999999999979e+01
0.000000000000000000e+00 -6.294690000000000509e+02 3.830000000000000000e+02 1.525999999999999979e+01
2.507000000000000117e+00 -6.248360000000000127e+02 3.835000000000000000e+02 1.530000000000000071e+01
0.000000000000000000e+00 -6.273429999999999609e+02 3.840000000000000000e+02 1.530000000000000071e+01
3.820000000000000062e-01 -6.290869999999999891e+02 3.845000000000000000e+02 1.530000000000000071e+01
0.000000000000000000e+00 -6.294690000000000509e+02 3.850000000000000000e+02 1.530000000000000071e+01
2.507000000000000117e+00 -6.248360000000000127e+02 3.855000000000000000e+02 1.536999999999999922e+01
0.000000000000000000e+00 -6.273429999999999609e+02 3.860000000000000000e+02 1.536999999999999922e+01
3.820000000000000062e-01 -6.290860000000000127e+02 3.865000000000000000e+02 1.536999999999999922e+01
0.000000000000000000e+00 -6.294690000000000509e+02 3.870000000000000000e+02 1.536999999999999922e+01
2.507000000000000117e+00 -6.248360000000000127e+02 3.875000000000000000e+02 1.550000000000000000e+01
0.000000000000000000e+00 -6.273429999999999609e+02 3.880000000000000000e+02 1.550000000000000000e+01
3.820000000000000062e-01 -6.290860000000000127e+02 3.885000000000000000e+02 1.550000000000000000e+01
0.000000000000000000e+00 -6.294690000000000509e+02 3.890000000000000000e+02 1.550000000000000000e+01
2.507000000000000117e+00 -6.248360000000000127e+02 3.895000000000000000e+02 1.563000000000000078e+01
0.000000000000000000e+00 -6.273429999999999609e+02 3.900000000000000000e+02 1.563000000000000078e+01
3.820000000000000062e-01 -6.290860000000000127e+02 3.905000000000000000e+02 1.563000000000000078e+01
0.000000000000000000e+00 -6.294690000000000509e+02 3.910000000000000000e+02 1.563000000000000078e+01
2.507000000000000117e+00 -6.248360000000000127e+02 3.915000000000000000e+02 1.567999999999999972e+01
0.000000000000000000e+00 -6.273429999999999609e+02 3.920000000000000000e+02 1.567999999999999972e+01
3.820000000000000062e-01 -6.290860000000000127e+02 3.925000000000000000e+02 1.567999999999999972e+01
0.000000000000000000e+00 -6.294690000000000509e+02 3.930000000000000000e+02 1.567999999999999972e+01
2.507000000000000117e+00 -6.248360000000000127e+02 3.935000000000000000e+02 1.589000000000000057e+01
0.000000000000000000e+00 -6.273429999999999609e+02 3.940000000000000000e+02 1.589000000000000057e+01
3.820000000000000062e-01 -6.290860000000000127e+02 3.945000000000000000e+02 1.589000000000000057e+01
0.000000000000000000e+00 -6.294690000000000509e+02 3.950000000000000000e+02 1.589000000000000057e+01
2.507000000000000117e+00 -6.248360000000000127e+02 3.955000000000000000e+02 1.591999999999999993e+01
0.000000000000000000e+00 -6.273429999999999609e+02 3.960000000000000000e+02 1.591999999999999993e+01
3.820000000000000062e-01 -6.290860000000000127e+02 3.965000000000000000e+02 1.591999999999999993e+01
0.000000000000000000e+00 -6.294690000000000509e+02 3.970000000000000000e+02 1.591999999999999993e+01
2.508000000000000007e+00 -6.248350000000000364e+02 3.975000000000000000e+02 1.593999999999999950e+01
0.000000000000000000e+00 -6.273429999999999609e+02 3.980000000000000000e+02 1.593999999999999950e+01
3.830000000000000071e-01 -6.290860000000000127e+02 3.985000000000000000e+02 1.593999999999999950e+01
0.000000000000000000e+00 -6.294690000000000509e+02 3.990000000000000000e+02 1.593999999999999950e+01
2.507000000000000117e+00 -6.248360000000000127e+02 3.995000000000000000e+02 1.605999999999999872e+01
0.000000000000000000e+00 -6.273429999999999609e+02 4.000000000000000000e+02 1.605999999999999872e+01
3.820000000000000062e-01 -6.290860000000000127e+02 4.005000000000000000e+02 1.605999999999999872e+01
0.000000000000000000e+00 -6.294690000000000509e+02 4.010000000000000000e+02 1.605999999999999872e+01
2.507000000000000117e+00 -6.248360000000000127e+02 4.015000000000000000e+02 1.608999999999999986e+01
0.000000000000000000e+00 -6.273429999999999609e+02 4.020000000000000000e+02 1.608999999999999986e+01
3.820000000000000062e-01 -6.290860000000000127e+02 4.025000000000000000e+02 1.608999999999999986e+01
0.000000000000000000e+00 -6.294690000000000509e+02 4.030000000000000000e+02 1.608999999999999986e+01
2.507000000000000117e+00 -6.248360000000000127e+02 4.035000000000000000e+02 1.610000000000000142e+01
0.000000000000000000e+00 -6.273429999999999609e+02 4.040000000000000000e+02 1.610000000000000142e+01
3.820000000000000062e-01 -6.290869999999999891e+02 4.045000000000000000e+02 1.610000000000000142e+01
0.000000000000000000e+00 -6.294690000000000509e+02 4.050000000000000000e+02 1.610000000000000142e+01
2.507000000000000117e+00 -6.248360000000000127e+02 4.055000000000000000e+02 1.637999999999999901e+01
0.000000000000000000e+00 -6.273429999999999609e+02 4.060000000000000000e+02 1.637999999999999901e+01
3.820000000000000062e-01 -6.290860000000000127e+02 4.065000000000000000e+02 1.637999999999999901e+01
0.000000000000000000e+00 -6.294690000000000509e+02 4.070000000000000000e+02 1.637999999999999901e+01
2.507000000000000117e+00 -6.248360000000000127e+02 4.075000000000000000e+02 1.651000000000000156e+01
0.000000000000000000e+00 -6.273429999999999609e+02 4.080000000000000000e+02 1.651000000000000156e+01
3.820000000000000062e-01 -6.290869999999999891e+02 4.085000000000000000e+02 1.651000000000000156e+01
0.000000000000000000e+00 -6.294690000000000509e+02 4.090000000000000000e+02 1.651000000000000156e+01
2.507000000000000117e+00 -6.248360000000000127e+02 4.095000000000000000e+02 1.653000000000000114e+01
0.000000000000000000e+00 -6.273429999999999609e+02 4.100000000000000000e+02 1.653000000000000114e+01
3.820000000000000062e-01 -6.290869999999999891e+02 4.105000000000000000e+02 1.653000000000000114e+01
0.000000000000000000e+00 -6.294690000000000509e+02 4.110000000000000000e+02 1.653000000000000114e+01
2.507000000000000117e+00 -6.248360000000000127e+02 4.115000000000000000e+02 1.666000000000000014e+01
0.000000000000000000e+00 -6.273429999999999609e+02 4.120000000000000000e+02 1.666000000000000014e+01
3.820000000000000062e-01 -6.290869999999999891e+02 4.125000000000000000e+02 1.666000000000000014e+01
0.000000000000000000e+00 -6.294690000000000509e+02 4.130000000000000000e+02 1.666000000000000014e+01
2.507000000000000117e+00 -6.248360000000000127e+02 4.135000000000000000e+02 1.683999999999999986e+01
0.000000000000000000e+00 -6.273429999999999609e+02 4.140000000000000000e+02 1.683999999999999986e+01
3.820000000000000062e-01 -6.290869999999999891e+02 4.145000000000000000e+02 1.683999999999999986e+01
0.000000000000000000e+00 -6.294690000000000509e+02 4.150000000000000000e+02 1.683999999999999986e+01
2.507000000000000117e+00 -6.248360000000000127e+02 4.155000000000000000e+02 1.696000000000000085e+01
0.000000000000000000e+00 -6.273429999999999609e+02 4.160000000000000000e+02 1.696000000000000085e+01
3.820000000000000062e-01 -6.290860000000000127e+02 4.165000000000000000e+02 1.696000000000000085e+01
0.000000000000000000e+00 -6.294690000000000509e+02 4.170000000000000000e+02 1.696000000000000085e+01
2.507000000000000117e+00 -6.248360000000000127e+02 4.175000000000000000e+02 1.701000000000000156e+01
0.000000000000000000e+00 -6.273429999999999609e+02 4.180000000000000000e+02 1.701000000000000156e+01
3.820000000000000062e-01 -6.290860000000000127e+02 4.185000000000000000e+02 1.701000000000000156e+01
0.000000000000000000e+00 -6.294690000000000509e+02 4.190000000000000000e+02 1.701000000000000156e+01
2.507000000000000117e+00 -6.248360000000000127e+02 4.195000000000000000e+02 1.712000000000000099e+01
0.000000000000000000e+00 -6.273429999999999609e+02 4.200000000000000000e+02 1.712000000000000099e+01
3.820000000000000062e-01 -6.290869999999999891e+02 4.205000000000000000e+02 1.712000000000000099e+01
0.000000000000000000e+00 -6.294690000000000509e+02 4.210000000000000000e+02 1.712000000000000099e+01
2.508000000000000007e+00 -6.248350000000000364e+02 4.215000000000000000e+02 1.714000000000000057e+01
0.000000000000000000e+00 -6.273429999999999609e+02 4.220000000000000000e+02 1.714000000000000057e+01
3.830000000000000071e-01 -6.290860000000000127e+02 4.225000000000000000e+02 1.714000000000000057e+01
0.000000000000000000e+00 -6.294690000000000509e+02 4.230000000000000000e+02 1.714000000000000057e+01
2.507000000000000117e+00 -6.248360000000000127e+02 4.235000000000000000e+02 1.719000000000000128e+01
0.000000000000000000e+00 -6.273429999999999609e+02 4.240000000000000000e+02 1.719000000000000128e+01
3.820000000000000062e-01 -6.290860000000000127e+02 4.245000000000000000e+02 1.719000000000000128e+01
0.000000000000000000e+00 -6.294690000000000509e+02 4.250000000000000000e+02 1.719000000000000128e+01
2.507000000000000117e+00 -6.248360000000000127e+02 4.255000000000000000e+02 1.721000000000000085e+01
0.000000000000000000e+00 -6.273429999999999609e+02 4.260000000000000000e+02 1.721000000000000085e+01
3.820000000000000062e-01 -6.290860000000000127e+02 4.265000000000000000e+02 1.721000000000000085e+01
0.000000000000000000e+00 -6.294690000000000509e+02 4.270000000000000000e+02 1.721000000000000085e+01
2.507000000000000117e+00 -6.248360000000000127e+02 4.275000000000000000e+02 1.728000000000000114e+01
0.000000000000000000e+00 -6.273429999999999609e+02 4.280000000000000000e+02 1.728000000000000114e+01
3.820000000000000062e-01 -6.290860000000000127e+02 4.285000000000000000e+02 1.728000000000000114e+01
0.000000000000000000e+00 -6.294690000000000509e+02 4.290000000000000000e+02 1.728000000000000114e+01
2.507000000000000117e+00 -6.248360000000000127e+02 4.295000000000000000e+02 1.730000000000000071e+01
0.000000000000000000e+00 -6.273429999999999609e+02 4.300000000000000000e+02 1.730000000000000071e+01
3.820000000000000062e-01 -6.290860000000000127e+02 4.305000000000000000e+02 1.730000000000000071e+01
0.000000000000000000e+00 -6.294690000000000509e+02 4.310000000000000000e+02 1.730000000000000071e+01
2.507000000000000117e+00 -6.248360000000000127e+02 4.315000000000000000e+02 1.742000000000000171e+01
0.000000000000000000e+00 -6.273429999999999609e+02 4.320000000000000000e+02 1.742000000000000171e+01
3.820000000000000062e-01 -6.290860000000000127e+02 4.325000000000000000e+02 1.742000000000000171e+01
0.000000000000000000e+00 -6.294690000000000509e+02 4.330000000000000000e+02 1.742000000000000171e+01
2.508000000000000007e+00 -6.248350000000000364e+02 4.335000000000000000e+02 1.757000000000000028e+01
0.000000000000000000e+00 -6.273429999999999609e+02 4.340000000000000000e+02 1.757000000000000028e+01
3.820000000000000062e-01 -6.290860000000000127e+02 4.345000000000000000e+02 1.757000000000000028e+01
0.000000000000000000e+00 -6.294690000000000509e+02 4.350000000000000000e+02 1.757000000000000028e+01
2.507000000000000117e+00 -6.248360000000000127e+02 4.355000000000000000e+02 1.760000000000000142e+01
0.000000000000000000e+00 -6.273429999999999609e+02 4.360000000000000000e+02 1.760000000000000142e+01
3.820000000000000062e-01 -6.290860000000000127e+02 4.365000000000000000e+02 1.760000000000000142e+01
0.000000000000000000e+00 -6.294690000000000509e+02 4.370000000000000000e+02 1.760000000000000142e+01
2.508000000000000007e+00 -6.248350000000000364e+02 4.375000000000000000e+02 1.801000000000000156e+01
0.000000000000000000e+00 -6.273429999999999609e+02 4.380000000000000000e+02 1.801000000000000156e+01
3.820000000000000062e-01 -6.290860000000000127e+02 4.385000000000000000e+02 1.801000000000000156e+01
0.000000000000000000e+00 -6.294690000000000509e+02 4.390000000000000000e+02 1.801000000000000156e+01
2.507000000000000117e+00 -6.248360000000000127e+02 4.395000000000000000e+02 1.812000000000000099e+01
0.000000000000000000e+00 -6.273429999999999609e+02 4.400000000000000000e+02 1.812000000000000099e+01
3.820000000000000062e-01 -6.290860000000000127e+02 4.405000000000000000e+02 1.812000000000000099e+01
0.000000000000000000e+00 -6.294690000000000509e+02 4.410000000000000000e+02 1.812000000000000099e+01
2.507000000000000117e+00 -6.248360000000000127e+02 4.415000000000000000e+02 1.823000000000000043e+01
0.000000000000000000e+00 -6.273429999999999609e+02 4.420000000000000000e+02 1.823000000000000043e+01
3.820000000000000062e-01 -6.290869999999999891e+02 4.425000000000000000e+02 1.823000000000000043e+01
0.000000000000000000e+00 -6.294690000000000509e+02 4.430000000000000000e+02 1.823000000000000043e+01
2.508000000000000007e+00 -6.248350000000000364e+02 4.435000000000000000e+02 1.826000000000000156e+01
0.000000000000000000e+00 -6.273429999999999609e+02 4.440000000000000000e+02 1.826000000000000156e+01
3.830000000000000071e-01 -6.290860000000000127e+02 4.445000000000000000e+02 1.826000000000000156e+01
0.000000000000000000e+00 -6.294690000000000509e+02 4.450000000000000000e+02 1.826000000000000156e+01
2.507000000000000117e+00 -6.248360000000000127e+02 4.455000000000000000e+02 1.832000000000000028e+01
0.000000000000000000e+00 -6.273429999999999609e+02 4.460000000000000000e+02 1.832000000000000028e+01
3.820000000000000062e-01 -6.290860000000000127e+02 4.465000000000000000e+02 1.832000000000000028e+01
0.000000000000000000e+00 -6.294690000000000509e+02 4.470000000000000000e+02 1.832000000000000028e+01
2.507000000000000117e+00 -6.248360000000000127e+02 4.475000000000000000e+02 1.842999999999999972e+01
0.000000000000000000e+00 -6.273429999999999609e+02 4.480000000000000000e+02 1.842999999999999972e+01
3.820000000000000062e-01 -6.290860000000000127e+02 4.485000000000000000e+02 1.842999999999999972e+01
0.000000000000000000e+00 -6.294690000000000509e+02 4.490000000000000000e+02 1.842999999999999972e+01
2.507000000000000117e+00 -6.248360000000000127e+02 4.495000000000000000e+02 1.853000000000000114e+01
0.000000000000000000e+00 -6.273429999999999609e+02 4.500000000000000000e+02 1.853000000000000114e+01
3.820000000000000062e-01 -6.290860000000000127e+02 4.505000000000000000e+02 1.853000000000000114e+01
0.000000000000000000e+00 -6.294690000000000509e+02 4.510000000000000000e+02 1.853000000000000114e+01
2.508000000000000007e+00 -6.248350000000000364e+02 4.515000000000000000e+02 1.885999999999999943e+01
0.000000000000000000e+00 -6.273429999999999609e+02 4.520000000000000000e+02 1.885999999999999943e+01
3.820000000000000062e-01 -6.290860000000000127e+02 4.525000000000000000e+02 1.885999999999999943e+01
0.000000000000000000e+00 -6.294690000000000509e+02 4.530000000000000000e+02 1.885999999999999943e+01
2.507000000000000117e+00 -6.248360000000000127e+02 4.535000000000000000e+02 1.896000000000000085e+01
0.000000000000000000e+00 -6.273429999999999609e+02 4.540000000000000000e+02 1.896000000000000085e+01
3.820000000000000062e-01 -6.290869999999999891e+02 4.545000000000000000e+02 1.896000000000000085e+01
0.000000000000000000e+00 -6.294690000000000509e+02 4.550000000000000000e+02 1.896000000000000085e+01
2.507000000000000117e+00 -6.248360000000000127e+02 4.555000000000000000e+02 1.896000000000000085e+01
0.000000000000000000e+00 -6.273429999999999609e+02 4.560000000000000000e+02 1.896000000000000085e+01
3.820000000000000062e-01 -6.290860000000000127e+02 4.565000000000000000e+02 1.896000000000000085e+01
0.000000000000000000e+00 -6.294690000000000509e+02 4.570000000000000000e+02 1.896000000000000085e+01
2.507000000000000117e+00 -6.248360000000000127e+02 4.575000000000000000e+02 1.896000000000000085e+01
0.000000000000000000e+00 -6.273429999999999609e+02 4.580000000000000000e+02 1.896000000000000085e+01
3.820000000000000062e-01 -6.290860000000000127e+02 4.585000000000000000e+02 1.896000000000000085e+01
0.000000000000000000e+00 -6.294690000000000509e+02 4.590000000000000000e+02 1.896000000000000085e+01
2.507000000000000117e+00 -6.248360000000000127e+02 4.595000000000000000e+02 1.905999999999999872e+01
0.000000000000000000e+00 -6.273429999999999609e+02 4.600000000000000000e+02 1.905999999999999872e+01
3.820000000000000062e-01 -6.290869999999999891e+02 4.605000000000000000e+02 1.905999999999999872e+01
0.000000000000000000e+00 -6.294690000000000509e+02 4.610000000000000000e+02 1.905999999999999872e+01
2.508000000000000007e+00 -6.248350000000000364e+02 4.615000000000000000e+02 1.907999999999999829e+01
0.000000000000000000e+00 -6.273429999999999609e+02 4.620000000000000000e+02 1.907999999999999829e+01
3.830000000000000071e-01 -6.290860000000000127e+02 4.625000000000000000e+02 1.907999999999999829e+01
0.000000000000000000e+00 -6.294690000000000509e+02 4.630000000000000000e+02 1.907999999999999829e+01
2.507000000000000117e+00 -6.248360000000000127e+02 4.635000000000000000e+02 1.912000000000000099e+01
0.000000000000000000e+00 -6.273429999999999609e+02 4.640000000000000000e+02 1.912000000000000099e+01
3.820000000000000062e-01 -6.290860000000000127e+02 4.645000000000000000e+02 1.912000000000000099e+01
0.000000000000000000e+00 -6.294690000000000509e+02 4.650000000000000000e+02 1.912000000000000099e+01
2.507000000000000117e+00 -6.248360000000000127e+02 4.655000000000000000e+02 1.932999999999999829e+01
0.000000000000000000e+00 -6.273429999999999609e+02 4.660000000000000000e+02 1.932999999999999829e+01
3.820000000000000062e-01 -6.290860000000000127e+02 4.665000000000000000e+02 1.932999999999999829e+01
0.000000000000000000e+00 -6.294690000000000509e+02 4.670000000000000000e+02 1.932999999999999829e+01
2.507000000000000117e+00 -6.248360000000000127e+02 4.675000000000000000e+02 1.935999999999999943e+01
0.000000000000000000e+00 -6.273429999999999609e+02 4.680000000000000000e+02 1.935999999999999943e+01
3.820000000000000062e-01 -6.290860000000000127e+02 4.685000000000000000e+02 1.935999999999999943e+01
0.000000000000000000e+00 -6.294690000000000509e+02 4.690000000000000000e+02 1.935999999999999943e+01
2.507000000000000117e+00 -6.248360000000000127e+02 4.695000000000000000e+02 1.942000000000000171e+01
0.000000000000000000e+00 -6.273429999999999609e+02 4.700000000000000000e+02 1.942000000000000171e+01
3.820000000000000062e-01 -6.290860000000000127e+02 4.705000000000000000e+02 1.942000000000000171e+01
0.000000000000000000e+00 -6.294690000000000509e+02 4.710000000000000000e+02 1.942000000000000171e+01
2.507000000000000117e+00 -6.248360000000000127e+02 4.715000000000000000e+02 1.944999999999999929e+01
0.000000000000000000e+00 -6.273429999999999609e+02 4.720000000000000000e+02 1.944999999999999929e+01
3.820000000000000062e-01 -6.290860000000000127e+02 4.725000000000000000e+02 1.944999999999999929e+01
0.000000000000000000e+00 -6.294690000000000509e+02 4.730000000000000000e+02 1.944999999999999929e+01
2.508000000000000007e+00 -6.248350000000000364e+02 4.735000000000000000e+02 1.964000000000000057e+01
0.000000000000000000e+00 -6.273429999999999609e+02 4.740000000000000000e+02 1.964000000000000057e+01
3.820000000000000062e-01 -6.290869999999999891e+02 4.745000000000000000e+02 1.964000000000000057e+01
0.000000000000000000e+00 -6.294690000000000509e+02 4.750000000000000000e+02 1.964000000000000057e+01
2.507000000000000117e+00 -6.248360000000000127e+02 4.755000000000000000e+02 1.969000000000000128e+01
0.000000000000000000e+00 -6.273429999999999609e+02 4.760000000000000000e+02 1.969000000000000128e+01
3.820000000000000062e-01 -6.290860000000000127e+02 4.765000000000000000e+02 1.969000000000000128e+01
0.000000000000000000e+00 -6.294690000000000509e+02 4.770000000000000000e+02 1.969000000000000128e+01
2.507000000000000117e+00 -6.248360000000000127e+02 4.775000000000000000e+02 1.973999999999999844e+01
0.000000000000000000e+00 -6.273429999999999609e+02 4.780000000000000000e+02 1.973999999999999844e+01
3.820000000000000062e-01 -6.290860000000000127e+02 4.785000000000000000e+02 1.973999999999999844e+01
0.000000000000000000e+00 -6.294690000000000509e+02 4.790000000000000000e+02 1.973999999999999844e+01
2.507000000000000117e+00 -6.248360000000000127e+02 4.795000000000000000e+02 1.975000000000000000e+01
0.000000000000000000e+00 -6.273429999999999609e+02 4.800000000000000000e+02 1.975000000000000000e+01
3.820000000000000062e-01 -6.290869999999999891e+02 4.805000000000000000e+02 1.975000000000000000e+01
0.000000000000000000e+00 -6.294690000000000509e+02 4.810000000000000000e+02 1.975000000000000000e+01
2.507000000000000117e+00 -6.248360000000000127e+02 4.815000000000000000e+02 1.976000000000000156e+01
0.000000000000000000e+00 -6.273429999999999609e+02 4.820000000000000000e+02 1.976000000000000156e+01
3.820000000000000062e-01 -6.290860000000000127e+02 4.825000000000000000e+02 1.976000000000000156e+01
0.000000000000000000e+00 -6.294690000000000509e+02 4.830000000000000000e+02 1.976000000000000156e+01
2.507000000000000117e+00 -6.248360000000000127e+02 4.835000000000000000e+02 1.991000000000000014e+01
0.000000000000000000e+00 -6.273429999999999609e+02 4.840000000000000000e+02 1.991000000000000014e+01
3.820000000000000062e-01 -6.290869999999999891e+02 4.845000000000000000e+02 1.991000000000000014e+01
0.000000000000000000e+00 -6.294690000000000509e+02 4.850000000000000000e+02 1.991000000000000014e+01
2.508000000000000007e+00 -6.248350000000000364e+02 4.855000000000000000e+02 1.994999999999999929e+01
0.000000000000000000e+00 -6.273429999999999609e+02 4.860000000000000000e+02 1.994999999999999929e+01
3.820000000000000062e-01 -6.290860000000000127e+02 4.865000000000000000e+02 1.994999999999999929e+01
0.000000000000000000e+00 -6.294690000000000509e+02 4.870000000000000000e+02 1.994999999999999929e+01
2.507000000000000117e+00 -6.248360000000000127e+02 4.875000000000000000e+02 2.000000000000000000e+01
0.000000000000000000e+00 -6.273429999999999609e+02 4.880000000000000000e+02 2.000000000000000000e+01
3.820000000000000062e-01 -6.290860000000000127e+02 4.885000000000000000e+02 2.000000000000000000e+01
0.000000000000000000e+00 -6.294690000000000509e+02 4.890000000000000000e+02 2.000000000000000000e+01
2.508000000000000007e+00 -6.248350000000000364e+02 4.895000000000000000e+02 2.003999999999999915e+01
0.000000000000000000e+00 -6.273429999999999609e+02 4.900000000000000000e+02 2.003999999999999915e+01
