# t
0.000000000000000000e+00
2.031332900000000150e-03
2.031332900000000150e-03
1.527200300000000066e-01
1.527200300000000066e-01
3.015921699999999928e-01
3.015921699999999928e-01
3.396738699999999889e-01
3.396738699999999889e-01
4.033135800000000049e-01
4.033135800000000049e-01
4.220602900000000046e-01
4.220602900000000046e-01
4.710075400000000023e-01
4.710075400000000023e-01
4.983867599999999842e-01
4.983867599999999842e-01
6.456646700000000516e-01
6.456646700000000516e-01
6.577388499999999860e-01
6.577388499999999860e-01
6.744669599999999487e-01
6.744669599999999487e-01
6.752344799999999703e-01
6.752344799999999703e-01
7.445755899999999539e-01
7.445755899999999539e-01
7.863624900000000251e-01
7.863624900000000251e-01
8.117675899999999833e-01
8.117675899999999833e-01
8.284461699999999817e-01
8.284461699999999817e-01
8.324498900000000257e-01
8.324498900000000257e-01
8.723801700000000103e-01
8.723801700000000103e-01
8.738985200000000120e-01
8.738985200000000120e-01
8.795492099999999702e-01
8.795492099999999702e-01
9.006103699999999934e-01
9.006103699999999934e-01
9.039035300000000106e-01
9.039035300000000106e-01
9.292317199999999833e-01
9.292317199999999833e-01
9.312547700000000095e-01
9.312547700000000095e-01
9.534605999999999915e-01
9.534605999999999915e-01
1.042671600000000032e+00
1.042671600000000032e+00
1.061478099999999980e+00
1.061478099999999980e+00
1.082810100000000109e+00
1.082810100000000109e+00
1.083460000000000090e+00
1.083460000000000090e+00
1.115046500000000052e+00
1.115046500000000052e+00
1.343781399999999904e+00
1.343781399999999904e+00
1.394562499999999927e+00
1.394562499999999927e+00
1.417489599999999905e+00
1.417489599999999905e+00
1.444095899999999988e+00
1.444095899999999988e+00
1.470738899999999960e+00
1.470738899999999960e+00
1.487903799999999999e+00
1.487903799999999999e+00
1.613968300000000022e+00
1.613968300000000022e+00
1.667247399999999935e+00
1.667247399999999935e+00
1.686290499999999914e+00
1.686290499999999914e+00
1.686290499999999914e+00
1.686290499999999914e+00
1.706398999999999999e+00
1.706398999999999999e+00
1.727576400000000012e+00
1.727576400000000012e+00
1.727576400000000012e+00
1.727576400000000012e+00
1.736968599999999974e+00
1.736968599999999974e+00
1.829281200000000052e+00
1.829281200000000052e+00
1.871282700000000077e+00
1.871282700000000077e+00
1.871282700000000077e+00
1.871282700000000077e+00
1.984276600000000057e+00
1.984276600000000057e+00
1.984276600000000057e+00
1.984276600000000057e+00
1.984276600000000057e+00
1.984276600000000057e+00
1.984276600000000057e+00
1.984276600000000057e+00
2.013546499999999906e+00
2.013546499999999906e+00
2.043443299999999851e+00
2.043443299999999851e+00
2.095737199999999856e+00
2.095737199999999856e+00
2.128215400000000201e+00
2.128215400000000201e+00
2.172915699999999894e+00
2.172915699999999894e+00
2.180070300000000127e+00
2.180070300000000127e+00
2.213913699999999984e+00
2.213913699999999984e+00
2.219085600000000102e+00
2.219085600000000102e+00
2.261138799999999893e+00
2.261138799999999893e+00
2.341013300000000186e+00
2.341013300000000186e+00
2.341013300000000186e+00
2.341013300000000186e+00
2.397895099999999946e+00
2.397895099999999946e+00
2.399863100000000138e+00
2.399863100000000138e+00
2.399863100000000138e+00
2.399863100000000138e+00
2.405737499999999862e+00
2.405737499999999862e+00
2.422811999999999966e+00
2.422811999999999966e+00
2.477574800000000188e+00
2.477574800000000188e+00
2.546975400000000000e+00
2.546975400000000000e+00
2.562826600000000177e+00
2.562826600000000177e+00
2.573843500000000173e+00
2.573843500000000173e+00
2.578465200000000124e+00
2.578465200000000124e+00
2.578465200000000124e+00
2.578465200000000124e+00
2.599958899999999851e+00
2.599958899999999851e+00
2.635307500000000136e+00
2.635307500000000136e+00
2.647291899999999920e+00
2.647291899999999920e+00
2.650770899999999930e+00
2.650770899999999930e+00
2.671357700000000168e+00
2.671357700000000168e+00
2.681233600000000106e+00
2.681233600000000106e+00
2.691091300000000075e+00
2.691091300000000075e+00
2.703625600000000073e+00
2.703625600000000073e+00
2.703861999999999988e+00
2.703861999999999988e+00
2.709076599999999946e+00
2.709076599999999946e+00
2.709335400000000060e+00
