# t	msd	err
7.000000000000339284e-04 4.697622001452609553e+00 1.225426749934657611e+00
1.833333333333205363e-03 1.727266098856280507e+01 6.628542666519203763e+00
2.700000000000035705e-03 1.781159975396750639e+00 5.195724804323537116e-01
4.872727272727270763e-03 2.086841874509319350e+00 2.918505397506666599e-01
8.585714285714338839e-03 5.266023678467244729e+00 2.456929982522138456e+00
1.532727272727271543e-02 1.672286977393497409e+00 2.047510049857972358e-01
2.521584158415842922e-02 2.506635183934565081e+00 3.526056126892067599e-01
4.339316239316238361e-02 2.645098544545353647e+00 1.863765420046585020e-01
7.181725888324885787e-02 6.205702872661576386e+00 5.406991841565983448e-01
1.286375384615388862e-01 6.857979660490849838e+00 3.438293511692196991e-01
2.181273381294971392e-01 1.468826477445902334e+01 5.569428423442590592e-01
3.707054590570720842e-01 1.666828955535239842e+01 4.605714199155311883e-01
6.387658022690351212e-01 1.383948626442247409e+01 2.777972438600347926e-01
1.094152621838388573e+00 1.177032192938549215e+01 1.948407783043969166e-01
1.776680923694767822e+00 1.313711588274012954e+01 2.431943846458316794e-01
