# t	msd	err
1.000000000001000089e-06 1.214615041668500317e-01 2.886113913772139078e-02
7.000000000000061728e-06 1.429220952847187198e-01 5.047949967546509070e-02
1.607142857142890738e-05 1.069677539310192466e-01 1.474575844175544069e-02
2.599999999999933094e-05 1.586209636824064406e-01 4.500795367213299147e-02
4.158181818181817487e-05 1.989149896906529102e-01 3.007733519633933733e-02
8.102033898305104097e-05 2.078148569083410058e-01 1.841327268972299189e-02
1.256403508771939954e-04 6.896638526637001165e-01 1.875010450059150513e-01
2.373599999999962773e-04 4.821682220665193808e-01 1.457346719651297917e-01
4.481121019108285936e-04 8.851521616289445005e-01 1.838916376457817303e-01
7.502024000000046336e-04 1.139491156984965725e+00 1.696214694985944682e-01
1.182777901924285781e-03 1.286519473505939981e+00 1.020221119262744586e-01
2.464898607452036677e-03 1.056377920791788938e+00 6.843917813072222800e-02
4.307620286532943925e-03 1.645709345129208856e+00 7.728797086777598746e-02
7.504475137763378864e-03 1.436803029724427860e+00 5.158640386485131152e-02
1.063870848845100206e-02 2.222958047295564121e+00 2.504332951484705694e-02
2.474949548498454541e-02 3.027088232927003020e+00 2.072729957112152271e-02
4.412779272107417855e-02 3.778641942647713137e+00 2.175147487250148406e-02
7.490412492679406065e-02 4.629458722415251692e+00 1.742203541430982147e-02
1.347099077050511740e-01 5.880154426224998510e+00 1.356029530466181139e-02
2.384726590725757267e-01 8.219850192214604334e+00 1.219219740046963846e-02
4.159326381329979117e-01 1.103090843183846026e+01 1.204920071548632073e-02
7.363544243655779642e-01 1.244924688960878889e+01 1.194046025114939291e-02
1.310710351871095192e+00 1.540720399882147795e+01 1.146264963531918972e-02
2.316246846640854340e+00 1.634720760920354010e+01 9.011178155161819053e-03
4.098912061147612640e+00 1.925691051753076621e+01 8.089804283276698024e-03
7.798157459754508025e+00 2.187174198490890120e+01 5.947003578784346156e-03
1.235348474268986685e+01 3.968397320752936963e+01 5.651809481291088406e-03
2.313678015858875625e+01 7.437811854549862289e+01 9.527300166348812160e-03
3.921648576719098145e+01 9.045711572168275438e+01 1.103007707227026540e-02
