# t	msd	err
1.004999999999942504e-12 1.450047891772603681e-01 3.127386966418203157e-02
1.000000000000181008e-09 1.547891742025995776e-01 3.334756431644815555e-02
1.999999999999867776e-09 1.802645363108567877e-01 4.036319919572779746e-02
3.290059166666491428e-09 1.569816410895966408e-01 2.666977965521801983e-02
6.710000000000069680e-09 1.603216168671743325e-01 2.148254311659870616e-02
1.066666666666666292e-08 1.447185203601197012e-01 9.727467198329153505e-03
1.990166666666674528e-08 1.454183575728491273e-01 8.451607932860908182e-03
3.503839285714292575e-08 1.493017458832976985e-01 6.253714502980790325e-03
6.287352941176485412e-08 1.495237640834212178e-01 4.702421380040269251e-03
1.139737986555890690e-07 1.510049293246063795e-01 3.657270033593949896e-03
1.942911179207049383e-07 1.570567957785443947e-01 3.130640742199732301e-03
3.373175079890491531e-07 1.564129675027710331e-01 2.353072691829732714e-03
5.970384218930391125e-07 1.537280012122171635e-01 1.760953861900795741e-03
1.057806451950661775e-06 1.529662133299689031e-01 1.298308346635429099e-03
1.845536860358503557e-06 1.537824663144552184e-01 1.016602348092981870e-03
3.254767727183554244e-06 1.551863620759426909e-01 8.226045364367471279e-04
5.693825325680559508e-06 1.564896238642088933e-01 6.896457317767235419e-04
9.898587197397812850e-06 1.578039115156130989e-01 6.342647191540568864e-04
1.478333124277201888e-05 1.856838873811826329e-01 1.291861878412138001e-03
4.569999999998186624e-05 2.184153451908059651e-01 7.419776968613610302e-02
9.999999999998898659e-05 8.153333338343031755e+00 1.558651018307922298e+00
1.923333333333185921e-04 6.746163626492116094e+00 1.480199573807556623e+00
2.327848101265881135e-04 2.296833893997959120e+00 8.853584991463993303e-02
5.775930052953032016e-04 7.174538994499417566e-01 1.598121995907231599e-02
9.547085201793434686e-04 3.553970740221168878e+00 1.909161749003800979e-01
1.828859724950828054e-03 2.931326659945572732e+00 1.444762319426435015e-01
2.816794943820241648e-03 4.533469169346489025e+00 1.658047930758592969e-01
5.159959422136797293e-03 3.374921506221415068e+00 7.294907414814184865e-02
9.595247823155966457e-03 4.715309092478150887e+00 5.367154840288625856e-02
1.380665752526241165e-02 4.195317849870692228e+00 1.127140115580220828e-02
2.864295975297318289e-02 6.938997639575190668e+00 4.915205518522768047e-02
4.922696134035976778e-02 7.515748041681835190e+00 3.270353108103022516e-02
8.535895982306737628e-02 9.121634605484809200e+00 2.639510551493681398e-02
1.494116153796259949e-01 1.196914004920759034e+01 2.073873054479769690e-02
2.628676124605466291e-01 1.471260870923638286e+01 1.903142250973133970e-02
4.649165321642881321e-01 1.788695562455908217e+01 1.502269210519567404e-02
8.205079795215723948e-01 2.292729312172432543e+01 1.244888093731090495e-02
1.438495587738729098e+00 3.047829047492172450e+01 1.112565244589952020e-02
2.493547613974806065e+00 4.006182587036273191e+01 1.050718174041877749e-02
4.445065047000582581e+00 4.677946348008248378e+01 8.903954765843467151e-03
7.931257232998758511e+00 5.301825618459898948e+01 7.528288066409494390e-03
1.374518382476650125e+01 6.618317708383760589e+01 5.173760772507646731e-03
2.281539326177190219e+01 6.540853250798754459e+01 4.967301392926066171e-03
