# AtomId eventId barrier
2.660000000000000000e+02 1.107939000000000000e+06 2.374390000000000112e-01
2.600000000000000000e+02 6.331650000000000000e+05 1.710490000000000066e-01
2.630000000000000000e+02 4.985400000000000000e+05 3.076050000000000173e-01
2.660000000000000000e+02 2.690700000000000000e+04 2.373959999999999959e-01
2.600000000000000000e+02 6.331650000000000000e+05 1.710490000000000066e-01
2.630000000000000000e+02 4.985400000000000000e+05 3.076010000000000133e-01
2.660000000000000000e+02 2.690700000000000000e+04 2.373959999999999959e-01
2.600000000000000000e+02 4.979050000000000000e+05 5.621999999999999914e-02
2.610000000000000000e+02 7.024520000000000000e+05 2.277119999999999977e-01
2.630000000000000000e+02 2.169460000000000000e+05 4.237230000000000163e-01
2.670000000000000000e+02 8.390310000000000000e+05 3.835290000000000088e-01
2.610000000000000000e+02 1.097209000000000000e+06 1.292909999999999893e-01
2.660000000000000000e+02 1.107939000000000000e+06 2.374030000000000029e-01
2.600000000000000000e+02 6.331650000000000000e+05 1.710569999999999868e-01
2.630000000000000000e+02 4.985400000000000000e+05 3.076019999999999865e-01
2.600000000000000000e+02 9.592900000000000000e+05 1.836499999999999938e-02
2.630000000000000000e+02 2.549050000000000000e+05 1.343870000000000064e-01
2.630000000000000000e+02 2.652800000000000000e+04 1.582709999999999950e-01
2.630000000000000000e+02 6.023840000000000000e+05 1.571539999999999881e-01
2.670000000000000000e+02 9.121110000000000000e+05 2.613590000000000080e-01
2.600000000000000000e+02 1.509220000000000000e+05 2.693809999999999816e-01
2.630000000000000000e+02 2.549050000000000000e+05 1.334269999999999901e-01
2.630000000000000000e+02 2.652800000000000000e+04 1.627270000000000105e-01
2.630000000000000000e+02 6.023840000000000000e+05 1.611980000000000079e-01
2.680000000000000000e+02 1.081351000000000000e+06 2.538699999999999846e-01
2.600000000000000000e+02 8.195580000000000000e+05 2.477469999999999950e-01
2.620000000000000000e+02 9.267580000000000000e+05 2.714210000000000234e-01
2.620000000000000000e+02 3.000680000000000000e+05 5.738550000000000040e-01
2.630000000000000000e+02 1.125786000000000000e+06 2.525910000000000100e-01
2.630000000000000000e+02 9.998560000000000000e+05 2.810400000000000120e-01
2.600000000000000000e+02 1.509220000000000000e+05 2.684500000000000219e-01
2.630000000000000000e+02 5.842270000000000000e+05 1.334269999999999901e-01
2.630000000000000000e+02 2.652800000000000000e+04 1.627450000000000008e-01
2.630000000000000000e+02 6.023840000000000000e+05 1.611930000000000029e-01
2.680000000000000000e+02 1.081351000000000000e+06 2.538900000000000046e-01
2.600000000000000000e+02 8.195580000000000000e+05 2.477499999999999980e-01
2.620000000000000000e+02 9.267580000000000000e+05 2.714389999999999858e-01
2.620000000000000000e+02 3.000680000000000000e+05 5.738649999999999585e-01
2.620000000000000000e+02 9.817000000000000000e+05 1.879619999999999902e-01
2.630000000000000000e+02 1.125786000000000000e+06 2.525939999999999852e-01
2.630000000000000000e+02 9.998560000000000000e+05 2.810400000000000120e-01
2.600000000000000000e+02 1.509220000000000000e+05 2.681850000000000067e-01
2.630000000000000000e+02 7.949080000000000000e+05 1.620409999999999906e-01
2.630000000000000000e+02 6.023840000000000000e+05 1.617180000000000006e-01
2.630000000000000000e+02 2.549050000000000000e+05 1.336150000000000115e-01
2.680000000000000000e+02 1.081351000000000000e+06 2.541610000000000258e-01
2.580000000000000000e+02 3.504480000000000000e+05 7.321000000000000250e-03
2.600000000000000000e+02 9.592900000000000000e+05 1.700899999999999981e-02
2.630000000000000000e+02 2.549050000000000000e+05 1.335639999999999883e-01
2.630000000000000000e+02 2.652800000000000000e+04 1.582020000000000093e-01
2.630000000000000000e+02 6.023840000000000000e+05 1.570169999999999899e-01
2.670000000000000000e+02 9.121110000000000000e+05 2.612959999999999727e-01
2.600000000000000000e+02 1.509220000000000000e+05 2.681850000000000067e-01
2.630000000000000000e+02 2.549050000000000000e+05 1.335510000000000030e-01
2.630000000000000000e+02 2.652800000000000000e+04 1.634309999999999929e-01
2.630000000000000000e+02 6.023840000000000000e+05 1.617200000000000026e-01
2.680000000000000000e+02 1.081351000000000000e+06 2.541720000000000090e-01
2.600000000000000000e+02 8.195580000000000000e+05 2.477360000000000118e-01
2.620000000000000000e+02 9.267580000000000000e+05 2.714119999999999866e-01
2.620000000000000000e+02 3.000680000000000000e+05 5.738520000000000287e-01
2.630000000000000000e+02 1.125786000000000000e+06 2.525279999999999747e-01
2.630000000000000000e+02 9.998560000000000000e+05 2.810150000000000148e-01
2.580000000000000000e+02 6.580190000000000000e+05 1.820239999999999914e-01
2.580000000000000000e+02 3.725590000000000000e+05 2.430759999999999865e-01
2.600000000000000000e+02 7.327680000000000000e+05 2.514089999999999936e-01
2.620000000000000000e+02 6.887250000000000000e+05 2.056900000000000117e-01
2.630000000000000000e+02 9.998560000000000000e+05 2.971380000000000132e-01
2.630000000000000000e+02 1.297441000000000000e+06 3.170549999999999757e-01
2.630000000000000000e+02 1.297395000000000000e+06 2.566559999999999953e-01
2.640000000000000000e+02 9.626220000000000000e+05 6.399970000000000381e-01
2.650000000000000000e+02 5.091060000000000000e+05 4.534940000000000082e-01
2.570000000000000000e+02 7.486720000000000000e+05 5.211209999999999454e-01
2.580000000000000000e+02 5.798400000000000000e+05 6.852900000000000658e-02
2.580000000000000000e+02 2.263320000000000000e+05 2.588250000000000273e-01
2.600000000000000000e+02 6.130070000000000000e+05 1.778150000000000008e-01
2.620000000000000000e+02 2.096400000000000000e+04 5.849579999999999780e-01
2.630000000000000000e+02 1.766000000000000000e+05 3.016670000000000185e-01
2.650000000000000000e+02 5.091060000000000000e+05 4.163569999999999771e-01
2.650000000000000000e+02 9.626220000000000000e+05 5.139200000000000434e-01
2.580000000000000000e+02 1.052541000000000000e+06 4.514100000000000057e-02
2.580000000000000000e+02 1.046204000000000000e+06 2.678969999999999962e-01
2.630000000000000000e+02 2.721230000000000000e+05 1.950389999999999902e-01
2.630000000000000000e+02 1.297441000000000000e+06 3.523450000000000193e-01
2.630000000000000000e+02 1.297395000000000000e+06 2.487469999999999959e-01
2.630000000000000000e+02 9.998560000000000000e+05 3.058830000000000160e-01
2.580000000000000000e+02 3.322900000000000000e+05 1.750700000000000034e-01
2.580000000000000000e+02 6.991950000000000000e+05 2.804090000000000193e-01
2.580000000000000000e+02 3.548420000000000000e+05 3.000539999999999874e-01
2.620000000000000000e+02 5.785420000000000000e+05 6.986860000000000293e-01
2.630000000000000000e+02 4.823780000000000000e+05 3.977919999999999789e-01
2.660000000000000000e+02 1.074377000000000000e+06 5.197070000000000300e-01
2.600000000000000000e+02 7.598750000000000000e+05 1.748100000000000001e-02
2.630000000000000000e+02 2.721230000000000000e+05 1.737130000000000063e-01
2.630000000000000000e+02 1.297441000000000000e+06 3.393269999999999897e-01
2.630000000000000000e+02 1.297395000000000000e+06 1.456050000000000122e-01
2.630000000000000000e+02 9.998560000000000000e+05 2.849229999999999818e-01
2.660000000000000000e+02 1.074377000000000000e+06 4.221730000000000205e-01
2.570000000000000000e+02 7.763060000000000000e+05 1.756449999999999956e-01
2.580000000000000000e+02 1.184649000000000000e+06 5.533999999999999857e-03
2.600000000000000000e+02 7.598750000000000000e+05 1.748100000000000001e-02
2.600000000000000000e+02 8.109790000000000000e+05 5.182200000000000001e-02
2.630000000000000000e+02 5.033540000000000000e+05 3.433050000000000268e-01
2.630000000000000000e+02 5.930440000000000000e+05 4.669949999999999934e-01
2.670000000000000000e+02 6.205270000000000000e+05 3.546869999999999745e-01
2.580000000000000000e+02 1.231800000000000000e+05 2.211370000000000002e-01
2.610000000000000000e+02 3.996500000000000000e+04 8.852090000000000236e-01
2.630000000000000000e+02 9.366050000000000000e+05 3.747710000000000208e-01
2.670000000000000000e+02 6.205270000000000000e+05 3.666269999999999807e-01
2.680000000000000000e+02 4.133180000000000000e+05 1.243609999999999993e-01
2.580000000000000000e+02 1.107568000000000000e+06 1.728439999999999976e-01
2.580000000000000000e+02 6.991950000000000000e+05 2.811750000000000083e-01
2.580000000000000000e+02 3.548420000000000000e+05 3.000249999999999861e-01
2.620000000000000000e+02 5.785420000000000000e+05 6.987430000000000030e-01
2.630000000000000000e+02 6.559800000000000000e+04 3.370989999999999820e-01
2.630000000000000000e+02 4.823780000000000000e+05 3.977129999999999832e-01
2.670000000000000000e+02 6.205270000000000000e+05 3.550170000000000270e-01
2.590000000000000000e+02 2.658060000000000000e+05 4.029960000000000209e-01
2.590000000000000000e+02 5.733670000000000000e+05 9.935070000000000290e-01
2.670000000000000000e+02 6.205270000000000000e+05 3.392910000000000093e-01
2.590000000000000000e+02 9.951000000000000000e+03 7.015000000000000402e-03
2.590000000000000000e+02 8.071000000000000000e+05 2.027130000000000043e-01
2.620000000000000000e+02 8.894610000000000000e+05 1.383719999999999950e-01
2.670000000000000000e+02 6.205270000000000000e+05 3.815950000000000175e-01
2.590000000000000000e+02 3.563410000000000000e+05 1.069699999999999991e-02
2.620000000000000000e+02 5.785420000000000000e+05 6.991330000000000044e-01
2.630000000000000000e+02 6.559800000000000000e+04 3.377180000000000182e-01
2.630000000000000000e+02 4.823780000000000000e+05 3.868030000000000079e-01
2.650000000000000000e+02 9.769160000000000000e+05 6.335460000000000536e-01
2.670000000000000000e+02 6.205270000000000000e+05 3.880810000000000093e-01
2.580000000000000000e+02 1.107568000000000000e+06 1.728379999999999916e-01
2.580000000000000000e+02 6.991950000000000000e+05 2.813140000000000085e-01
2.580000000000000000e+02 3.548420000000000000e+05 2.999870000000000037e-01
2.590000000000000000e+02 5.510570000000000000e+05 4.077779999999999738e-01
2.620000000000000000e+02 5.785420000000000000e+05 6.986909999999999510e-01
2.630000000000000000e+02 6.559800000000000000e+04 3.371379999999999932e-01
2.630000000000000000e+02 4.823780000000000000e+05 3.977060000000000040e-01
2.670000000000000000e+02 6.205270000000000000e+05 3.549450000000000105e-01
2.570000000000000000e+02 9.639930000000000000e+05 3.514430000000000054e-01
2.580000000000000000e+02 1.137101000000000000e+06 6.158000000000000279e-03
2.600000000000000000e+02 8.798600000000000000e+05 2.060899999999999954e-01
2.630000000000000000e+02 6.559800000000000000e+04 3.209850000000000203e-01
2.630000000000000000e+02 4.823780000000000000e+05 3.940210000000000101e-01
2.640000000000000000e+02 4.387740000000000000e+05 4.718930000000000069e-01
2.670000000000000000e+02 6.205270000000000000e+05 3.718699999999999783e-01
2.580000000000000000e+02 5.194280000000000000e+05 1.281200000000000047e-02
2.590000000000000000e+02 2.821660000000000000e+05 2.229190000000000060e-01
2.600000000000000000e+02 2.048700000000000000e+04 4.402869999999999839e-01
2.630000000000000000e+02 5.401160000000000000e+05 1.576190000000000091e-01
2.670000000000000000e+02 1.213515000000000000e+06 3.052219999999999933e-01
2.670000000000000000e+02 6.831340000000000000e+05 5.840140000000000331e-01
2.670000000000000000e+02 5.368500000000000000e+04 3.469720000000000026e-01
2.690000000000000000e+02 1.262748000000000000e+06 6.657750000000000057e-01
2.570000000000000000e+02 1.253710000000000000e+06 1.225750000000000034e-01
2.600000000000000000e+02 1.714720000000000000e+05 2.722959999999999825e-01
2.630000000000000000e+02 5.401160000000000000e+05 1.353129999999999888e-01
2.670000000000000000e+02 3.076700000000000000e+04 2.612590000000000190e-01
2.670000000000000000e+02 6.668000000000000000e+04 2.579699999999999771e-01
2.680000000000000000e+02 5.266760000000000000e+05 2.356010000000000049e-01
2.680000000000000000e+02 5.696300000000000000e+04 8.495979999999999643e-01
2.580000000000000000e+02 1.176789000000000000e+06 6.967500000000000082e-02
2.590000000000000000e+02 9.663620000000000000e+05 4.579509999999999970e-01
2.670000000000000000e+02 6.119060000000000000e+05 2.672059999999999991e-01
2.670000000000000000e+02 5.289410000000000000e+05 2.577590000000000159e-01
2.600000000000000000e+02 1.714720000000000000e+05 2.726029999999999842e-01
2.630000000000000000e+02 5.401160000000000000e+05 1.361140000000000128e-01
2.670000000000000000e+02 5.240300000000000000e+05 2.314319999999999988e-01
2.670000000000000000e+02 6.668000000000000000e+04 2.578150000000000164e-01
2.680000000000000000e+02 5.278880000000000000e+05 2.356260000000000021e-01
2.680000000000000000e+02 5.696300000000000000e+04 8.494680000000000009e-01
2.690000000000000000e+02 5.082020000000000000e+05 2.723419999999999730e-01
2.580000000000000000e+02 6.580190000000000000e+05 1.447819999999999940e-01
2.580000000000000000e+02 3.725590000000000000e+05 1.997899999999999954e-01
2.600000000000000000e+02 4.094150000000000000e+05 2.017819999999999891e-01
2.600000000000000000e+02 8.044630000000000000e+05 2.524049999999999905e-01
2.630000000000000000e+02 9.366050000000000000e+05 4.013749999999999818e-01
2.650000000000000000e+02 1.290320000000000000e+05 7.058980000000000254e-01
2.670000000000000000e+02 4.002980000000000000e+05 1.655534999999999979e+00
2.670000000000000000e+02 6.289480000000000000e+05 1.372511000000000037e+00
2.670000000000000000e+02 3.364140000000000000e+05 8.222580000000000444e-01
2.680000000000000000e+02 9.303900000000000000e+04 1.175651000000000002e+00
2.680000000000000000e+02 7.905010000000000000e+05 1.398979999999999890e+00
2.690000000000000000e+02 2.289770000000000000e+05 9.265130000000000310e-01
2.570000000000000000e+02 6.795410000000000000e+05 7.912350000000000216e-01
2.580000000000000000e+02 2.828880000000000000e+05 7.973500000000000032e-02
2.580000000000000000e+02 1.264793000000000000e+06 3.130859999999999754e-01
2.600000000000000000e+02 2.229360000000000000e+05 2.233259999999999967e-01
2.610000000000000000e+02 9.779200000000000000e+05 3.198000000000000148e-02
2.610000000000000000e+02 1.147120000000000000e+05 2.981230000000000269e-01
2.610000000000000000e+02 9.647900000000000000e+04 1.144680000000000003e-01
2.620000000000000000e+02 3.499970000000000000e+05 2.319390000000000063e-01
2.620000000000000000e+02 1.027654000000000000e+06 3.473289999999999988e-01
2.630000000000000000e+02 9.086630000000000000e+05 2.069969999999999866e-01
2.630000000000000000e+02 3.299950000000000000e+05 4.372539999999999760e-01
2.630000000000000000e+02 1.777020000000000000e+05 3.172780000000000045e-01
2.630000000000000000e+02 1.242865000000000000e+06 3.950569999999999915e-01
2.650000000000000000e+02 5.566160000000000000e+05 8.768949999999999800e-01
2.660000000000000000e+02 4.950200000000000000e+05 1.309746999999999995e+00
2.670000000000000000e+02 6.327100000000000000e+05 8.244470000000000409e-01
2.670000000000000000e+02 6.491640000000000000e+05 1.210302999999999907e+00
2.680000000000000000e+02 1.257558000000000000e+06 7.107769999999999921e-01
2.680000000000000000e+02 4.826740000000000000e+05 7.582649999999999668e-01
2.690000000000000000e+02 2.289770000000000000e+05 9.293500000000000094e-01
2.570000000000000000e+02 7.591210000000000000e+05 7.346840000000000037e-01
2.570000000000000000e+02 8.458600000000000000e+05 1.022504999999999997e+00
2.580000000000000000e+02 4.563100000000000000e+04 2.927790000000000115e-01
2.610000000000000000e+02 3.550190000000000000e+05 1.000400000000000074e-02
2.610000000000000000e+02 7.948800000000000000e+04 9.256320000000000103e-01
2.610000000000000000e+02 7.714700000000000000e+04 2.768169999999999797e-01
2.610000000000000000e+02 6.703300000000000000e+04 1.730150000000000021e-01
2.620000000000000000e+02 5.851860000000000000e+05 2.353780000000000039e-01
2.630000000000000000e+02 3.032430000000000000e+05 9.832599999999999674e-02
2.630000000000000000e+02 6.181060000000000000e+05 3.196749999999999869e-01
2.630000000000000000e+02 4.299360000000000000e+05 3.263070000000000137e-01
2.660000000000000000e+02 4.950200000000000000e+05 1.338020999999999905e+00
2.670000000000000000e+02 6.327100000000000000e+05 8.073669999999999458e-01
2.670000000000000000e+02 6.491640000000000000e+05 1.210885999999999907e+00
2.570000000000000000e+02 6.795410000000000000e+05 7.983860000000000401e-01
2.580000000000000000e+02 2.828880000000000000e+05 7.990899999999999392e-02
2.580000000000000000e+02 1.264793000000000000e+06 3.130870000000000042e-01
2.600000000000000000e+02 2.229360000000000000e+05 2.233300000000000007e-01
2.610000000000000000e+02 9.779200000000000000e+05 3.198000000000000148e-02
2.610000000000000000e+02 1.147120000000000000e+05 2.979330000000000034e-01
2.610000000000000000e+02 9.647900000000000000e+04 1.144690000000000013e-01
2.620000000000000000e+02 3.499970000000000000e+05 2.319390000000000063e-01
2.620000000000000000e+02 1.027654000000000000e+06 3.473280000000000256e-01
2.630000000000000000e+02 2.290810000000000000e+05 2.069960000000000133e-01
2.630000000000000000e+02 3.299950000000000000e+05 4.372340000000000115e-01
2.630000000000000000e+02 1.777020000000000000e+05 3.172599999999999865e-01
2.630000000000000000e+02 1.242865000000000000e+06 3.950569999999999915e-01
2.650000000000000000e+02 5.566160000000000000e+05 8.768949999999999800e-01
2.660000000000000000e+02 4.950200000000000000e+05 1.309739999999999904e+00
2.670000000000000000e+02 6.327100000000000000e+05 8.244500000000000162e-01
2.670000000000000000e+02 6.491640000000000000e+05 1.210301999999999989e+00
2.680000000000000000e+02 1.257558000000000000e+06 7.107660000000000089e-01
2.680000000000000000e+02 4.826740000000000000e+05 7.582919999999999661e-01
2.690000000000000000e+02 2.289770000000000000e+05 9.293919999999999959e-01
2.580000000000000000e+02 1.282251000000000000e+06 8.201600000000000557e-02
2.580000000000000000e+02 2.989390000000000000e+05 3.822450000000000014e-01
2.580000000000000000e+02 4.271310000000000000e+05 3.679109999999999880e-01
2.580000000000000000e+02 3.114820000000000000e+05 2.719710000000000183e-01
2.600000000000000000e+02 2.229360000000000000e+05 3.298340000000000161e-01
2.610000000000000000e+02 4.337030000000000000e+05 3.743290000000000228e-01
2.610000000000000000e+02 1.632640000000000000e+05 2.612300000000000177e-01
2.630000000000000000e+02 9.759200000000000000e+04 3.663120000000000265e-01
2.630000000000000000e+02 8.760340000000000000e+05 4.149220000000000130e-01
2.650000000000000000e+02 3.366600000000000000e+05 1.211506999999999890e+00
2.660000000000000000e+02 4.950200000000000000e+05 1.288335000000000008e+00
2.690000000000000000e+02 2.289770000000000000e+05 9.308920000000000528e-01
2.580000000000000000e+02 8.049050000000000000e+05 9.114500000000000379e-02
2.580000000000000000e+02 1.044862000000000000e+06 3.645840000000000192e-01
2.600000000000000000e+02 2.229360000000000000e+05 2.707249999999999934e-01
2.610000000000000000e+02 6.641150000000000000e+05 3.484000000000000118e-03
2.610000000000000000e+02 5.857950000000000000e+05 2.158000000000000196e-03
2.610000000000000000e+02 9.489560000000000000e+05 1.465400000000000036e-02
2.660000000000000000e+02 4.950200000000000000e+05 1.303150000000000031e+00
2.670000000000000000e+02 6.327100000000000000e+05 7.829880000000000173e-01
2.670000000000000000e+02 6.491640000000000000e+05 1.200148999999999910e+00
2.680000000000000000e+02 1.257558000000000000e+06 7.095510000000000428e-01
2.680000000000000000e+02 4.826740000000000000e+05 8.001629999999999576e-01
2.690000000000000000e+02 2.289770000000000000e+05 6.561609999999999943e-01
2.580000000000000000e+02 1.282251000000000000e+06 8.202299999999999869e-02
2.580000000000000000e+02 2.989390000000000000e+05 3.822439999999999727e-01
2.580000000000000000e+02 4.271310000000000000e+05 3.679140000000000188e-01
2.580000000000000000e+02 3.114820000000000000e+05 2.719710000000000183e-01
2.600000000000000000e+02 2.229360000000000000e+05 3.295969999999999733e-01
2.610000000000000000e+02 1.632640000000000000e+05 2.612300000000000177e-01
2.610000000000000000e+02 4.337030000000000000e+05 3.745700000000000141e-01
2.630000000000000000e+02 9.759200000000000000e+04 3.663170000000000037e-01
2.630000000000000000e+02 8.760340000000000000e+05 4.149109999999999743e-01
2.650000000000000000e+02 3.366600000000000000e+05 1.211506999999999890e+00
2.660000000000000000e+02 4.950200000000000000e+05 1.288289999999999935e+00
2.690000000000000000e+02 2.289770000000000000e+05 9.308180000000000343e-01
2.580000000000000000e+02 8.049050000000000000e+05 9.114600000000000479e-02
2.580000000000000000e+02 1.044862000000000000e+06 3.645769999999999844e-01
2.600000000000000000e+02 2.229360000000000000e+05 2.707200000000000162e-01
2.610000000000000000e+02 6.641150000000000000e+05 3.484000000000000118e-03
2.610000000000000000e+02 5.857950000000000000e+05 2.158000000000000196e-03
2.610000000000000000e+02 9.489560000000000000e+05 1.465400000000000036e-02
2.660000000000000000e+02 4.950200000000000000e+05 1.302424000000000026e+00
2.670000000000000000e+02 6.327100000000000000e+05 7.829899999999999638e-01
2.670000000000000000e+02 6.491640000000000000e+05 1.200266999999999973e+00
2.680000000000000000e+02 1.257558000000000000e+06 7.109520000000000284e-01
2.680000000000000000e+02 4.826740000000000000e+05 8.001909999999999856e-01
2.690000000000000000e+02 2.289770000000000000e+05 6.560930000000000373e-01
2.600000000000000000e+02 1.042770000000000000e+06 2.192999999999999949e-01
2.610000000000000000e+02 9.489560000000000000e+05 1.465400000000000036e-02
2.610000000000000000e+02 5.857950000000000000e+05 2.158000000000000196e-03
2.610000000000000000e+02 6.641150000000000000e+05 5.499999999999999681e-03
2.670000000000000000e+02 6.327100000000000000e+05 7.692050000000000276e-01
2.670000000000000000e+02 6.491640000000000000e+05 1.179810999999999943e+00
2.680000000000000000e+02 1.257558000000000000e+06 7.468179999999999819e-01
2.680000000000000000e+02 4.826740000000000000e+05 6.175019999999999953e-01
2.580000000000000000e+02 5.924980000000000000e+05 7.824299999999999311e-02
2.600000000000000000e+02 1.042770000000000000e+06 2.042789999999999884e-01
2.610000000000000000e+02 1.227808000000000000e+06 2.424900000000000111e-01
2.630000000000000000e+02 8.606510000000000000e+05 1.218940000000000023e-01
2.630000000000000000e+02 1.068609000000000000e+06 3.897249999999999881e-01
2.630000000000000000e+02 4.067680000000000000e+05 3.651750000000000274e-01
2.670000000000000000e+02 8.237150000000000000e+05 1.017257999999999996e+00
2.580000000000000000e+02 1.990340000000000000e+05 1.413099999999999912e-01
2.610000000000000000e+02 9.322490000000000000e+05 2.599750000000000116e-01
2.630000000000000000e+02 1.205170000000000000e+06 2.699139999999999873e-01
2.670000000000000000e+02 8.237150000000000000e+05 9.835909999999999931e-01
2.580000000000000000e+02 5.924980000000000000e+05 7.824299999999999311e-02
2.600000000000000000e+02 1.042770000000000000e+06 1.128360000000000057e-01
2.610000000000000000e+02 1.227808000000000000e+06 2.477439999999999920e-01
2.630000000000000000e+02 8.606510000000000000e+05 1.219169999999999976e-01
2.630000000000000000e+02 1.068609000000000000e+06 3.897260000000000169e-01
2.630000000000000000e+02 4.067680000000000000e+05 3.651750000000000274e-01
2.670000000000000000e+02 8.237150000000000000e+05 1.017058999999999935e+00
2.580000000000000000e+02 1.282251000000000000e+06 8.203100000000000669e-02
2.580000000000000000e+02 2.989390000000000000e+05 3.822260000000000102e-01
2.580000000000000000e+02 4.271310000000000000e+05 3.688600000000000212e-01
2.580000000000000000e+02 3.114820000000000000e+05 2.719440000000000190e-01
2.600000000000000000e+02 2.146320000000000000e+05 1.817640000000000089e-01
2.600000000000000000e+02 2.229360000000000000e+05 3.289250000000000229e-01
2.610000000000000000e+02 1.632640000000000000e+05 2.613099999999999867e-01
2.610000000000000000e+02 4.337030000000000000e+05 3.747260000000000035e-01
2.630000000000000000e+02 9.759200000000000000e+04 3.662190000000000167e-01
2.630000000000000000e+02 8.760340000000000000e+05 4.148499999999999965e-01
2.650000000000000000e+02 3.366600000000000000e+05 1.211495999999999906e+00
2.660000000000000000e+02 4.950200000000000000e+05 1.288424999999999931e+00
2.690000000000000000e+02 2.289770000000000000e+05 9.309760000000000257e-01
2.580000000000000000e+02 6.465720000000000000e+05 1.202330000000000065e-01
2.580000000000000000e+02 1.087284000000000000e+06 3.913030000000000119e-01
2.580000000000000000e+02 1.255548000000000000e+06 1.783220000000000083e-01
2.600000000000000000e+02 4.094150000000000000e+05 1.941060000000000008e-01
2.600000000000000000e+02 8.044630000000000000e+05 2.705629999999999979e-01
2.610000000000000000e+02 9.322490000000000000e+05 2.587070000000000203e-01
2.630000000000000000e+02 1.205170000000000000e+06 2.834130000000000260e-01
2.670000000000000000e+02 8.237150000000000000e+05 1.025617000000000001e+00
2.690000000000000000e+02 2.289770000000000000e+05 9.046539999999999582e-01
2.580000000000000000e+02 1.229668000000000000e+06 1.203169999999999934e-01
2.580000000000000000e+02 1.241756000000000000e+06 3.949469999999999925e-01
2.580000000000000000e+02 1.112980000000000000e+06 2.954840000000000244e-01
2.620000000000000000e+02 1.978250000000000000e+05 1.078130000000000061e-01
2.630000000000000000e+02 1.215579000000000000e+06 4.244060000000000055e-01
2.690000000000000000e+02 2.289770000000000000e+05 8.802499999999999769e-01
2.580000000000000000e+02 6.465720000000000000e+05 1.209609999999999991e-01
2.580000000000000000e+02 1.087284000000000000e+06 3.913189999999999724e-01
2.580000000000000000e+02 1.255548000000000000e+06 1.783190000000000053e-01
2.600000000000000000e+02 4.094150000000000000e+05 1.940479999999999983e-01
2.600000000000000000e+02 8.044630000000000000e+05 2.705330000000000235e-01
2.610000000000000000e+02 9.322490000000000000e+05 2.577320000000000166e-01
2.630000000000000000e+02 1.205170000000000000e+06 2.834229999999999805e-01
2.670000000000000000e+02 8.237150000000000000e+05 1.044764000000000026e+00
2.690000000000000000e+02 2.289770000000000000e+05 9.047450000000000214e-01
2.580000000000000000e+02 1.282251000000000000e+06 8.268300000000000649e-02
2.580000000000000000e+02 2.989390000000000000e+05 3.830560000000000076e-01
2.580000000000000000e+02 4.271310000000000000e+05 3.685559999999999947e-01
2.580000000000000000e+02 3.114820000000000000e+05 2.719050000000000078e-01
2.600000000000000000e+02 2.146320000000000000e+05 1.823400000000000021e-01
2.600000000000000000e+02 2.229360000000000000e+05 3.297220000000000151e-01
2.610000000000000000e+02 1.632640000000000000e+05 2.611539999999999973e-01
2.610000000000000000e+02 4.337030000000000000e+05 3.747920000000000140e-01
2.630000000000000000e+02 9.759200000000000000e+04 3.660840000000000205e-01
2.630000000000000000e+02 8.760340000000000000e+05 4.146889999999999743e-01
2.650000000000000000e+02 3.366600000000000000e+05 1.211413999999999991e+00
2.660000000000000000e+02 4.950200000000000000e+05 1.288408999999999915e+00
2.690000000000000000e+02 2.289770000000000000e+05 9.309770000000000545e-01
2.580000000000000000e+02 3.637930000000000000e+05 2.971869999999999790e-01
2.600000000000000000e+02 4.371010000000000000e+05 1.135929999999999995e-01
2.600000000000000000e+02 1.042770000000000000e+06 2.057289999999999952e-01
2.610000000000000000e+02 1.227808000000000000e+06 2.478769999999999862e-01
2.630000000000000000e+02 8.606510000000000000e+05 1.219979999999999953e-01
2.630000000000000000e+02 1.068609000000000000e+06 3.897120000000000029e-01
2.630000000000000000e+02 4.067680000000000000e+05 3.652810000000000223e-01
2.670000000000000000e+02 8.237150000000000000e+05 1.017231999999999914e+00
2.580000000000000000e+02 1.282251000000000000e+06 8.202700000000000269e-02
2.580000000000000000e+02 2.989390000000000000e+05 3.822479999999999767e-01
2.580000000000000000e+02 4.271310000000000000e+05 3.688710000000000044e-01
2.580000000000000000e+02 3.114820000000000000e+05 2.719619999999999815e-01
2.600000000000000000e+02 8.556770000000000000e+05 1.824230000000000018e-01
2.600000000000000000e+02 2.229360000000000000e+05 3.298479999999999746e-01
2.610000000000000000e+02 1.632640000000000000e+05 2.613110000000000155e-01
2.610000000000000000e+02 4.337030000000000000e+05 3.747500000000000275e-01
2.630000000000000000e+02 9.759200000000000000e+04 3.662529999999999952e-01
2.630000000000000000e+02 8.760340000000000000e+05 4.148899999999999810e-01
2.650000000000000000e+02 3.366600000000000000e+05 1.211511000000000005e+00
2.660000000000000000e+02 4.950200000000000000e+05 1.288442000000000087e+00
2.690000000000000000e+02 2.289770000000000000e+05 9.312470000000000470e-01
2.580000000000000000e+02 6.465720000000000000e+05 1.202190000000000064e-01
2.580000000000000000e+02 1.087284000000000000e+06 3.913090000000000179e-01
2.580000000000000000e+02 1.255548000000000000e+06 1.783240000000000103e-01
2.600000000000000000e+02 4.094150000000000000e+05 1.941100000000000048e-01
2.600000000000000000e+02 8.044630000000000000e+05 2.713380000000000236e-01
2.610000000000000000e+02 9.322490000000000000e+05 2.587610000000000188e-01
2.630000000000000000e+02 1.205170000000000000e+06 2.834550000000000125e-01
2.690000000000000000e+02 2.289770000000000000e+05 9.046859999999999902e-01
2.580000000000000000e+02 1.001198000000000000e+06 4.271119999999999917e-01
2.580000000000000000e+02 1.123254000000000000e+06 4.037049999999999805e-01
2.630000000000000000e+02 5.033540000000000000e+05 4.767719999999999736e-01
2.650000000000000000e+02 8.369660000000000000e+05 1.415549999999999864e-01
2.580000000000000000e+02 6.288210000000000000e+05 4.389170000000000016e-01
2.610000000000000000e+02 2.595600000000000000e+04 4.806619999999999782e-01
2.620000000000000000e+02 1.281443000000000000e+06 2.181059999999999943e-01
2.580000000000000000e+02 3.368580000000000000e+05 2.097779999999999923e-01
2.630000000000000000e+02 6.609640000000000000e+05 3.173750000000000182e-01
2.650000000000000000e+02 4.270200000000000000e+05 4.085199999999999942e-01
2.570000000000000000e+02 6.427660000000000000e+05 2.070339999999999958e-01
2.580000000000000000e+02 2.552000000000000000e+05 2.748860000000000192e-01
2.630000000000000000e+02 6.609640000000000000e+05 3.431230000000000113e-01
2.690000000000000000e+02 5.015840000000000000e+05 1.190179999999999988e-01
2.630000000000000000e+02 6.609640000000000000e+05 2.478799999999999892e-01
2.570000000000000000e+02 6.427660000000000000e+05 2.073109999999999953e-01
2.580000000000000000e+02 2.552000000000000000e+05 2.748619999999999952e-01
2.630000000000000000e+02 6.609640000000000000e+05 2.686299999999999799e-01
2.690000000000000000e+02 5.015840000000000000e+05 1.186310000000000003e-01
2.690000000000000000e+02 5.015840000000000000e+05 1.143239999999999951e-01
2.570000000000000000e+02 5.861470000000000000e+05 8.975130000000000052e-01
2.580000000000000000e+02 5.076170000000000000e+05 3.748099999999999765e-01
2.580000000000000000e+02 1.071920000000000000e+06 8.055989999999999540e-01
2.630000000000000000e+02 6.063220000000000000e+05 1.394699999999999933e-02
2.660000000000000000e+02 2.751040000000000000e+05 1.247849999999999931e-01
2.600000000000000000e+02 5.446900000000000000e+04 6.456000000000000627e-02
2.650000000000000000e+02 4.062500000000000000e+04 1.171490000000000031e-01
2.670000000000000000e+02 8.327770000000000000e+05 1.104569999999999996e-01
2.600000000000000000e+02 7.300360000000000000e+05 2.058270000000000099e-01
2.610000000000000000e+02 9.105310000000000000e+05 1.332359999999999933e-01
2.620000000000000000e+02 6.595670000000000000e+05 4.731239999999999890e-01
2.600000000000000000e+02 5.446900000000000000e+04 6.455500000000000127e-02
2.650000000000000000e+02 4.062500000000000000e+04 1.171640000000000043e-01
2.670000000000000000e+02 8.327770000000000000e+05 1.017210000000000059e-01
2.600000000000000000e+02 7.300360000000000000e+05 2.058270000000000099e-01
2.610000000000000000e+02 9.105310000000000000e+05 1.332349999999999923e-01
2.620000000000000000e+02 6.595670000000000000e+05 4.730869999999999798e-01
2.610000000000000000e+02 6.674840000000000000e+05 3.516259999999999941e-01
2.660000000000000000e+02 1.927430000000000000e+05 2.518929999999999780e-01
2.670000000000000000e+02 4.839480000000000000e+05 1.373149999999999926e-01
2.600000000000000000e+02 7.300360000000000000e+05 2.058270000000000099e-01
2.610000000000000000e+02 9.105310000000000000e+05 1.332349999999999923e-01
2.620000000000000000e+02 6.595670000000000000e+05 4.731480000000000130e-01
2.660000000000000000e+02 1.927430000000000000e+05 2.389539999999999997e-01
2.610000000000000000e+02 6.189600000000000000e+05 1.329289999999999916e-01
2.640000000000000000e+02 2.301930000000000000e+05 5.132290000000000463e-01
2.650000000000000000e+02 2.409290000000000000e+05 9.691619999999999679e-01
2.600000000000000000e+02 9.859890000000000000e+05 2.058280000000000109e-01
2.610000000000000000e+02 9.105310000000000000e+05 1.332369999999999943e-01
2.620000000000000000e+02 6.595670000000000000e+05 4.736650000000000027e-01
2.660000000000000000e+02 1.927430000000000000e+05 2.389459999999999917e-01
2.610000000000000000e+02 6.189600000000000000e+05 1.329289999999999916e-01
2.640000000000000000e+02 2.301930000000000000e+05 5.132560000000000455e-01
2.650000000000000000e+02 2.409290000000000000e+05 9.691619999999999679e-01
2.610000000000000000e+02 6.824920000000000000e+05 4.313899999999999679e-02
2.610000000000000000e+02 6.189600000000000000e+05 1.329289999999999916e-01
2.640000000000000000e+02 2.301930000000000000e+05 5.132510000000000128e-01
2.650000000000000000e+02 2.409290000000000000e+05 9.691629999999999967e-01
2.600000000000000000e+02 1.269135000000000000e+06 2.053869999999999862e-01
2.610000000000000000e+02 9.105310000000000000e+05 1.330570000000000086e-01
2.660000000000000000e+02 1.927430000000000000e+05 2.389709999999999890e-01
2.610000000000000000e+02 6.189600000000000000e+05 1.329289999999999916e-01
2.640000000000000000e+02 2.301930000000000000e+05 5.132529999999999593e-01
2.650000000000000000e+02 2.409290000000000000e+05 9.691619999999999679e-01
2.610000000000000000e+02 6.824920000000000000e+05 4.313899999999999679e-02
2.610000000000000000e+02 6.189600000000000000e+05 1.329289999999999916e-01
2.640000000000000000e+02 2.301930000000000000e+05 5.132520000000000415e-01
2.650000000000000000e+02 2.409290000000000000e+05 9.691629999999999967e-01
2.600000000000000000e+02 1.269135000000000000e+06 2.053300000000000125e-01
2.610000000000000000e+02 9.105310000000000000e+05 1.330139999999999934e-01
2.620000000000000000e+02 6.595670000000000000e+05 4.736130000000000062e-01
2.660000000000000000e+02 1.927430000000000000e+05 2.389950000000000130e-01
2.610000000000000000e+02 6.674840000000000000e+05 3.504929999999999990e-01
2.660000000000000000e+02 1.927430000000000000e+05 2.518900000000000028e-01
2.670000000000000000e+02 4.839480000000000000e+05 1.372329999999999939e-01
2.570000000000000000e+02 8.059170000000000000e+05 1.272260000000000058e-01
2.610000000000000000e+02 6.674840000000000000e+05 3.827829999999999844e-01
2.690000000000000000e+02 1.446300000000000000e+04 3.631500000000000006e-02
2.570000000000000000e+02 1.203674000000000000e+06 1.501220000000000054e-01
2.590000000000000000e+02 4.412190000000000000e+05 1.342760000000000065e-01
2.600000000000000000e+02 2.187120000000000000e+05 4.173049999999999815e-01
2.600000000000000000e+02 7.196830000000000000e+05 5.216570000000000373e-01
2.610000000000000000e+02 7.932230000000000000e+05 2.535749999999999948e-01
2.650000000000000000e+02 4.213690000000000000e+05 1.170970999999999984e+00
2.580000000000000000e+02 8.199680000000000000e+05 1.303320000000000034e-01
2.620000000000000000e+02 1.235979000000000000e+06 1.582659999999999900e-01
2.620000000000000000e+02 1.626340000000000000e+05 1.472219999999999918e-01
2.630000000000000000e+02 1.017535000000000000e+06 5.259540000000000326e-01
2.630000000000000000e+02 7.768490000000000000e+05 4.547640000000000016e-01
2.660000000000000000e+02 5.936430000000000000e+05 4.616999999999999993e-01
2.580000000000000000e+02 8.199680000000000000e+05 1.331509999999999916e-01
2.610000000000000000e+02 4.964740000000000000e+05 3.057840000000000003e-01
2.620000000000000000e+02 1.067615000000000000e+06 1.661739999999999884e-01
2.620000000000000000e+02 4.390450000000000000e+05 2.257830000000000115e-01
2.630000000000000000e+02 2.490400000000000000e+04 2.154989999999999961e-01
2.630000000000000000e+02 8.309260000000000000e+05 2.992890000000000272e-01
2.660000000000000000e+02 5.936430000000000000e+05 3.872729999999999784e-01
2.570000000000000000e+02 8.778070000000000000e+05 1.442879999999999996e-01
2.600000000000000000e+02 7.170280000000000000e+05 4.114220000000000099e-01
2.620000000000000000e+02 9.848810000000000000e+05 1.374019999999999964e-01
2.620000000000000000e+02 8.493050000000000000e+05 1.369319999999999982e-01
2.630000000000000000e+02 4.462580000000000000e+05 3.396440000000000015e-01
2.630000000000000000e+02 3.494460000000000000e+05 3.857809999999999850e-01
2.630000000000000000e+02 3.412500000000000000e+05 3.607920000000000016e-01
2.660000000000000000e+02 3.185470000000000000e+05 2.662590000000000234e-01
2.580000000000000000e+02 6.701900000000000000e+05 1.294670999999999905e+00
2.590000000000000000e+02 7.581180000000000000e+05 5.631169999999999787e-01
2.610000000000000000e+02 1.096375000000000000e+06 7.659399999999999542e-02
2.610000000000000000e+02 7.925400000000000000e+05 1.065992999999999968e+00
2.620000000000000000e+02 4.675660000000000000e+05 9.271999999999999686e-02
2.620000000000000000e+02 1.011436000000000000e+06 3.359240000000000004e-01
2.630000000000000000e+02 7.607630000000000000e+05 3.283400000000000207e-01
2.660000000000000000e+02 6.160290000000000000e+05 1.343280000000000030e-01
2.670000000000000000e+02 1.184200000000000000e+05 1.861819999999999864e-01
2.680000000000000000e+02 5.571520000000000000e+05 1.072194000000000091e+00
2.690000000000000000e+02 7.368680000000000000e+05 5.077249999999999819e-01
2.570000000000000000e+02 8.778070000000000000e+05 1.442900000000000016e-01
2.600000000000000000e+02 7.170280000000000000e+05 4.114229999999999832e-01
2.620000000000000000e+02 9.848810000000000000e+05 1.373979999999999924e-01
2.620000000000000000e+02 8.493050000000000000e+05 1.369470000000000132e-01
2.630000000000000000e+02 4.462580000000000000e+05 3.396429999999999727e-01
2.630000000000000000e+02 3.494460000000000000e+05 3.857820000000000138e-01
2.630000000000000000e+02 3.412500000000000000e+05 3.607920000000000016e-01
2.660000000000000000e+02 3.185470000000000000e+05 2.666410000000000169e-01
2.570000000000000000e+02 7.091750000000000000e+05 6.255399999999999849e-02
2.590000000000000000e+02 3.141810000000000000e+05 1.380020000000000135e-01
2.610000000000000000e+02 1.156669000000000000e+06 3.444280000000000119e-01
2.620000000000000000e+02 1.156669000000000000e+06 2.616229999999999944e-01
2.630000000000000000e+02 6.967330000000000000e+05 2.614909999999999735e-01
2.630000000000000000e+02 3.180480000000000000e+05 4.077319999999999833e-01
2.630000000000000000e+02 2.457950000000000000e+05 4.309600000000000097e-01
2.630000000000000000e+02 1.148783000000000000e+06 4.288310000000000177e-01
2.660000000000000000e+02 1.311000000000000000e+05 4.439900000000000097e-02
2.660000000000000000e+02 8.991900000000000000e+05 4.218310000000000115e-01
2.580000000000000000e+02 6.701900000000000000e+05 1.294831000000000065e+00
2.590000000000000000e+02 7.581180000000000000e+05 5.632230000000000292e-01
2.610000000000000000e+02 1.096375000000000000e+06 7.660300000000000442e-02
2.610000000000000000e+02 7.925400000000000000e+05 1.065970000000000084e+00
2.620000000000000000e+02 9.712160000000000000e+05 1.467549999999999966e-01
2.620000000000000000e+02 1.165373000000000000e+06 3.358470000000000066e-01
2.630000000000000000e+02 7.607630000000000000e+05 3.274029999999999996e-01
2.660000000000000000e+02 6.160290000000000000e+05 1.342409999999999992e-01
2.670000000000000000e+02 1.184200000000000000e+05 1.864989999999999981e-01
2.680000000000000000e+02 5.571520000000000000e+05 1.071792999999999996e+00
2.690000000000000000e+02 1.071810000000000000e+05 5.083480000000000221e-01
2.590000000000000000e+02 1.307930000000000000e+05 1.178889999999999938e-01
2.620000000000000000e+02 1.212998000000000000e+06 1.339899999999999945e-02
2.630000000000000000e+02 9.587640000000000000e+05 3.819440000000000057e-01
2.630000000000000000e+02 9.101410000000000000e+05 3.921990000000000198e-01
2.660000000000000000e+02 9.615740000000000000e+05 4.824599999999999722e-02
2.660000000000000000e+02 8.664250000000000000e+05 8.461699999999999777e-01
2.610000000000000000e+02 1.453600000000000000e+04 3.486980000000000079e-01
2.620000000000000000e+02 1.153839000000000000e+06 7.406000000000000257e-03
2.630000000000000000e+02 9.101410000000000000e+05 3.880370000000000208e-01
2.630000000000000000e+02 9.587640000000000000e+05 3.788150000000000128e-01
2.660000000000000000e+02 1.244326000000000000e+06 2.413270000000000137e-01
2.680000000000000000e+02 1.205790000000000000e+06 9.244999999999999885e-01
2.570000000000000000e+02 2.741250000000000000e+05 2.020299999999999874e-01
2.580000000000000000e+02 6.500540000000000000e+05 1.996020000000000016e-01
2.590000000000000000e+02 3.771170000000000000e+05 7.053019999999999845e-01
2.590000000000000000e+02 1.145232000000000000e+06 8.076449999999999463e-01
2.600000000000000000e+02 8.769270000000000000e+05 3.745609999999999773e-01
2.610000000000000000e+02 1.096375000000000000e+06 7.510400000000000409e-02
2.610000000000000000e+02 7.925400000000000000e+05 1.074465999999999921e+00
2.620000000000000000e+02 9.751410000000000000e+05 3.626249999999999751e-01
2.620000000000000000e+02 4.723780000000000000e+05 8.510600000000000109e-02
2.620000000000000000e+02 3.762060000000000000e+05 6.455309999999999659e-01
2.620000000000000000e+02 3.553900000000000000e+05 1.617039999999999866e-01
2.620000000000000000e+02 5.465820000000000000e+05 1.028059999999999946e-01
2.630000000000000000e+02 7.607630000000000000e+05 3.362189999999999901e-01
2.650000000000000000e+02 2.747310000000000000e+05 1.961569999999999980e-01
2.660000000000000000e+02 2.703000000000000000e+04 2.723130000000000273e-01
2.660000000000000000e+02 6.644330000000000000e+05 8.645469999999999544e-01
2.660000000000000000e+02 8.129240000000000000e+05 4.632310000000000039e-01
2.660000000000000000e+02 2.824170000000000000e+05 2.584350000000000258e-01
2.600000000000000000e+02 7.743480000000000000e+05 2.965749999999999775e-01
2.600000000000000000e+02 4.238500000000000000e+05 4.256199999999999983e-01
2.620000000000000000e+02 6.925810000000000000e+05 4.011569999999999858e-01
2.630000000000000000e+02 1.266060000000000000e+05 3.589840000000000253e-01
2.630000000000000000e+02 7.217800000000000000e+05 4.108419999999999850e-01
2.630000000000000000e+02 7.892160000000000000e+05 4.371039999999999925e-01
2.660000000000000000e+02 8.328000000000000000e+04 2.251160000000000105e-01
2.590000000000000000e+02 2.939300000000000000e+05 1.461530000000000051e-01
2.600000000000000000e+02 6.110660000000000000e+05 6.998000000000000054e-02
2.600000000000000000e+02 5.220630000000000000e+05 4.713499999999999912e-01
2.610000000000000000e+02 9.328600000000000000e+05 1.033590000000000064e-01
2.620000000000000000e+02 1.198972000000000000e+06 2.693740000000000023e-01
2.620000000000000000e+02 3.615910000000000000e+05 6.857649999999999579e-01
2.630000000000000000e+02 1.266060000000000000e+05 3.574180000000000135e-01
2.630000000000000000e+02 7.892160000000000000e+05 4.293259999999999854e-01
2.640000000000000000e+02 9.435850000000000000e+05 2.137299999999999964e-02
2.660000000000000000e+02 5.359550000000000000e+05 3.670180000000000109e-01
2.600000000000000000e+02 8.723000000000000000e+04 6.346009999999999707e-01
2.600000000000000000e+02 1.227481000000000000e+06 2.380160000000000053e-01
2.620000000000000000e+02 7.213180000000000000e+05 1.047850000000000031e-01
2.620000000000000000e+02 1.298813000000000000e+06 4.649800000000000044e-01
2.630000000000000000e+02 1.266060000000000000e+05 3.964420000000000166e-01
2.630000000000000000e+02 7.217800000000000000e+05 3.943550000000000111e-01
2.630000000000000000e+02 7.892160000000000000e+05 4.483980000000000188e-01
2.600000000000000000e+02 8.939930000000000000e+05 1.386169999999999902e-01
2.600000000000000000e+02 9.952200000000000000e+04 2.007069999999999965e-01
2.610000000000000000e+02 7.264760000000000000e+05 5.718360000000000110e-01
2.610000000000000000e+02 1.025896000000000000e+06 6.125699999999999479e-01
2.620000000000000000e+02 1.202601000000000000e+06 8.534100000000000019e-02
2.630000000000000000e+02 1.266060000000000000e+05 3.594579999999999997e-01
2.630000000000000000e+02 7.217800000000000000e+05 3.439050000000000162e-01
2.630000000000000000e+02 7.892160000000000000e+05 3.804279999999999884e-01
2.640000000000000000e+02 3.441700000000000000e+04 5.670300000000000340e-02
2.650000000000000000e+02 6.436070000000000000e+05 1.400180000000000036e-01
2.630000000000000000e+02 1.266060000000000000e+05 3.754279999999999839e-01
2.630000000000000000e+02 7.217800000000000000e+05 3.435869999999999758e-01
2.630000000000000000e+02 7.892160000000000000e+05 3.942459999999999853e-01
2.650000000000000000e+02 2.595880000000000000e+05 7.924000000000000488e-03
2.600000000000000000e+02 8.939930000000000000e+05 1.386219999999999952e-01
2.600000000000000000e+02 9.952200000000000000e+04 2.007110000000000005e-01
2.610000000000000000e+02 7.264760000000000000e+05 5.718360000000000110e-01
2.610000000000000000e+02 1.025896000000000000e+06 6.123349999999999627e-01
2.620000000000000000e+02 5.099890000000000000e+05 8.482800000000000062e-02
2.630000000000000000e+02 1.266060000000000000e+05 3.603709999999999969e-01
2.630000000000000000e+02 7.892160000000000000e+05 3.804159999999999764e-01
2.640000000000000000e+02 3.441700000000000000e+04 5.670300000000000340e-02
2.650000000000000000e+02 1.498890000000000000e+05 1.400180000000000036e-01
2.600000000000000000e+02 1.209998000000000000e+06 2.331000000000000173e-03
2.610000000000000000e+02 6.720200000000000000e+04 2.643630000000000146e-01
2.630000000000000000e+02 1.266060000000000000e+05 3.414249999999999785e-01
2.630000000000000000e+02 7.217800000000000000e+05 1.488359999999999961e-01
2.630000000000000000e+02 7.892160000000000000e+05 3.784279999999999866e-01
2.680000000000000000e+02 6.072730000000000000e+05 5.066000000000000190e-03
2.600000000000000000e+02 2.244420000000000000e+05 2.007599999999999940e-01
2.600000000000000000e+02 8.939930000000000000e+05 1.386920000000000097e-01
2.610000000000000000e+02 7.264760000000000000e+05 5.727700000000000014e-01
2.610000000000000000e+02 1.025896000000000000e+06 6.129189999999999916e-01
2.620000000000000000e+02 5.099890000000000000e+05 8.499900000000000511e-02
2.630000000000000000e+02 1.266060000000000000e+05 3.602750000000000119e-01
2.630000000000000000e+02 7.217800000000000000e+05 3.442640000000000144e-01
2.630000000000000000e+02 7.892160000000000000e+05 3.804770000000000096e-01
2.640000000000000000e+02 3.441700000000000000e+04 5.672800000000000065e-02
2.650000000000000000e+02 6.436070000000000000e+05 1.401739999999999930e-01
2.570000000000000000e+02 1.246154000000000000e+06 2.569969999999999755e-01
2.570000000000000000e+02 4.311350000000000000e+05 6.438900000000000179e-02
2.580000000000000000e+02 7.241720000000000000e+05 1.625749999999999973e-01
2.600000000000000000e+02 6.848620000000000000e+05 9.671599999999999642e-02
2.600000000000000000e+02 5.794120000000000000e+05 3.021980000000000222e-01
2.600000000000000000e+02 8.185340000000000000e+05 9.310999999999999832e-03
2.600000000000000000e+02 1.115905000000000000e+06 1.208759999999999973e-01
2.610000000000000000e+02 4.328120000000000000e+05 6.392069999999999697e-01
2.620000000000000000e+02 1.191530000000000000e+05 4.732819999999999805e-01
2.630000000000000000e+02 5.529630000000000000e+05 3.074120000000000186e-01
2.580000000000000000e+02 6.081700000000000000e+04 1.897939999999999905e-01
2.600000000000000000e+02 1.275900000000000000e+04 2.804180000000000006e-01
2.600000000000000000e+02 2.887080000000000000e+05 6.433600000000000430e-02
2.620000000000000000e+02 5.099890000000000000e+05 6.543300000000000505e-02
2.630000000000000000e+02 7.217800000000000000e+05 3.445400000000000129e-01
2.630000000000000000e+02 1.266060000000000000e+05 3.728819999999999912e-01
2.670000000000000000e+02 1.780100000000000000e+05 1.232501999999999986e+00
2.680000000000000000e+02 4.165250000000000000e+05 1.259639999999999926e-01
2.580000000000000000e+02 2.276670000000000000e+05 1.513299999999999923e-01
2.630000000000000000e+02 1.266060000000000000e+05 3.607719999999999816e-01
2.630000000000000000e+02 7.892160000000000000e+05 3.711519999999999819e-01
2.630000000000000000e+02 6.967330000000000000e+05 3.752619999999999845e-01
2.630000000000000000e+02 3.180480000000000000e+05 3.857129999999999725e-01
2.630000000000000000e+02 2.457950000000000000e+05 4.149379999999999735e-01
2.650000000000000000e+02 6.623100000000000000e+05 8.598699999999999399e-02
2.580000000000000000e+02 2.276670000000000000e+05 1.513660000000000005e-01
2.630000000000000000e+02 1.266060000000000000e+05 3.607489999999999863e-01
2.630000000000000000e+02 7.892160000000000000e+05 3.712570000000000037e-01
2.570000000000000000e+02 9.156750000000000000e+05 1.170889999999999986e+00
2.580000000000000000e+02 2.276670000000000000e+05 1.642170000000000019e-01
2.630000000000000000e+02 1.156150000000000000e+05 3.625659999999999994e-01
2.630000000000000000e+02 1.105569000000000000e+06 4.980200000000000182e-01
2.630000000000000000e+02 1.105860000000000000e+05 3.737900000000000111e-01
2.630000000000000000e+02 1.105569000000000000e+06 4.885019999999999918e-01
2.650000000000000000e+02 8.886720000000000000e+05 8.931300000000000350e-02
2.670000000000000000e+02 3.960730000000000000e+05 1.194711000000000078e+00
2.630000000000000000e+02 9.323670000000000000e+05 3.962559999999999971e-01
2.680000000000000000e+02 7.706200000000000000e+04 1.081131000000000064e+00
2.600000000000000000e+02 1.655060000000000000e+05 2.990100000000000049e-02
2.630000000000000000e+02 1.105569000000000000e+06 4.885070000000000245e-01
