# t	msd	err
1.023076923076938208e-14 8.298838698401524994e-01 2.108169063126122955e-01
2.000000000000308916e-14 7.281466501310086548e-01 1.600954561239916751e-01
3.571428571428605165e-14 5.941923931005457238e-01 9.997831198682714804e-02
6.133333333333194024e-14 7.685591616542881699e-01 1.272628105169104351e-01
9.993306559571899721e-14 5.412755464871517930e+00 1.218033276440069868e+00
1.987462574850311124e-13 6.240945967777959069e+00 1.369680112190242438e+00
2.995238817285783478e-13 8.374318755851101415e+00 1.661651809681624847e+00
5.009884995988221601e-13 7.895021485692255148e+00 9.491199288526196431e-01
9.200022998576256089e-13 8.201339806744723404e+00 6.159747941228171930e-01
1.347048026315790174e-12 1.127907743091686932e+01 7.692330733359858952e-01
2.192442100731805130e-12 1.209718810157891689e+01 5.033464881630815846e-01
3.717835088874253788e-12 1.646090793335313052e+01 4.619347505586106073e-01
6.276783177417039575e-12 2.513018222094417453e+01 4.385481183027523655e-01
1.056725343985275228e-11 3.333292619435967197e+01 3.704999926570468061e-01
1.777219902898463805e-11 5.677020717818889750e+01 3.799240695816812896e-01
2.965183006037668726e-11 8.902278720801491829e+01 3.560887498301296139e-01
4.962633567055348364e-11 1.178295517622079984e+02 3.005504702182130727e-01
8.276465829650413873e-11 1.348131663718250195e+02 2.393328853994720617e-01
1.384493184394607722e-10 1.633032538468771122e+02 1.662982796655230744e-01
2.312088999461767345e-10 1.590028149239348352e+02 1.215759814207345857e-01
3.836783061272568303e-10 1.609098485429832408e+02 8.680438190218037198e-02
6.316271430451561316e-10 2.213534373337034822e+02 6.529173337298323221e-02
9.723365815748317799e-10 2.081283829025061038e+02 9.562211330099301687e-02
