# Barrier Energy Step Time
0.000000000000000000e+00 -5.120179000000000087e+03 0.000000000000000000e+00 0.000000000000000000e+00
2.240000000000000213e+00 -5.116432999999999993e+03 5.000000000000000000e-01 3.104000000000000162e-02
0.000000000000000000e+00 -5.118672999999999774e+03 1.000000000000000000e+00 3.104000000000000162e-02
8.679999999999999938e-01 -5.117780999999999949e+03 1.500000000000000000e+00 3.104000000000000162e-02
0.000000000000000000e+00 -5.118649000000000342e+03 2.000000000000000000e+00 3.104000000000000162e-02
7.059999999999999609e-01 -5.119448000000000320e+03 2.500000000000000000e+00 3.104000000000000162e-02
0.000000000000000000e+00 -5.120154000000000451e+03 3.000000000000000000e+00 3.104000000000000162e-02
2.174999999999999822e+00 -5.117867000000000189e+03 3.500000000000000000e+00 3.139000000000000123e-02
0.000000000000000000e+00 -5.120042000000000371e+03 4.000000000000000000e+00 3.139000000000000123e-02
7.099999999999999367e-02 -5.122117000000000189e+03 4.500000000000000000e+00 3.139000000000000123e-02
0.000000000000000000e+00 -5.122188000000000102e+03 5.000000000000000000e+00 3.139000000000000123e-02
2.052000000000000046e+00 -5.118622000000000298e+03 5.500000000000000000e+00 3.289000000000000257e-02
0.000000000000000000e+00 -5.120673999999999978e+03 6.000000000000000000e+00 3.289000000000000257e-02
5.280000000000000249e-01 -5.121658000000000357e+03 6.500000000000000000e+00 3.289000000000000257e-02
0.000000000000000000e+00 -5.122185999999999694e+03 7.000000000000000000e+00 3.289000000000000257e-02
2.313000000000000167e+00 -5.118002999999999702e+03 7.500000000000000000e+00 3.354000000000000037e-02
0.000000000000000000e+00 -5.120314999999999600e+03 8.000000000000000000e+00 3.354000000000000037e-02
2.979999999999999871e-01 -5.120536000000000058e+03 8.500000000000000000e+00 3.354000000000000037e-02
0.000000000000000000e+00 -5.120833999999999833e+03 9.000000000000000000e+00 3.354000000000000037e-02
5.969999999999999751e-01 -5.121564999999999600e+03 9.500000000000000000e+00 3.354000000000000037e-02
0.000000000000000000e+00 -5.122162000000000262e+03 1.000000000000000000e+01 3.354000000000000037e-02
1.925000000000000044e+00 -5.118908999999999651e+03 1.050000000000000000e+01 3.357000000000000262e-02
0.000000000000000000e+00 -5.120833999999999833e+03 1.100000000000000000e+01 3.357000000000000262e-02
6.300000000000000044e-01 -5.121506999999999607e+03 1.150000000000000000e+01 3.357000000000000262e-02
0.000000000000000000e+00 -5.122136999999999716e+03 1.200000000000000000e+01 3.357000000000000262e-02
1.933000000000000052e+00 -5.118902000000000044e+03 1.250000000000000000e+01 3.379000000000000059e-02
0.000000000000000000e+00 -5.120833999999999833e+03 1.300000000000000000e+01 3.379000000000000059e-02
5.969999999999999751e-01 -5.121564999999999600e+03 1.350000000000000000e+01 3.379000000000000059e-02
0.000000000000000000e+00 -5.122162000000000262e+03 1.400000000000000000e+01 3.379000000000000059e-02
2.148000000000000131e+00 -5.117918999999999869e+03 1.450000000000000000e+01 3.465000000000000024e-02
0.000000000000000000e+00 -5.120067000000000007e+03 1.500000000000000000e+01 3.465000000000000024e-02
5.299999999999999850e-02 -5.122113999999999578e+03 1.550000000000000000e+01 3.465000000000000024e-02
0.000000000000000000e+00 -5.122167000000000371e+03 1.600000000000000000e+01 3.465000000000000024e-02
2.392999999999999794e+00 -5.117462999999999738e+03 1.650000000000000000e+01 3.982000000000000123e-02
0.000000000000000000e+00 -5.119855999999999767e+03 1.700000000000000000e+01 3.982000000000000123e-02
1.899999999999999953e-02 -5.122152000000000044e+03 1.750000000000000000e+01 3.982000000000000123e-02
0.000000000000000000e+00 -5.122171999999999571e+03 1.800000000000000000e+01 3.982000000000000123e-02
2.153999999999999915e+00 -5.117921999999999571e+03 1.850000000000000000e+01 4.086000000000000049e-02
0.000000000000000000e+00 -5.120074999999999818e+03 1.900000000000000000e+01 4.086000000000000049e-02
5.700000000000000205e-02 -5.122114999999999782e+03 1.950000000000000000e+01 4.086000000000000049e-02
0.000000000000000000e+00 -5.122171999999999571e+03 2.000000000000000000e+01 4.086000000000000049e-02
2.214999999999999858e+00 -5.117806999999999789e+03 2.050000000000000000e+01 4.188999999999999668e-02
0.000000000000000000e+00 -5.120021999999999935e+03 2.100000000000000000e+01 4.188999999999999668e-02
6.500000000000000222e-02 -5.122109000000000378e+03 2.150000000000000000e+01 4.188999999999999668e-02
0.000000000000000000e+00 -5.122173999999999978e+03 2.200000000000000000e+01 4.188999999999999668e-02
2.281000000000000139e+00 -5.118377000000000407e+03 2.250000000000000000e+01 4.671000000000000152e-02
0.000000000000000000e+00 -5.120658999999999651e+03 2.300000000000000000e+01 4.671000000000000152e-02
7.660000000000000142e-01 -5.121408000000000357e+03 2.350000000000000000e+01 4.671000000000000152e-02
0.000000000000000000e+00 -5.122173999999999978e+03 2.400000000000000000e+01 4.671000000000000152e-02
2.209000000000000075e+00 -5.118106999999999971e+03 2.450000000000000000e+01 4.861999999999999655e-02
0.000000000000000000e+00 -5.120315999999999804e+03 2.500000000000000000e+01 4.861999999999999655e-02
3.029999999999999916e-01 -5.120527000000000044e+03 2.550000000000000000e+01 4.861999999999999655e-02
0.000000000000000000e+00 -5.120829999999999927e+03 2.600000000000000000e+01 4.861999999999999655e-02
7.740000000000000213e-01 -5.121384000000000015e+03 2.650000000000000000e+01 4.861999999999999655e-02
0.000000000000000000e+00 -5.122158000000000357e+03 2.700000000000000000e+01 4.861999999999999655e-02
2.145999999999999908e+00 -5.117917999999999665e+03 2.750000000000000000e+01 5.133999999999999675e-02
0.000000000000000000e+00 -5.120064000000000306e+03 2.800000000000000000e+01 5.133999999999999675e-02
5.199999999999999761e-02 -5.122105999999999767e+03 2.850000000000000000e+01 5.133999999999999675e-02
0.000000000000000000e+00 -5.122158000000000357e+03 2.900000000000000000e+01 5.133999999999999675e-02
2.145999999999999908e+00 -5.117917999999999665e+03 2.950000000000000000e+01 5.170999999999999902e-02
0.000000000000000000e+00 -5.120064000000000306e+03 3.000000000000000000e+01 5.170999999999999902e-02
5.199999999999999761e-02 -5.122105999999999767e+03 3.050000000000000000e+01 5.170999999999999902e-02
0.000000000000000000e+00 -5.122158000000000357e+03 3.100000000000000000e+01 5.170999999999999902e-02
2.225999999999999979e+00 -5.118417999999999665e+03 3.150000000000000000e+01 5.467000000000000332e-02
0.000000000000000000e+00 -5.120644000000000233e+03 3.200000000000000000e+01 5.467000000000000332e-02
7.109999999999999654e-01 -5.121447000000000116e+03 3.250000000000000000e+01 5.467000000000000332e-02
0.000000000000000000e+00 -5.122158000000000357e+03 3.300000000000000000e+01 5.467000000000000332e-02
2.366999999999999993e+00 -5.117871000000000095e+03 3.350000000000000000e+01 5.820000000000000173e-02
0.000000000000000000e+00 -5.120238000000000284e+03 3.400000000000000000e+01 5.820000000000000173e-02
4.400000000000000022e-01 -5.121731999999999971e+03 3.450000000000000000e+01 5.820000000000000173e-02
0.000000000000000000e+00 -5.122171999999999571e+03 3.500000000000000000e+01 5.820000000000000173e-02
2.148000000000000131e+00 -5.117927999999999884e+03 3.550000000000000000e+01 6.072999999999999926e-02
0.000000000000000000e+00 -5.120076000000000022e+03 3.600000000000000000e+01 6.072999999999999926e-02
5.099999999999999672e-02 -5.122122000000000298e+03 3.650000000000000000e+01 6.072999999999999926e-02
0.000000000000000000e+00 -5.122171999999999571e+03 3.700000000000000000e+01 6.072999999999999926e-02
2.210999999999999854e+00 -5.117813000000000102e+03 3.750000000000000000e+01 6.264000000000000123e-02
0.000000000000000000e+00 -5.120024000000000342e+03 3.800000000000000000e+01 6.264000000000000123e-02
2.010000000000000120e-01 -5.121974000000000160e+03 3.850000000000000000e+01 6.264000000000000123e-02
0.000000000000000000e+00 -5.122175000000000182e+03 3.900000000000000000e+01 6.264000000000000123e-02
2.347999999999999865e+00 -5.117979000000000269e+03 3.950000000000000000e+01 6.339999999999999802e-02
0.000000000000000000e+00 -5.120327000000000226e+03 4.000000000000000000e+01 6.339999999999999802e-02
4.889999999999999902e-01 -5.121712000000000444e+03 4.050000000000000000e+01 6.339999999999999802e-02
0.000000000000000000e+00 -5.122202000000000226e+03 4.100000000000000000e+01 6.339999999999999802e-02
2.362000000000000099e+00 -5.120006000000000313e+03 4.150000000000000000e+01 6.517000000000000570e-02
0.000000000000000000e+00 -5.122368999999999687e+03 4.200000000000000000e+01 6.517000000000000570e-02
2.228000000000000203e+00 -5.117990999999999985e+03 4.250000000000000000e+01 6.883000000000000229e-02
0.000000000000000000e+00 -5.120219000000000051e+03 4.300000000000000000e+01 6.883000000000000229e-02
7.900000000000000078e-02 -5.122289999999999964e+03 4.350000000000000000e+01 6.883000000000000229e-02
0.000000000000000000e+00 -5.122368999999999687e+03 4.400000000000000000e+01 6.883000000000000229e-02
2.545999999999999819e+00 -5.118438000000000102e+03 4.450000000000000000e+01 6.966999999999999582e-02
0.000000000000000000e+00 -5.120984000000000378e+03 4.500000000000000000e+01 6.966999999999999582e-02
9.649999999999999689e-01 -5.121345999999999549e+03 4.550000000000000000e+01 6.966999999999999582e-02
0.000000000000000000e+00 -5.122310999999999694e+03 4.600000000000000000e+01 6.966999999999999582e-02
2.186999999999999833e+00 -5.117985999999999876e+03 4.650000000000000000e+01 7.148000000000000187e-02
0.000000000000000000e+00 -5.120172999999999774e+03 4.700000000000000000e+01 7.148000000000000187e-02
5.000000000000000278e-02 -5.122261999999999716e+03 4.750000000000000000e+01 7.148000000000000187e-02
0.000000000000000000e+00 -5.122310999999999694e+03 4.800000000000000000e+01 7.148000000000000187e-02
2.186999999999999833e+00 -5.117985999999999876e+03 4.850000000000000000e+01 7.338999999999999690e-02
0.000000000000000000e+00 -5.120172999999999774e+03 4.900000000000000000e+01 7.338999999999999690e-02
3.200000000000000067e-02 -5.122305999999999585e+03 4.950000000000000000e+01 7.338999999999999690e-02
0.000000000000000000e+00 -5.122338999999999942e+03 5.000000000000000000e+01 7.338999999999999690e-02
2.125000000000000000e+00 -5.118694000000000415e+03 5.050000000000000000e+01 7.370999999999999774e-02
0.000000000000000000e+00 -5.120819999999999709e+03 5.100000000000000000e+01 7.370999999999999774e-02
2.097999999999999865e+00 -5.116912999999999556e+03 5.150000000000000000e+01 7.396999999999999409e-02
0.000000000000000000e+00 -5.119011000000000422e+03 5.200000000000000000e+01 7.396999999999999409e-02
2.270000000000000073e-01 -5.119460000000000036e+03 5.250000000000000000e+01 7.396999999999999409e-02
0.000000000000000000e+00 -5.119686999999999898e+03 5.300000000000000000e+01 7.396999999999999409e-02
6.500000000000000222e-01 -5.120185999999999694e+03 5.350000000000000000e+01 7.396999999999999409e-02
0.000000000000000000e+00 -5.120836000000000240e+03 5.400000000000000000e+01 7.396999999999999409e-02
5.320000000000000284e-01 -5.121827000000000226e+03 5.450000000000000000e+01 7.396999999999999409e-02
0.000000000000000000e+00 -5.122359000000000378e+03 5.500000000000000000e+01 7.396999999999999409e-02
2.053999999999999826e+00 -5.118782000000000153e+03 5.550000000000000000e+01 7.438000000000000167e-02
0.000000000000000000e+00 -5.120836000000000240e+03 5.600000000000000000e+01 7.438000000000000167e-02
5.320000000000000284e-01 -5.121827000000000226e+03 5.650000000000000000e+01 7.438000000000000167e-02
0.000000000000000000e+00 -5.122359000000000378e+03 5.700000000000000000e+01 7.438000000000000167e-02
2.053999999999999826e+00 -5.118782000000000153e+03 5.750000000000000000e+01 7.442999999999999616e-02
0.000000000000000000e+00 -5.120836000000000240e+03 5.800000000000000000e+01 7.442999999999999616e-02
5.320000000000000284e-01 -5.121827000000000226e+03 5.850000000000000000e+01 7.442999999999999616e-02
0.000000000000000000e+00 -5.122359000000000378e+03 5.900000000000000000e+01 7.442999999999999616e-02
2.053999999999999826e+00 -5.118782000000000153e+03 5.950000000000000000e+01 7.496999999999999498e-02
0.000000000000000000e+00 -5.120836000000000240e+03 6.000000000000000000e+01 7.496999999999999498e-02
7.129999999999999671e-01 -5.121547999999999774e+03 6.050000000000000000e+01 7.496999999999999498e-02
0.000000000000000000e+00 -5.122261999999999716e+03 6.100000000000000000e+01 7.496999999999999498e-02
1.955000000000000071e+00 -5.118792999999999665e+03 6.150000000000000000e+01 7.513000000000000234e-02
0.000000000000000000e+00 -5.120747999999999593e+03 6.200000000000000000e+01 7.513000000000000234e-02
4.410000000000000031e-01 -5.121820999999999913e+03 6.250000000000000000e+01 7.513000000000000234e-02
0.000000000000000000e+00 -5.122261999999999716e+03 6.300000000000000000e+01 7.513000000000000234e-02
2.064999999999999947e+00 -5.118389000000000124e+03 6.350000000000000000e+01 7.564999999999999503e-02
0.000000000000000000e+00 -5.120453999999999724e+03 6.400000000000000000e+01 7.564999999999999503e-02
2.179999999999999993e-01 -5.120902000000000044e+03 6.450000000000000000e+01 7.564999999999999503e-02
0.000000000000000000e+00 -5.121119999999999891e+03 6.500000000000000000e+01 7.564999999999999503e-02
6.400000000000000133e-01 -5.121730999999999767e+03 6.550000000000000000e+01 7.564999999999999503e-02
0.000000000000000000e+00 -5.122371000000000095e+03 6.600000000000000000e+01 7.564999999999999503e-02
2.104999999999999982e+00 -5.119118999999999687e+03 6.650000000000000000e+01 7.587000000000000688e-02
0.000000000000000000e+00 -5.121222999999999956e+03 6.700000000000000000e+01 7.587000000000000688e-02
8.149999999999999467e-01 -5.121922999999999774e+03 6.750000000000000000e+01 7.587000000000000688e-02
0.000000000000000000e+00 -5.122738000000000284e+03 6.800000000000000000e+01 7.587000000000000688e-02
1.961000000000000076e+00 -5.119262999999999920e+03 6.850000000000000000e+01 7.660000000000000142e-02
0.000000000000000000e+00 -5.121224000000000160e+03 6.900000000000000000e+01 7.660000000000000142e-02
1.286000000000000032e+00 -5.119591000000000349e+03 6.950000000000000000e+01 7.660000000000000142e-02
0.000000000000000000e+00 -5.120877000000000407e+03 7.000000000000000000e+01 7.660000000000000142e-02
8.269999999999999574e-01 -5.120396999999999935e+03 7.050000000000000000e+01 7.660000000000000142e-02
0.000000000000000000e+00 -5.121224000000000160e+03 7.100000000000000000e+01 7.660000000000000142e-02
4.380000000000000004e-01 -5.122300000000000182e+03 7.150000000000000000e+01 7.660000000000000142e-02
0.000000000000000000e+00 -5.122738000000000284e+03 7.200000000000000000e+01 7.660000000000000142e-02
1.951000000000000068e+00 -5.119273000000000138e+03 7.250000000000000000e+01 7.689000000000000001e-02
0.000000000000000000e+00 -5.121224000000000160e+03 7.300000000000000000e+01 7.689000000000000001e-02
4.380000000000000004e-01 -5.122300000000000182e+03 7.350000000000000000e+01 7.689000000000000001e-02
0.000000000000000000e+00 -5.122738000000000284e+03 7.400000000000000000e+01 7.689000000000000001e-02
1.951000000000000068e+00 -5.119273000000000138e+03 7.450000000000000000e+01 7.696000000000000063e-02
0.000000000000000000e+00 -5.121224000000000160e+03 7.500000000000000000e+01 7.696000000000000063e-02
4.380000000000000004e-01 -5.122300000000000182e+03 7.550000000000000000e+01 7.696000000000000063e-02
0.000000000000000000e+00 -5.122738000000000284e+03 7.600000000000000000e+01 7.696000000000000063e-02
1.951000000000000068e+00 -5.119273000000000138e+03 7.650000000000000000e+01 7.721999999999999698e-02
0.000000000000000000e+00 -5.121224000000000160e+03 7.700000000000000000e+01 7.721999999999999698e-02
4.380000000000000004e-01 -5.122300000000000182e+03 7.750000000000000000e+01 7.721999999999999698e-02
0.000000000000000000e+00 -5.122738000000000284e+03 7.800000000000000000e+01 7.721999999999999698e-02
1.951000000000000068e+00 -5.119273000000000138e+03 7.850000000000000000e+01 7.867000000000000381e-02
0.000000000000000000e+00 -5.121224000000000160e+03 7.900000000000000000e+01 7.867000000000000381e-02
4.380000000000000004e-01 -5.122300000000000182e+03 7.950000000000000000e+01 7.867000000000000381e-02
0.000000000000000000e+00 -5.122738000000000284e+03 8.000000000000000000e+01 7.867000000000000381e-02
1.951000000000000068e+00 -5.119273000000000138e+03 8.050000000000000000e+01 7.874000000000000443e-02
0.000000000000000000e+00 -5.121224000000000160e+03 8.100000000000000000e+01 7.874000000000000443e-02
4.380000000000000004e-01 -5.122300000000000182e+03 8.150000000000000000e+01 7.874000000000000443e-02
0.000000000000000000e+00 -5.122738000000000284e+03 8.200000000000000000e+01 7.874000000000000443e-02
2.162999999999999812e+00 -5.119152000000000044e+03 8.250000000000000000e+01 7.889000000000000179e-02
0.000000000000000000e+00 -5.121314999999999600e+03 8.300000000000000000e+01 7.889000000000000179e-02
5.280000000000000249e-01 -5.122309000000000196e+03 8.350000000000000000e+01 7.889000000000000179e-02
0.000000000000000000e+00 -5.122837000000000444e+03 8.400000000000000000e+01 7.889000000000000179e-02
2.221000000000000085e+00 -5.119890999999999622e+03 8.450000000000000000e+01 8.043000000000000149e-02
0.000000000000000000e+00 -5.122110999999999876e+03 8.500000000000000000e+01 8.043000000000000149e-02
1.604000000000000092e+00 -5.121234000000000378e+03 8.550000000000000000e+01 8.044999999999999374e-02
0.000000000000000000e+00 -5.122837999999999738e+03 8.600000000000000000e+01 8.044999999999999374e-02
2.017999999999999794e+00 -5.119300000000000182e+03 8.650000000000000000e+01 8.154000000000000137e-02
0.000000000000000000e+00 -5.121318000000000211e+03 8.700000000000000000e+01 8.154000000000000137e-02
4.979999999999999982e-01 -5.122340000000000146e+03 8.750000000000000000e+01 8.154000000000000137e-02
0.000000000000000000e+00 -5.122837999999999738e+03 8.800000000000000000e+01 8.154000000000000137e-02
2.017999999999999794e+00 -5.119300000000000182e+03 8.850000000000000000e+01 8.229000000000000203e-02
0.000000000000000000e+00 -5.121318000000000211e+03 8.900000000000000000e+01 8.229000000000000203e-02
4.979999999999999982e-01 -5.122340000000000146e+03 8.950000000000000000e+01 8.229000000000000203e-02
0.000000000000000000e+00 -5.122837999999999738e+03 9.000000000000000000e+01 8.229000000000000203e-02
2.245000000000000107e+00 -5.119139000000000124e+03 9.050000000000000000e+01 8.232000000000000428e-02
0.000000000000000000e+00 -5.121384000000000015e+03 9.100000000000000000e+01 8.232000000000000428e-02
2.278999999999999915e+00 -5.117587999999999738e+03 9.150000000000000000e+01 8.772000000000000630e-02
0.000000000000000000e+00 -5.119867000000000189e+03 9.200000000000000000e+01 8.772000000000000630e-02
9.040000000000000258e-01 -5.120457000000000335e+03 9.250000000000000000e+01 8.772000000000000630e-02
0.000000000000000000e+00 -5.121362000000000080e+03 9.300000000000000000e+01 8.772000000000000630e-02
5.959999999999999742e-01 -5.122288999999999760e+03 9.350000000000000000e+01 8.772000000000000630e-02
0.000000000000000000e+00 -5.122885000000000218e+03 9.400000000000000000e+01 8.772000000000000630e-02
1.935000000000000053e+00 -5.120182999999999993e+03 9.450000000000000000e+01 8.834999999999999798e-02
0.000000000000000000e+00 -5.122118000000000393e+03 9.500000000000000000e+01 8.834999999999999798e-02
1.421000000000000041e+00 -5.121501000000000204e+03 9.550000000000000000e+01 8.834999999999999798e-02
0.000000000000000000e+00 -5.122921000000000276e+03 9.600000000000000000e+01 8.834999999999999798e-02
1.969999999999999973e+00 -5.120298999999999978e+03 9.650000000000000000e+01 8.848999999999999921e-02
0.000000000000000000e+00 -5.122269000000000233e+03 9.700000000000000000e+01 8.848999999999999921e-02
1.516999999999999904e+00 -5.121438000000000102e+03 9.750000000000000000e+01 8.849999999999999534e-02
0.000000000000000000e+00 -5.122954999999999927e+03 9.800000000000000000e+01 8.849999999999999534e-02
2.028999999999999915e+00 -5.120051000000000386e+03 9.850000000000000000e+01 8.851000000000000534e-02
0.000000000000000000e+00 -5.122079999999999927e+03 9.900000000000000000e+01 8.851000000000000534e-02
1.153999999999999915e+00 -5.121801000000000386e+03 9.950000000000000000e+01 8.851000000000000534e-02
0.000000000000000000e+00 -5.122954999999999927e+03 1.000000000000000000e+02 8.851000000000000534e-02
2.055000000000000160e+00 -5.120059000000000196e+03 1.005000000000000000e+02 8.883000000000000618e-02
0.000000000000000000e+00 -5.122114999999999782e+03 1.010000000000000000e+02 8.883000000000000618e-02
1.312000000000000055e+00 -5.121654999999999745e+03 1.015000000000000000e+02 8.883000000000000618e-02
0.000000000000000000e+00 -5.122966999999999643e+03 1.020000000000000000e+02 8.883000000000000618e-02
1.983999999999999986e+00 -5.120225000000000364e+03 1.025000000000000000e+02 8.933000000000000662e-02
0.000000000000000000e+00 -5.122208999999999833e+03 1.030000000000000000e+02 8.933000000000000662e-02
1.375000000000000000e+00 -5.121621000000000095e+03 1.035000000000000000e+02 8.933000000000000662e-02
0.000000000000000000e+00 -5.122996000000000095e+03 1.040000000000000000e+02 8.933000000000000662e-02
2.100000000000000089e+00 -5.119979000000000269e+03 1.045000000000000000e+02 8.959000000000000297e-02
0.000000000000000000e+00 -5.122078999999999724e+03 1.050000000000000000e+02 8.959000000000000297e-02
1.310000000000000053e+00 -5.121685000000000400e+03 1.055000000000000000e+02 8.959000000000000297e-02
0.000000000000000000e+00 -5.122994999999999891e+03 1.060000000000000000e+02 8.959000000000000297e-02
2.119000000000000217e+00 -5.120194999999999709e+03 1.065000000000000000e+02 9.127000000000000390e-02
0.000000000000000000e+00 -5.122314000000000306e+03 1.070000000000000000e+02 9.127000000000000390e-02
1.703999999999999959e+00 -5.121252999999999702e+03 1.075000000000000000e+02 9.128000000000000003e-02
0.000000000000000000e+00 -5.122956000000000131e+03 1.080000000000000000e+02 9.128000000000000003e-02
1.933999999999999941e+00 -5.120380000000000109e+03 1.085000000000000000e+02 9.181000000000000272e-02
0.000000000000000000e+00 -5.122314999999999600e+03 1.090000000000000000e+02 9.181000000000000272e-02
1.947999999999999954e+00 -5.119796999999999571e+03 1.095000000000000000e+02 9.181999999999999884e-02
0.000000000000000000e+00 -5.121744999999999891e+03 1.100000000000000000e+02 9.181999999999999884e-02
7.379999999999999893e-01 -5.122506999999999607e+03 1.105000000000000000e+02 9.181999999999999884e-02
0.000000000000000000e+00 -5.123243999999999687e+03 1.110000000000000000e+02 9.181999999999999884e-02
2.092000000000000082e+00 -5.120328000000000429e+03 1.115000000000000000e+02 9.213000000000000356e-02
0.000000000000000000e+00 -5.122420000000000073e+03 1.120000000000000000e+02 9.213000000000000356e-02
1.729000000000000092e+00 -5.121516999999999825e+03 1.125000000000000000e+02 9.213999999999999968e-02
0.000000000000000000e+00 -5.123244999999999891e+03 1.130000000000000000e+02 9.213999999999999968e-02
2.165999999999999925e+00 -5.120386999999999716e+03 1.135000000000000000e+02 9.503999999999999948e-02
0.000000000000000000e+00 -5.122554000000000087e+03 1.140000000000000000e+02 9.503999999999999948e-02
2.104999999999999982e+00 -5.121139000000000124e+03 1.145000000000000000e+02 9.504999999999999560e-02
0.000000000000000000e+00 -5.123243999999999687e+03 1.150000000000000000e+02 9.504999999999999560e-02
2.190999999999999837e+00 -5.120363000000000284e+03 1.155000000000000000e+02 9.617000000000000548e-02
0.000000000000000000e+00 -5.122554000000000087e+03 1.160000000000000000e+02 9.617000000000000548e-02
1.955000000000000071e+00 -5.121271999999999935e+03 1.165000000000000000e+02 9.669999999999999429e-02
0.000000000000000000e+00 -5.123226999999999862e+03 1.170000000000000000e+02 9.669999999999999429e-02
2.028999999999999915e+00 -5.120467999999999847e+03 1.175000000000000000e+02 1.001999999999999974e-01
0.000000000000000000e+00 -5.122497999999999593e+03 1.180000000000000000e+02 1.001999999999999974e-01
1.683000000000000052e+00 -5.121543999999999869e+03 1.185000000000000000e+02 1.003000000000000003e-01
0.000000000000000000e+00 -5.123226999999999862e+03 1.190000000000000000e+02 1.003000000000000003e-01
2.111000000000000210e+00 -5.120497999999999593e+03 1.195000000000000000e+02 1.019000000000000045e-01
0.000000000000000000e+00 -5.122609000000000378e+03 1.200000000000000000e+02 1.019000000000000045e-01
1.493999999999999995e+00 -5.121733000000000175e+03 1.205000000000000000e+02 1.019000000000000045e-01
0.000000000000000000e+00 -5.123226999999999862e+03 1.210000000000000000e+02 1.019000000000000045e-01
2.037999999999999812e+00 -5.120460000000000036e+03 1.215000000000000000e+02 1.019999999999999934e-01
0.000000000000000000e+00 -5.122497999999999593e+03 1.220000000000000000e+02 1.019999999999999934e-01
1.683000000000000052e+00 -5.121545000000000073e+03 1.225000000000000000e+02 1.020999999999999963e-01
0.000000000000000000e+00 -5.123226999999999862e+03 1.230000000000000000e+02 1.020999999999999963e-01
2.036000000000000032e+00 -5.120462000000000444e+03 1.235000000000000000e+02 1.029999999999999943e-01
0.000000000000000000e+00 -5.122497999999999593e+03 1.240000000000000000e+02 1.029999999999999943e-01
1.306999999999999940e+00 -5.121920000000000073e+03 1.245000000000000000e+02 1.029999999999999943e-01
0.000000000000000000e+00 -5.123226999999999862e+03 1.250000000000000000e+02 1.029999999999999943e-01
2.221999999999999975e+00 -5.119493000000000393e+03 1.255000000000000000e+02 1.048000000000000043e-01
0.000000000000000000e+00 -5.121715000000000146e+03 1.260000000000000000e+02 1.048000000000000043e-01
7.099999999999999645e-01 -5.122516999999999825e+03 1.265000000000000000e+02 1.048000000000000043e-01
0.000000000000000000e+00 -5.123226999999999862e+03 1.270000000000000000e+02 1.048000000000000043e-01
2.036999999999999922e+00 -5.120461000000000240e+03 1.275000000000000000e+02 1.059999999999999970e-01
0.000000000000000000e+00 -5.122497999999999593e+03 1.280000000000000000e+02 1.059999999999999970e-01
1.306999999999999940e+00 -5.121920000000000073e+03 1.285000000000000000e+02 1.059999999999999970e-01
0.000000000000000000e+00 -5.123226999999999862e+03 1.290000000000000000e+02 1.059999999999999970e-01
2.109999999999999876e+00 -5.120500000000000000e+03 1.295000000000000000e+02 1.064999999999999974e-01
0.000000000000000000e+00 -5.122609000000000378e+03 1.300000000000000000e+02 1.064999999999999974e-01
1.491999999999999993e+00 -5.121734999999999673e+03 1.305000000000000000e+02 1.064999999999999974e-01
0.000000000000000000e+00 -5.123226999999999862e+03 1.310000000000000000e+02 1.064999999999999974e-01
2.036999999999999922e+00 -5.120461000000000240e+03 1.315000000000000000e+02 1.074999999999999983e-01
0.000000000000000000e+00 -5.122497999999999593e+03 1.320000000000000000e+02 1.074999999999999983e-01
1.306999999999999940e+00 -5.121920000000000073e+03 1.325000000000000000e+02 1.074999999999999983e-01
0.000000000000000000e+00 -5.123226999999999862e+03 1.330000000000000000e+02 1.074999999999999983e-01
2.221999999999999975e+00 -5.119493000000000393e+03 1.335000000000000000e+02 1.083999999999999964e-01
0.000000000000000000e+00 -5.121715000000000146e+03 1.340000000000000000e+02 1.083999999999999964e-01
7.099999999999999645e-01 -5.122516999999999825e+03 1.345000000000000000e+02 1.083999999999999964e-01
0.000000000000000000e+00 -5.123226999999999862e+03 1.350000000000000000e+02 1.083999999999999964e-01
2.109999999999999876e+00 -5.120500000000000000e+03 1.355000000000000000e+02 1.106000000000000039e-01
0.000000000000000000e+00 -5.122609999999999673e+03 1.360000000000000000e+02 1.106000000000000039e-01
1.491999999999999993e+00 -5.121734999999999673e+03 1.365000000000000000e+02 1.106000000000000039e-01
0.000000000000000000e+00 -5.123226999999999862e+03 1.370000000000000000e+02 1.106000000000000039e-01
2.109999999999999876e+00 -5.120500000000000000e+03 1.375000000000000000e+02 1.107000000000000067e-01
0.000000000000000000e+00 -5.122609999999999673e+03 1.380000000000000000e+02 1.107000000000000067e-01
1.491999999999999993e+00 -5.121734999999999673e+03 1.385000000000000000e+02 1.107000000000000067e-01
0.000000000000000000e+00 -5.123226999999999862e+03 1.390000000000000000e+02 1.107000000000000067e-01
2.036999999999999922e+00 -5.120461000000000240e+03 1.395000000000000000e+02 1.112999999999999962e-01
0.000000000000000000e+00 -5.122497000000000298e+03 1.400000000000000000e+02 1.112999999999999962e-01
1.306999999999999940e+00 -5.121921000000000276e+03 1.405000000000000000e+02 1.112999999999999962e-01
0.000000000000000000e+00 -5.123226999999999862e+03 1.410000000000000000e+02 1.112999999999999962e-01
2.249000000000000110e+00 -5.120265999999999622e+03 1.415000000000000000e+02 1.116000000000000048e-01
0.000000000000000000e+00 -5.122515999999999622e+03 1.420000000000000000e+02 1.116000000000000048e-01
2.008999999999999897e+00 -5.121177999999999884e+03 1.425000000000000000e+02 1.117999999999999966e-01
0.000000000000000000e+00 -5.123186999999999898e+03 1.430000000000000000e+02 1.117999999999999966e-01
1.935999999999999943e+00 -5.120676000000000386e+03 1.435000000000000000e+02 1.140999999999999931e-01
0.000000000000000000e+00 -5.122612000000000080e+03 1.440000000000000000e+02 1.140999999999999931e-01
1.360999999999999988e+00 -5.121826000000000022e+03 1.445000000000000000e+02 1.140999999999999931e-01
0.000000000000000000e+00 -5.123186999999999898e+03 1.450000000000000000e+02 1.140999999999999931e-01
1.935999999999999943e+00 -5.120675000000000182e+03 1.455000000000000000e+02 1.140999999999999931e-01
0.000000000000000000e+00 -5.122610999999999876e+03 1.460000000000000000e+02 1.140999999999999931e-01
1.949000000000000066e+00 -5.120043999999999869e+03 1.465000000000000000e+02 1.140999999999999931e-01
0.000000000000000000e+00 -5.121993000000000393e+03 1.470000000000000000e+02 1.140999999999999931e-01
9.110000000000000320e-01 -5.122212999999999738e+03 1.475000000000000000e+02 1.140999999999999931e-01
0.000000000000000000e+00 -5.123123999999999796e+03 1.480000000000000000e+02 1.140999999999999931e-01
1.818999999999999950e+00 -5.120893000000000029e+03 1.485000000000000000e+02 1.141999999999999960e-01
0.000000000000000000e+00 -5.122712999999999738e+03 1.490000000000000000e+02 1.141999999999999960e-01
1.804000000000000048e+00 -5.121319000000000415e+03 1.495000000000000000e+02 1.142999999999999988e-01
0.000000000000000000e+00 -5.123123999999999796e+03 1.500000000000000000e+02 1.142999999999999988e-01
1.844999999999999973e+00 -5.120868000000000393e+03 1.505000000000000000e+02 1.142999999999999988e-01
0.000000000000000000e+00 -5.122712999999999738e+03 1.510000000000000000e+02 1.142999999999999988e-01
1.792999999999999927e+00 -5.121331000000000131e+03 1.515000000000000000e+02 1.142999999999999988e-01
0.000000000000000000e+00 -5.123123999999999796e+03 1.520000000000000000e+02 1.142999999999999988e-01
1.840999999999999970e+00 -5.120872000000000298e+03 1.525000000000000000e+02 1.144000000000000017e-01
0.000000000000000000e+00 -5.122712999999999738e+03 1.530000000000000000e+02 1.144000000000000017e-01
1.429999999999999938e+00 -5.121694000000000415e+03 1.535000000000000000e+02 1.144000000000000017e-01
0.000000000000000000e+00 -5.123123999999999796e+03 1.540000000000000000e+02 1.144000000000000017e-01
1.840999999999999970e+00 -5.120872000000000298e+03 1.545000000000000000e+02 1.145000000000000046e-01
0.000000000000000000e+00 -5.122712999999999738e+03 1.550000000000000000e+02 1.145000000000000046e-01
1.429999999999999938e+00 -5.121694000000000415e+03 1.555000000000000000e+02 1.145000000000000046e-01
0.000000000000000000e+00 -5.123123999999999796e+03 1.560000000000000000e+02 1.145000000000000046e-01
2.048999999999999932e+00 -5.119944999999999709e+03 1.565000000000000000e+02 1.145000000000000046e-01
0.000000000000000000e+00 -5.121993999999999687e+03 1.570000000000000000e+02 1.145000000000000046e-01
7.379999999999999893e-01 -5.122752000000000407e+03 1.575000000000000000e+02 1.145000000000000046e-01
0.000000000000000000e+00 -5.123489999999999782e+03 1.580000000000000000e+02 1.145000000000000046e-01
2.327999999999999847e+00 -5.119310999999999694e+03 1.585000000000000000e+02 1.165999999999999953e-01
0.000000000000000000e+00 -5.121639000000000124e+03 1.590000000000000000e+02 1.165999999999999953e-01
4.769999999999999796e-01 -5.123012999999999920e+03 1.595000000000000000e+02 1.165999999999999953e-01
0.000000000000000000e+00 -5.123489999999999782e+03 1.600000000000000000e+02 1.165999999999999953e-01
2.346000000000000085e+00 -5.118862000000000080e+03 1.605000000000000000e+02 1.228000000000000064e-01
0.000000000000000000e+00 -5.121208999999999833e+03 1.610000000000000000e+02 1.228000000000000064e-01
3.300000000000000155e-02 -5.123456000000000131e+03 1.615000000000000000e+02 1.228000000000000064e-01
0.000000000000000000e+00 -5.123488999999999578e+03 1.620000000000000000e+02 1.228000000000000064e-01
2.221999999999999975e+00 -5.119771999999999935e+03 1.625000000000000000e+02 1.242999999999999938e-01
0.000000000000000000e+00 -5.121993999999999687e+03 1.630000000000000000e+02 1.242999999999999938e-01
7.259999999999999787e-01 -5.122762999999999920e+03 1.635000000000000000e+02 1.242999999999999938e-01
0.000000000000000000e+00 -5.123488999999999578e+03 1.640000000000000000e+02 1.242999999999999938e-01
2.221999999999999975e+00 -5.119771999999999935e+03 1.645000000000000000e+02 1.246000000000000024e-01
0.000000000000000000e+00 -5.121993999999999687e+03 1.650000000000000000e+02 1.246000000000000024e-01
7.259999999999999787e-01 -5.122762999999999920e+03 1.655000000000000000e+02 1.246000000000000024e-01
0.000000000000000000e+00 -5.123488999999999578e+03 1.660000000000000000e+02 1.246000000000000024e-01
2.221999999999999975e+00 -5.119771999999999935e+03 1.665000000000000000e+02 1.274000000000000132e-01
0.000000000000000000e+00 -5.121993999999999687e+03 1.670000000000000000e+02 1.274000000000000132e-01
8.760000000000000009e-01 -5.122226999999999862e+03 1.675000000000000000e+02 1.274000000000000132e-01
0.000000000000000000e+00 -5.123103000000000065e+03 1.680000000000000000e+02 1.274000000000000132e-01
1.776000000000000023e+00 -5.120921000000000276e+03 1.685000000000000000e+02 1.275000000000000022e-01
0.000000000000000000e+00 -5.122697000000000116e+03 1.690000000000000000e+02 1.275000000000000022e-01
1.550999999999999934e+00 -5.121631000000000313e+03 1.695000000000000000e+02 1.275000000000000022e-01
0.000000000000000000e+00 -5.123180999999999585e+03 1.700000000000000000e+02 1.275000000000000022e-01
1.895999999999999908e+00 -5.120707999999999629e+03 1.705000000000000000e+02 1.277000000000000079e-01
0.000000000000000000e+00 -5.122604000000000269e+03 1.710000000000000000e+02 1.277000000000000079e-01
1.318000000000000060e+00 -5.121863999999999578e+03 1.715000000000000000e+02 1.277000000000000079e-01
0.000000000000000000e+00 -5.123180999999999585e+03 1.720000000000000000e+02 1.277000000000000079e-01
1.895999999999999908e+00 -5.120706000000000131e+03 1.725000000000000000e+02 1.277000000000000079e-01
0.000000000000000000e+00 -5.122601999999999862e+03 1.730000000000000000e+02 1.277000000000000079e-01
1.316000000000000059e+00 -5.121864999999999782e+03 1.735000000000000000e+02 1.277000000000000079e-01
0.000000000000000000e+00 -5.123180999999999585e+03 1.740000000000000000e+02 1.277000000000000079e-01
2.087000000000000188e+00 -5.119871000000000095e+03 1.745000000000000000e+02 1.277999999999999969e-01
0.000000000000000000e+00 -5.121957999999999629e+03 1.750000000000000000e+02 1.277999999999999969e-01
7.149999999999999689e-01 -5.122746000000000095e+03 1.755000000000000000e+02 1.277999999999999969e-01
0.000000000000000000e+00 -5.123461000000000240e+03 1.760000000000000000e+02 1.277999999999999969e-01
2.362000000000000099e+00 -5.119244999999999891e+03 1.765000000000000000e+02 1.305999999999999939e-01
0.000000000000000000e+00 -5.121606999999999971e+03 1.770000000000000000e+02 1.305999999999999939e-01
5.090000000000000080e-01 -5.122952000000000226e+03 1.775000000000000000e+02 1.305999999999999939e-01
0.000000000000000000e+00 -5.123461000000000240e+03 1.780000000000000000e+02 1.305999999999999939e-01
2.307999999999999829e+00 -5.119189999999999600e+03 1.785000000000000000e+02 1.368000000000000049e-01
0.000000000000000000e+00 -5.121497999999999593e+03 1.790000000000000000e+02 1.368000000000000049e-01
3.449999999999999734e-01 -5.123117000000000189e+03 1.795000000000000000e+02 1.368000000000000049e-01
0.000000000000000000e+00 -5.123462000000000444e+03 1.800000000000000000e+02 1.368000000000000049e-01
2.220000000000000195e+00 -5.119688000000000102e+03 1.805000000000000000e+02 1.499999999999999944e-01
0.000000000000000000e+00 -5.121908000000000357e+03 1.810000000000000000e+02 1.499999999999999944e-01
6.670000000000000373e-01 -5.122795000000000073e+03 1.815000000000000000e+02 1.499999999999999944e-01
0.000000000000000000e+00 -5.123462000000000444e+03 1.820000000000000000e+02 1.499999999999999944e-01
2.209999999999999964e+00 -5.119742000000000189e+03 1.825000000000000000e+02 1.751000000000000056e-01
0.000000000000000000e+00 -5.121952000000000226e+03 1.830000000000000000e+02 1.751000000000000056e-01
6.989999999999999547e-01 -5.122765999999999622e+03 1.835000000000000000e+02 1.751000000000000056e-01
0.000000000000000000e+00 -5.123465000000000146e+03 1.840000000000000000e+02 1.751000000000000056e-01
2.345000000000000195e+00 -5.119265999999999622e+03 1.845000000000000000e+02 1.751999999999999946e-01
0.000000000000000000e+00 -5.121610999999999876e+03 1.850000000000000000e+02 1.751999999999999946e-01
4.909999999999999920e-01 -5.122972999999999956e+03 1.855000000000000000e+02 1.751999999999999946e-01
0.000000000000000000e+00 -5.123465000000000146e+03 1.860000000000000000e+02 1.751999999999999946e-01
2.222999999999999865e+00 -5.119680999999999585e+03 1.865000000000000000e+02 1.773000000000000131e-01
0.000000000000000000e+00 -5.121904000000000451e+03 1.870000000000000000e+02 1.773000000000000131e-01
6.630000000000000338e-01 -5.122798999999999978e+03 1.875000000000000000e+02 1.773000000000000131e-01
0.000000000000000000e+00 -5.123462000000000444e+03 1.880000000000000000e+02 1.773000000000000131e-01
2.350000000000000089e+00 -5.118810999999999694e+03 1.885000000000000000e+02 1.787999999999999867e-01
0.000000000000000000e+00 -5.121161000000000058e+03 1.890000000000000000e+02 1.787999999999999867e-01
6.500000000000000222e-02 -5.123399000000000342e+03 1.895000000000000000e+02 1.787999999999999867e-01
0.000000000000000000e+00 -5.123463999999999942e+03 1.900000000000000000e+02 1.787999999999999867e-01
2.220000000000000195e+00 -5.119685999999999694e+03 1.905000000000000000e+02 1.814000000000000057e-01
0.000000000000000000e+00 -5.121907000000000153e+03 1.910000000000000000e+02 1.814000000000000057e-01
7.099999999999999645e-01 -5.121037000000000262e+03 1.915000000000000000e+02 1.814000000000000057e-01
0.000000000000000000e+00 -5.121747000000000298e+03 1.920000000000000000e+02 1.814000000000000057e-01
5.510000000000000453e-01 -5.121355999999999767e+03 1.925000000000000000e+02 1.814000000000000057e-01
0.000000000000000000e+00 -5.121907000000000153e+03 1.930000000000000000e+02 1.814000000000000057e-01
7.099999999999999645e-01 -5.121036000000000058e+03 1.935000000000000000e+02 1.814000000000000057e-01
0.000000000000000000e+00 -5.121747000000000298e+03 1.940000000000000000e+02 1.814000000000000057e-01
6.069999999999999840e-01 -5.122782000000000153e+03 1.945000000000000000e+02 1.814000000000000057e-01
0.000000000000000000e+00 -5.123389000000000124e+03 1.950000000000000000e+02 1.814000000000000057e-01
2.470000000000000195e+00 -5.118823999999999614e+03 1.955000000000000000e+02 1.928999999999999881e-01
0.000000000000000000e+00 -5.121293999999999869e+03 1.960000000000000000e+02 1.928999999999999881e-01
2.610000000000000098e-01 -5.123131000000000313e+03 1.965000000000000000e+02 1.928999999999999881e-01
0.000000000000000000e+00 -5.123391999999999825e+03 1.970000000000000000e+02 1.928999999999999881e-01
2.262999999999999901e+00 -5.119356999999999971e+03 1.975000000000000000e+02 1.932000000000000106e-01
0.000000000000000000e+00 -5.121619999999999891e+03 1.980000000000000000e+02 1.932000000000000106e-01
2.259999999999999787e+00 -5.117873999999999796e+03 1.985000000000000000e+02 1.970999999999999974e-01
0.000000000000000000e+00 -5.120134000000000015e+03 1.990000000000000000e+02 1.970999999999999974e-01
7.730000000000000204e-01 -5.120849000000000160e+03 1.995000000000000000e+02 1.970999999999999974e-01
0.000000000000000000e+00 -5.121622000000000298e+03 2.000000000000000000e+02 1.970999999999999974e-01
2.262000000000000011e+00 -5.117872000000000298e+03 2.005000000000000000e+02 2.046999999999999931e-01
0.000000000000000000e+00 -5.120134000000000015e+03 2.010000000000000000e+02 2.046999999999999931e-01
7.730000000000000204e-01 -5.120849000000000160e+03 2.015000000000000000e+02 2.046999999999999931e-01
0.000000000000000000e+00 -5.121622000000000298e+03 2.020000000000000000e+02 2.046999999999999931e-01
2.769000000000000128e+00 -5.116510000000000218e+03 2.025000000000000000e+02 2.106000000000000094e-01
0.000000000000000000e+00 -5.119279999999999745e+03 2.030000000000000000e+02 2.106000000000000094e-01
4.199999999999999845e-01 -5.121189000000000306e+03 2.035000000000000000e+02 2.106000000000000094e-01
0.000000000000000000e+00 -5.121609000000000378e+03 2.040000000000000000e+02 2.106000000000000094e-01
2.403000000000000025e+00 -5.116850000000000364e+03 2.045000000000000000e+02 2.235999999999999932e-01
0.000000000000000000e+00 -5.119252999999999702e+03 2.050000000000000000e+02 2.235999999999999932e-01
3.200000000000000067e-02 -5.121574999999999818e+03 2.055000000000000000e+02 2.235999999999999932e-01
0.000000000000000000e+00 -5.121606999999999971e+03 2.060000000000000000e+02 2.235999999999999932e-01
2.258999999999999897e+00 -5.117862000000000080e+03 2.065000000000000000e+02 2.258999999999999897e-01
0.000000000000000000e+00 -5.120119999999999891e+03 2.070000000000000000e+02 2.258999999999999897e-01
7.720000000000000195e-01 -5.120835000000000036e+03 2.075000000000000000e+02 2.258999999999999897e-01
0.000000000000000000e+00 -5.121606999999999971e+03 2.080000000000000000e+02 2.258999999999999897e-01
2.359999999999999876e+00 -5.117689999999999600e+03 2.085000000000000000e+02 2.278000000000000025e-01
0.000000000000000000e+00 -5.120051000000000386e+03 2.090000000000000000e+02 2.278000000000000025e-01
1.012000000000000011e+00 -5.118094000000000051e+03 2.095000000000000000e+02 2.278000000000000025e-01
0.000000000000000000e+00 -5.119105999999999767e+03 2.100000000000000000e+02 2.278000000000000025e-01
6.800000000000000488e-02 -5.119983000000000175e+03 2.105000000000000000e+02 2.278000000000000025e-01
0.000000000000000000e+00 -5.120051000000000386e+03 2.110000000000000000e+02 2.278000000000000025e-01
2.271999999999999797e+00 -5.116279999999999745e+03 2.115000000000000000e+02 2.399999999999999911e-01
0.000000000000000000e+00 -5.118551999999999680e+03 2.120000000000000000e+02 2.399999999999999911e-01
7.740000000000000213e-01 -5.119277000000000044e+03 2.125000000000000000e+02 2.399999999999999911e-01
0.000000000000000000e+00 -5.120051000000000386e+03 2.130000000000000000e+02 2.399999999999999911e-01
1.012000000000000011e+00 -5.118094000000000051e+03 2.135000000000000000e+02 2.399999999999999911e-01
0.000000000000000000e+00 -5.119105999999999767e+03 2.140000000000000000e+02 2.399999999999999911e-01
6.800000000000000488e-02 -5.119983000000000175e+03 2.145000000000000000e+02 2.399999999999999911e-01
0.000000000000000000e+00 -5.120051000000000386e+03 2.150000000000000000e+02 2.399999999999999911e-01
1.012000000000000011e+00 -5.118094000000000051e+03 2.155000000000000000e+02 2.399999999999999911e-01
0.000000000000000000e+00 -5.119105999999999767e+03 2.160000000000000000e+02 2.399999999999999911e-01
1.670000000000000095e-01 -5.119939999999999600e+03 2.165000000000000000e+02 2.399999999999999911e-01
0.000000000000000000e+00 -5.120106999999999971e+03 2.170000000000000000e+02 2.399999999999999911e-01
8.649999999999999911e-01 -5.120755000000000109e+03 2.175000000000000000e+02 2.399999999999999911e-01
0.000000000000000000e+00 -5.121618999999999687e+03 2.180000000000000000e+02 2.399999999999999911e-01
2.637000000000000011e+00 -5.116646999999999935e+03 2.185000000000000000e+02 2.401000000000000079e-01
0.000000000000000000e+00 -5.119283999999999651e+03 2.190000000000000000e+02 2.401000000000000079e-01
2.829999999999999738e-01 -5.121335000000000036e+03 2.195000000000000000e+02 2.401000000000000079e-01
0.000000000000000000e+00 -5.121618000000000393e+03 2.200000000000000000e+02 2.401000000000000079e-01
2.403999999999999915e+00 -5.117063000000000102e+03 2.205000000000000000e+02 2.424000000000000044e-01
0.000000000000000000e+00 -5.119466999999999643e+03 2.210000000000000000e+02 2.424000000000000044e-01
2.530000000000000027e-01 -5.121363000000000284e+03 2.215000000000000000e+02 2.424000000000000044e-01
0.000000000000000000e+00 -5.121615999999999985e+03 2.220000000000000000e+02 2.424000000000000044e-01
2.254000000000000004e+00 -5.117878999999999905e+03 2.225000000000000000e+02 2.472999999999999921e-01
0.000000000000000000e+00 -5.120132999999999811e+03 2.230000000000000000e+02 2.472999999999999921e-01
7.710000000000000187e-01 -5.120845000000000255e+03 2.235000000000000000e+02 2.472999999999999921e-01
0.000000000000000000e+00 -5.121615999999999985e+03 2.240000000000000000e+02 2.472999999999999921e-01
2.254000000000000004e+00 -5.117878999999999905e+03 2.245000000000000000e+02 2.757000000000000006e-01
0.000000000000000000e+00 -5.120132999999999811e+03 2.250000000000000000e+02 2.757000000000000006e-01
7.710000000000000187e-01 -5.120845000000000255e+03 2.255000000000000000e+02 2.757000000000000006e-01
0.000000000000000000e+00 -5.121615999999999985e+03 2.260000000000000000e+02 2.757000000000000006e-01
2.630999999999999783e+00 -5.116733000000000175e+03 2.265000000000000000e+02 2.832000000000000073e-01
0.000000000000000000e+00 -5.119363000000000284e+03 2.270000000000000000e+02 2.832000000000000073e-01
4.709999999999999742e-01 -5.121113999999999578e+03 2.275000000000000000e+02 2.832000000000000073e-01
0.000000000000000000e+00 -5.121583999999999833e+03 2.280000000000000000e+02 2.832000000000000073e-01
2.444999999999999840e+00 -5.117260000000000218e+03 2.285000000000000000e+02 2.940999999999999726e-01
0.000000000000000000e+00 -5.119704999999999927e+03 2.290000000000000000e+02 2.940999999999999726e-01
6.380000000000000115e-01 -5.120962000000000444e+03 2.295000000000000000e+02 2.940999999999999726e-01
0.000000000000000000e+00 -5.121600000000000364e+03 2.300000000000000000e+02 2.940999999999999726e-01
2.237000000000000099e+00 -5.117872000000000298e+03 2.305000000000000000e+02 3.265000000000000124e-01
0.000000000000000000e+00 -5.120109000000000378e+03 2.310000000000000000e+02 3.265000000000000124e-01
7.459999999999999964e-01 -5.120854000000000269e+03 2.315000000000000000e+02 3.265000000000000124e-01
0.000000000000000000e+00 -5.121600000000000364e+03 2.320000000000000000e+02 3.265000000000000124e-01
2.237000000000000099e+00 -5.117872000000000298e+03 2.325000000000000000e+02 3.325000000000000178e-01
0.000000000000000000e+00 -5.120109000000000378e+03 2.330000000000000000e+02 3.325000000000000178e-01
8.790000000000000036e-01 -5.118703999999999724e+03 2.335000000000000000e+02 3.325000000000000178e-01
0.000000000000000000e+00 -5.119582999999999629e+03 2.340000000000000000e+02 3.325000000000000178e-01
4.530000000000000138e-01 -5.119657000000000153e+03 2.345000000000000000e+02 3.325000000000000178e-01
0.000000000000000000e+00 -5.120109999999999673e+03 2.350000000000000000e+02 3.325000000000000178e-01
7.520000000000000018e-01 -5.120850999999999658e+03 2.355000000000000000e+02 3.325000000000000178e-01
0.000000000000000000e+00 -5.121603000000000065e+03 2.360000000000000000e+02 3.325000000000000178e-01
2.392999999999999794e+00 -5.117692000000000007e+03 2.365000000000000000e+02 3.446000000000000174e-01
0.000000000000000000e+00 -5.120085000000000036e+03 2.370000000000000000e+02 3.446000000000000174e-01
8.739999999999999991e-01 -5.120729000000000269e+03 2.375000000000000000e+02 3.446000000000000174e-01
0.000000000000000000e+00 -5.121603000000000065e+03 2.380000000000000000e+02 3.446000000000000174e-01
2.245000000000000107e+00 -5.117864999999999782e+03 2.385000000000000000e+02 3.579999999999999849e-01
0.000000000000000000e+00 -5.120109999999999673e+03 2.390000000000000000e+02 3.579999999999999849e-01
7.520000000000000018e-01 -5.120850999999999658e+03 2.395000000000000000e+02 3.579999999999999849e-01
0.000000000000000000e+00 -5.121603000000000065e+03 2.400000000000000000e+02 3.579999999999999849e-01
2.245000000000000107e+00 -5.117864999999999782e+03 2.405000000000000000e+02 3.640999999999999792e-01
0.000000000000000000e+00 -5.120109999999999673e+03 2.410000000000000000e+02 3.640999999999999792e-01
7.520000000000000018e-01 -5.120850999999999658e+03 2.415000000000000000e+02 3.640999999999999792e-01
0.000000000000000000e+00 -5.121603000000000065e+03 2.420000000000000000e+02 3.640999999999999792e-01
2.365000000000000213e+00 -5.116927999999999884e+03 2.425000000000000000e+02 3.647000000000000242e-01
0.000000000000000000e+00 -5.119292999999999665e+03 2.430000000000000000e+02 3.647000000000000242e-01
3.200000000000000067e-02 -5.121570999999999913e+03 2.435000000000000000e+02 3.647000000000000242e-01
0.000000000000000000e+00 -5.121603000000000065e+03 2.440000000000000000e+02 3.647000000000000242e-01
2.240000000000000213e+00 -5.117868999999999687e+03 2.445000000000000000e+02 3.685999999999999832e-01
0.000000000000000000e+00 -5.120109999999999673e+03 2.450000000000000000e+02 3.685999999999999832e-01
7.479999999999999982e-01 -5.120854999999999563e+03 2.455000000000000000e+02 3.685999999999999832e-01
0.000000000000000000e+00 -5.121603000000000065e+03 2.460000000000000000e+02 3.685999999999999832e-01
2.354000000000000092e+00 -5.117180999999999585e+03 2.465000000000000000e+02 3.713000000000000189e-01
0.000000000000000000e+00 -5.119534999999999854e+03 2.470000000000000000e+02 3.713000000000000189e-01
2.859999999999999765e-01 -5.121313000000000102e+03 2.475000000000000000e+02 3.713000000000000189e-01
0.000000000000000000e+00 -5.121599000000000160e+03 2.480000000000000000e+02 3.713000000000000189e-01
2.237000000000000099e+00 -5.117872000000000298e+03 2.485000000000000000e+02 3.825999999999999956e-01
0.000000000000000000e+00 -5.120109000000000378e+03 2.490000000000000000e+02 3.825999999999999956e-01
7.469999999999999973e-01 -5.120853000000000065e+03 2.495000000000000000e+02 3.825999999999999956e-01
0.000000000000000000e+00 -5.121599000000000160e+03 2.500000000000000000e+02 3.825999999999999956e-01
2.343999999999999861e+00 -5.116953999999999724e+03 2.505000000000000000e+02 3.946999999999999953e-01
0.000000000000000000e+00 -5.119297999999999774e+03 2.510000000000000000e+02 3.946999999999999953e-01
4.299999999999999656e-02 -5.121555999999999585e+03 2.515000000000000000e+02 3.946999999999999953e-01
0.000000000000000000e+00 -5.121599000000000160e+03 2.520000000000000000e+02 3.946999999999999953e-01
2.237000000000000099e+00 -5.117872000000000298e+03 2.525000000000000000e+02 3.981999999999999984e-01
0.000000000000000000e+00 -5.120109000000000378e+03 2.530000000000000000e+02 3.981999999999999984e-01
9.150000000000000355e-01 -5.120278000000000247e+03 2.535000000000000000e+02 3.981999999999999984e-01
0.000000000000000000e+00 -5.121193000000000211e+03 2.540000000000000000e+02 3.981999999999999984e-01
1.792999999999999927e+00 -5.119095000000000255e+03 2.545000000000000000e+02 3.982999999999999874e-01
0.000000000000000000e+00 -5.120887999999999920e+03 2.550000000000000000e+02 3.982999999999999874e-01
8.289999999999999591e-01 -5.119451000000000022e+03 2.555000000000000000e+02 3.982999999999999874e-01
0.000000000000000000e+00 -5.120279999999999745e+03 2.560000000000000000e+02 3.982999999999999874e-01
3.019999999999999907e-01 -5.120408999999999651e+03 2.565000000000000000e+02 3.982999999999999874e-01
0.000000000000000000e+00 -5.120711000000000240e+03 2.570000000000000000e+02 3.982999999999999874e-01
6.919999999999999485e-01 -5.119600999999999658e+03 2.575000000000000000e+02 3.982999999999999874e-01
0.000000000000000000e+00 -5.120292999999999665e+03 2.580000000000000000e+02 3.982999999999999874e-01
4.269999999999999907e-01 -5.119921999999999571e+03 2.585000000000000000e+02 3.982999999999999874e-01
0.000000000000000000e+00 -5.120347999999999956e+03 2.590000000000000000e+02 3.982999999999999874e-01
2.919999999999999818e-01 -5.122360999999999876e+03 2.595000000000000000e+02 3.982999999999999874e-01
0.000000000000000000e+00 -5.122653000000000247e+03 2.600000000000000000e+02 3.982999999999999874e-01
2.228000000000000203e+00 -5.119099000000000160e+03 2.605000000000000000e+02 3.983999999999999764e-01
0.000000000000000000e+00 -5.121328000000000429e+03 2.610000000000000000e+02 3.983999999999999764e-01
7.650000000000000133e-01 -5.122390000000000327e+03 2.615000000000000000e+02 3.983999999999999764e-01
0.000000000000000000e+00 -5.123154999999999745e+03 2.620000000000000000e+02 3.983999999999999764e-01
2.342000000000000082e+00 -5.118929000000000087e+03 2.625000000000000000e+02 3.985000000000000209e-01
0.000000000000000000e+00 -5.121271999999999935e+03 2.630000000000000000e+02 3.985000000000000209e-01
4.030000000000000249e-01 -5.122751000000000204e+03 2.635000000000000000e+02 3.985000000000000209e-01
0.000000000000000000e+00 -5.123154000000000451e+03 2.640000000000000000e+02 3.985000000000000209e-01
1.997000000000000108e+00 -5.120579999999999927e+03 2.645000000000000000e+02 3.986000000000000099e-01
0.000000000000000000e+00 -5.122578000000000429e+03 2.650000000000000000e+02 3.986000000000000099e-01
1.921000000000000041e+00 -5.118815999999999804e+03 2.655000000000000000e+02 3.991000000000000103e-01
0.000000000000000000e+00 -5.120737000000000080e+03 2.660000000000000000e+02 3.991000000000000103e-01
4.159999999999999809e-01 -5.120967999999999847e+03 2.665000000000000000e+02 3.991000000000000103e-01
0.000000000000000000e+00 -5.121384000000000015e+03 2.670000000000000000e+02 3.991000000000000103e-01
6.780000000000000471e-01 -5.122101999999999862e+03 2.675000000000000000e+02 3.991000000000000103e-01
0.000000000000000000e+00 -5.122779999999999745e+03 2.680000000000000000e+02 3.991000000000000103e-01
2.096999999999999975e+00 -5.119286000000000058e+03 2.685000000000000000e+02 4.002999999999999892e-01
0.000000000000000000e+00 -5.121382999999999811e+03 2.690000000000000000e+02 4.002999999999999892e-01
6.999999999999999556e-01 -5.122079999999999927e+03 2.695000000000000000e+02 4.002999999999999892e-01
0.000000000000000000e+00 -5.122780999999999949e+03 2.700000000000000000e+02 4.002999999999999892e-01
2.097999999999999865e+00 -5.119284999999999854e+03 2.705000000000000000e+02 4.005000000000000226e-01
0.000000000000000000e+00 -5.121382999999999811e+03 2.710000000000000000e+02 4.005000000000000226e-01
7.640000000000000124e-01 -5.122385000000000218e+03 2.715000000000000000e+02 4.005000000000000226e-01
0.000000000000000000e+00 -5.123148000000000138e+03 2.720000000000000000e+02 4.005000000000000226e-01
1.975999999999999979e+00 -5.120595999999999549e+03 2.725000000000000000e+02 4.013999999999999790e-01
0.000000000000000000e+00 -5.122570999999999913e+03 2.730000000000000000e+02 4.013999999999999790e-01
2.057999999999999829e+00 -5.118722999999999956e+03 2.735000000000000000e+02 4.042000000000000037e-01
0.000000000000000000e+00 -5.120779999999999745e+03 2.740000000000000000e+02 4.042000000000000037e-01
2.240000000000000047e-01 -5.121297999999999774e+03 2.745000000000000000e+02 4.042000000000000037e-01
0.000000000000000000e+00 -5.121521999999999935e+03 2.750000000000000000e+02 4.042000000000000037e-01
5.260000000000000231e-01 -5.122802999999999884e+03 2.755000000000000000e+02 4.042000000000000037e-01
0.000000000000000000e+00 -5.123328999999999724e+03 2.760000000000000000e+02 4.042000000000000037e-01
2.396999999999999797e+00 -5.119046000000000276e+03 2.765000000000000000e+02 4.097000000000000086e-01
0.000000000000000000e+00 -5.121443000000000211e+03 2.770000000000000000e+02 4.097000000000000086e-01
2.335999999999999854e+00 -5.117564000000000306e+03 2.775000000000000000e+02 4.153999999999999915e-01
0.000000000000000000e+00 -5.119900999999999840e+03 2.780000000000000000e+02 4.153999999999999915e-01
7.940000000000000391e-01 -5.120652000000000044e+03 2.785000000000000000e+02 4.153999999999999915e-01
0.000000000000000000e+00 -5.121444999999999709e+03 2.790000000000000000e+02 4.153999999999999915e-01
2.318000000000000060e+00 -5.117122999999999593e+03 2.795000000000000000e+02 4.315999999999999837e-01
0.000000000000000000e+00 -5.119439999999999600e+03 2.800000000000000000e+02 4.315999999999999837e-01
3.330000000000000182e-01 -5.121106999999999971e+03 2.805000000000000000e+02 4.315999999999999837e-01
0.000000000000000000e+00 -5.121439999999999600e+03 2.810000000000000000e+02 4.315999999999999837e-01
2.229000000000000092e+00 -5.117703999999999724e+03 2.815000000000000000e+02 4.369999999999999996e-01
0.000000000000000000e+00 -5.119932999999999993e+03 2.820000000000000000e+02 4.369999999999999996e-01
7.209999999999999742e-01 -5.120725999999999658e+03 2.825000000000000000e+02 4.369999999999999996e-01
0.000000000000000000e+00 -5.121447000000000116e+03 2.830000000000000000e+02 4.369999999999999996e-01
2.338999999999999968e+00 -5.117559000000000196e+03 2.835000000000000000e+02 4.401999999999999802e-01
0.000000000000000000e+00 -5.119898000000000138e+03 2.840000000000000000e+02 4.401999999999999802e-01
7.089999999999999636e-01 -5.118536000000000058e+03 2.845000000000000000e+02 4.401999999999999802e-01
0.000000000000000000e+00 -5.119244999999999891e+03 2.850000000000000000e+02 4.401999999999999802e-01
5.600000000000000117e-02 -5.119845000000000255e+03 2.855000000000000000e+02 4.401999999999999802e-01
0.000000000000000000e+00 -5.119899999999999636e+03 2.860000000000000000e+02 4.401999999999999802e-01
9.969999999999999973e-01 -5.119538999999999760e+03 2.865000000000000000e+02 4.401999999999999802e-01
0.000000000000000000e+00 -5.120537000000000262e+03 2.870000000000000000e+02 4.401999999999999802e-01
2.989999999999999880e-01 -5.122908999999999651e+03 2.875000000000000000e+02 4.401999999999999802e-01
0.000000000000000000e+00 -5.123207999999999629e+03 2.880000000000000000e+02 4.401999999999999802e-01
2.259999999999999787e+00 -5.119045000000000073e+03 2.885000000000000000e+02 4.410000000000000031e-01
0.000000000000000000e+00 -5.121305000000000291e+03 2.890000000000000000e+02 4.410000000000000031e-01
3.770000000000000018e-01 -5.122841000000000349e+03 2.895000000000000000e+02 4.410000000000000031e-01
0.000000000000000000e+00 -5.123216999999999643e+03 2.900000000000000000e+02 4.410000000000000031e-01
2.120000000000000107e+00 -5.120746000000000095e+03 2.905000000000000000e+02 4.442999999999999727e-01
0.000000000000000000e+00 -5.122865999999999985e+03 2.910000000000000000e+02 4.442999999999999727e-01
1.895999999999999908e+00 -5.121283999999999651e+03 2.915000000000000000e+02 4.447999999999999732e-01
0.000000000000000000e+00 -5.123180000000000291e+03 2.920000000000000000e+02 4.447999999999999732e-01
2.104999999999999982e+00 -5.120295000000000073e+03 2.925000000000000000e+02 4.455000000000000071e-01
0.000000000000000000e+00 -5.122399999999999636e+03 2.930000000000000000e+02 4.455000000000000071e-01
1.324999999999999956e+00 -5.121854000000000269e+03 2.935000000000000000e+02 4.455000000000000071e-01
0.000000000000000000e+00 -5.123180000000000291e+03 2.940000000000000000e+02 4.455000000000000071e-01
2.205999999999999961e+00 -5.119512999999999920e+03 2.945000000000000000e+02 4.457999999999999741e-01
0.000000000000000000e+00 -5.121720000000000255e+03 2.950000000000000000e+02 4.457999999999999741e-01
7.369999999999999885e-01 -5.122460000000000036e+03 2.955000000000000000e+02 4.457999999999999741e-01
0.000000000000000000e+00 -5.123197000000000116e+03 2.960000000000000000e+02 4.457999999999999741e-01
2.319999999999999840e+00 -5.119076000000000022e+03 2.965000000000000000e+02 4.460999999999999965e-01
0.000000000000000000e+00 -5.121395000000000437e+03 2.970000000000000000e+02 4.460999999999999965e-01
7.680000000000000160e-01 -5.119911000000000058e+03 2.975000000000000000e+02 4.460999999999999965e-01
0.000000000000000000e+00 -5.120679000000000087e+03 2.980000000000000000e+02 4.460999999999999965e-01
5.199999999999999761e-02 -5.121342999999999847e+03 2.985000000000000000e+02 4.460999999999999965e-01
0.000000000000000000e+00 -5.121395000000000437e+03 2.990000000000000000e+02 4.460999999999999965e-01
7.680000000000000160e-01 -5.119912000000000262e+03 2.995000000000000000e+02 4.460999999999999965e-01
0.000000000000000000e+00 -5.120679000000000087e+03 3.000000000000000000e+02 4.460999999999999965e-01
5.199999999999999761e-02 -5.121342999999999847e+03 3.005000000000000000e+02 4.460999999999999965e-01
0.000000000000000000e+00 -5.121395000000000437e+03 3.010000000000000000e+02 4.460999999999999965e-01
7.680000000000000160e-01 -5.119912000000000262e+03 3.015000000000000000e+02 4.460999999999999965e-01
0.000000000000000000e+00 -5.120679000000000087e+03 3.020000000000000000e+02 4.460999999999999965e-01
1.010000000000000064e-01 -5.123170000000000073e+03 3.025000000000000000e+02 4.460999999999999965e-01
0.000000000000000000e+00 -5.123270000000000437e+03 3.030000000000000000e+02 4.460999999999999965e-01
2.063000000000000167e+00 -5.120140999999999622e+03 3.035000000000000000e+02 4.479000000000000203e-01
0.000000000000000000e+00 -5.122204999999999927e+03 3.040000000000000000e+02 4.479000000000000203e-01
1.280000000000000027e+00 -5.121996000000000095e+03 3.045000000000000000e+02 4.479000000000000203e-01
0.000000000000000000e+00 -5.123274999999999636e+03 3.050000000000000000e+02 4.479000000000000203e-01
2.342000000000000082e+00 -5.118864999999999782e+03 3.055000000000000000e+02 4.484000000000000208e-01
0.000000000000000000e+00 -5.121207000000000335e+03 3.060000000000000000e+02 4.484000000000000208e-01
2.610000000000000098e-01 -5.123011999999999716e+03 3.065000000000000000e+02 4.484000000000000208e-01
0.000000000000000000e+00 -5.123273000000000138e+03 3.070000000000000000e+02 4.484000000000000208e-01
2.229000000000000092e+00 -5.119555999999999585e+03 3.075000000000000000e+02 4.491999999999999882e-01
0.000000000000000000e+00 -5.121784999999999854e+03 3.080000000000000000e+02 4.491999999999999882e-01
7.399999999999999911e-01 -5.122533000000000357e+03 3.085000000000000000e+02 4.491999999999999882e-01
0.000000000000000000e+00 -5.123273000000000138e+03 3.090000000000000000e+02 4.491999999999999882e-01
2.156000000000000139e+00 -5.120792000000000371e+03 3.095000000000000000e+02 4.491999999999999882e-01
0.000000000000000000e+00 -5.122948000000000320e+03 3.100000000000000000e+02 4.491999999999999882e-01
2.365000000000000213e+00 -5.118275999999999840e+03 3.105000000000000000e+02 4.514000000000000234e-01
0.000000000000000000e+00 -5.120640999999999622e+03 3.110000000000000000e+02 4.514000000000000234e-01
6.500000000000000222e-02 -5.122881999999999607e+03 3.115000000000000000e+02 4.514000000000000234e-01
0.000000000000000000e+00 -5.122948000000000320e+03 3.120000000000000000e+02 4.514000000000000234e-01
2.237999999999999989e+00 -5.119220999999999549e+03 3.125000000000000000e+02 4.519000000000000239e-01
0.000000000000000000e+00 -5.121458999999999833e+03 3.130000000000000000e+02 4.519000000000000239e-01
7.500000000000000000e-01 -5.122198000000000320e+03 3.135000000000000000e+02 4.519000000000000239e-01
0.000000000000000000e+00 -5.122948000000000320e+03 3.140000000000000000e+02 4.519000000000000239e-01
2.237999999999999989e+00 -5.119220999999999549e+03 3.145000000000000000e+02 4.561999999999999944e-01
0.000000000000000000e+00 -5.121458999999999833e+03 3.150000000000000000e+02 4.561999999999999944e-01
7.500000000000000000e-01 -5.122198000000000320e+03 3.155000000000000000e+02 4.561999999999999944e-01
0.000000000000000000e+00 -5.122948000000000320e+03 3.160000000000000000e+02 4.561999999999999944e-01
2.290000000000000036e+00 -5.118662000000000262e+03 3.165000000000000000e+02 4.573999999999999733e-01
0.000000000000000000e+00 -5.120952000000000226e+03 3.170000000000000000e+02 4.573999999999999733e-01
2.139999999999999958e-01 -5.122733000000000175e+03 3.175000000000000000e+02 4.573999999999999733e-01
0.000000000000000000e+00 -5.122947000000000116e+03 3.180000000000000000e+02 4.573999999999999733e-01
2.407999999999999918e+00 -5.118667999999999665e+03 3.185000000000000000e+02 4.630000000000000226e-01
0.000000000000000000e+00 -5.121074999999999818e+03 3.190000000000000000e+02 4.630000000000000226e-01
5.360000000000000320e-01 -5.122411000000000058e+03 3.195000000000000000e+02 4.630000000000000226e-01
0.000000000000000000e+00 -5.122947000000000116e+03 3.200000000000000000e+02 4.630000000000000226e-01
2.240000000000000213e+00 -5.119212000000000444e+03 3.205000000000000000e+02 4.641000000000000125e-01
0.000000000000000000e+00 -5.121452000000000226e+03 3.210000000000000000e+02 4.641000000000000125e-01
7.439999999999999947e-01 -5.122203000000000429e+03 3.215000000000000000e+02 4.641000000000000125e-01
0.000000000000000000e+00 -5.122947000000000116e+03 3.220000000000000000e+02 4.641000000000000125e-01
2.350999999999999979e+00 -5.118292999999999665e+03 3.225000000000000000e+02 4.676000000000000156e-01
0.000000000000000000e+00 -5.120644000000000233e+03 3.230000000000000000e+02 4.676000000000000156e-01
4.800000000000000100e-02 -5.122899000000000342e+03 3.235000000000000000e+02 4.676000000000000156e-01
0.000000000000000000e+00 -5.122947000000000116e+03 3.240000000000000000e+02 4.676000000000000156e-01
2.240000000000000213e+00 -5.119212000000000444e+03 3.245000000000000000e+02 4.707999999999999963e-01
0.000000000000000000e+00 -5.121452000000000226e+03 3.250000000000000000e+02 4.707999999999999963e-01
8.930000000000000160e-01 -5.120100000000000364e+03 3.255000000000000000e+02 4.707999999999999963e-01
0.000000000000000000e+00 -5.120993000000000393e+03 3.260000000000000000e+02 4.707999999999999963e-01
5.639999999999999458e-01 -5.120889000000000124e+03 3.265000000000000000e+02 4.707999999999999963e-01
0.000000000000000000e+00 -5.121453000000000429e+03 3.270000000000000000e+02 4.707999999999999963e-01
7.500000000000000000e-01 -5.122198000000000320e+03 3.275000000000000000e+02 4.707999999999999963e-01
0.000000000000000000e+00 -5.122948000000000320e+03 3.280000000000000000e+02 4.707999999999999963e-01
2.422000000000000153e+00 -5.118649999999999636e+03 3.285000000000000000e+02 4.727999999999999980e-01
0.000000000000000000e+00 -5.121073000000000320e+03 3.290000000000000000e+02 4.727999999999999980e-01
5.470000000000000417e-01 -5.122400999999999840e+03 3.295000000000000000e+02 4.727999999999999980e-01
0.000000000000000000e+00 -5.122948000000000320e+03 3.300000000000000000e+02 4.727999999999999980e-01
2.366999999999999993e+00 -5.118515999999999622e+03 3.305000000000000000e+02 4.808999999999999941e-01
0.000000000000000000e+00 -5.120882999999999811e+03 3.310000000000000000e+02 4.808999999999999941e-01
2.760000000000000231e-01 -5.122661000000000058e+03 3.315000000000000000e+02 4.808999999999999941e-01
0.000000000000000000e+00 -5.122936999999999898e+03 3.320000000000000000e+02 4.808999999999999941e-01
2.262000000000000011e+00 -5.118686999999999898e+03 3.325000000000000000e+02 4.827000000000000179e-01
0.000000000000000000e+00 -5.120949999999999818e+03 3.330000000000000000e+02 4.827000000000000179e-01
2.760000000000000231e-01 -5.122661000000000058e+03 3.335000000000000000e+02 4.827000000000000179e-01
0.000000000000000000e+00 -5.122936999999999898e+03 3.340000000000000000e+02 4.827000000000000179e-01
2.366000000000000103e+00 -5.118515999999999622e+03 3.345000000000000000e+02 4.874999999999999889e-01
0.000000000000000000e+00 -5.120881999999999607e+03 3.350000000000000000e+02 4.874999999999999889e-01
4.480000000000000093e-01 -5.122452000000000226e+03 3.355000000000000000e+02 4.874999999999999889e-01
0.000000000000000000e+00 -5.122899999999999636e+03 3.360000000000000000e+02 4.874999999999999889e-01
2.221999999999999975e+00 -5.119179000000000087e+03 3.365000000000000000e+02 4.946999999999999731e-01
0.000000000000000000e+00 -5.121399999999999636e+03 3.370000000000000000e+02 4.946999999999999731e-01
8.289999999999999591e-01 -5.121842999999999847e+03 3.375000000000000000e+02 4.946999999999999731e-01
0.000000000000000000e+00 -5.122671999999999571e+03 3.380000000000000000e+02 4.946999999999999731e-01
2.009999999999999787e+00 -5.120055999999999585e+03 3.385000000000000000e+02 4.948000000000000176e-01
0.000000000000000000e+00 -5.122065999999999804e+03 3.390000000000000000e+02 4.948000000000000176e-01
1.629999999999999893e+00 -5.121067000000000007e+03 3.395000000000000000e+02 4.948000000000000176e-01
0.000000000000000000e+00 -5.122697000000000116e+03 3.400000000000000000e+02 4.948000000000000176e-01
2.080999999999999961e+00 -5.119908000000000357e+03 3.405000000000000000e+02 4.949999999999999956e-01
0.000000000000000000e+00 -5.121989999999999782e+03 3.410000000000000000e+02 4.949999999999999956e-01
1.637000000000000011e+00 -5.121065999999999804e+03 3.415000000000000000e+02 4.949999999999999956e-01
0.000000000000000000e+00 -5.122703000000000429e+03 3.420000000000000000e+02 4.949999999999999956e-01
2.152000000000000135e+00 -5.119835000000000036e+03 3.425000000000000000e+02 4.988000000000000211e-01
0.000000000000000000e+00 -5.121987000000000080e+03 3.430000000000000000e+02 4.988000000000000211e-01
1.887999999999999901e+00 -5.120805999999999585e+03 3.435000000000000000e+02 4.988000000000000211e-01
0.000000000000000000e+00 -5.122694000000000415e+03 3.440000000000000000e+02 4.988000000000000211e-01
