# t	msd	err
4.430500000000000559e-12 1.882846138027727823e-01 3.742596618528599289e-02
8.611000000000000366e-12 1.420552157062016096e-01 4.801270377785072513e-02
1.398200000000000080e-11 3.870799850752824622e-01 4.743687424109105377e-02
4.299325000000000040e-11 3.575471579983799386e-01 8.298767320868014052e-02
5.650000000000000962e-09 1.583060098849098374e-01 3.725290298461914062e-09
2.226499999999999456e-08 4.061281286454143102e-01 3.844565648772480665e-02
3.519662460000000353e-08 6.611747797036031660e-01 1.060293729146421227e-01
5.746162459999999148e-08 1.128201956153293661e+00 8.284435152627663002e-02
9.999999999994387954e-07 1.772685634669208810e-01 4.728124729539826682e-02
2.000000000000265454e-06 1.146637931186367254e-01 3.513287287320332464e-02
3.499999999999163079e-06 1.515277355402293580e-01 5.203056985376449534e-02
5.833333333333818455e-06 1.645932603988210230e-01 3.340852022329886956e-02
1.040624999999978199e-05 1.529557789689656166e-01 1.795230023238951478e-02
1.903448275862070486e-05 2.386059862609120064e-01 2.710348401176448235e-02
3.296774193548399512e-05 2.727627400228274102e-01 2.679891196428094841e-02
6.206060606060573911e-05 3.107906057602636274e-01 2.609413195954218834e-02
1.012368421052629945e-04 4.227882905842434980e-01 2.964948159721832524e-02
1.813145907473311179e-04 4.771588214509346892e-01 2.529576245770943574e-02
3.252658119658122780e-04 6.389576323159165128e-01 1.951362482430164455e-02
5.481724241349672554e-04 7.891123860093922637e-01 1.668494432922856471e-02
9.761423394075276292e-04 1.077098795420721622e+00 1.410583291559829033e-02
1.765642677119952332e-03 1.302702067863245716e+00 1.580694025835411784e-02
3.060597827627148642e-03 1.954097093255930062e+00 1.186816440790658053e-02
5.264628304597833430e-03 3.558034041353725474e+00 1.992568193931138279e-02
8.657474857286231659e-03 5.817309802622170345e+00 2.834907628953678427e-02
