# t
0.000000000000000000e+00
5.631246400000000004e-13
1.113763700000000007e-12
1.219240800000000020e-12
6.602069400000000016e-12
9.114646500000000142e-12
7.838468999999999394e-09
7.838531999999999624e-09
6.051476400000000045e-08
6.051925200000000173e-08
4.944249599999999958e-07
4.944251800000000527e-07
4.944255500000000184e-07
5.095110500000000114e-05
5.095110500000000114e-05
9.691306600000000593e-05
9.691306600000000593e-05
9.691306700000000194e-05
9.692413899999999586e-05
9.692591700000000639e-05
9.781553899999999887e-05
9.781554100000000444e-05
9.901572200000000154e-05
9.901572200000000154e-05
9.901572200000000154e-05
2.431176599999999887e-04
2.431176599999999887e-04
3.236348599999999773e-04
3.236348599999999773e-04
3.278844799999999999e-04
3.278844799999999999e-04
3.419063100000000106e-04
3.419063100000000106e-04
5.808516699999999918e-04
5.808516699999999918e-04
5.243519999999999778e-03
5.243519999999999778e-03
7.745833199999999780e-03
7.745833199999999780e-03
1.080783199999999986e-02
1.080783199999999986e-02
1.080783199999999986e-02
1.080783199999999986e-02
1.233904499999999987e-02
1.233904499999999987e-02
1.353453899999999994e-02
1.353453899999999994e-02
2.420372599999999833e-02
2.420372599999999833e-02
3.224938000000000110e-02
3.224938000000000110e-02
4.524116000000000248e-02
4.524116000000000248e-02
4.695177200000000273e-02
4.695177200000000273e-02
7.530414500000000289e-02
7.530414500000000289e-02
7.932839799999999442e-02
7.932839799999999442e-02
9.529125700000000421e-02
9.529125700000000421e-02
9.529125700000000421e-02
9.748025500000000176e-02
9.748025500000000176e-02
1.015655200000000064e-01
1.015655200000000064e-01
1.106035600000000035e-01
1.106035600000000035e-01
1.107120199999999943e-01
1.107120199999999943e-01
1.309510200000000013e-01
1.309510200000000013e-01
1.348582899999999918e-01
1.348582899999999918e-01
1.498071199999999881e-01
1.498071199999999881e-01
1.636198100000000044e-01
1.636198100000000044e-01
1.767773800000000117e-01
1.767773800000000117e-01
2.089695699999999934e-01
2.089695699999999934e-01
2.092193800000000103e-01
2.092193800000000103e-01
2.133567100000000050e-01
2.133567100000000050e-01
2.148837000000000108e-01
2.148837000000000108e-01
2.162483500000000058e-01
2.162483500000000058e-01
2.511416399999999993e-01
2.511416399999999993e-01
3.618252800000000269e-01
3.618252800000000269e-01
3.804803500000000227e-01
3.804803500000000227e-01
4.236505099999999802e-01
4.236505099999999802e-01
4.309593400000000241e-01
4.309593400000000241e-01
4.326545700000000161e-01
4.326545700000000161e-01
4.326545700000000161e-01
4.418034699999999759e-01
4.418034699999999759e-01
4.419131399999999821e-01
4.419131399999999821e-01
4.419131399999999821e-01
4.419131399999999821e-01
5.054071999999999454e-01
5.054071999999999454e-01
5.114134700000000366e-01
5.114134700000000366e-01
5.381904699999999764e-01
5.381904699999999764e-01
6.068394200000000183e-01
6.068394200000000183e-01
7.174328899999999898e-01
7.174328899999999898e-01
8.223089300000000490e-01
8.223089300000000490e-01
8.256237300000000001e-01
8.256237300000000001e-01
8.256237300000000001e-01
8.259151999999999605e-01
8.259151999999999605e-01
8.341115399999999847e-01
8.341115399999999847e-01
8.586122800000000055e-01
8.586122800000000055e-01
1.179002399999999895e+00
1.179002399999999895e+00
1.466911800000000099e+00
1.466911800000000099e+00
1.646596200000000065e+00
1.646596200000000065e+00
1.671483499999999900e+00
1.671483499999999900e+00
1.672013600000000100e+00
1.672013600000000100e+00
1.703359700000000032e+00
1.703359700000000032e+00
1.704798500000000105e+00
1.704798500000000105e+00
1.705147500000000038e+00
1.705147500000000038e+00
1.745147400000000015e+00
1.745147400000000015e+00
1.748281600000000102e+00
1.748281600000000102e+00
1.980423199999999939e+00
1.980423199999999939e+00
2.023222300000000029e+00
2.023222300000000029e+00
2.131269800000000103e+00
2.131269800000000103e+00
2.150347800000000031e+00
2.150347800000000031e+00
2.158038200000000018e+00
2.158038200000000018e+00
2.158082299999999787e+00
2.158082299999999787e+00
2.158453999999999873e+00
2.158453999999999873e+00
2.166588899999999818e+00
2.166588899999999818e+00
2.184767900000000207e+00
2.184767900000000207e+00
2.238239500000000159e+00
2.238239500000000159e+00
2.240870399999999929e+00
2.240870399999999929e+00
2.241347600000000106e+00
2.241347600000000106e+00
2.256571000000000105e+00
2.256571000000000105e+00
2.275169700000000184e+00
2.275169700000000184e+00
2.283467499999999983e+00
2.283467499999999983e+00
2.299754699999999819e+00
2.299754699999999819e+00
2.299754699999999819e+00
2.336040500000000186e+00
2.336040500000000186e+00
2.349415099999999867e+00
2.349415099999999867e+00
2.375665699999999880e+00
2.375665699999999880e+00
2.386513299999999838e+00
2.386513299999999838e+00
2.386513299999999838e+00
2.386519900000000138e+00
2.386519900000000138e+00
2.414940500000000156e+00
2.414940500000000156e+00
2.433706100000000205e+00
2.433706100000000205e+00
2.434593099999999843e+00
2.434593099999999843e+00
2.440772400000000175e+00
2.440772400000000175e+00
2.476303999999999839e+00
2.476303999999999839e+00
2.476554000000000144e+00
2.476554000000000144e+00
2.514401200000000003e+00
2.514401200000000003e+00
2.541624300000000058e+00
2.541624300000000058e+00
2.550936500000000162e+00
2.550936500000000162e+00
2.649004399999999926e+00
2.649004399999999926e+00
2.649004399999999926e+00
2.649004399999999926e+00
2.685551499999999869e+00
2.685551499999999869e+00
2.714681600000000028e+00
2.714681600000000028e+00
2.717123200000000072e+00
2.717123200000000072e+00
2.778448099999999865e+00
2.778448099999999865e+00
3.368979400000000179e+00
3.368979400000000179e+00
3.649648500000000073e+00
3.649648500000000073e+00
3.764878599999999853e+00
3.764878599999999853e+00
3.931984899999999783e+00
3.931984899999999783e+00
4.471131899999999604e+00
4.471131899999999604e+00
4.982095799999999741e+00
4.982095799999999741e+00
5.106870800000000266e+00
5.106870800000000266e+00
5.118952900000000028e+00
5.118952900000000028e+00
5.220200600000000080e+00
5.220200600000000080e+00
5.253679299999999941e+00
5.253679299999999941e+00
5.708847900000000308e+00
5.708847900000000308e+00
6.067024599999999879e+00
6.067024599999999879e+00
6.442643399999999687e+00
6.442643399999999687e+00
6.464619100000000174e+00
6.464619100000000174e+00
6.494142899999999941e+00
6.494142899999999941e+00
6.524484099999999565e+00
6.524484099999999565e+00
6.561380599999999674e+00
6.561380599999999674e+00
6.586341000000000001e+00
6.586341000000000001e+00
6.586350399999999716e+00
6.586350399999999716e+00
6.586406600000000111e+00
6.586406600000000111e+00
6.586407399999999690e+00
7.254897999999999847e+00
7.254897999999999847e+00
7.486285900000000382e+00
7.486285900000000382e+00
7.523956700000000275e+00
7.523956700000000275e+00
7.584339700000000128e+00
7.584339700000000128e+00
8.597343499999999139e+00
8.597343499999999139e+00
8.599055500000000407e+00
8.599055500000000407e+00
8.856285400000000863e+00
8.856285400000000863e+00
8.856457199999999474e+00
8.856457199999999474e+00
8.856458299999999895e+00
8.856458299999999895e+00
8.856458299999999895e+00
8.856458299999999895e+00
8.859455999999999776e+00
8.859455999999999776e+00
8.875847600000000170e+00
8.875847600000000170e+00
8.884811400000000248e+00
8.884811400000000248e+00
8.919315299999999169e+00
8.919315299999999169e+00
8.971751299999999318e+00
8.971751299999999318e+00
8.982226900000000569e+00
8.982226900000000569e+00
9.005564599999999587e+00
9.005564599999999587e+00
9.007891400000000104e+00
9.024038799999999583e+00
9.024038799999999583e+00
9.024038799999999583e+00
9.093646100000000843e+00
9.093646100000000843e+00
9.093646100000000843e+00
9.093646100000000843e+00
9.093716399999999922e+00
9.093716399999999922e+00
9.098860099999999562e+00
9.098860099999999562e+00
9.279219499999999954e+00
9.279219499999999954e+00
9.279219499999999954e+00
9.356750800000000368e+00
9.356750800000000368e+00
9.568546599999999458e+00
9.568546599999999458e+00
9.700573699999999633e+00
9.700573699999999633e+00
1.080339000000000027e+01
1.080339000000000027e+01
1.155993199999999987e+01
1.155993199999999987e+01
1.188600199999999951e+01
1.188600199999999951e+01
1.189499299999999948e+01
1.189499299999999948e+01
1.191628399999999921e+01
1.191628399999999921e+01
1.194092099999999945e+01
1.194092099999999945e+01
1.194580999999999982e+01
1.194580999999999982e+01
1.202617700000000056e+01
1.202617700000000056e+01
1.232994899999999916e+01
1.232994899999999916e+01
1.270601300000000045e+01
1.270601300000000045e+01
1.307106600000000007e+01
1.307106600000000007e+01
1.320283200000000079e+01
1.320283200000000079e+01
1.320746300000000062e+01
1.320746300000000062e+01
1.323670699999999911e+01
1.323670699999999911e+01
1.332330600000000054e+01
1.332330600000000054e+01
1.337230199999999947e+01
1.337230199999999947e+01
1.337976600000000005e+01
1.337976600000000005e+01
1.338324700000000078e+01
1.338324700000000078e+01
1.361196299999999937e+01
1.361196299999999937e+01
1.369067000000000078e+01
1.369067000000000078e+01
1.369579300000000011e+01
1.369579300000000011e+01
1.370027600000000056e+01
1.370027600000000056e+01
1.370027600000000056e+01
1.370338300000000054e+01
1.370338300000000054e+01
1.370507199999999948e+01
1.370507199999999948e+01
1.370621900000000082e+01
1.370621900000000082e+01
1.374164000000000030e+01
1.374164000000000030e+01
1.376140099999999933e+01
1.376140099999999933e+01
1.378257900000000014e+01
1.378257900000000014e+01
1.378257900000000014e+01
1.378257900000000014e+01
1.378553499999999943e+01
1.378553499999999943e+01
1.378553499999999943e+01
1.380943399999999954e+01
1.380943399999999954e+01
1.381967000000000034e+01
1.381967000000000034e+01
1.386055700000000002e+01
1.386055700000000002e+01
1.391709600000000080e+01
1.391709600000000080e+01
1.393404600000000038e+01
1.393404600000000038e+01
1.401951200000000064e+01
1.401951200000000064e+01
1.401951200000000064e+01
1.401961200000000041e+01
1.401961200000000041e+01
1.403299699999999994e+01
1.403299699999999994e+01
1.403372700000000073e+01
1.403372700000000073e+01
1.403862400000000044e+01
1.403862400000000044e+01
1.404341100000000075e+01
1.404341100000000075e+01
1.405087499999999956e+01
1.405087499999999956e+01
1.405607499999999987e+01
1.405607499999999987e+01
1.406040300000000087e+01
1.406040300000000087e+01
1.406374899999999961e+01
1.406374899999999961e+01
1.406374899999999961e+01
1.406374899999999961e+01
1.407215599999999966e+01
1.407215599999999966e+01
1.408070500000000003e+01
1.408070500000000003e+01
1.413724599999999931e+01
1.413724599999999931e+01
1.414926499999999976e+01
1.414926499999999976e+01
1.424244500000000002e+01
1.424244500000000002e+01
1.430245500000000014e+01
1.430245500000000014e+01
1.431224500000000077e+01
1.431224500000000077e+01
1.437365100000000062e+01
1.437365100000000062e+01
1.438911000000000051e+01
1.438911000000000051e+01
1.441118200000000016e+01
1.441118200000000016e+01
1.441130199999999917e+01
1.441130199999999917e+01
1.441437299999999944e+01
1.441437299999999944e+01
1.441441400000000073e+01
1.441441400000000073e+01
1.444817800000000041e+01
1.444817800000000041e+01
1.448068699999999964e+01
1.448068699999999964e+01
1.449356700000000053e+01
1.449356700000000053e+01
1.449677299999999924e+01
1.449677299999999924e+01
1.449679199999999923e+01
1.449679199999999923e+01
1.449679199999999923e+01
1.449687499999999929e+01
1.449687499999999929e+01
1.450083300000000008e+01
1.450083300000000008e+01
1.450858000000000025e+01
1.450858000000000025e+01
1.451972600000000035e+01
1.451972600000000035e+01
1.451972600000000035e+01
1.451972600000000035e+01
1.451993099999999970e+01
1.451993099999999970e+01
1.451994299999999960e+01
1.451994299999999960e+01
1.452649700000000088e+01
1.452649700000000088e+01
1.452909900000000043e+01
1.452909900000000043e+01
1.454275499999999965e+01
1.454275499999999965e+01
1.455280300000000082e+01
1.455280300000000082e+01
1.457813900000000018e+01
1.457813900000000018e+01
1.461125400000000063e+01
1.461125400000000063e+01
1.463048700000000046e+01
1.463048700000000046e+01
1.467236199999999968e+01
1.467236199999999968e+01
1.473340199999999989e+01
1.473340199999999989e+01
1.476807200000000009e+01
1.476807200000000009e+01
1.481817000000000029e+01
1.481817000000000029e+01
1.483058399999999999e+01
1.483058399999999999e+01
1.489789000000000030e+01
1.489789000000000030e+01
1.490379800000000010e+01
1.490379800000000010e+01
1.490604699999999916e+01
1.490604699999999916e+01
1.493953499999999934e+01
1.493953499999999934e+01
1.493953499999999934e+01
1.496164500000000075e+01
1.496164500000000075e+01
1.496165000000000056e+01
1.496165000000000056e+01
1.496985399999999977e+01
1.496985399999999977e+01
1.497712300000000063e+01
1.497712300000000063e+01
1.505716800000000077e+01
1.505716800000000077e+01
1.505765199999999915e+01
1.505765199999999915e+01
1.508492599999999939e+01
1.508492599999999939e+01
1.508492599999999939e+01
1.509938999999999965e+01
1.509938999999999965e+01
1.516983300000000057e+01
1.516983300000000057e+01
1.517275899999999922e+01
1.517275899999999922e+01
1.523644200000000026e+01
1.523644200000000026e+01
1.524174099999999932e+01
1.524174099999999932e+01
1.524346099999999993e+01
1.524346099999999993e+01
1.524969699999999939e+01
1.524969699999999939e+01
1.525502700000000011e+01
1.525502700000000011e+01
1.527535199999999982e+01
1.527535199999999982e+01
1.527827100000000016e+01
1.527827100000000016e+01
1.528086899999999915e+01
1.528086899999999915e+01
1.528086899999999915e+01
1.528107800000000083e+01
1.528107800000000083e+01
1.528107800000000083e+01
1.528107800000000083e+01
1.528107800000000083e+01
1.528107800000000083e+01
1.529648599999999981e+01
1.529648599999999981e+01
1.529648599999999981e+01
1.529648599999999981e+01
1.529663599999999946e+01
1.529663599999999946e+01
1.530430999999999919e+01
1.530430999999999919e+01
1.530777199999999993e+01
1.530777199999999993e+01
1.531867599999999996e+01
1.531867599999999996e+01
1.532892700000000019e+01
1.532892700000000019e+01
1.537278300000000009e+01
1.537278300000000009e+01
1.537278300000000009e+01
1.541081199999999995e+01
1.541081199999999995e+01
1.541778399999999927e+01
1.541778399999999927e+01
1.545927799999999941e+01
1.545927799999999941e+01
1.545927799999999941e+01
1.556166699999999992e+01
1.556166699999999992e+01
1.556168199999999935e+01
1.557777500000000082e+01
1.557777500000000082e+01
1.557941399999999987e+01
1.557941399999999987e+01
1.562134999999999962e+01
1.562134999999999962e+01
1.563319899999999940e+01
1.563319899999999940e+01
1.564804499999999976e+01
1.564804499999999976e+01
1.564986599999999939e+01
