# t	msd	err
1.049999999999998555e-13 1.362791831354792094e-01 0.000000000000000000e+00
6.034000000000000340e-13 1.468187973890263121e-01 4.631174365059075732e-02
9.999999999994797608e-13 2.390080747922135873e-01 0.000000000000000000e+00
2.513000000000000298e-12 2.258786223935531634e-01 nan
6.893133333333334180e-12 2.302859527740181156e-01 4.488322971651544091e-02
9.999999999998104311e-12 1.594046335315137952e-01 8.736580162911544984e-09
8.453412414284235007e-09 4.141533414557954651e-01 4.731345916263622609e-02
1.999999999998964412e-08 5.545277354642491607e-01 1.260265717054580015e-01
5.827276955714285372e-08 7.209014943946682186e-01 9.118902297011562130e-02
4.792082652111109122e-07 7.928884045703404881e-01 9.749651105410761520e-02
9.039999999999928483e-07 3.620187434381350045e-01 7.897063540968625450e-02
1.200000000000002063e-06 2.449935264000302482e-01 5.927570645148825396e-02
2.103999999999994594e-06 4.173370848964182978e-01 6.965331994816011119e-02
4.299999999999996100e-06 1.443453090496866764e-01 5.093340115856463679e-02
1.400000000000001842e-05 4.677428134779386681e-01 1.209317806468833967e-01
1.830000000000001114e-05 7.668972164210661191e-01 5.688830527410042304e-02
4.596600000000000680e-05 4.493171610644651759e-01 1.050216650757510722e-01
5.309105654667893706e-05 8.855245354171753513e-01 8.859245052698500045e-02
9.746829102763513288e-05 1.457544505178590244e+00 6.877757876920802260e-02
2.178234495583950318e-04 9.168253778442903013e-01 6.332345520006413264e-02
3.175145141796188275e-04 1.861733419269805623e+00 8.785255972376640465e-02
5.358666697661210046e-04 2.017186892391587438e+00 1.257587559018833734e-01
1.047499999999916553e-03 4.399004428804673239e+00 1.770606957454989860e+00
1.792400000000023618e-03 9.977462739510178924e-01 4.849129698854293125e-01
3.049696969696999525e-03 3.356278384832142581e-01 3.385949335572184526e-02
5.167617911558079237e-03 1.269064784106982202e+00 1.001933863672340302e-01
9.703846647880962767e-03 1.884955498026739562e+00 1.307484109849678389e-01
1.808379675442942439e-02 2.228554957240725276e+00 1.311346465583903276e-01
2.933673475975646927e-02 2.139838865249313660e+00 1.308317811093585303e-01
4.784464619739238478e-02 2.766036635107422814e+00 1.110946067709053658e-01
8.600940623412364761e-02 2.178853995454834269e+00 6.802920692609272513e-02
1.425716721590541414e-01 3.589638956576353124e+00 7.190459005909340118e-02
2.547082157378826595e-01 5.134857490512440670e+00 7.859867252592980802e-02
4.376572737279079695e-01 7.342269384792349030e+00 6.945018948472328479e-02
7.717920545887185790e-01 1.095969755627501208e+01 8.113401081428507633e-02
1.367023635462344178e+00 1.326143083562432778e+01 8.403843026067765731e-02
2.273497334561668914e+00 1.286878135450405303e+01 7.631721444608294269e-02
4.278384652725234716e+00 1.724009366374576757e+01 8.674165559982761897e-02
7.122365552541773503e+00 2.105075686348441621e+01 4.963210795204775483e-02
1.301733713203467069e+01 1.686786271803666537e+01 2.728576059891492725e-02
