# t
0.000000000000000000e+00
8.284626999999999793e-14
1.310663899999999970e-13
1.405253100000000068e-13
1.938492699999999946e-13
2.029032799999999888e-13
2.660517100000000201e-13
3.683266599999999770e-13
4.018442999999999905e-13
4.259270199999999899e-13
4.357377099999999899e-13
4.545134099999999783e-13
4.847883899999999968e-13
5.115159500000000102e-13
5.255385499999999710e-13
5.347085899999999641e-13
5.360027699999999815e-13
5.419045299999999727e-13
5.529363100000000354e-13
5.979661899999999671e-13
6.420385299999999578e-13
