# t	msd	err
1.300000000000004558e-15 6.283939103219999926e-03 0.000000000000000000e+00
5.900000000000005152e-15 6.373621942432309596e-03 nan
9.457142857142859354e-15 3.002255631714620746e-02 8.991434044605216627e-03
1.685999999999999076e-14 7.947156963974003063e-02 2.097241671961079523e-02
2.826000000000000719e-14 7.015240626882753017e-02 2.046304806167039553e-02
5.459090909090909868e-14 8.294531292745471740e-02 1.684061247762401459e-02
9.475588235294117928e-14 1.676469524483570894e-01 1.784895309454379020e-02
1.608277777777777729e-13 1.848289454177011459e-01 1.818434361104781516e-02
2.905061224489794598e-13 3.599904849224839776e-01 2.128597039894427126e-02
4.520333333333329790e-13 4.283771897688465891e-01 1.527561579491273566e-02
