# t	msd	err
2.333333333333261481e-04 2.393318877440638204e+00 4.659085532415063180e-01
5.142857142856735366e-04 1.713724166923530490e+01 6.353788233244720196e+00
9.666666666665699615e-04 1.013209180152517064e+01 3.044807272702815926e+00
1.351851851851838685e-03 2.019719694661245768e+01 5.022783847353177400e+00
2.407865168539312199e-03 1.207577457218283890e+01 2.224059167957204153e+00
4.643750000000020257e-03 1.748798965903941038e+01 2.728654542338017741e+00
9.938316254772011638e-03 1.476064407681699286e+01 2.095599562565439444e-01
1.418460784313724070e-02 1.434919091648885647e+01 1.206080135370766193e+00
2.492764834824771555e-02 2.106767574208021188e+01 1.695460787267788483e-01
4.477838227717687025e-02 2.504503144088768707e+01 1.761477624925946728e-01
7.467504307506217520e-02 3.123702401892016667e+01 1.352072873764073313e-01
1.296398906537296891e-01 4.012974265308996280e+01 1.148132800231120298e-01
2.239708511667179991e-01 5.018987290066912266e+01 1.000974703173721919e-01
3.930272286287231909e-01 6.176559210090189822e+01 9.049443564479624225e-02
6.943381079879105133e-01 7.536849488841862410e+01 8.681856057300348095e-02
1.215165179425037767e+00 9.843784982684286433e+01 8.880765391921134622e-02
2.147267270321827404e+00 1.187763600115811187e+02 7.379952010390605777e-02
3.734809814784421977e+00 1.749998836922335954e+02 7.965045936879430744e-02
6.569620384199887475e+00 2.456438821305466149e+02 9.348624076196841715e-02
1.156109342792231942e+01 4.034938459343583190e+02 1.116118705769138519e-01
1.994692216432409637e+01 5.900558166500328525e+02 1.282691737468716620e-01
3.478264050783410255e+01 8.175363048990551533e+02 1.627404497645016379e-01
5.617675737125083657e+01 1.111513915761420776e+03 2.191415920109365534e-01
