# t	msd	err
9.999999999998898659e-05 7.760396048105749900e-01 2.965315777346069770e-01
1.999999999999779732e-04 1.166668349066340316e+00 5.835501688263938780e-01
5.000000000000559552e-04 5.827728349725371793e-01 2.182381805912661232e-01
9.905882352941300286e-04 1.871079948265454362e+01 2.892275860106756191e+00
1.239999999999974413e-03 1.627263134425766200e+00 2.973306405401049957e-01
2.668421052631553009e-03 1.970065614168271750e+01 2.585393452465776676e+00
4.460194174757243189e-03 2.043395406699682582e+01 2.611316712481517754e+00
9.959584849818046287e-03 1.458045461552643651e+01 1.868774005986688358e-01
1.455525210084035112e-02 1.649349273761556844e+01 1.071432782323912702e+00
2.500413922859823224e-02 2.002474078260351931e+01 1.427810834415994823e-01
4.510216194654968758e-02 2.759017027874971362e+01 1.552326091320498369e-01
7.982390334667234522e-02 3.814420913566269178e+01 1.062688864300316838e-01
1.445620129467354020e-01 5.162737582329715735e+01 9.871957162545676179e-02
2.594091757185589264e-01 6.975772238327168395e+01 9.583606322216112194e-02
4.685398869375093645e-01 9.290958605408788173e+01 1.028000294389486424e-01
8.388155693903601717e-01 1.327176295920654638e+02 1.303533183512353144e-01
1.488444151862043041e+00 1.993574340711109585e+02 1.532601194654519550e-01
2.678582810263832936e+00 2.637447016056679558e+02 1.902782798192800828e-01
4.749909671647232656e+00 3.913790458112281954e+02 2.030243597230124986e-01
8.504967185059426171e+00 6.628139237233198173e+02 2.445046857056107359e-01
1.504420491794462578e+01 1.068783844585761926e+03 2.730185902969590739e-01
2.669199707868440541e+01 1.535761002036856780e+03 2.370910244478945661e-01
4.302877598658844249e+01 2.276722667818779428e+03 2.932250140757517998e-01
