# Barrier Energy Step Time
0.000000000000000000e+00 -6.294690000000000509e+02 0.000000000000000000e+00 0.000000000000000000e+00
2.507000000000000117e+00 -6.248360000000000127e+02 5.000000000000000000e-01 1.726000000000000034e-01
0.000000000000000000e+00 -6.273429999999999609e+02 1.000000000000000000e+00 1.726000000000000034e-01
3.820000000000000062e-01 -6.290869999999999891e+02 1.500000000000000000e+00 1.726000000000000034e-01
0.000000000000000000e+00 -6.294690000000000509e+02 2.000000000000000000e+00 1.726000000000000034e-01
2.507000000000000117e+00 -6.248360000000000127e+02 2.500000000000000000e+00 1.791999999999999982e-01
0.000000000000000000e+00 -6.273429999999999609e+02 3.000000000000000000e+00 1.791999999999999982e-01
3.820000000000000062e-01 -6.290869999999999891e+02 3.500000000000000000e+00 1.791999999999999982e-01
0.000000000000000000e+00 -6.294690000000000509e+02 4.000000000000000000e+00 1.791999999999999982e-01
2.507000000000000117e+00 -6.248360000000000127e+02 4.500000000000000000e+00 2.076000000000000068e-01
0.000000000000000000e+00 -6.273429999999999609e+02 5.000000000000000000e+00 2.076000000000000068e-01
3.820000000000000062e-01 -6.290860000000000127e+02 5.500000000000000000e+00 2.076000000000000068e-01
0.000000000000000000e+00 -6.294690000000000509e+02 6.000000000000000000e+00 2.076000000000000068e-01
2.507000000000000117e+00 -6.248360000000000127e+02 6.500000000000000000e+00 2.575999999999999956e-01
0.000000000000000000e+00 -6.273429999999999609e+02 7.000000000000000000e+00 2.575999999999999956e-01
3.820000000000000062e-01 -6.290860000000000127e+02 7.500000000000000000e+00 2.575999999999999956e-01
0.000000000000000000e+00 -6.294690000000000509e+02 8.000000000000000000e+00 2.575999999999999956e-01
2.507000000000000117e+00 -6.248369999999999891e+02 8.500000000000000000e+00 3.407999999999999918e-01
0.000000000000000000e+00 -6.273429999999999609e+02 9.000000000000000000e+00 3.407999999999999918e-01
3.820000000000000062e-01 -6.290869999999999891e+02 9.500000000000000000e+00 3.407999999999999918e-01
0.000000000000000000e+00 -6.294690000000000509e+02 1.000000000000000000e+01 3.407999999999999918e-01
2.507000000000000117e+00 -6.248360000000000127e+02 1.050000000000000000e+01 3.588000000000000078e-01
0.000000000000000000e+00 -6.273429999999999609e+02 1.100000000000000000e+01 3.588000000000000078e-01
3.820000000000000062e-01 -6.290869999999999891e+02 1.150000000000000000e+01 3.588000000000000078e-01
0.000000000000000000e+00 -6.294690000000000509e+02 1.200000000000000000e+01 3.588000000000000078e-01
2.507000000000000117e+00 -6.248360000000000127e+02 1.250000000000000000e+01 4.279000000000000026e-01
0.000000000000000000e+00 -6.273429999999999609e+02 1.300000000000000000e+01 4.279000000000000026e-01
3.820000000000000062e-01 -6.290869999999999891e+02 1.350000000000000000e+01 4.279000000000000026e-01
0.000000000000000000e+00 -6.294690000000000509e+02 1.400000000000000000e+01 4.279000000000000026e-01
2.507000000000000117e+00 -6.248369999999999891e+02 1.450000000000000000e+01 5.231000000000000094e-01
0.000000000000000000e+00 -6.273429999999999609e+02 1.500000000000000000e+01 5.231000000000000094e-01
3.820000000000000062e-01 -6.290860000000000127e+02 1.550000000000000000e+01 5.231000000000000094e-01
0.000000000000000000e+00 -6.294690000000000509e+02 1.600000000000000000e+01 5.231000000000000094e-01
2.507000000000000117e+00 -6.248369999999999891e+02 1.650000000000000000e+01 5.873000000000000442e-01
0.000000000000000000e+00 -6.273429999999999609e+02 1.700000000000000000e+01 5.873000000000000442e-01
3.820000000000000062e-01 -6.290869999999999891e+02 1.750000000000000000e+01 5.873000000000000442e-01
0.000000000000000000e+00 -6.294690000000000509e+02 1.800000000000000000e+01 5.873000000000000442e-01
2.507000000000000117e+00 -6.248360000000000127e+02 1.850000000000000000e+01 1.354999999999999982e+00
0.000000000000000000e+00 -6.273429999999999609e+02 1.900000000000000000e+01 1.354999999999999982e+00
3.820000000000000062e-01 -6.290869999999999891e+02 1.950000000000000000e+01 1.354999999999999982e+00
0.000000000000000000e+00 -6.294690000000000509e+02 2.000000000000000000e+01 1.354999999999999982e+00
2.507000000000000117e+00 -6.248360000000000127e+02 2.050000000000000000e+01 1.393999999999999906e+00
0.000000000000000000e+00 -6.273429999999999609e+02 2.100000000000000000e+01 1.393999999999999906e+00
3.820000000000000062e-01 -6.290860000000000127e+02 2.150000000000000000e+01 1.393999999999999906e+00
0.000000000000000000e+00 -6.294690000000000509e+02 2.200000000000000000e+01 1.393999999999999906e+00
2.507000000000000117e+00 -6.248369999999999891e+02 2.250000000000000000e+01 1.409999999999999920e+00
0.000000000000000000e+00 -6.273429999999999609e+02 2.300000000000000000e+01 1.409999999999999920e+00
3.820000000000000062e-01 -6.290869999999999891e+02 2.350000000000000000e+01 1.409999999999999920e+00
0.000000000000000000e+00 -6.294690000000000509e+02 2.400000000000000000e+01 1.409999999999999920e+00
2.507000000000000117e+00 -6.248369999999999891e+02 2.450000000000000000e+01 1.874000000000000110e+00
0.000000000000000000e+00 -6.273429999999999609e+02 2.500000000000000000e+01 1.874000000000000110e+00
3.820000000000000062e-01 -6.290869999999999891e+02 2.550000000000000000e+01 1.874000000000000110e+00
0.000000000000000000e+00 -6.294690000000000509e+02 2.600000000000000000e+01 1.874000000000000110e+00
2.507000000000000117e+00 -6.248360000000000127e+02 2.650000000000000000e+01 1.891999999999999904e+00
0.000000000000000000e+00 -6.273429999999999609e+02 2.700000000000000000e+01 1.891999999999999904e+00
3.820000000000000062e-01 -6.290869999999999891e+02 2.750000000000000000e+01 1.891999999999999904e+00
0.000000000000000000e+00 -6.294690000000000509e+02 2.800000000000000000e+01 1.891999999999999904e+00
2.507000000000000117e+00 -6.248360000000000127e+02 2.850000000000000000e+01 1.919000000000000039e+00
0.000000000000000000e+00 -6.273429999999999609e+02 2.900000000000000000e+01 1.919000000000000039e+00
3.820000000000000062e-01 -6.290860000000000127e+02 2.950000000000000000e+01 1.919000000000000039e+00
0.000000000000000000e+00 -6.294690000000000509e+02 3.000000000000000000e+01 1.919000000000000039e+00
2.507000000000000117e+00 -6.248369999999999891e+02 3.050000000000000000e+01 2.004000000000000004e+00
0.000000000000000000e+00 -6.273429999999999609e+02 3.100000000000000000e+01 2.004000000000000004e+00
3.820000000000000062e-01 -6.290869999999999891e+02 3.150000000000000000e+01 2.004000000000000004e+00
0.000000000000000000e+00 -6.294690000000000509e+02 3.200000000000000000e+01 2.004000000000000004e+00
2.507000000000000117e+00 -6.248369999999999891e+02 3.250000000000000000e+01 2.012000000000000011e+00
0.000000000000000000e+00 -6.273429999999999609e+02 3.300000000000000000e+01 2.012000000000000011e+00
3.820000000000000062e-01 -6.290860000000000127e+02 3.350000000000000000e+01 2.012000000000000011e+00
0.000000000000000000e+00 -6.294690000000000509e+02 3.400000000000000000e+01 2.012000000000000011e+00
2.507000000000000117e+00 -6.248360000000000127e+02 3.450000000000000000e+01 2.068999999999999950e+00
0.000000000000000000e+00 -6.273429999999999609e+02 3.500000000000000000e+01 2.068999999999999950e+00
3.820000000000000062e-01 -6.290860000000000127e+02 3.550000000000000000e+01 2.068999999999999950e+00
0.000000000000000000e+00 -6.294690000000000509e+02 3.600000000000000000e+01 2.068999999999999950e+00
2.507000000000000117e+00 -6.248369999999999891e+02 3.650000000000000000e+01 2.213000000000000078e+00
0.000000000000000000e+00 -6.273429999999999609e+02 3.700000000000000000e+01 2.213000000000000078e+00
3.820000000000000062e-01 -6.290869999999999891e+02 3.750000000000000000e+01 2.213000000000000078e+00
0.000000000000000000e+00 -6.294690000000000509e+02 3.800000000000000000e+01 2.213000000000000078e+00
2.507000000000000117e+00 -6.248360000000000127e+02 3.850000000000000000e+01 2.430000000000000160e+00
0.000000000000000000e+00 -6.273429999999999609e+02 3.900000000000000000e+01 2.430000000000000160e+00
3.820000000000000062e-01 -6.290860000000000127e+02 3.950000000000000000e+01 2.430000000000000160e+00
0.000000000000000000e+00 -6.294690000000000509e+02 4.000000000000000000e+01 2.430000000000000160e+00
2.507000000000000117e+00 -6.248360000000000127e+02 4.050000000000000000e+01 2.447000000000000064e+00
0.000000000000000000e+00 -6.273429999999999609e+02 4.100000000000000000e+01 2.447000000000000064e+00
3.820000000000000062e-01 -6.290869999999999891e+02 4.150000000000000000e+01 2.447000000000000064e+00
0.000000000000000000e+00 -6.294690000000000509e+02 4.200000000000000000e+01 2.447000000000000064e+00
2.507000000000000117e+00 -6.248360000000000127e+02 4.250000000000000000e+01 2.576999999999999957e+00
0.000000000000000000e+00 -6.273429999999999609e+02 4.300000000000000000e+01 2.576999999999999957e+00
3.820000000000000062e-01 -6.290869999999999891e+02 4.350000000000000000e+01 2.576999999999999957e+00
0.000000000000000000e+00 -6.294690000000000509e+02 4.400000000000000000e+01 2.576999999999999957e+00
2.507000000000000117e+00 -6.248360000000000127e+02 4.450000000000000000e+01 2.584999999999999964e+00
0.000000000000000000e+00 -6.273429999999999609e+02 4.500000000000000000e+01 2.584999999999999964e+00
3.820000000000000062e-01 -6.290860000000000127e+02 4.550000000000000000e+01 2.584999999999999964e+00
0.000000000000000000e+00 -6.294690000000000509e+02 4.600000000000000000e+01 2.584999999999999964e+00
2.507000000000000117e+00 -6.248360000000000127e+02 4.650000000000000000e+01 2.716000000000000192e+00
0.000000000000000000e+00 -6.273429999999999609e+02 4.700000000000000000e+01 2.716000000000000192e+00
3.820000000000000062e-01 -6.290869999999999891e+02 4.750000000000000000e+01 2.716000000000000192e+00
0.000000000000000000e+00 -6.294690000000000509e+02 4.800000000000000000e+01 2.716000000000000192e+00
2.507000000000000117e+00 -6.248369999999999891e+02 4.850000000000000000e+01 2.803999999999999826e+00
0.000000000000000000e+00 -6.273429999999999609e+02 4.900000000000000000e+01 2.803999999999999826e+00
3.820000000000000062e-01 -6.290869999999999891e+02 4.950000000000000000e+01 2.803999999999999826e+00
0.000000000000000000e+00 -6.294690000000000509e+02 5.000000000000000000e+01 2.803999999999999826e+00
2.507000000000000117e+00 -6.248360000000000127e+02 5.050000000000000000e+01 2.833000000000000185e+00
0.000000000000000000e+00 -6.273429999999999609e+02 5.100000000000000000e+01 2.833000000000000185e+00
3.820000000000000062e-01 -6.290860000000000127e+02 5.150000000000000000e+01 2.833000000000000185e+00
0.000000000000000000e+00 -6.294690000000000509e+02 5.200000000000000000e+01 2.833000000000000185e+00
2.508000000000000007e+00 -6.248360000000000127e+02 5.250000000000000000e+01 2.846999999999999975e+00
0.000000000000000000e+00 -6.273429999999999609e+02 5.300000000000000000e+01 2.846999999999999975e+00
3.820000000000000062e-01 -6.290869999999999891e+02 5.350000000000000000e+01 2.846999999999999975e+00
0.000000000000000000e+00 -6.294690000000000509e+02 5.400000000000000000e+01 2.846999999999999975e+00
2.507000000000000117e+00 -6.248369999999999891e+02 5.450000000000000000e+01 2.896999999999999797e+00
0.000000000000000000e+00 -6.273429999999999609e+02 5.500000000000000000e+01 2.896999999999999797e+00
3.820000000000000062e-01 -6.290869999999999891e+02 5.550000000000000000e+01 2.896999999999999797e+00
0.000000000000000000e+00 -6.294690000000000509e+02 5.600000000000000000e+01 2.896999999999999797e+00
2.507000000000000117e+00 -6.248360000000000127e+02 5.650000000000000000e+01 2.947000000000000064e+00
0.000000000000000000e+00 -6.273429999999999609e+02 5.700000000000000000e+01 2.947000000000000064e+00
3.820000000000000062e-01 -6.290869999999999891e+02 5.750000000000000000e+01 2.947000000000000064e+00
0.000000000000000000e+00 -6.294690000000000509e+02 5.800000000000000000e+01 2.947000000000000064e+00
2.507000000000000117e+00 -6.248360000000000127e+02 5.850000000000000000e+01 2.991999999999999993e+00
0.000000000000000000e+00 -6.273429999999999609e+02 5.900000000000000000e+01 2.991999999999999993e+00
3.820000000000000062e-01 -6.290860000000000127e+02 5.950000000000000000e+01 2.991999999999999993e+00
0.000000000000000000e+00 -6.294690000000000509e+02 6.000000000000000000e+01 2.991999999999999993e+00
2.507000000000000117e+00 -6.248360000000000127e+02 6.050000000000000000e+01 3.051000000000000156e+00
0.000000000000000000e+00 -6.273429999999999609e+02 6.100000000000000000e+01 3.051000000000000156e+00
3.820000000000000062e-01 -6.290869999999999891e+02 6.150000000000000000e+01 3.051000000000000156e+00
0.000000000000000000e+00 -6.294690000000000509e+02 6.200000000000000000e+01 3.051000000000000156e+00
2.507000000000000117e+00 -6.248360000000000127e+02 6.250000000000000000e+01 3.057999999999999829e+00
0.000000000000000000e+00 -6.273429999999999609e+02 6.300000000000000000e+01 3.057999999999999829e+00
3.820000000000000062e-01 -6.290869999999999891e+02 6.350000000000000000e+01 3.057999999999999829e+00
0.000000000000000000e+00 -6.294690000000000509e+02 6.400000000000000000e+01 3.057999999999999829e+00
2.507000000000000117e+00 -6.248360000000000127e+02 6.450000000000000000e+01 3.214999999999999858e+00
0.000000000000000000e+00 -6.273429999999999609e+02 6.500000000000000000e+01 3.214999999999999858e+00
3.820000000000000062e-01 -6.290869999999999891e+02 6.550000000000000000e+01 3.214999999999999858e+00
0.000000000000000000e+00 -6.294690000000000509e+02 6.600000000000000000e+01 3.214999999999999858e+00
2.507000000000000117e+00 -6.248360000000000127e+02 6.650000000000000000e+01 3.237999999999999989e+00
0.000000000000000000e+00 -6.273429999999999609e+02 6.700000000000000000e+01 3.237999999999999989e+00
3.820000000000000062e-01 -6.290860000000000127e+02 6.750000000000000000e+01 3.237999999999999989e+00
0.000000000000000000e+00 -6.294690000000000509e+02 6.800000000000000000e+01 3.237999999999999989e+00
2.507000000000000117e+00 -6.248360000000000127e+02 6.850000000000000000e+01 3.263999999999999790e+00
0.000000000000000000e+00 -6.273429999999999609e+02 6.900000000000000000e+01 3.263999999999999790e+00
3.820000000000000062e-01 -6.290860000000000127e+02 6.950000000000000000e+01 3.263999999999999790e+00
0.000000000000000000e+00 -6.294690000000000509e+02 7.000000000000000000e+01 3.263999999999999790e+00
2.507000000000000117e+00 -6.248369999999999891e+02 7.050000000000000000e+01 3.298999999999999932e+00
0.000000000000000000e+00 -6.273429999999999609e+02 7.100000000000000000e+01 3.298999999999999932e+00
3.820000000000000062e-01 -6.290860000000000127e+02 7.150000000000000000e+01 3.298999999999999932e+00
0.000000000000000000e+00 -6.294690000000000509e+02 7.200000000000000000e+01 3.298999999999999932e+00
2.507000000000000117e+00 -6.248360000000000127e+02 7.250000000000000000e+01 3.318000000000000060e+00
0.000000000000000000e+00 -6.273429999999999609e+02 7.300000000000000000e+01 3.318000000000000060e+00
3.820000000000000062e-01 -6.290860000000000127e+02 7.350000000000000000e+01 3.318000000000000060e+00
0.000000000000000000e+00 -6.294690000000000509e+02 7.400000000000000000e+01 3.318000000000000060e+00
2.507000000000000117e+00 -6.248360000000000127e+02 7.450000000000000000e+01 3.323999999999999844e+00
0.000000000000000000e+00 -6.273429999999999609e+02 7.500000000000000000e+01 3.323999999999999844e+00
3.820000000000000062e-01 -6.290869999999999891e+02 7.550000000000000000e+01 3.323999999999999844e+00
0.000000000000000000e+00 -6.294690000000000509e+02 7.600000000000000000e+01 3.323999999999999844e+00
2.507000000000000117e+00 -6.248369999999999891e+02 7.650000000000000000e+01 3.503000000000000114e+00
0.000000000000000000e+00 -6.273429999999999609e+02 7.700000000000000000e+01 3.503000000000000114e+00
3.820000000000000062e-01 -6.290860000000000127e+02 7.750000000000000000e+01 3.503000000000000114e+00
0.000000000000000000e+00 -6.294690000000000509e+02 7.800000000000000000e+01 3.503000000000000114e+00
2.507000000000000117e+00 -6.248369999999999891e+02 7.850000000000000000e+01 3.999000000000000110e+00
0.000000000000000000e+00 -6.273429999999999609e+02 7.900000000000000000e+01 3.999000000000000110e+00
3.820000000000000062e-01 -6.290860000000000127e+02 7.950000000000000000e+01 3.999000000000000110e+00
0.000000000000000000e+00 -6.294690000000000509e+02 8.000000000000000000e+01 3.999000000000000110e+00
2.507000000000000117e+00 -6.248360000000000127e+02 8.050000000000000000e+01 4.298000000000000043e+00
0.000000000000000000e+00 -6.273429999999999609e+02 8.100000000000000000e+01 4.298000000000000043e+00
3.820000000000000062e-01 -6.290860000000000127e+02 8.150000000000000000e+01 4.298000000000000043e+00
0.000000000000000000e+00 -6.294690000000000509e+02 8.200000000000000000e+01 4.298000000000000043e+00
2.507000000000000117e+00 -6.248360000000000127e+02 8.250000000000000000e+01 4.440999999999999837e+00
0.000000000000000000e+00 -6.273429999999999609e+02 8.300000000000000000e+01 4.440999999999999837e+00
3.820000000000000062e-01 -6.290860000000000127e+02 8.350000000000000000e+01 4.440999999999999837e+00
0.000000000000000000e+00 -6.294690000000000509e+02 8.400000000000000000e+01 4.440999999999999837e+00
2.507000000000000117e+00 -6.248369999999999891e+02 8.450000000000000000e+01 4.621999999999999886e+00
0.000000000000000000e+00 -6.273429999999999609e+02 8.500000000000000000e+01 4.621999999999999886e+00
3.820000000000000062e-01 -6.290869999999999891e+02 8.550000000000000000e+01 4.621999999999999886e+00
0.000000000000000000e+00 -6.294690000000000509e+02 8.600000000000000000e+01 4.621999999999999886e+00
2.507000000000000117e+00 -6.248369999999999891e+02 8.650000000000000000e+01 4.685999999999999943e+00
0.000000000000000000e+00 -6.273429999999999609e+02 8.700000000000000000e+01 4.685999999999999943e+00
3.820000000000000062e-01 -6.290869999999999891e+02 8.750000000000000000e+01 4.685999999999999943e+00
0.000000000000000000e+00 -6.294690000000000509e+02 8.800000000000000000e+01 4.685999999999999943e+00
2.507000000000000117e+00 -6.248369999999999891e+02 8.850000000000000000e+01 4.716000000000000192e+00
0.000000000000000000e+00 -6.273429999999999609e+02 8.900000000000000000e+01 4.716000000000000192e+00
3.820000000000000062e-01 -6.290869999999999891e+02 8.950000000000000000e+01 4.716000000000000192e+00
0.000000000000000000e+00 -6.294690000000000509e+02 9.000000000000000000e+01 4.716000000000000192e+00
2.507000000000000117e+00 -6.248369999999999891e+02 9.050000000000000000e+01 4.798000000000000043e+00
0.000000000000000000e+00 -6.273429999999999609e+02 9.100000000000000000e+01 4.798000000000000043e+00
3.820000000000000062e-01 -6.290860000000000127e+02 9.150000000000000000e+01 4.798000000000000043e+00
0.000000000000000000e+00 -6.294690000000000509e+02 9.200000000000000000e+01 4.798000000000000043e+00
2.507000000000000117e+00 -6.248360000000000127e+02 9.250000000000000000e+01 5.176999999999999602e+00
0.000000000000000000e+00 -6.273429999999999609e+02 9.300000000000000000e+01 5.176999999999999602e+00
3.820000000000000062e-01 -6.290860000000000127e+02 9.350000000000000000e+01 5.176999999999999602e+00
0.000000000000000000e+00 -6.294690000000000509e+02 9.400000000000000000e+01 5.176999999999999602e+00
2.507000000000000117e+00 -6.248360000000000127e+02 9.450000000000000000e+01 5.399000000000000021e+00
0.000000000000000000e+00 -6.273429999999999609e+02 9.500000000000000000e+01 5.399000000000000021e+00
3.820000000000000062e-01 -6.290869999999999891e+02 9.550000000000000000e+01 5.399000000000000021e+00
0.000000000000000000e+00 -6.294690000000000509e+02 9.600000000000000000e+01 5.399000000000000021e+00
2.507000000000000117e+00 -6.248360000000000127e+02 9.650000000000000000e+01 5.498999999999999666e+00
0.000000000000000000e+00 -6.273429999999999609e+02 9.700000000000000000e+01 5.498999999999999666e+00
3.820000000000000062e-01 -6.290869999999999891e+02 9.750000000000000000e+01 5.498999999999999666e+00
0.000000000000000000e+00 -6.294690000000000509e+02 9.800000000000000000e+01 5.498999999999999666e+00
2.507000000000000117e+00 -6.248360000000000127e+02 9.850000000000000000e+01 5.504999999999999893e+00
0.000000000000000000e+00 -6.273429999999999609e+02 9.900000000000000000e+01 5.504999999999999893e+00
3.820000000000000062e-01 -6.290860000000000127e+02 9.950000000000000000e+01 5.504999999999999893e+00
0.000000000000000000e+00 -6.294690000000000509e+02 1.000000000000000000e+02 5.504999999999999893e+00
2.508000000000000007e+00 -6.248360000000000127e+02 1.005000000000000000e+02 5.536999999999999922e+00
0.000000000000000000e+00 -6.273429999999999609e+02 1.010000000000000000e+02 5.536999999999999922e+00
3.820000000000000062e-01 -6.290869999999999891e+02 1.015000000000000000e+02 5.536999999999999922e+00
0.000000000000000000e+00 -6.294690000000000509e+02 1.020000000000000000e+02 5.536999999999999922e+00
2.507000000000000117e+00 -6.248369999999999891e+02 1.025000000000000000e+02 5.591000000000000192e+00
0.000000000000000000e+00 -6.273429999999999609e+02 1.030000000000000000e+02 5.591000000000000192e+00
3.820000000000000062e-01 -6.290869999999999891e+02 1.035000000000000000e+02 5.591000000000000192e+00
0.000000000000000000e+00 -6.294690000000000509e+02 1.040000000000000000e+02 5.591000000000000192e+00
2.507000000000000117e+00 -6.248369999999999891e+02 1.045000000000000000e+02 5.660999999999999588e+00
0.000000000000000000e+00 -6.273429999999999609e+02 1.050000000000000000e+02 5.660999999999999588e+00
3.820000000000000062e-01 -6.290860000000000127e+02 1.055000000000000000e+02 5.660999999999999588e+00
0.000000000000000000e+00 -6.294690000000000509e+02 1.060000000000000000e+02 5.660999999999999588e+00
2.508000000000000007e+00 -6.248360000000000127e+02 1.065000000000000000e+02 5.815999999999999837e+00
0.000000000000000000e+00 -6.273429999999999609e+02 1.070000000000000000e+02 5.815999999999999837e+00
3.820000000000000062e-01 -6.290860000000000127e+02 1.075000000000000000e+02 5.815999999999999837e+00
0.000000000000000000e+00 -6.294690000000000509e+02 1.080000000000000000e+02 5.815999999999999837e+00
2.507000000000000117e+00 -6.248360000000000127e+02 1.085000000000000000e+02 5.860000000000000320e+00
0.000000000000000000e+00 -6.273429999999999609e+02 1.090000000000000000e+02 5.860000000000000320e+00
3.820000000000000062e-01 -6.290869999999999891e+02 1.095000000000000000e+02 5.860000000000000320e+00
0.000000000000000000e+00 -6.294690000000000509e+02 1.100000000000000000e+02 5.860000000000000320e+00
2.507000000000000117e+00 -6.248360000000000127e+02 1.105000000000000000e+02 5.987000000000000099e+00
0.000000000000000000e+00 -6.273429999999999609e+02 1.110000000000000000e+02 5.987000000000000099e+00
3.820000000000000062e-01 -6.290860000000000127e+02 1.115000000000000000e+02 5.987000000000000099e+00
0.000000000000000000e+00 -6.294690000000000509e+02 1.120000000000000000e+02 5.987000000000000099e+00
2.507000000000000117e+00 -6.248360000000000127e+02 1.125000000000000000e+02 6.099000000000000199e+00
0.000000000000000000e+00 -6.273429999999999609e+02 1.130000000000000000e+02 6.099000000000000199e+00
3.820000000000000062e-01 -6.290860000000000127e+02 1.135000000000000000e+02 6.099000000000000199e+00
0.000000000000000000e+00 -6.294690000000000509e+02 1.140000000000000000e+02 6.099000000000000199e+00
2.507000000000000117e+00 -6.248360000000000127e+02 1.145000000000000000e+02 6.107000000000000206e+00
0.000000000000000000e+00 -6.273429999999999609e+02 1.150000000000000000e+02 6.107000000000000206e+00
3.820000000000000062e-01 -6.290860000000000127e+02 1.155000000000000000e+02 6.107000000000000206e+00
0.000000000000000000e+00 -6.294690000000000509e+02 1.160000000000000000e+02 6.107000000000000206e+00
2.507000000000000117e+00 -6.248369999999999891e+02 1.165000000000000000e+02 6.176999999999999602e+00
0.000000000000000000e+00 -6.273429999999999609e+02 1.170000000000000000e+02 6.176999999999999602e+00
3.820000000000000062e-01 -6.290860000000000127e+02 1.175000000000000000e+02 6.176999999999999602e+00
0.000000000000000000e+00 -6.294690000000000509e+02 1.180000000000000000e+02 6.176999999999999602e+00
2.508000000000000007e+00 -6.248360000000000127e+02 1.185000000000000000e+02 6.209999999999999964e+00
0.000000000000000000e+00 -6.273429999999999609e+02 1.190000000000000000e+02 6.209999999999999964e+00
3.820000000000000062e-01 -6.290860000000000127e+02 1.195000000000000000e+02 6.209999999999999964e+00
0.000000000000000000e+00 -6.294690000000000509e+02 1.200000000000000000e+02 6.209999999999999964e+00
2.507000000000000117e+00 -6.248360000000000127e+02 1.205000000000000000e+02 6.222000000000000419e+00
0.000000000000000000e+00 -6.273429999999999609e+02 1.210000000000000000e+02 6.222000000000000419e+00
3.820000000000000062e-01 -6.290860000000000127e+02 1.215000000000000000e+02 6.222000000000000419e+00
0.000000000000000000e+00 -6.294690000000000509e+02 1.220000000000000000e+02 6.222000000000000419e+00
2.507000000000000117e+00 -6.248369999999999891e+02 1.225000000000000000e+02 6.525999999999999801e+00
0.000000000000000000e+00 -6.273429999999999609e+02 1.230000000000000000e+02 6.525999999999999801e+00
3.820000000000000062e-01 -6.290869999999999891e+02 1.235000000000000000e+02 6.525999999999999801e+00
0.000000000000000000e+00 -6.294690000000000509e+02 1.240000000000000000e+02 6.525999999999999801e+00
2.507000000000000117e+00 -6.248360000000000127e+02 1.245000000000000000e+02 6.729000000000000092e+00
0.000000000000000000e+00 -6.273429999999999609e+02 1.250000000000000000e+02 6.729000000000000092e+00
3.820000000000000062e-01 -6.290869999999999891e+02 1.255000000000000000e+02 6.729000000000000092e+00
0.000000000000000000e+00 -6.294690000000000509e+02 1.260000000000000000e+02 6.729000000000000092e+00
2.507000000000000117e+00 -6.248360000000000127e+02 1.265000000000000000e+02 6.746000000000000441e+00
0.000000000000000000e+00 -6.273429999999999609e+02 1.270000000000000000e+02 6.746000000000000441e+00
3.820000000000000062e-01 -6.290860000000000127e+02 1.275000000000000000e+02 6.746000000000000441e+00
0.000000000000000000e+00 -6.294690000000000509e+02 1.280000000000000000e+02 6.746000000000000441e+00
2.507000000000000117e+00 -6.248360000000000127e+02 1.285000000000000000e+02 6.753999999999999559e+00
0.000000000000000000e+00 -6.273429999999999609e+02 1.290000000000000000e+02 6.753999999999999559e+00
3.820000000000000062e-01 -6.290860000000000127e+02 1.295000000000000000e+02 6.753999999999999559e+00
0.000000000000000000e+00 -6.294690000000000509e+02 1.300000000000000000e+02 6.753999999999999559e+00
2.507000000000000117e+00 -6.248369999999999891e+02 1.305000000000000000e+02 6.806000000000000050e+00
0.000000000000000000e+00 -6.273429999999999609e+02 1.310000000000000000e+02 6.806000000000000050e+00
3.820000000000000062e-01 -6.290860000000000127e+02 1.315000000000000000e+02 6.806000000000000050e+00
0.000000000000000000e+00 -6.294690000000000509e+02 1.320000000000000000e+02 6.806000000000000050e+00
2.507000000000000117e+00 -6.248369999999999891e+02 1.325000000000000000e+02 6.812000000000000277e+00
0.000000000000000000e+00 -6.273429999999999609e+02 1.330000000000000000e+02 6.812000000000000277e+00
3.820000000000000062e-01 -6.290869999999999891e+02 1.335000000000000000e+02 6.812000000000000277e+00
0.000000000000000000e+00 -6.294690000000000509e+02 1.340000000000000000e+02 6.812000000000000277e+00
2.507000000000000117e+00 -6.248360000000000127e+02 1.345000000000000000e+02 6.910999999999999588e+00
0.000000000000000000e+00 -6.273429999999999609e+02 1.350000000000000000e+02 6.910999999999999588e+00
3.820000000000000062e-01 -6.290869999999999891e+02 1.355000000000000000e+02 6.910999999999999588e+00
0.000000000000000000e+00 -6.294690000000000509e+02 1.360000000000000000e+02 6.910999999999999588e+00
2.507000000000000117e+00 -6.248360000000000127e+02 1.365000000000000000e+02 7.016000000000000014e+00
0.000000000000000000e+00 -6.273429999999999609e+02 1.370000000000000000e+02 7.016000000000000014e+00
3.820000000000000062e-01 -6.290860000000000127e+02 1.375000000000000000e+02 7.016000000000000014e+00
0.000000000000000000e+00 -6.294690000000000509e+02 1.380000000000000000e+02 7.016000000000000014e+00
2.507000000000000117e+00 -6.248369999999999891e+02 1.385000000000000000e+02 7.157000000000000028e+00
0.000000000000000000e+00 -6.273429999999999609e+02 1.390000000000000000e+02 7.157000000000000028e+00
3.820000000000000062e-01 -6.290869999999999891e+02 1.395000000000000000e+02 7.157000000000000028e+00
0.000000000000000000e+00 -6.294690000000000509e+02 1.400000000000000000e+02 7.157000000000000028e+00
2.507000000000000117e+00 -6.248369999999999891e+02 1.405000000000000000e+02 7.238999999999999879e+00
0.000000000000000000e+00 -6.273429999999999609e+02 1.410000000000000000e+02 7.238999999999999879e+00
3.820000000000000062e-01 -6.290869999999999891e+02 1.415000000000000000e+02 7.238999999999999879e+00
0.000000000000000000e+00 -6.294690000000000509e+02 1.420000000000000000e+02 7.238999999999999879e+00
2.507000000000000117e+00 -6.248360000000000127e+02 1.425000000000000000e+02 7.264000000000000234e+00
0.000000000000000000e+00 -6.273429999999999609e+02 1.430000000000000000e+02 7.264000000000000234e+00
3.820000000000000062e-01 -6.290860000000000127e+02 1.435000000000000000e+02 7.264000000000000234e+00
0.000000000000000000e+00 -6.294690000000000509e+02 1.440000000000000000e+02 7.264000000000000234e+00
2.507000000000000117e+00 -6.248360000000000127e+02 1.445000000000000000e+02 7.264999999999999680e+00
0.000000000000000000e+00 -6.273429999999999609e+02 1.450000000000000000e+02 7.264999999999999680e+00
3.820000000000000062e-01 -6.290860000000000127e+02 1.455000000000000000e+02 7.264999999999999680e+00
0.000000000000000000e+00 -6.294690000000000509e+02 1.460000000000000000e+02 7.264999999999999680e+00
2.507000000000000117e+00 -6.248369999999999891e+02 1.465000000000000000e+02 7.269000000000000128e+00
0.000000000000000000e+00 -6.273429999999999609e+02 1.470000000000000000e+02 7.269000000000000128e+00
3.820000000000000062e-01 -6.290869999999999891e+02 1.475000000000000000e+02 7.269000000000000128e+00
0.000000000000000000e+00 -6.294690000000000509e+02 1.480000000000000000e+02 7.269000000000000128e+00
2.507000000000000117e+00 -6.248360000000000127e+02 1.485000000000000000e+02 7.573000000000000398e+00
0.000000000000000000e+00 -6.273429999999999609e+02 1.490000000000000000e+02 7.573000000000000398e+00
3.820000000000000062e-01 -6.290860000000000127e+02 1.495000000000000000e+02 7.573000000000000398e+00
0.000000000000000000e+00 -6.294690000000000509e+02 1.500000000000000000e+02 7.573000000000000398e+00
2.508000000000000007e+00 -6.248360000000000127e+02 1.505000000000000000e+02 7.576999999999999957e+00
0.000000000000000000e+00 -6.273429999999999609e+02 1.510000000000000000e+02 7.576999999999999957e+00
3.820000000000000062e-01 -6.290860000000000127e+02 1.515000000000000000e+02 7.576999999999999957e+00
0.000000000000000000e+00 -6.294690000000000509e+02 1.520000000000000000e+02 7.576999999999999957e+00
2.508000000000000007e+00 -6.248360000000000127e+02 1.525000000000000000e+02 7.857999999999999652e+00
0.000000000000000000e+00 -6.273429999999999609e+02 1.530000000000000000e+02 7.857999999999999652e+00
3.820000000000000062e-01 -6.290860000000000127e+02 1.535000000000000000e+02 7.857999999999999652e+00
0.000000000000000000e+00 -6.294690000000000509e+02 1.540000000000000000e+02 7.857999999999999652e+00
2.507000000000000117e+00 -6.248369999999999891e+02 1.545000000000000000e+02 7.863999999999999879e+00
0.000000000000000000e+00 -6.273429999999999609e+02 1.550000000000000000e+02 7.863999999999999879e+00
3.820000000000000062e-01 -6.290860000000000127e+02 1.555000000000000000e+02 7.863999999999999879e+00
0.000000000000000000e+00 -6.294690000000000509e+02 1.560000000000000000e+02 7.863999999999999879e+00
2.507000000000000117e+00 -6.248360000000000127e+02 1.565000000000000000e+02 7.868999999999999773e+00
0.000000000000000000e+00 -6.273429999999999609e+02 1.570000000000000000e+02 7.868999999999999773e+00
3.820000000000000062e-01 -6.290869999999999891e+02 1.575000000000000000e+02 7.868999999999999773e+00
0.000000000000000000e+00 -6.294690000000000509e+02 1.580000000000000000e+02 7.868999999999999773e+00
2.507000000000000117e+00 -6.248360000000000127e+02 1.585000000000000000e+02 7.876000000000000334e+00
0.000000000000000000e+00 -6.273429999999999609e+02 1.590000000000000000e+02 7.876000000000000334e+00
3.820000000000000062e-01 -6.290860000000000127e+02 1.595000000000000000e+02 7.876000000000000334e+00
0.000000000000000000e+00 -6.294690000000000509e+02 1.600000000000000000e+02 7.876000000000000334e+00
2.508000000000000007e+00 -6.248360000000000127e+02 1.605000000000000000e+02 7.878000000000000114e+00
0.000000000000000000e+00 -6.273429999999999609e+02 1.610000000000000000e+02 7.878000000000000114e+00
3.820000000000000062e-01 -6.290860000000000127e+02 1.615000000000000000e+02 7.878000000000000114e+00
0.000000000000000000e+00 -6.294690000000000509e+02 1.620000000000000000e+02 7.878000000000000114e+00
2.508000000000000007e+00 -6.248360000000000127e+02 1.625000000000000000e+02 7.926999999999999602e+00
0.000000000000000000e+00 -6.273429999999999609e+02 1.630000000000000000e+02 7.926999999999999602e+00
3.820000000000000062e-01 -6.290860000000000127e+02 1.635000000000000000e+02 7.926999999999999602e+00
0.000000000000000000e+00 -6.294690000000000509e+02 1.640000000000000000e+02 7.926999999999999602e+00
2.508000000000000007e+00 -6.248360000000000127e+02 1.645000000000000000e+02 8.006999999999999673e+00
0.000000000000000000e+00 -6.273429999999999609e+02 1.650000000000000000e+02 8.006999999999999673e+00
3.820000000000000062e-01 -6.290860000000000127e+02 1.655000000000000000e+02 8.006999999999999673e+00
0.000000000000000000e+00 -6.294690000000000509e+02 1.660000000000000000e+02 8.006999999999999673e+00
2.507000000000000117e+00 -6.248360000000000127e+02 1.665000000000000000e+02 8.361000000000000654e+00
0.000000000000000000e+00 -6.273429999999999609e+02 1.670000000000000000e+02 8.361000000000000654e+00
3.820000000000000062e-01 -6.290860000000000127e+02 1.675000000000000000e+02 8.361000000000000654e+00
0.000000000000000000e+00 -6.294690000000000509e+02 1.680000000000000000e+02 8.361000000000000654e+00
2.507000000000000117e+00 -6.248369999999999891e+02 1.685000000000000000e+02 8.615999999999999659e+00
0.000000000000000000e+00 -6.273429999999999609e+02 1.690000000000000000e+02 8.615999999999999659e+00
3.820000000000000062e-01 -6.290860000000000127e+02 1.695000000000000000e+02 8.615999999999999659e+00
0.000000000000000000e+00 -6.294690000000000509e+02 1.700000000000000000e+02 8.615999999999999659e+00
2.507000000000000117e+00 -6.248369999999999891e+02 1.705000000000000000e+02 9.007999999999999119e+00
0.000000000000000000e+00 -6.273429999999999609e+02 1.710000000000000000e+02 9.007999999999999119e+00
3.820000000000000062e-01 -6.290869999999999891e+02 1.715000000000000000e+02 9.007999999999999119e+00
0.000000000000000000e+00 -6.294690000000000509e+02 1.720000000000000000e+02 9.007999999999999119e+00
2.507000000000000117e+00 -6.248360000000000127e+02 1.725000000000000000e+02 9.124000000000000554e+00
0.000000000000000000e+00 -6.273429999999999609e+02 1.730000000000000000e+02 9.124000000000000554e+00
3.820000000000000062e-01 -6.290869999999999891e+02 1.735000000000000000e+02 9.124000000000000554e+00
0.000000000000000000e+00 -6.294690000000000509e+02 1.740000000000000000e+02 9.124000000000000554e+00
2.507000000000000117e+00 -6.248369999999999891e+02 1.745000000000000000e+02 9.191000000000000725e+00
0.000000000000000000e+00 -6.273429999999999609e+02 1.750000000000000000e+02 9.191000000000000725e+00
3.820000000000000062e-01 -6.290869999999999891e+02 1.755000000000000000e+02 9.191000000000000725e+00
0.000000000000000000e+00 -6.294690000000000509e+02 1.760000000000000000e+02 9.191000000000000725e+00
2.507000000000000117e+00 -6.248360000000000127e+02 1.765000000000000000e+02 9.237000000000000099e+00
0.000000000000000000e+00 -6.273429999999999609e+02 1.770000000000000000e+02 9.237000000000000099e+00
3.820000000000000062e-01 -6.290869999999999891e+02 1.775000000000000000e+02 9.237000000000000099e+00
0.000000000000000000e+00 -6.294690000000000509e+02 1.780000000000000000e+02 9.237000000000000099e+00
2.507000000000000117e+00 -6.248360000000000127e+02 1.785000000000000000e+02 9.275000000000000355e+00
0.000000000000000000e+00 -6.273429999999999609e+02 1.790000000000000000e+02 9.275000000000000355e+00
3.820000000000000062e-01 -6.290860000000000127e+02 1.795000000000000000e+02 9.275000000000000355e+00
0.000000000000000000e+00 -6.294690000000000509e+02 1.800000000000000000e+02 9.275000000000000355e+00
2.508000000000000007e+00 -6.248360000000000127e+02 1.805000000000000000e+02 9.281000000000000583e+00
0.000000000000000000e+00 -6.273429999999999609e+02 1.810000000000000000e+02 9.281000000000000583e+00
3.820000000000000062e-01 -6.290860000000000127e+02 1.815000000000000000e+02 9.281000000000000583e+00
0.000000000000000000e+00 -6.294690000000000509e+02 1.820000000000000000e+02 9.281000000000000583e+00
2.507000000000000117e+00 -6.248360000000000127e+02 1.825000000000000000e+02 9.310000000000000497e+00
0.000000000000000000e+00 -6.273429999999999609e+02 1.830000000000000000e+02 9.310000000000000497e+00
3.820000000000000062e-01 -6.290860000000000127e+02 1.835000000000000000e+02 9.310000000000000497e+00
0.000000000000000000e+00 -6.294690000000000509e+02 1.840000000000000000e+02 9.310000000000000497e+00
2.507000000000000117e+00 -6.248360000000000127e+02 1.845000000000000000e+02 9.391000000000000014e+00
0.000000000000000000e+00 -6.273429999999999609e+02 1.850000000000000000e+02 9.391000000000000014e+00
3.820000000000000062e-01 -6.290869999999999891e+02 1.855000000000000000e+02 9.391000000000000014e+00
0.000000000000000000e+00 -6.294690000000000509e+02 1.860000000000000000e+02 9.391000000000000014e+00
2.507000000000000117e+00 -6.248360000000000127e+02 1.865000000000000000e+02 9.419000000000000483e+00
0.000000000000000000e+00 -6.273429999999999609e+02 1.870000000000000000e+02 9.419000000000000483e+00
3.820000000000000062e-01 -6.290860000000000127e+02 1.875000000000000000e+02 9.419000000000000483e+00
0.000000000000000000e+00 -6.294690000000000509e+02 1.880000000000000000e+02 9.419000000000000483e+00
2.507000000000000117e+00 -6.248360000000000127e+02 1.885000000000000000e+02 9.465999999999999304e+00
0.000000000000000000e+00 -6.273429999999999609e+02 1.890000000000000000e+02 9.465999999999999304e+00
3.820000000000000062e-01 -6.290860000000000127e+02 1.895000000000000000e+02 9.465999999999999304e+00
0.000000000000000000e+00 -6.294690000000000509e+02 1.900000000000000000e+02 9.465999999999999304e+00
2.507000000000000117e+00 -6.248360000000000127e+02 1.905000000000000000e+02 9.833999999999999631e+00
0.000000000000000000e+00 -6.273429999999999609e+02 1.910000000000000000e+02 9.833999999999999631e+00
3.820000000000000062e-01 -6.290869999999999891e+02 1.915000000000000000e+02 9.833999999999999631e+00
0.000000000000000000e+00 -6.294690000000000509e+02 1.920000000000000000e+02 9.833999999999999631e+00
2.507000000000000117e+00 -6.248360000000000127e+02 1.925000000000000000e+02 9.987999999999999545e+00
0.000000000000000000e+00 -6.273429999999999609e+02 1.930000000000000000e+02 9.987999999999999545e+00
3.820000000000000062e-01 -6.290860000000000127e+02 1.935000000000000000e+02 9.987999999999999545e+00
0.000000000000000000e+00 -6.294690000000000509e+02 1.940000000000000000e+02 9.987999999999999545e+00
2.507000000000000117e+00 -6.248360000000000127e+02 1.945000000000000000e+02 1.008000000000000007e+01
0.000000000000000000e+00 -6.273429999999999609e+02 1.950000000000000000e+02 1.008000000000000007e+01
3.820000000000000062e-01 -6.290860000000000127e+02 1.955000000000000000e+02 1.008000000000000007e+01
0.000000000000000000e+00 -6.294690000000000509e+02 1.960000000000000000e+02 1.008000000000000007e+01
2.508000000000000007e+00 -6.248360000000000127e+02 1.965000000000000000e+02 1.010999999999999943e+01
0.000000000000000000e+00 -6.273429999999999609e+02 1.970000000000000000e+02 1.010999999999999943e+01
3.820000000000000062e-01 -6.290869999999999891e+02 1.975000000000000000e+02 1.010999999999999943e+01
0.000000000000000000e+00 -6.294690000000000509e+02 1.980000000000000000e+02 1.010999999999999943e+01
2.507000000000000117e+00 -6.248360000000000127e+02 1.985000000000000000e+02 1.025000000000000000e+01
0.000000000000000000e+00 -6.273429999999999609e+02 1.990000000000000000e+02 1.025000000000000000e+01
3.820000000000000062e-01 -6.290869999999999891e+02 1.995000000000000000e+02 1.025000000000000000e+01
0.000000000000000000e+00 -6.294690000000000509e+02 2.000000000000000000e+02 1.025000000000000000e+01
2.507000000000000117e+00 -6.248360000000000127e+02 2.005000000000000000e+02 1.032000000000000028e+01
0.000000000000000000e+00 -6.273429999999999609e+02 2.010000000000000000e+02 1.032000000000000028e+01
3.820000000000000062e-01 -6.290869999999999891e+02 2.015000000000000000e+02 1.032000000000000028e+01
0.000000000000000000e+00 -6.294690000000000509e+02 2.020000000000000000e+02 1.032000000000000028e+01
2.507000000000000117e+00 -6.248369999999999891e+02 2.025000000000000000e+02 1.035999999999999943e+01
0.000000000000000000e+00 -6.273429999999999609e+02 2.030000000000000000e+02 1.035999999999999943e+01
3.820000000000000062e-01 -6.290869999999999891e+02 2.035000000000000000e+02 1.035999999999999943e+01
0.000000000000000000e+00 -6.294690000000000509e+02 2.040000000000000000e+02 1.035999999999999943e+01
2.507000000000000117e+00 -6.248360000000000127e+02 2.045000000000000000e+02 1.052999999999999936e+01
0.000000000000000000e+00 -6.273429999999999609e+02 2.050000000000000000e+02 1.052999999999999936e+01
3.820000000000000062e-01 -6.290869999999999891e+02 2.055000000000000000e+02 1.052999999999999936e+01
0.000000000000000000e+00 -6.294690000000000509e+02 2.060000000000000000e+02 1.052999999999999936e+01
2.507000000000000117e+00 -6.248360000000000127e+02 2.065000000000000000e+02 1.056000000000000050e+01
0.000000000000000000e+00 -6.273429999999999609e+02 2.070000000000000000e+02 1.056000000000000050e+01
3.820000000000000062e-01 -6.290860000000000127e+02 2.075000000000000000e+02 1.056000000000000050e+01
0.000000000000000000e+00 -6.294690000000000509e+02 2.080000000000000000e+02 1.056000000000000050e+01
2.507000000000000117e+00 -6.248360000000000127e+02 2.085000000000000000e+02 1.058999999999999986e+01
0.000000000000000000e+00 -6.273429999999999609e+02 2.090000000000000000e+02 1.058999999999999986e+01
3.820000000000000062e-01 -6.290869999999999891e+02 2.095000000000000000e+02 1.058999999999999986e+01
0.000000000000000000e+00 -6.294690000000000509e+02 2.100000000000000000e+02 1.058999999999999986e+01
2.507000000000000117e+00 -6.248360000000000127e+02 2.105000000000000000e+02 1.075000000000000000e+01
0.000000000000000000e+00 -6.273429999999999609e+02 2.110000000000000000e+02 1.075000000000000000e+01
3.820000000000000062e-01 -6.290860000000000127e+02 2.115000000000000000e+02 1.075000000000000000e+01
0.000000000000000000e+00 -6.294690000000000509e+02 2.120000000000000000e+02 1.075000000000000000e+01
2.507000000000000117e+00 -6.248360000000000127e+02 2.125000000000000000e+02 1.075999999999999979e+01
0.000000000000000000e+00 -6.273429999999999609e+02 2.130000000000000000e+02 1.075999999999999979e+01
3.820000000000000062e-01 -6.290860000000000127e+02 2.135000000000000000e+02 1.075999999999999979e+01
0.000000000000000000e+00 -6.294690000000000509e+02 2.140000000000000000e+02 1.075999999999999979e+01
2.507000000000000117e+00 -6.248360000000000127e+02 2.145000000000000000e+02 1.100999999999999979e+01
0.000000000000000000e+00 -6.273429999999999609e+02 2.150000000000000000e+02 1.100999999999999979e+01
3.820000000000000062e-01 -6.290860000000000127e+02 2.155000000000000000e+02 1.100999999999999979e+01
0.000000000000000000e+00 -6.294690000000000509e+02 2.160000000000000000e+02 1.100999999999999979e+01
2.507000000000000117e+00 -6.248360000000000127e+02 2.165000000000000000e+02 1.131000000000000050e+01
0.000000000000000000e+00 -6.273429999999999609e+02 2.170000000000000000e+02 1.131000000000000050e+01
3.820000000000000062e-01 -6.290860000000000127e+02 2.175000000000000000e+02 1.131000000000000050e+01
0.000000000000000000e+00 -6.294690000000000509e+02 2.180000000000000000e+02 1.131000000000000050e+01
2.508000000000000007e+00 -6.248360000000000127e+02 2.185000000000000000e+02 1.140000000000000036e+01
0.000000000000000000e+00 -6.273429999999999609e+02 2.190000000000000000e+02 1.140000000000000036e+01
3.820000000000000062e-01 -6.290869999999999891e+02 2.195000000000000000e+02 1.140000000000000036e+01
0.000000000000000000e+00 -6.294690000000000509e+02 2.200000000000000000e+02 1.140000000000000036e+01
2.507000000000000117e+00 -6.248369999999999891e+02 2.205000000000000000e+02 1.153999999999999915e+01
0.000000000000000000e+00 -6.273429999999999609e+02 2.210000000000000000e+02 1.153999999999999915e+01
3.820000000000000062e-01 -6.290860000000000127e+02 2.215000000000000000e+02 1.153999999999999915e+01
0.000000000000000000e+00 -6.294690000000000509e+02 2.220000000000000000e+02 1.153999999999999915e+01
2.507000000000000117e+00 -6.248360000000000127e+02 2.225000000000000000e+02 1.159999999999999964e+01
0.000000000000000000e+00 -6.273429999999999609e+02 2.230000000000000000e+02 1.159999999999999964e+01
3.820000000000000062e-01 -6.290860000000000127e+02 2.235000000000000000e+02 1.159999999999999964e+01
0.000000000000000000e+00 -6.294690000000000509e+02 2.240000000000000000e+02 1.159999999999999964e+01
2.507000000000000117e+00 -6.248360000000000127e+02 2.245000000000000000e+02 1.175999999999999979e+01
0.000000000000000000e+00 -6.273429999999999609e+02 2.250000000000000000e+02 1.175999999999999979e+01
3.820000000000000062e-01 -6.290869999999999891e+02 2.255000000000000000e+02 1.175999999999999979e+01
0.000000000000000000e+00 -6.294690000000000509e+02 2.260000000000000000e+02 1.175999999999999979e+01
2.507000000000000117e+00 -6.248369999999999891e+02 2.265000000000000000e+02 1.214000000000000057e+01
0.000000000000000000e+00 -6.273429999999999609e+02 2.270000000000000000e+02 1.214000000000000057e+01
3.820000000000000062e-01 -6.290860000000000127e+02 2.275000000000000000e+02 1.214000000000000057e+01
0.000000000000000000e+00 -6.294690000000000509e+02 2.280000000000000000e+02 1.214000000000000057e+01
2.507000000000000117e+00 -6.248360000000000127e+02 2.285000000000000000e+02 1.234999999999999964e+01
0.000000000000000000e+00 -6.273429999999999609e+02 2.290000000000000000e+02 1.234999999999999964e+01
3.820000000000000062e-01 -6.290860000000000127e+02 2.295000000000000000e+02 1.234999999999999964e+01
0.000000000000000000e+00 -6.294690000000000509e+02 2.300000000000000000e+02 1.234999999999999964e+01
2.508000000000000007e+00 -6.248360000000000127e+02 2.305000000000000000e+02 1.258000000000000007e+01
0.000000000000000000e+00 -6.273429999999999609e+02 2.310000000000000000e+02 1.258000000000000007e+01
3.820000000000000062e-01 -6.290860000000000127e+02 2.315000000000000000e+02 1.258000000000000007e+01
0.000000000000000000e+00 -6.294690000000000509e+02 2.320000000000000000e+02 1.258000000000000007e+01
2.507000000000000117e+00 -6.248369999999999891e+02 2.325000000000000000e+02 1.258000000000000007e+01
0.000000000000000000e+00 -6.273429999999999609e+02 2.330000000000000000e+02 1.258000000000000007e+01
3.820000000000000062e-01 -6.290860000000000127e+02 2.335000000000000000e+02 1.258000000000000007e+01
0.000000000000000000e+00 -6.294690000000000509e+02 2.340000000000000000e+02 1.258000000000000007e+01
2.507000000000000117e+00 -6.248360000000000127e+02 2.345000000000000000e+02 1.285999999999999943e+01
0.000000000000000000e+00 -6.273429999999999609e+02 2.350000000000000000e+02 1.285999999999999943e+01
3.820000000000000062e-01 -6.290860000000000127e+02 2.355000000000000000e+02 1.285999999999999943e+01
0.000000000000000000e+00 -6.294690000000000509e+02 2.360000000000000000e+02 1.285999999999999943e+01
2.507000000000000117e+00 -6.248369999999999891e+02 2.365000000000000000e+02 1.300999999999999979e+01
0.000000000000000000e+00 -6.273429999999999609e+02 2.370000000000000000e+02 1.300999999999999979e+01
3.820000000000000062e-01 -6.290869999999999891e+02 2.375000000000000000e+02 1.300999999999999979e+01
0.000000000000000000e+00 -6.294690000000000509e+02 2.380000000000000000e+02 1.300999999999999979e+01
2.507000000000000117e+00 -6.248360000000000127e+02 2.385000000000000000e+02 1.316000000000000014e+01
0.000000000000000000e+00 -6.273429999999999609e+02 2.390000000000000000e+02 1.316000000000000014e+01
3.820000000000000062e-01 -6.290860000000000127e+02 2.395000000000000000e+02 1.316000000000000014e+01
0.000000000000000000e+00 -6.294690000000000509e+02 2.400000000000000000e+02 1.316000000000000014e+01
2.507000000000000117e+00 -6.248360000000000127e+02 2.405000000000000000e+02 1.316000000000000014e+01
0.000000000000000000e+00 -6.273429999999999609e+02 2.410000000000000000e+02 1.316000000000000014e+01
3.820000000000000062e-01 -6.290860000000000127e+02 2.415000000000000000e+02 1.316000000000000014e+01
0.000000000000000000e+00 -6.294690000000000509e+02 2.420000000000000000e+02 1.316000000000000014e+01
2.507000000000000117e+00 -6.248360000000000127e+02 2.425000000000000000e+02 1.317999999999999972e+01
0.000000000000000000e+00 -6.273429999999999609e+02 2.430000000000000000e+02 1.317999999999999972e+01
3.820000000000000062e-01 -6.290869999999999891e+02 2.435000000000000000e+02 1.317999999999999972e+01
0.000000000000000000e+00 -6.294690000000000509e+02 2.440000000000000000e+02 1.317999999999999972e+01
2.507000000000000117e+00 -6.248369999999999891e+02 2.445000000000000000e+02 1.341999999999999993e+01
0.000000000000000000e+00 -6.273429999999999609e+02 2.450000000000000000e+02 1.341999999999999993e+01
3.820000000000000062e-01 -6.290860000000000127e+02 2.455000000000000000e+02 1.341999999999999993e+01
0.000000000000000000e+00 -6.294690000000000509e+02 2.460000000000000000e+02 1.341999999999999993e+01
2.507000000000000117e+00 -6.248360000000000127e+02 2.465000000000000000e+02 1.361999999999999922e+01
0.000000000000000000e+00 -6.273429999999999609e+02 2.470000000000000000e+02 1.361999999999999922e+01
3.820000000000000062e-01 -6.290860000000000127e+02 2.475000000000000000e+02 1.361999999999999922e+01
0.000000000000000000e+00 -6.294690000000000509e+02 2.480000000000000000e+02 1.361999999999999922e+01
2.507000000000000117e+00 -6.248360000000000127e+02 2.485000000000000000e+02 1.365000000000000036e+01
0.000000000000000000e+00 -6.273429999999999609e+02 2.490000000000000000e+02 1.365000000000000036e+01
3.820000000000000062e-01 -6.290869999999999891e+02 2.495000000000000000e+02 1.365000000000000036e+01
0.000000000000000000e+00 -6.294690000000000509e+02 2.500000000000000000e+02 1.365000000000000036e+01
2.507000000000000117e+00 -6.248360000000000127e+02 2.505000000000000000e+02 1.368999999999999950e+01
0.000000000000000000e+00 -6.273429999999999609e+02 2.510000000000000000e+02 1.368999999999999950e+01
3.820000000000000062e-01 -6.290860000000000127e+02 2.515000000000000000e+02 1.368999999999999950e+01
0.000000000000000000e+00 -6.294690000000000509e+02 2.520000000000000000e+02 1.368999999999999950e+01
2.507000000000000117e+00 -6.248369999999999891e+02 2.525000000000000000e+02 1.368999999999999950e+01
0.000000000000000000e+00 -6.273429999999999609e+02 2.530000000000000000e+02 1.368999999999999950e+01
3.820000000000000062e-01 -6.290869999999999891e+02 2.535000000000000000e+02 1.368999999999999950e+01
0.000000000000000000e+00 -6.294690000000000509e+02 2.540000000000000000e+02 1.368999999999999950e+01
2.507000000000000117e+00 -6.248360000000000127e+02 2.545000000000000000e+02 1.376999999999999957e+01
0.000000000000000000e+00 -6.273429999999999609e+02 2.550000000000000000e+02 1.376999999999999957e+01
3.820000000000000062e-01 -6.290860000000000127e+02 2.555000000000000000e+02 1.376999999999999957e+01
0.000000000000000000e+00 -6.294690000000000509e+02 2.560000000000000000e+02 1.376999999999999957e+01
2.507000000000000117e+00 -6.248360000000000127e+02 2.565000000000000000e+02 1.378999999999999915e+01
0.000000000000000000e+00 -6.273429999999999609e+02 2.570000000000000000e+02 1.378999999999999915e+01
3.820000000000000062e-01 -6.290869999999999891e+02 2.575000000000000000e+02 1.378999999999999915e+01
0.000000000000000000e+00 -6.294690000000000509e+02 2.580000000000000000e+02 1.378999999999999915e+01
2.507000000000000117e+00 -6.248360000000000127e+02 2.585000000000000000e+02 1.433999999999999986e+01
0.000000000000000000e+00 -6.273429999999999609e+02 2.590000000000000000e+02 1.433999999999999986e+01
3.820000000000000062e-01 -6.290860000000000127e+02 2.595000000000000000e+02 1.433999999999999986e+01
0.000000000000000000e+00 -6.294690000000000509e+02 2.600000000000000000e+02 1.433999999999999986e+01
2.507000000000000117e+00 -6.248360000000000127e+02 2.605000000000000000e+02 1.464000000000000057e+01
0.000000000000000000e+00 -6.273429999999999609e+02 2.610000000000000000e+02 1.464000000000000057e+01
3.820000000000000062e-01 -6.290860000000000127e+02 2.615000000000000000e+02 1.464000000000000057e+01
0.000000000000000000e+00 -6.294690000000000509e+02 2.620000000000000000e+02 1.464000000000000057e+01
2.507000000000000117e+00 -6.248360000000000127e+02 2.625000000000000000e+02 1.480000000000000071e+01
0.000000000000000000e+00 -6.273429999999999609e+02 2.630000000000000000e+02 1.480000000000000071e+01
3.820000000000000062e-01 -6.290860000000000127e+02 2.635000000000000000e+02 1.480000000000000071e+01
0.000000000000000000e+00 -6.294690000000000509e+02 2.640000000000000000e+02 1.480000000000000071e+01
2.507000000000000117e+00 -6.248360000000000127e+02 2.645000000000000000e+02 1.485999999999999943e+01
0.000000000000000000e+00 -6.273429999999999609e+02 2.650000000000000000e+02 1.485999999999999943e+01
3.820000000000000062e-01 -6.290869999999999891e+02 2.655000000000000000e+02 1.485999999999999943e+01
0.000000000000000000e+00 -6.294690000000000509e+02 2.660000000000000000e+02 1.485999999999999943e+01
2.507000000000000117e+00 -6.248360000000000127e+02 2.665000000000000000e+02 1.503999999999999915e+01
0.000000000000000000e+00 -6.273429999999999609e+02 2.670000000000000000e+02 1.503999999999999915e+01
3.820000000000000062e-01 -6.290860000000000127e+02 2.675000000000000000e+02 1.503999999999999915e+01
0.000000000000000000e+00 -6.294690000000000509e+02 2.680000000000000000e+02 1.503999999999999915e+01
2.507000000000000117e+00 -6.248369999999999891e+02 2.685000000000000000e+02 1.508999999999999986e+01
0.000000000000000000e+00 -6.273429999999999609e+02 2.690000000000000000e+02 1.508999999999999986e+01
3.820000000000000062e-01 -6.290860000000000127e+02 2.695000000000000000e+02 1.508999999999999986e+01
0.000000000000000000e+00 -6.294690000000000509e+02 2.700000000000000000e+02 1.508999999999999986e+01
2.507000000000000117e+00 -6.248369999999999891e+02 2.705000000000000000e+02 1.548000000000000043e+01
0.000000000000000000e+00 -6.273429999999999609e+02 2.710000000000000000e+02 1.548000000000000043e+01
3.820000000000000062e-01 -6.290860000000000127e+02 2.715000000000000000e+02 1.548000000000000043e+01
0.000000000000000000e+00 -6.294690000000000509e+02 2.720000000000000000e+02 1.548000000000000043e+01
2.507000000000000117e+00 -6.248369999999999891e+02 2.725000000000000000e+02 1.577999999999999936e+01
0.000000000000000000e+00 -6.273429999999999609e+02 2.730000000000000000e+02 1.577999999999999936e+01
3.820000000000000062e-01 -6.290860000000000127e+02 2.735000000000000000e+02 1.577999999999999936e+01
0.000000000000000000e+00 -6.294690000000000509e+02 2.740000000000000000e+02 1.577999999999999936e+01
2.507000000000000117e+00 -6.248360000000000127e+02 2.745000000000000000e+02 1.578999999999999915e+01
0.000000000000000000e+00 -6.273429999999999609e+02 2.750000000000000000e+02 1.578999999999999915e+01
3.820000000000000062e-01 -6.290860000000000127e+02 2.755000000000000000e+02 1.578999999999999915e+01
0.000000000000000000e+00 -6.294690000000000509e+02 2.760000000000000000e+02 1.578999999999999915e+01
2.507000000000000117e+00 -6.248360000000000127e+02 2.765000000000000000e+02 1.588000000000000078e+01
0.000000000000000000e+00 -6.273429999999999609e+02 2.770000000000000000e+02 1.588000000000000078e+01
3.820000000000000062e-01 -6.290860000000000127e+02 2.775000000000000000e+02 1.588000000000000078e+01
0.000000000000000000e+00 -6.294690000000000509e+02 2.780000000000000000e+02 1.588000000000000078e+01
2.508000000000000007e+00 -6.248360000000000127e+02 2.785000000000000000e+02 1.596000000000000085e+01
0.000000000000000000e+00 -6.273429999999999609e+02 2.790000000000000000e+02 1.596000000000000085e+01
3.820000000000000062e-01 -6.290860000000000127e+02 2.795000000000000000e+02 1.596000000000000085e+01
0.000000000000000000e+00 -6.294690000000000509e+02 2.800000000000000000e+02 1.596000000000000085e+01
2.507000000000000117e+00 -6.248360000000000127e+02 2.805000000000000000e+02 1.621000000000000085e+01
0.000000000000000000e+00 -6.273429999999999609e+02 2.810000000000000000e+02 1.621000000000000085e+01
3.820000000000000062e-01 -6.290860000000000127e+02 2.815000000000000000e+02 1.621000000000000085e+01
0.000000000000000000e+00 -6.294690000000000509e+02 2.820000000000000000e+02 1.621000000000000085e+01
2.507000000000000117e+00 -6.248369999999999891e+02 2.825000000000000000e+02 1.626000000000000156e+01
0.000000000000000000e+00 -6.273429999999999609e+02 2.830000000000000000e+02 1.626000000000000156e+01
3.820000000000000062e-01 -6.290860000000000127e+02 2.835000000000000000e+02 1.626000000000000156e+01
0.000000000000000000e+00 -6.294690000000000509e+02 2.840000000000000000e+02 1.626000000000000156e+01
2.507000000000000117e+00 -6.248360000000000127e+02 2.845000000000000000e+02 1.635999999999999943e+01
0.000000000000000000e+00 -6.273429999999999609e+02 2.850000000000000000e+02 1.635999999999999943e+01
3.820000000000000062e-01 -6.290860000000000127e+02 2.855000000000000000e+02 1.635999999999999943e+01
0.000000000000000000e+00 -6.294690000000000509e+02 2.860000000000000000e+02 1.635999999999999943e+01
2.508000000000000007e+00 -6.248360000000000127e+02 2.865000000000000000e+02 1.648999999999999844e+01
0.000000000000000000e+00 -6.273429999999999609e+02 2.870000000000000000e+02 1.648999999999999844e+01
3.820000000000000062e-01 -6.290860000000000127e+02 2.875000000000000000e+02 1.648999999999999844e+01
0.000000000000000000e+00 -6.294690000000000509e+02 2.880000000000000000e+02 1.648999999999999844e+01
2.508000000000000007e+00 -6.248360000000000127e+02 2.885000000000000000e+02 1.651000000000000156e+01
0.000000000000000000e+00 -6.273429999999999609e+02 2.890000000000000000e+02 1.651000000000000156e+01
3.820000000000000062e-01 -6.290860000000000127e+02 2.895000000000000000e+02 1.651000000000000156e+01
0.000000000000000000e+00 -6.294690000000000509e+02 2.900000000000000000e+02 1.651000000000000156e+01
2.508000000000000007e+00 -6.248360000000000127e+02 2.905000000000000000e+02 1.664000000000000057e+01
0.000000000000000000e+00 -6.273429999999999609e+02 2.910000000000000000e+02 1.664000000000000057e+01
3.820000000000000062e-01 -6.290860000000000127e+02 2.915000000000000000e+02 1.664000000000000057e+01
0.000000000000000000e+00 -6.294690000000000509e+02 2.920000000000000000e+02 1.664000000000000057e+01
2.508000000000000007e+00 -6.248360000000000127e+02 2.925000000000000000e+02 1.673000000000000043e+01
0.000000000000000000e+00 -6.273429999999999609e+02 2.930000000000000000e+02 1.673000000000000043e+01
3.820000000000000062e-01 -6.290860000000000127e+02 2.935000000000000000e+02 1.673000000000000043e+01
0.000000000000000000e+00 -6.294690000000000509e+02 2.940000000000000000e+02 1.673000000000000043e+01
2.507000000000000117e+00 -6.248360000000000127e+02 2.945000000000000000e+02 1.673999999999999844e+01
0.000000000000000000e+00 -6.273429999999999609e+02 2.950000000000000000e+02 1.673999999999999844e+01
3.820000000000000062e-01 -6.290860000000000127e+02 2.955000000000000000e+02 1.673999999999999844e+01
0.000000000000000000e+00 -6.294690000000000509e+02 2.960000000000000000e+02 1.673999999999999844e+01
2.507000000000000117e+00 -6.248369999999999891e+02 2.965000000000000000e+02 1.683999999999999986e+01
0.000000000000000000e+00 -6.273429999999999609e+02 2.970000000000000000e+02 1.683999999999999986e+01
3.820000000000000062e-01 -6.290869999999999891e+02 2.975000000000000000e+02 1.683999999999999986e+01
0.000000000000000000e+00 -6.294690000000000509e+02 2.980000000000000000e+02 1.683999999999999986e+01
2.507000000000000117e+00 -6.248369999999999891e+02 2.985000000000000000e+02 1.685999999999999943e+01
0.000000000000000000e+00 -6.273429999999999609e+02 2.990000000000000000e+02 1.685999999999999943e+01
3.820000000000000062e-01 -6.290860000000000127e+02 2.995000000000000000e+02 1.685999999999999943e+01
0.000000000000000000e+00 -6.294690000000000509e+02 3.000000000000000000e+02 1.685999999999999943e+01
2.507000000000000117e+00 -6.248360000000000127e+02 3.005000000000000000e+02 1.692999999999999972e+01
0.000000000000000000e+00 -6.273429999999999609e+02 3.010000000000000000e+02 1.692999999999999972e+01
3.820000000000000062e-01 -6.290860000000000127e+02 3.015000000000000000e+02 1.692999999999999972e+01
0.000000000000000000e+00 -6.294690000000000509e+02 3.020000000000000000e+02 1.692999999999999972e+01
2.508000000000000007e+00 -6.248360000000000127e+02 3.025000000000000000e+02 1.705999999999999872e+01
0.000000000000000000e+00 -6.273429999999999609e+02 3.030000000000000000e+02 1.705999999999999872e+01
3.820000000000000062e-01 -6.290860000000000127e+02 3.035000000000000000e+02 1.705999999999999872e+01
0.000000000000000000e+00 -6.294690000000000509e+02 3.040000000000000000e+02 1.705999999999999872e+01
2.507000000000000117e+00 -6.248360000000000127e+02 3.045000000000000000e+02 1.719999999999999929e+01
0.000000000000000000e+00 -6.273429999999999609e+02 3.050000000000000000e+02 1.719999999999999929e+01
3.820000000000000062e-01 -6.290860000000000127e+02 3.055000000000000000e+02 1.719999999999999929e+01
0.000000000000000000e+00 -6.294690000000000509e+02 3.060000000000000000e+02 1.719999999999999929e+01
2.508000000000000007e+00 -6.248360000000000127e+02 3.065000000000000000e+02 1.735999999999999943e+01
0.000000000000000000e+00 -6.273429999999999609e+02 3.070000000000000000e+02 1.735999999999999943e+01
3.820000000000000062e-01 -6.290860000000000127e+02 3.075000000000000000e+02 1.735999999999999943e+01
0.000000000000000000e+00 -6.294690000000000509e+02 3.080000000000000000e+02 1.735999999999999943e+01
2.507000000000000117e+00 -6.248360000000000127e+02 3.085000000000000000e+02 1.762999999999999901e+01
0.000000000000000000e+00 -6.273429999999999609e+02 3.090000000000000000e+02 1.762999999999999901e+01
3.820000000000000062e-01 -6.290869999999999891e+02 3.095000000000000000e+02 1.762999999999999901e+01
0.000000000000000000e+00 -6.294690000000000509e+02 3.100000000000000000e+02 1.762999999999999901e+01
2.507000000000000117e+00 -6.248360000000000127e+02 3.105000000000000000e+02 1.764999999999999858e+01
0.000000000000000000e+00 -6.273429999999999609e+02 3.110000000000000000e+02 1.764999999999999858e+01
3.820000000000000062e-01 -6.290869999999999891e+02 3.115000000000000000e+02 1.764999999999999858e+01
0.000000000000000000e+00 -6.294690000000000509e+02 3.120000000000000000e+02 1.764999999999999858e+01
2.507000000000000117e+00 -6.248369999999999891e+02 3.125000000000000000e+02 1.771999999999999886e+01
0.000000000000000000e+00 -6.273429999999999609e+02 3.130000000000000000e+02 1.771999999999999886e+01
3.820000000000000062e-01 -6.290869999999999891e+02 3.135000000000000000e+02 1.771999999999999886e+01
0.000000000000000000e+00 -6.294690000000000509e+02 3.140000000000000000e+02 1.771999999999999886e+01
2.507000000000000117e+00 -6.248360000000000127e+02 3.145000000000000000e+02 1.805000000000000071e+01
0.000000000000000000e+00 -6.273429999999999609e+02 3.150000000000000000e+02 1.805000000000000071e+01
3.820000000000000062e-01 -6.290869999999999891e+02 3.155000000000000000e+02 1.805000000000000071e+01
0.000000000000000000e+00 -6.294690000000000509e+02 3.160000000000000000e+02 1.805000000000000071e+01
2.507000000000000117e+00 -6.248360000000000127e+02 3.165000000000000000e+02 1.816000000000000014e+01
0.000000000000000000e+00 -6.273429999999999609e+02 3.170000000000000000e+02 1.816000000000000014e+01
3.820000000000000062e-01 -6.290860000000000127e+02 3.175000000000000000e+02 1.816000000000000014e+01
0.000000000000000000e+00 -6.294690000000000509e+02 3.180000000000000000e+02 1.816000000000000014e+01
2.507000000000000117e+00 -6.248369999999999891e+02 3.185000000000000000e+02 1.828000000000000114e+01
0.000000000000000000e+00 -6.273429999999999609e+02 3.190000000000000000e+02 1.828000000000000114e+01
3.820000000000000062e-01 -6.290869999999999891e+02 3.195000000000000000e+02 1.828000000000000114e+01
0.000000000000000000e+00 -6.294690000000000509e+02 3.200000000000000000e+02 1.828000000000000114e+01
2.507000000000000117e+00 -6.248360000000000127e+02 3.205000000000000000e+02 1.837999999999999901e+01
0.000000000000000000e+00 -6.273429999999999609e+02 3.210000000000000000e+02 1.837999999999999901e+01
3.820000000000000062e-01 -6.290869999999999891e+02 3.215000000000000000e+02 1.837999999999999901e+01
0.000000000000000000e+00 -6.294690000000000509e+02 3.220000000000000000e+02 1.837999999999999901e+01
2.507000000000000117e+00 -6.248360000000000127e+02 3.225000000000000000e+02 1.842999999999999972e+01
0.000000000000000000e+00 -6.273429999999999609e+02 3.230000000000000000e+02 1.842999999999999972e+01
3.820000000000000062e-01 -6.290869999999999891e+02 3.235000000000000000e+02 1.842999999999999972e+01
0.000000000000000000e+00 -6.294690000000000509e+02 3.240000000000000000e+02 1.842999999999999972e+01
2.507000000000000117e+00 -6.248360000000000127e+02 3.245000000000000000e+02 1.853999999999999915e+01
0.000000000000000000e+00 -6.273429999999999609e+02 3.250000000000000000e+02 1.853999999999999915e+01
3.820000000000000062e-01 -6.290869999999999891e+02 3.255000000000000000e+02 1.853999999999999915e+01
0.000000000000000000e+00 -6.294690000000000509e+02 3.260000000000000000e+02 1.853999999999999915e+01
2.507000000000000117e+00 -6.248360000000000127e+02 3.265000000000000000e+02 1.860000000000000142e+01
0.000000000000000000e+00 -6.273429999999999609e+02 3.270000000000000000e+02 1.860000000000000142e+01
3.820000000000000062e-01 -6.290860000000000127e+02 3.275000000000000000e+02 1.860000000000000142e+01
0.000000000000000000e+00 -6.294690000000000509e+02 3.280000000000000000e+02 1.860000000000000142e+01
2.508000000000000007e+00 -6.248360000000000127e+02 3.285000000000000000e+02 1.867000000000000171e+01
0.000000000000000000e+00 -6.273429999999999609e+02 3.290000000000000000e+02 1.867000000000000171e+01
3.820000000000000062e-01 -6.290869999999999891e+02 3.295000000000000000e+02 1.867000000000000171e+01
0.000000000000000000e+00 -6.294690000000000509e+02 3.300000000000000000e+02 1.867000000000000171e+01
2.507000000000000117e+00 -6.248360000000000127e+02 3.305000000000000000e+02 1.869999999999999929e+01
0.000000000000000000e+00 -6.273429999999999609e+02 3.310000000000000000e+02 1.869999999999999929e+01
3.820000000000000062e-01 -6.290860000000000127e+02 3.315000000000000000e+02 1.869999999999999929e+01
0.000000000000000000e+00 -6.294690000000000509e+02 3.320000000000000000e+02 1.869999999999999929e+01
2.507000000000000117e+00 -6.248360000000000127e+02 3.325000000000000000e+02 1.871000000000000085e+01
0.000000000000000000e+00 -6.273429999999999609e+02 3.330000000000000000e+02 1.871000000000000085e+01
3.820000000000000062e-01 -6.290860000000000127e+02 3.335000000000000000e+02 1.871000000000000085e+01
0.000000000000000000e+00 -6.294690000000000509e+02 3.340000000000000000e+02 1.871000000000000085e+01
2.507000000000000117e+00 -6.248360000000000127e+02 3.345000000000000000e+02 1.910999999999999943e+01
0.000000000000000000e+00 -6.273429999999999609e+02 3.350000000000000000e+02 1.910999999999999943e+01
3.820000000000000062e-01 -6.290869999999999891e+02 3.355000000000000000e+02 1.910999999999999943e+01
0.000000000000000000e+00 -6.294690000000000509e+02 3.360000000000000000e+02 1.910999999999999943e+01
2.507000000000000117e+00 -6.248369999999999891e+02 3.365000000000000000e+02 1.925000000000000000e+01
0.000000000000000000e+00 -6.273429999999999609e+02 3.370000000000000000e+02 1.925000000000000000e+01
3.820000000000000062e-01 -6.290869999999999891e+02 3.375000000000000000e+02 1.925000000000000000e+01
0.000000000000000000e+00 -6.294690000000000509e+02 3.380000000000000000e+02 1.925000000000000000e+01
2.507000000000000117e+00 -6.248360000000000127e+02 3.385000000000000000e+02 1.955000000000000071e+01
0.000000000000000000e+00 -6.273429999999999609e+02 3.390000000000000000e+02 1.955000000000000071e+01
3.820000000000000062e-01 -6.290860000000000127e+02 3.395000000000000000e+02 1.955000000000000071e+01
0.000000000000000000e+00 -6.294690000000000509e+02 3.400000000000000000e+02 1.955000000000000071e+01
2.507000000000000117e+00 -6.248360000000000127e+02 3.405000000000000000e+02 1.957999999999999829e+01
0.000000000000000000e+00 -6.273429999999999609e+02 3.410000000000000000e+02 1.957999999999999829e+01
3.820000000000000062e-01 -6.290869999999999891e+02 3.415000000000000000e+02 1.957999999999999829e+01
0.000000000000000000e+00 -6.294690000000000509e+02 3.420000000000000000e+02 1.957999999999999829e+01
2.507000000000000117e+00 -6.248360000000000127e+02 3.425000000000000000e+02 1.969000000000000128e+01
0.000000000000000000e+00 -6.273429999999999609e+02 3.430000000000000000e+02 1.969000000000000128e+01
3.820000000000000062e-01 -6.290869999999999891e+02 3.435000000000000000e+02 1.969000000000000128e+01
0.000000000000000000e+00 -6.294690000000000509e+02 3.440000000000000000e+02 1.969000000000000128e+01
2.507000000000000117e+00 -6.248360000000000127e+02 3.445000000000000000e+02 1.969999999999999929e+01
0.000000000000000000e+00 -6.273429999999999609e+02 3.450000000000000000e+02 1.969999999999999929e+01
3.820000000000000062e-01 -6.290860000000000127e+02 3.455000000000000000e+02 1.969999999999999929e+01
0.000000000000000000e+00 -6.294690000000000509e+02 3.460000000000000000e+02 1.969999999999999929e+01
2.508000000000000007e+00 -6.248360000000000127e+02 3.465000000000000000e+02 1.976999999999999957e+01
0.000000000000000000e+00 -6.273429999999999609e+02 3.470000000000000000e+02 1.976999999999999957e+01
3.820000000000000062e-01 -6.290860000000000127e+02 3.475000000000000000e+02 1.976999999999999957e+01
0.000000000000000000e+00 -6.294690000000000509e+02 3.480000000000000000e+02 1.976999999999999957e+01
2.507000000000000117e+00 -6.248360000000000127e+02 3.485000000000000000e+02 1.987999999999999901e+01
0.000000000000000000e+00 -6.273429999999999609e+02 3.490000000000000000e+02 1.987999999999999901e+01
3.820000000000000062e-01 -6.290869999999999891e+02 3.495000000000000000e+02 1.987999999999999901e+01
0.000000000000000000e+00 -6.294690000000000509e+02 3.500000000000000000e+02 1.987999999999999901e+01
2.507000000000000117e+00 -6.248360000000000127e+02 3.505000000000000000e+02 1.989000000000000057e+01
0.000000000000000000e+00 -6.273429999999999609e+02 3.510000000000000000e+02 1.989000000000000057e+01
3.820000000000000062e-01 -6.290860000000000127e+02 3.515000000000000000e+02 1.989000000000000057e+01
0.000000000000000000e+00 -6.294690000000000509e+02 3.520000000000000000e+02 1.989000000000000057e+01
2.507000000000000117e+00 -6.248369999999999891e+02 3.525000000000000000e+02 2.001999999999999957e+01
0.000000000000000000e+00 -6.273429999999999609e+02 3.530000000000000000e+02 2.001999999999999957e+01
