# t
0.000000000000000000e+00
9.925648700000000787e-07
9.932599599999998962e-07
2.263657099999999839e-06
2.263657200000000201e-06
3.269735100000000068e-06
3.269735100000000068e-06
4.675928400000000095e-06
4.675928599999999973e-06
4.708657499999999903e-06
4.708657699999999782e-06
4.759077100000000250e-06
4.759078199999999581e-06
4.937335699999999627e-06
4.937335800000000414e-06
5.020377500000000368e-06
5.020377600000000307e-06
5.326347400000000143e-06
5.326349000000000018e-06
5.821879299999999986e-06
5.821879299999999986e-06
5.869962800000000285e-06
5.869965299999999613e-06
6.400908699999999785e-06
6.400909899999999903e-06
7.371276399999999992e-06
7.371276899999999688e-06
7.394107699999999625e-06
7.394108400000000047e-06
7.448413000000000272e-06
7.448413699999999847e-06
8.230294999999999438e-06
8.230295800000000646e-06
8.364267799999999776e-06
8.364268699999999229e-06
8.477643900000000372e-06
8.477644100000000251e-06
8.562354899999999840e-06
8.562355199999999657e-06
8.620285999999999479e-06
8.620286099999999418e-06
9.129896700000000769e-06
9.129898499999999676e-06
1.116596699999999920e-05
1.116596800000000029e-05
1.190313700000000082e-05
1.190313700000000082e-05
1.236289100000000021e-05
1.236289100000000021e-05
1.240936300000000061e-05
1.240936400000000000e-05
1.253700800000000064e-05
1.253700800000000064e-05
1.326521999999999935e-05
1.326522199999999983e-05
1.377157399999999928e-05
1.377157500000000036e-05
1.399173300000000050e-05
1.399173399999999989e-05
1.422650099999999947e-05
1.422650299999999995e-05
1.458935599999999923e-05
1.458935599999999923e-05
1.493002400000000002e-05
1.493002499999999941e-05
1.583453000000000101e-05
1.583453299999999919e-05
1.624132899999999915e-05
1.624132899999999915e-05
1.627375099999999922e-05
1.627375099999999922e-05
1.637893900000000002e-05
1.637893999999999941e-05
1.677374600000000086e-05
1.677374700000000026e-05
1.714105899999999875e-05
1.714105899999999875e-05
1.718208399999999892e-05
1.718208600000000109e-05
1.718208600000000109e-05
1.718208700000000048e-05
1.720954299999999943e-05
1.720954299999999943e-05
1.746215799999999870e-05
1.746215900000000148e-05
1.800397299999999853e-05
1.800397299999999853e-05
1.822458900000000157e-05
1.822458900000000157e-05
1.825465599999999953e-05
1.825465699999999892e-05
1.828802500000000013e-05
1.828802599999999952e-05
1.888093200000000166e-05
1.888093400000000045e-05
1.933958700000000143e-05
1.933958700000000143e-05
1.982611000000000049e-05
1.982611000000000049e-05
2.005780699999999876e-05
2.005780699999999876e-05
2.036945899999999989e-05
2.036945999999999928e-05
2.049331400000000076e-05
2.049331500000000015e-05
2.119202399999999868e-05
2.119202399999999868e-05
2.140389099999999886e-05
2.140389200000000164e-05
2.232082599999999926e-05
2.232082699999999865e-05
2.302681600000000163e-05
2.302681600000000163e-05
2.316020300000000049e-05
2.316020499999999927e-05
2.348973100000000124e-05
2.348973200000000063e-05
2.370346399999999915e-05
2.370346399999999915e-05
2.423459900000000063e-05
2.423459900000000063e-05
2.486511700000000000e-05
2.486511700000000000e-05
2.540279400000000038e-05
2.540279400000000038e-05
2.543416499999999876e-05
2.543416499999999876e-05
2.627252999999999831e-05
2.627253100000000109e-05
2.690329699999999884e-05
2.690329800000000162e-05
2.781523699999999879e-05
2.781523699999999879e-05
2.795958700000000021e-05
2.795958700000000021e-05
2.821752500000000052e-05
2.821752599999999991e-05
2.843086099999999911e-05
2.843086199999999851e-05
2.845115300000000105e-05
2.845115300000000105e-05
2.930636499999999872e-05
2.930636600000000150e-05
2.965813700000000108e-05
2.965813899999999987e-05
2.966194600000000056e-05
2.966194600000000056e-05
3.381033199999999801e-05
3.381033300000000079e-05
3.411447600000000111e-05
3.411447699999999711e-05
3.413144399999999684e-05
3.413144499999999962e-05
3.436492200000000044e-05
3.436492300000000322e-05
3.445443799999999723e-05
3.445443900000000001e-05
3.546356099999999702e-05
3.546356199999999980e-05
3.554628599999999714e-05
3.554628699999999992e-05
3.575018800000000257e-05
3.575018800000000257e-05
3.598312600000000227e-05
3.598312699999999827e-05
3.619059299999999958e-05
3.619059400000000236e-05
3.656303499999999780e-05
3.656303499999999780e-05
3.683280600000000054e-05
3.683280600000000054e-05
3.763462899999999979e-05
3.763463000000000257e-05
3.853155499999999907e-05
3.853155600000000185e-05
3.864367799999999712e-05
3.864367799999999712e-05
3.884572500000000152e-05
3.884572500000000152e-05
3.988110600000000319e-05
3.988110699999999919e-05
4.034536400000000324e-05
4.034536400000000324e-05
4.073426199999999662e-05
4.073426199999999662e-05
4.127584800000000007e-05
4.127584900000000285e-05
4.152377500000000208e-05
4.152377500000000208e-05
4.158487399999999775e-05
4.158487399999999775e-05
4.353281100000000112e-05
4.353281199999999712e-05
4.376330799999999675e-05
4.376330899999999953e-05
4.380223899999999884e-05
4.380223899999999884e-05
4.453147799999999858e-05
4.453147900000000136e-05
4.478856799999999920e-05
4.478856799999999920e-05
4.549560199999999735e-05
4.549560400000000291e-05
4.564384700000000020e-05
4.564384700000000020e-05
4.643815299999999672e-05
4.643815299999999672e-05
4.785704000000000216e-05
4.785704000000000216e-05
4.797908200000000021e-05
4.797908300000000299e-05
4.845228799999999738e-05
4.845228799999999738e-05
4.866898099999999907e-05
4.866898200000000185e-05
4.874110300000000150e-05
4.874110300000000150e-05
4.881572099999999828e-05
4.881572299999999707e-05
4.952006900000000233e-05
4.952007199999999712e-05
5.010887599999999827e-05
5.010887700000000105e-05
5.019947200000000285e-05
5.019947200000000285e-05
5.079160099999999943e-05
5.079160200000000221e-05
5.097542000000000127e-05
5.097542099999999727e-05
5.195045100000000274e-05
5.195045100000000274e-05
5.203540600000000301e-05
5.203540800000000180e-05
5.230531400000000043e-05
5.230531500000000321e-05
5.271967199999999949e-05
5.271967300000000227e-05
5.355344700000000321e-05
5.355344799999999921e-05
5.380965200000000290e-05
5.380965700000000325e-05
5.383721199999999963e-05
5.383721300000000241e-05
5.424119100000000039e-05
5.424119400000000196e-05
5.431484800000000178e-05
5.431484800000000178e-05
5.472410100000000286e-05
5.472410100000000286e-05
5.508052999999999761e-05
5.508054499999999866e-05
5.701796399999999672e-05
5.701796600000000228e-05
5.708609899999999941e-05
5.708609899999999941e-05
5.710253100000000238e-05
5.710253399999999717e-05
5.718152599999999907e-05
5.718152599999999907e-05
5.722754700000000247e-05
5.722754799999999847e-05
5.740751200000000169e-05
5.740751299999999769e-05
5.767306199999999781e-05
5.767306199999999781e-05
6.040230299999999752e-05
6.040230299999999752e-05
6.061702699999999970e-05
6.061702699999999970e-05
6.066673899999999975e-05
6.066674099999999853e-05
6.120375700000000078e-05
6.120375700000000078e-05
6.168104699999999634e-05
6.168104800000000589e-05
6.240702099999999807e-05
6.240702199999999407e-05
6.258861800000000168e-05
6.258861999999999369e-05
6.286974400000000594e-05
6.286974400000000594e-05
6.304163500000000548e-05
6.304163600000000148e-05
6.495157899999999920e-05
6.495158100000000476e-05
6.523606300000000255e-05
6.523606300000000255e-05
6.640884200000000178e-05
6.640884299999999778e-05
6.698048199999999755e-05
6.698048199999999755e-05
6.706760799999999655e-05
6.706760799999999655e-05
6.708843200000000047e-05
6.708843200000000047e-05
6.745158499999999533e-05
6.745158499999999533e-05
6.761204199999999731e-05
6.761204700000000443e-05
6.769238300000000278e-05
6.769238399999999878e-05
6.810859000000000650e-05
6.810859000000000650e-05
7.112893500000000511e-05
7.112893500000000511e-05
7.145332499999999744e-05
7.145332599999999344e-05
7.189796899999999691e-05
7.189797000000000646e-05
7.225837900000000181e-05
7.225838200000000338e-05
7.269514400000000169e-05
7.269514499999999769e-05
7.322934200000000195e-05
7.322934299999999796e-05
7.361359199999999408e-05
7.361359300000000364e-05
7.385169099999999839e-05
7.385169099999999839e-05
7.393765399999999600e-05
7.393765500000000555e-05
7.448908199999999542e-05
7.448908199999999542e-05
7.516756299999999378e-05
7.516756499999999934e-05
7.706504999999999833e-05
7.706504999999999833e-05
7.811874099999999339e-05
7.811874200000000295e-05
7.962774900000000407e-05
7.962774900000000407e-05
8.051483099999999504e-05
8.051483200000000460e-05
8.069186800000000491e-05
8.069186900000000092e-05
8.233983499999999631e-05
8.233983700000000188e-05
8.289327600000000239e-05
8.289327600000000239e-05
8.298723399999999686e-05
8.298723500000000641e-05
8.332632499999999710e-05
8.332632499999999710e-05
8.345957600000000406e-05
8.345957700000000007e-05
8.346815700000000397e-05
8.346815700000000397e-05
8.401274599999999525e-05
8.401274700000000480e-05
8.467651200000000098e-05
8.467651299999999698e-05
8.482295700000000666e-05
8.482295800000000266e-05
8.575803099999999932e-05
8.575803099999999932e-05
8.583566200000000495e-05
8.583566200000000495e-05
8.659340499999999699e-05
8.659340600000000655e-05
8.771047599999999415e-05
8.771047700000000370e-05
8.810987900000000412e-05
8.810988000000000012e-05
8.814075199999999680e-05
8.814075199999999680e-05
8.815349499999999513e-05
8.815349499999999513e-05
8.819012000000000259e-05
8.819012000000000259e-05
8.827638000000000607e-05
8.827638100000000207e-05
8.838816400000000344e-05
8.838816599999999545e-05
8.857943500000000346e-05
8.857943599999999946e-05
8.911015499999999623e-05
8.911015499999999623e-05
8.974523400000000229e-05
8.974523499999999829e-05
8.976356799999999465e-05
8.976356799999999465e-05
8.990241100000000520e-05
8.990241100000000520e-05
9.007576400000000402e-05
9.007576500000000002e-05
9.018516099999999839e-05
9.018516199999999439e-05
9.160570599999999920e-05
9.160570999999999677e-05
9.185843899999999453e-05
9.185844000000000409e-05
9.258210500000000286e-05
9.258210699999999487e-05
9.279212200000000238e-05
9.279212299999999838e-05
9.331499699999999523e-05
9.331499800000000479e-05
9.397330900000000161e-05
9.397330999999999762e-05
9.403143299999999923e-05
9.403143299999999923e-05
9.405848400000000372e-05
9.405848400000000372e-05
9.475091999999999575e-05
9.475092100000000531e-05
9.492832499999999884e-05
9.492832700000000440e-05
9.509029299999999403e-05
9.509029299999999403e-05
9.554270500000000294e-05
9.554270599999999895e-05
9.597096400000000138e-05
9.597096400000000138e-05
9.615365400000000149e-05
9.615365400000000149e-05
9.649337399999999558e-05
9.649337399999999558e-05
9.660048500000000351e-05
9.660048599999999951e-05
9.691006500000000335e-05
9.691006500000000335e-05
9.744481600000000300e-05
9.744481699999999900e-05
9.775477399999999675e-05
9.775477399999999675e-05
9.776022000000000097e-05
9.776022099999999698e-05
9.777849899999999626e-05
9.777850000000000582e-05
9.815453400000000324e-05
9.815453400000000324e-05
9.880613399999999544e-05
9.880613399999999544e-05
9.972880800000000158e-05
9.972880899999999758e-05
9.988540399999999502e-05
9.988540699999999659e-05
1.004108500000000010e-04
1.004108500000000010e-04
1.007232999999999984e-04
1.007232999999999984e-04
1.007980000000000063e-04
1.007980000000000063e-04
1.010595300000000058e-04
1.010595300000000058e-04
1.016233599999999973e-04
1.016233599999999973e-04
1.026584499999999963e-04
1.026584499999999963e-04
1.027307599999999996e-04
1.027307599999999996e-04
1.033072399999999952e-04
1.033072399999999952e-04
1.035785099999999984e-04
1.035785099999999984e-04
1.040587499999999971e-04
1.040587499999999971e-04
1.041630600000000028e-04
1.041630600000000028e-04
1.042261699999999996e-04
1.042261699999999996e-04
1.044570399999999956e-04
1.044570399999999956e-04
1.045337699999999965e-04
1.045337699999999965e-04
1.046049700000000035e-04
1.046049700000000035e-04
1.052447100000000063e-04
1.052447100000000063e-04
1.058169700000000048e-04
1.058169700000000048e-04
1.060611699999999981e-04
1.060611699999999981e-04
1.061483699999999996e-04
1.061483699999999996e-04
1.065109200000000051e-04
1.065109200000000051e-04
1.065754699999999942e-04
1.065754699999999942e-04
1.069003300000000059e-04
1.069003300000000059e-04
1.073477499999999989e-04
1.073477499999999989e-04
1.074055900000000065e-04
1.074055900000000065e-04
1.074561000000000027e-04
1.074561000000000027e-04
1.077605099999999933e-04
1.077605099999999933e-04
1.078014199999999956e-04
1.078014199999999956e-04
1.084368999999999985e-04
1.084368999999999985e-04
1.103202200000000027e-04
1.103202200000000027e-04
1.103871000000000057e-04
1.103871000000000057e-04
1.104066999999999944e-04
1.104066999999999944e-04
1.105838299999999986e-04
1.105838299999999986e-04
1.110555699999999990e-04
1.110555699999999990e-04
1.111568000000000061e-04
1.111568000000000061e-04
1.112451899999999960e-04
1.112451899999999960e-04
1.112950800000000030e-04
1.112950900000000037e-04
1.117520399999999994e-04
1.117520399999999994e-04
1.124224500000000064e-04
1.124224500000000064e-04
1.124511599999999955e-04
1.124511699999999962e-04
1.125678099999999972e-04
1.125678099999999972e-04
1.126557499999999962e-04
1.126557499999999962e-04
1.130047300000000011e-04
1.130047300000000011e-04
1.130949799999999991e-04
1.130949899999999998e-04
1.132498300000000033e-04
1.132498300000000033e-04
1.135002800000000002e-04
1.135002800000000002e-04
1.136822200000000020e-04
1.136822200000000020e-04
1.145015000000000014e-04
1.145015000000000014e-04
1.153805000000000043e-04
1.153805000000000043e-04
1.154980099999999984e-04
1.154980099999999984e-04
1.160794600000000028e-04
1.160794600000000028e-04
1.172097200000000051e-04
1.172097200000000051e-04
1.172372799999999950e-04
1.172372799999999950e-04
1.183039000000000042e-04
1.183039000000000042e-04
1.189714600000000015e-04
1.189714600000000015e-04
1.191455899999999991e-04
1.191455899999999991e-04
1.194428800000000066e-04
1.194428899999999937e-04
1.196796999999999987e-04
1.196796999999999987e-04
1.200229899999999986e-04
1.200229899999999986e-04
1.201082099999999970e-04
1.201082099999999970e-04
1.201471699999999984e-04
1.201471699999999984e-04
1.206872499999999955e-04
1.206872499999999955e-04
1.207021399999999936e-04
1.207021399999999936e-04
1.216764299999999947e-04
1.216764299999999947e-04
1.219226999999999974e-04
1.219226999999999974e-04
1.228358199999999884e-04
1.228358199999999884e-04
1.230539000000000112e-04
1.230539000000000112e-04
1.236783299999999865e-04
1.236783299999999865e-04
1.236882999999999928e-04
1.236882999999999928e-04
1.237420799999999874e-04
1.237420799999999874e-04
1.246788099999999902e-04
1.246788099999999902e-04
1.247390799999999916e-04
1.247390799999999916e-04
1.251469800000000118e-04
1.251469800000000118e-04
1.257289900000000012e-04
1.257289900000000012e-04
1.258215000000000082e-04
1.258215099999999954e-04
1.262968200000000015e-04
1.262968200000000015e-04
1.265129399999999956e-04
1.265129399999999956e-04
1.265889399999999996e-04
1.265889399999999996e-04
1.271138399999999918e-04
1.271138399999999918e-04
1.271453899999999899e-04
1.271453899999999899e-04
1.274381500000000057e-04
1.274381500000000057e-04
1.277516900000000115e-04
1.277516900000000115e-04
1.279353500000000117e-04
1.279353500000000117e-04
1.283091199999999890e-04
1.283091199999999890e-04
1.286403299999999976e-04
1.286403299999999976e-04
1.302932600000000123e-04
1.302932699999999994e-04
1.318213600000000087e-04
1.318213600000000087e-04
1.322794000000000129e-04
1.322794000000000129e-04
1.333677299999999958e-04
1.333677299999999958e-04
1.333887999999999925e-04
1.333887999999999925e-04
1.337949300000000109e-04
1.337949300000000109e-04
1.339064999999999960e-04
1.339064999999999960e-04
1.339421399999999956e-04
1.339421399999999956e-04
1.352397599999999962e-04
1.352397599999999962e-04
1.356358899999999927e-04
1.356358899999999927e-04
1.369456999999999923e-04
1.369456999999999923e-04
1.378505600000000018e-04
1.378505600000000018e-04
1.383566699999999941e-04
1.383566699999999941e-04
1.383693199999999981e-04
1.383693199999999981e-04
1.386523600000000116e-04
1.386523600000000116e-04
1.387024599999999927e-04
1.387024599999999927e-04
1.389340900000000012e-04
1.389340999999999883e-04
1.390966299999999876e-04
1.390966299999999876e-04
1.393930899999999912e-04
1.393930899999999912e-04
1.401880500000000104e-04
1.401880500000000104e-04
1.405769099999999998e-04
1.405769099999999998e-04
1.408806000000000077e-04
1.408806000000000077e-04
1.409577299999999959e-04
1.409577299999999959e-04
1.411847600000000079e-04
1.411847600000000079e-04
1.416191900000000003e-04
1.416191900000000003e-04
1.416346800000000132e-04
1.416346800000000132e-04
1.416618900000000058e-04
1.416618900000000058e-04
1.416854900000000033e-04
1.416854900000000033e-04
1.419062600000000111e-04
1.419062600000000111e-04
1.422146299999999940e-04
1.422146299999999940e-04
1.424592999999999931e-04
1.424592999999999931e-04
1.434367000000000086e-04
1.434367000000000086e-04
1.438742000000000124e-04
1.438742000000000124e-04
1.442603800000000040e-04
1.442603800000000040e-04
1.443246600000000013e-04
1.443246699999999885e-04
1.444031599999999905e-04
1.444031599999999905e-04
1.447766599999999895e-04
1.447766599999999895e-04
1.451698600000000115e-04
1.451698600000000115e-04
1.466656199999999952e-04
1.466656199999999952e-04
1.466838900000000129e-04
1.466838900000000129e-04
1.468925799999999888e-04
1.468925799999999888e-04
1.474714999999999923e-04
1.474714999999999923e-04
1.478267500000000022e-04
1.478267500000000022e-04
1.482788400000000103e-04
1.482788499999999974e-04
1.483031499999999897e-04
1.483031499999999897e-04
1.493901399999999872e-04
1.493901399999999872e-04
1.497376999999999877e-04
1.497376999999999877e-04
1.504501499999999947e-04
1.504501600000000090e-04
1.515977899999999931e-04
1.515977899999999931e-04
1.516217699999999901e-04
1.516217699999999901e-04
1.516228899999999872e-04
1.516228899999999872e-04
1.518664999999999935e-04
1.518664999999999935e-04
1.520595899999999893e-04
1.520595899999999893e-04
1.526158700000000083e-04
1.526158700000000083e-04
1.529076199999999941e-04
1.529076199999999941e-04
1.540404999999999899e-04
1.540404999999999899e-04
1.544722899999999874e-04
1.544722899999999874e-04
1.547287700000000131e-04
1.547287700000000131e-04
1.550749699999999997e-04
1.550749699999999997e-04
1.553697099999999914e-04
1.553697099999999914e-04
1.557506200000000074e-04
1.557506200000000074e-04
1.559910999999999980e-04
1.559910999999999980e-04
1.564255899999999946e-04
1.564255899999999946e-04
1.565218700000000078e-04
1.565218700000000078e-04
1.565733999999999941e-04
1.565733999999999941e-04
1.566959400000000012e-04
1.566959400000000012e-04
1.572210200000000060e-04
1.572210299999999932e-04
1.573908099999999982e-04
1.573908099999999982e-04
1.574017900000000073e-04
1.574017900000000073e-04
1.574102500000000029e-04
1.574102500000000029e-04
1.583652899999999991e-04
1.583652899999999991e-04
1.595440599999999932e-04
1.595440599999999932e-04
1.601096599999999866e-04
1.601096599999999866e-04
1.609256200000000112e-04
1.609256200000000112e-04
1.625270299999999996e-04
1.625270299999999996e-04
1.632607600000000045e-04
1.632607600000000045e-04
1.655433600000000087e-04
1.655433600000000087e-04
1.660575000000000072e-04
1.660575000000000072e-04
1.667719499999999915e-04
1.667719499999999915e-04
1.670126499999999975e-04
1.670126499999999975e-04
1.678918099999999981e-04
1.678918099999999981e-04
1.690436000000000022e-04
1.690436000000000022e-04
1.692829700000000100e-04
1.692829700000000100e-04
1.696369000000000089e-04
1.696369000000000089e-04
1.699044199999999937e-04
1.699044199999999937e-04
1.699984299999999973e-04
1.699984299999999973e-04
1.700762299999999917e-04
1.700762299999999917e-04
1.701776800000000007e-04
1.701776800000000007e-04
1.704598600000000082e-04
1.704598600000000082e-04
1.716992699999999889e-04
1.716992699999999889e-04
1.717916700000000018e-04
1.717916799999999889e-04
1.719845099999999937e-04
1.719845099999999937e-04
1.721170899999999984e-04
1.721170899999999984e-04
1.723277000000000001e-04
1.723277000000000001e-04
1.731391200000000053e-04
1.731391200000000053e-04
1.739390199999999906e-04
1.739390199999999906e-04
1.741734100000000025e-04
1.741734100000000025e-04
1.743702700000000045e-04
1.743702700000000045e-04
1.746449599999999895e-04
1.746449599999999895e-04
1.760863700000000066e-04
1.760863700000000066e-04
1.761438499999999890e-04
1.761438499999999890e-04
1.768143300000000009e-04
1.768143300000000009e-04
1.771294199999999932e-04
1.771294199999999932e-04
1.771397200000000090e-04
1.771397200000000090e-04
1.772869299999999936e-04
1.772869299999999936e-04
1.775968600000000044e-04
1.775968600000000044e-04
1.776018800000000032e-04
1.776018800000000032e-04
1.776280999999999943e-04
1.776280999999999943e-04
1.776476800000000088e-04
1.776476800000000088e-04
1.779132799999999948e-04
1.779132799999999948e-04
1.779476500000000004e-04
1.779476500000000004e-04
1.780141600000000046e-04
1.780141600000000046e-04
1.782659800000000025e-04
1.782659800000000025e-04
1.798148099999999990e-04
1.798148099999999990e-04
1.799162200000000052e-04
1.799162200000000052e-04
1.806444999999999947e-04
1.806444999999999947e-04
1.814504199999999946e-04
1.814504199999999946e-04
1.817009899999999999e-04
1.817009899999999999e-04
1.872855500000000046e-04
1.872855500000000046e-04
1.875492600000000076e-04
1.875492600000000076e-04
1.876687900000000074e-04
1.876687900000000074e-04
1.885496200000000028e-04
1.885496200000000028e-04
1.895769099999999982e-04
1.895769099999999982e-04
1.901991800000000122e-04
1.901991800000000122e-04
1.902872900000000095e-04
1.902872900000000095e-04
1.907638900000000110e-04
1.907638999999999982e-04
1.913595299999999917e-04
1.913595299999999917e-04
1.914393800000000075e-04
1.914393800000000075e-04
1.940545500000000071e-04
1.940545500000000071e-04
1.942283800000000108e-04
1.942283800000000108e-04
1.946632300000000055e-04
1.946632300000000055e-04
1.946861199999999940e-04
1.946861199999999940e-04
1.947618000000000027e-04
1.947618000000000027e-04
1.948306399999999937e-04
1.948306399999999937e-04
1.948659700000000123e-04
1.948659799999999994e-04
1.956355200000000022e-04
1.956355200000000022e-04
1.958636399999999955e-04
1.958636399999999955e-04
1.958830899999999874e-04
1.958830899999999874e-04
1.963244000000000003e-04
1.963244000000000003e-04
1.965830000000000116e-04
1.965830000000000116e-04
1.984585699999999887e-04
1.984585699999999887e-04
1.986436199999999912e-04
1.986436199999999912e-04
1.988517999999999991e-04
1.988517999999999991e-04
1.994421199999999871e-04
1.994421199999999871e-04
1.994723399999999869e-04
1.994723399999999869e-04
1.997272400000000105e-04
1.997272400000000105e-04
2.003405000000000040e-04
2.003405000000000040e-04
2.010166299999999911e-04
2.010166299999999911e-04
2.023849799999999930e-04
2.023849799999999930e-04
2.033597900000000034e-04
2.033597900000000034e-04
2.057484000000000103e-04
2.057484000000000103e-04
2.063465000000000004e-04
2.063465000000000004e-04
2.063489699999999970e-04
2.063489699999999970e-04
2.063679699999999980e-04
2.063679699999999980e-04
2.067525500000000132e-04
2.067525500000000132e-04
2.067670900000000004e-04
2.067670900000000004e-04
2.077555999999999934e-04
2.077555999999999934e-04
2.079396999999999973e-04
2.079396999999999973e-04
2.084889900000000016e-04
2.084889900000000016e-04
2.089919599999999912e-04
2.089919599999999912e-04
2.094493800000000062e-04
2.094493800000000062e-04
2.102901099999999882e-04
2.102901099999999882e-04
2.111999200000000052e-04
2.111999200000000052e-04
2.112989700000000089e-04
2.112989700000000089e-04
2.118700300000000048e-04
2.118700300000000048e-04
2.125847200000000059e-04
2.125847299999999930e-04
2.138557199999999874e-04
2.138557199999999874e-04
2.141108600000000007e-04
2.141108600000000007e-04
2.141484499999999876e-04
2.141484499999999876e-04
2.147828899999999991e-04
2.147828899999999991e-04
2.148682300000000060e-04
2.148682300000000060e-04
2.149287700000000127e-04
2.149287700000000127e-04
2.149555400000000016e-04
2.149555400000000016e-04
2.152034100000000077e-04
2.152034100000000077e-04
2.156287200000000126e-04
2.156287200000000126e-04
2.165315500000000021e-04
2.165315500000000021e-04
2.168317699999999977e-04
2.168317699999999977e-04
2.172694699999999884e-04
2.172694699999999884e-04
2.174499599999999973e-04
2.174499599999999973e-04
2.176415600000000108e-04
2.176415600000000108e-04
2.176852499999999907e-04
2.176852499999999907e-04
2.178861300000000029e-04
2.178861300000000029e-04
2.179553400000000063e-04
2.179553400000000063e-04
2.186242999999999932e-04
2.186242999999999932e-04
2.194121600000000036e-04
2.194121600000000036e-04
2.204334600000000001e-04
2.204334600000000001e-04
2.205780600000000055e-04
2.205780600000000055e-04
2.210687500000000033e-04
2.210687500000000033e-04
2.213644700000000094e-04
2.213644700000000094e-04
2.218684200000000132e-04
2.218684200000000132e-04
2.224194900000000066e-04
2.224194900000000066e-04
2.225652599999999989e-04
2.225652599999999989e-04
2.228633800000000102e-04
2.228633800000000102e-04
2.239752300000000121e-04
2.239752300000000121e-04
2.242009200000000117e-04
2.242009299999999988e-04
2.247523100000000003e-04
2.247523100000000003e-04
2.249813199999999881e-04
2.249813199999999881e-04
2.250689399999999919e-04
2.250689399999999919e-04
2.265578799999999865e-04
2.265578799999999865e-04
2.273826400000000033e-04
2.273826400000000033e-04
2.284970099999999917e-04
2.284970099999999917e-04
2.289307799999999921e-04
2.289307799999999921e-04
2.293364799999999940e-04
2.293364799999999940e-04
2.299064900000000113e-04
2.299064900000000113e-04
2.302736400000000134e-04
2.302736400000000134e-04
2.306507900000000103e-04
2.306507900000000103e-04
2.308612199999999994e-04
2.308612199999999994e-04
2.308833100000000132e-04
2.308833100000000132e-04
2.311149100000000061e-04
2.311149100000000061e-04
2.322505799999999938e-04
2.322506100000000095e-04
2.324663900000000069e-04
2.324663900000000069e-04
2.331516400000000085e-04
2.331516400000000085e-04
2.332636099999999945e-04
2.332636099999999945e-04
2.336326599999999940e-04
2.336326700000000082e-04
2.336836099999999939e-04
2.336836099999999939e-04
2.340063899999999955e-04
2.340063899999999955e-04
2.347837700000000047e-04
2.347837700000000047e-04
2.350110099999999907e-04
2.350110099999999907e-04
2.353287000000000022e-04
2.353287000000000022e-04
2.353933100000000090e-04
2.353933100000000090e-04
2.360669699999999995e-04
2.360669699999999995e-04
2.369483200000000042e-04
2.369483200000000042e-04
2.373786700000000093e-04
2.373786700000000093e-04
2.374214899999999961e-04
2.374214899999999961e-04
2.376868800000000081e-04
2.376868800000000081e-04
2.377154699999999888e-04
2.377154699999999888e-04
2.387252499999999926e-04
2.387252499999999926e-04
2.392793000000000047e-04
2.392793000000000047e-04
2.399411699999999970e-04
2.399411699999999970e-04
2.403340400000000094e-04
2.403340400000000094e-04
2.404522900000000010e-04
2.404522900000000010e-04
2.405891799999999956e-04
2.405891799999999956e-04
2.407312099999999973e-04
2.407312099999999973e-04
2.407642199999999891e-04
2.407642199999999891e-04
2.410695999999999933e-04
2.410695999999999933e-04
2.412920300000000087e-04
2.412920300000000087e-04
2.417647399999999956e-04
2.417647399999999956e-04
2.419129699999999974e-04
2.419129699999999974e-04
2.432385999999999923e-04
2.432385999999999923e-04
2.435696800000000054e-04
2.435696899999999926e-04
2.439672699999999956e-04
2.439672699999999956e-04
2.446046899999999987e-04
2.446047000000000130e-04
2.456774100000000145e-04
2.456774100000000145e-04
2.462878500000000004e-04
2.462878500000000004e-04
2.472545099999999964e-04
2.472545099999999964e-04
2.473506199999999842e-04
2.473506199999999842e-04
2.489624599999999840e-04
2.489624599999999840e-04
2.493630800000000100e-04
2.493630800000000100e-04
2.501250099999999818e-04
2.501250099999999818e-04
2.502270400000000043e-04
2.502270400000000043e-04
2.518033200000000102e-04
2.518033200000000102e-04
2.518701299999999811e-04
2.518701399999999954e-04
2.537580399999999812e-04
2.537580399999999812e-04
2.538805299999999984e-04
2.538805299999999984e-04
2.540046699999999819e-04
2.540046699999999819e-04
2.541674100000000094e-04
2.541674200000000237e-04
2.542053499999999801e-04
2.542053499999999801e-04
2.552329000000000208e-04
2.552329000000000208e-04
2.560881500000000157e-04
2.560881500000000157e-04
2.566996499999999945e-04
2.566996499999999945e-04
2.567229999999999881e-04
2.567229999999999881e-04
2.581967000000000008e-04
2.581967000000000008e-04
2.584107400000000120e-04
2.584107400000000120e-04
2.590712199999999749e-04
2.590712299999999892e-04
2.594013700000000178e-04
2.594013700000000178e-04
2.598303599999999820e-04
2.598303599999999820e-04
2.599204200000000209e-04
2.599204200000000209e-04
2.613950500000000038e-04
2.613950500000000038e-04
2.615217299999999753e-04
2.615217299999999753e-04
2.626449700000000015e-04
2.626449700000000015e-04
2.628170100000000019e-04
2.628170200000000162e-04
2.628459200000000050e-04
2.628459200000000050e-04
2.630909299999999737e-04
2.630909299999999737e-04
2.631720100000000079e-04
2.631720100000000079e-04
2.634117200000000124e-04
2.634117200000000124e-04
2.634195699999999788e-04
2.634195699999999788e-04
2.634473300000000234e-04
2.634473300000000234e-04
2.635867499999999916e-04
2.635867499999999916e-04
2.636671700000000067e-04
2.636671700000000067e-04
2.652989299999999905e-04
2.652989299999999905e-04
2.656312800000000247e-04
2.656312800000000247e-04
2.678949699999999936e-04
2.678949699999999936e-04
2.684874599999999842e-04
2.684874599999999842e-04
2.689225800000000113e-04
2.689225800000000113e-04
2.690349599999999853e-04
2.690349599999999853e-04
2.700996700000000235e-04
2.700996700000000235e-04
2.703933999999999852e-04
2.703933999999999852e-04
2.706382099999999941e-04
2.706382099999999941e-04
2.721473099999999895e-04
2.721473099999999895e-04
2.723207700000000080e-04
2.723207700000000080e-04
2.726784499999999846e-04
2.726784499999999846e-04
2.740675700000000164e-04
2.740675700000000164e-04
2.747476399999999809e-04
2.747476399999999809e-04
2.751382499999999978e-04
2.751382499999999978e-04
2.764822100000000147e-04
2.764822100000000147e-04
2.765984400000000005e-04
2.765984400000000005e-04
2.767197199999999737e-04
2.767197199999999737e-04
2.767936200000000206e-04
2.767936200000000206e-04
2.768721799999999868e-04
2.768721799999999868e-04
2.771840300000000235e-04
2.771840300000000235e-04
2.784475399999999825e-04
2.784475399999999825e-04
2.791956799999999791e-04
2.791956799999999791e-04
2.792331700000000132e-04
2.792331700000000132e-04
2.793193200000000090e-04
2.793193200000000090e-04
2.793376399999999895e-04
2.793376399999999895e-04
2.797995599999999940e-04
2.797995599999999940e-04
2.799407499999999912e-04
2.799407499999999912e-04
2.801494000000000185e-04
2.801494000000000185e-04
2.801771099999999918e-04
2.801771099999999918e-04
2.803301299999999899e-04
2.803301299999999899e-04
2.803589800000000159e-04
2.803589800000000159e-04
2.804587800000000043e-04
2.804587800000000043e-04
2.814702299999999758e-04
2.814702299999999758e-04
2.814754700000000171e-04
2.814754700000000171e-04
2.816537100000000176e-04
2.816537199999999777e-04
2.820509399999999826e-04
2.820509399999999826e-04
2.822052899999999789e-04
2.822052899999999789e-04
2.825112699999999979e-04
2.825112699999999979e-04
2.827025399999999748e-04
2.827025399999999748e-04
2.829762100000000240e-04
2.829762100000000240e-04
2.832503800000000268e-04
2.832503800000000268e-04
2.835696299999999849e-04
2.835696299999999849e-04
2.840671199999999976e-04
2.840671300000000119e-04
2.842435900000000234e-04
2.842435999999999834e-04
2.862374600000000091e-04
2.862374600000000091e-04
2.868713100000000200e-04
2.868713100000000200e-04
2.869543700000000029e-04
2.869543700000000029e-04
2.884917000000000080e-04
2.884917000000000080e-04
2.886627699999999813e-04
2.886627699999999813e-04
2.888242299999999735e-04
2.888242299999999735e-04
2.888767900000000183e-04
2.888767999999999783e-04
2.895516700000000127e-04
2.895516700000000127e-04
2.897720600000000210e-04
2.897720600000000210e-04
2.899387799999999745e-04
2.899387799999999745e-04
2.899617199999999801e-04
2.899617199999999801e-04
2.902203600000000214e-04
2.902203600000000214e-04
2.902579400000000211e-04
2.902579499999999812e-04
2.903244600000000125e-04
2.903244600000000125e-04
2.904572699999999927e-04
2.904572800000000069e-04
2.932381500000000242e-04
2.932381500000000242e-04
2.939065200000000105e-04
2.939065200000000105e-04
2.953763300000000086e-04
2.953763300000000086e-04
2.954843900000000056e-04
2.954843900000000056e-04
2.955090999999999859e-04
2.955090999999999859e-04
2.955677099999999796e-04
2.955677099999999796e-04
2.958117800000000181e-04
2.958117800000000181e-04
2.961027500000000035e-04
2.961027500000000035e-04
2.962361200000000229e-04
2.962361200000000229e-04
2.962915899999999866e-04
2.962916199999999752e-04
3.042890300000000020e-04
3.042890899999999791e-04
3.051978000000000004e-04
3.051978000000000004e-04
3.052525699999999965e-04
3.052525699999999965e-04
3.056202400000000079e-04
3.056202400000000079e-04
3.059202700000000037e-04
3.059202700000000037e-04
3.062618500000000195e-04
3.062618500000000195e-04
3.065854799999999858e-04
3.065854799999999858e-04
3.067692200000000187e-04
3.067692200000000187e-04
3.081795800000000185e-04
3.081795800000000185e-04
3.090570800000000114e-04
3.090570800000000114e-04
3.092099999999999753e-04
3.092099999999999753e-04
3.095361399999999952e-04
3.095361399999999952e-04
3.095886800000000115e-04
3.095886800000000115e-04
3.098927100000000161e-04
3.098927100000000161e-04
3.122665800000000219e-04
3.122665800000000219e-04
3.124568199999999945e-04
3.124568199999999945e-04
3.131120299999999817e-04
3.131120299999999817e-04
3.136945500000000203e-04
3.136945500000000203e-04
3.137996700000000015e-04
3.137996700000000015e-04
3.140449300000000012e-04
3.140449400000000155e-04
3.149272999999999960e-04
3.149272999999999960e-04
3.152093299999999794e-04
3.152093299999999794e-04
3.152507199999999882e-04
3.152507199999999882e-04
3.180121200000000123e-04
3.180121200000000123e-04
3.180291600000000117e-04
3.180291600000000117e-04
3.181904000000000156e-04
3.181904000000000156e-04
3.182808299999999855e-04
3.182808299999999855e-04
3.186852299999999778e-04
3.186852299999999778e-04
3.188714500000000215e-04
3.188714500000000215e-04
3.205694499999999772e-04
3.205694499999999772e-04
3.209059599999999771e-04
3.209059599999999771e-04
3.211422600000000006e-04
3.211422600000000006e-04
3.212035199999999763e-04
3.212035199999999763e-04
3.213741000000000102e-04
3.213741000000000102e-04
3.216598599999999971e-04
3.216598599999999971e-04
3.220295299999999857e-04
3.220295299999999857e-04
3.220409900000000014e-04
3.220409900000000014e-04
3.220514399999999870e-04
3.220514399999999870e-04
3.221724100000000063e-04
3.221724100000000063e-04
3.223712499999999842e-04
3.223712499999999842e-04
3.239644499999999811e-04
3.239644499999999811e-04
3.240629800000000026e-04
3.240629800000000026e-04
3.241019499999999776e-04
3.241019499999999776e-04
3.244785400000000167e-04
3.244785400000000167e-04
3.248260899999999758e-04
3.248260999999999900e-04
3.250128000000000131e-04
3.250128000000000131e-04
3.269940999999999733e-04
3.269940999999999733e-04
3.269943600000000186e-04
3.269943600000000186e-04
3.271234699999999839e-04
3.271234699999999839e-04
3.272915800000000212e-04
3.272915800000000212e-04
3.277906200000000204e-04
3.277906200000000204e-04
3.285012699999999828e-04
3.285012699999999828e-04
3.285690400000000210e-04
3.285690400000000210e-04
3.290134900000000096e-04
3.290134900000000096e-04
3.294080000000000012e-04
3.294080000000000012e-04
3.295629499999999852e-04
3.295629599999999994e-04
3.300695899999999739e-04
3.300695899999999739e-04
3.301285800000000213e-04
3.301285899999999813e-04
3.326450499999999738e-04
3.326450499999999738e-04
3.328020900000000092e-04
3.328020900000000092e-04
3.339755900000000006e-04
3.339755900000000006e-04
3.342196199999999820e-04
3.342196199999999820e-04
3.343023000000000197e-04
3.343023000000000197e-04
3.343957399999999969e-04
3.343957399999999969e-04
3.344747500000000082e-04
3.344747500000000082e-04
3.345031899999999919e-04
3.345031899999999919e-04
3.356104200000000230e-04
3.356104200000000230e-04
3.357888400000000090e-04
3.357888400000000090e-04
3.358847400000000228e-04
3.358847400000000228e-04
3.360667800000000181e-04
3.360667800000000181e-04
3.365303799999999775e-04
3.365303799999999775e-04
3.367319200000000088e-04
3.367319200000000088e-04
3.378117599999999805e-04
3.378118099999999975e-04
3.378541100000000022e-04
3.378541100000000022e-04
3.385513200000000002e-04
3.385513200000000002e-04
3.387643099999999787e-04
3.387643099999999787e-04
3.387716999999999942e-04
3.387716999999999942e-04
3.389961899999999911e-04
3.389961899999999911e-04
3.390648399999999824e-04
3.390648399999999824e-04
3.391161800000000231e-04
3.391161800000000231e-04
3.399904100000000176e-04
3.399904100000000176e-04
3.418250300000000167e-04
3.418250300000000167e-04
3.422810100000000123e-04
3.422810100000000123e-04
3.428150999999999833e-04
3.428150999999999833e-04
3.430087200000000026e-04
3.430087200000000026e-04
3.434226999999999874e-04
3.434226999999999874e-04
3.435053199999999938e-04
3.435053199999999938e-04
3.440430200000000141e-04
3.440430200000000141e-04
3.441078700000000106e-04
3.441078700000000106e-04
3.443445000000000165e-04
3.443445099999999765e-04
3.452061599999999854e-04
3.452061599999999854e-04
3.453213100000000041e-04
3.453213399999999927e-04
3.477354200000000060e-04
3.477354200000000060e-04
3.478509699999999985e-04
3.478509699999999985e-04
3.479388999999999833e-04
3.479389099999999975e-04
3.484534000000000069e-04
3.484534000000000069e-04
3.497732700000000055e-04
3.497732700000000055e-04
3.502492200000000022e-04
3.502492200000000022e-04
3.504639199999999783e-04
3.504639199999999783e-04
3.511228100000000061e-04
3.511228100000000061e-04
3.517146300000000177e-04
3.517146300000000177e-04
3.527848799999999826e-04
3.527848799999999826e-04
3.528981800000000209e-04
3.528981800000000209e-04
3.534284999999999857e-04
3.534285399999999885e-04
3.537338300000000000e-04
3.537338300000000000e-04
3.549300399999999944e-04
3.549300399999999944e-04
3.552203299999999865e-04
3.552203299999999865e-04
3.553082999999999741e-04
3.553082999999999741e-04
3.558151300000000168e-04
3.558151300000000168e-04
3.559462100000000250e-04
3.559462199999999851e-04
3.561691999999999983e-04
3.561691999999999983e-04
3.566470700000000209e-04
3.566470700000000209e-04
3.566547199999999733e-04
3.566547199999999733e-04
3.568480100000000102e-04
3.568480100000000102e-04
3.571980899999999972e-04
3.571980899999999972e-04
3.575179100000000086e-04
3.575179100000000086e-04
3.576109699999999864e-04
3.576109699999999864e-04
3.580331299999999742e-04
3.580331299999999742e-04
3.582562800000000129e-04
3.582562800000000129e-04
3.591249099999999951e-04
3.591249099999999951e-04
3.592265299999999753e-04
3.592265299999999753e-04
3.595355899999999930e-04
3.595356000000000073e-04
3.598818699999999852e-04
3.598818699999999852e-04
3.608127300000000246e-04
3.608127300000000246e-04
3.609549700000000004e-04
3.609549700000000004e-04
3.609798500000000062e-04
3.609798500000000062e-04
3.616979999999999783e-04
3.616979999999999783e-04
3.622906300000000059e-04
3.622906300000000059e-04
3.632303899999999902e-04
3.632303899999999902e-04
3.639253700000000084e-04
3.639253700000000084e-04
3.639554200000000100e-04
3.639554200000000100e-04
3.641291599999999938e-04
3.641291599999999938e-04
3.670257199999999863e-04
3.670257199999999863e-04
3.677097799999999995e-04
3.677097799999999995e-04
3.679153599999999882e-04
3.679153599999999882e-04
3.682105100000000221e-04
3.682105100000000221e-04
3.682643899999999966e-04
3.682643899999999966e-04
3.684890599999999790e-04
3.684890599999999790e-04
3.686044599999999745e-04
3.686044599999999745e-04
3.689556899999999742e-04
3.689556899999999742e-04
3.693268599999999864e-04
3.693268599999999864e-04
3.695112599999999842e-04
3.695112699999999984e-04
3.702966900000000008e-04
3.702966900000000008e-04
3.705073500000000196e-04
3.705073500000000196e-04
3.719209199999999865e-04
3.719209199999999865e-04
3.720199999999999787e-04
3.720199999999999787e-04
3.724534500000000110e-04
3.724534500000000110e-04
3.724780700000000257e-04
3.724780700000000257e-04
3.728413400000000003e-04
3.728413400000000003e-04
3.729256999999999928e-04
3.729256999999999928e-04
3.731631300000000004e-04
3.731631300000000004e-04
3.736817899999999898e-04
3.736817899999999898e-04
3.737992899999999967e-04
3.737992899999999967e-04
3.739209000000000066e-04
3.739209000000000066e-04
3.740843599999999760e-04
3.740843599999999760e-04
3.748880600000000104e-04
3.748880600000000104e-04
3.752160399999999963e-04
3.752160399999999963e-04
3.777482399999999786e-04
3.777482499999999929e-04
3.778938199999999983e-04
3.778938199999999983e-04
3.782360900000000217e-04
3.782360900000000217e-04
3.782364499999999927e-04
3.782364499999999927e-04
3.787069700000000026e-04
3.787069700000000026e-04
3.790869799999999827e-04
3.790869799999999827e-04
3.793361899999999742e-04
3.793361899999999742e-04
3.795821399999999815e-04
3.795821399999999815e-04
3.808635100000000244e-04
3.808635100000000244e-04
3.810564399999999820e-04
3.810564399999999820e-04
3.817256599999999870e-04
3.817256599999999870e-04
3.819683999999999731e-04
3.819683999999999731e-04
3.828543300000000001e-04
3.828543300000000001e-04
3.835275699999999882e-04
3.835275699999999882e-04
3.842339300000000165e-04
3.842339300000000165e-04
3.847517900000000041e-04
3.847517900000000041e-04
3.849725900000000004e-04
3.849725900000000004e-04
3.854201499999999761e-04
3.854201499999999761e-04
3.858199999999999889e-04
3.858199999999999889e-04
3.861516300000000269e-04
3.861516300000000269e-04
3.868396399999999777e-04
3.868396399999999777e-04
3.868634499999999764e-04
3.868634599999999906e-04
3.870464099999999818e-04
3.870464099999999818e-04
3.872851800000000019e-04
3.872851800000000019e-04
3.878402299999999755e-04
3.878402299999999755e-04
3.887048700000000174e-04
3.887048700000000174e-04
3.887923399999999971e-04
3.887923399999999971e-04
3.894781299999999823e-04
3.894781299999999823e-04
3.895057099999999872e-04
3.895057099999999872e-04
3.895057099999999872e-04
3.895057099999999872e-04
3.897190199999999881e-04
3.897190199999999881e-04
3.897624400000000169e-04
3.897624499999999769e-04
3.899532899999999915e-04
3.899532899999999915e-04
3.899789199999999820e-04
3.899789199999999820e-04
3.903550100000000131e-04
3.903550199999999732e-04
3.905107400000000246e-04
3.905107400000000246e-04
3.909012600000000216e-04
3.909012600000000216e-04
3.914480400000000266e-04
3.914480400000000266e-04
3.938667500000000250e-04
3.938667500000000250e-04
3.942271599999999892e-04
3.942271599999999892e-04
3.942541500000000206e-04
3.942541500000000206e-04
3.950087100000000055e-04
3.950087100000000055e-04
3.950101900000000006e-04
3.950101900000000006e-04
3.952738600000000008e-04
3.952738600000000008e-04
3.959948200000000204e-04
3.959948200000000204e-04
3.967853600000000014e-04
3.967853600000000014e-04
3.968195700000000229e-04
3.968195700000000229e-04
3.968256800000000031e-04
3.968256800000000031e-04
3.972053499999999866e-04
3.972053499999999866e-04
3.977254699999999967e-04
3.977254699999999967e-04
3.993389200000000143e-04
3.993389200000000143e-04
3.993483699999999842e-04
3.993483699999999842e-04
3.994404800000000175e-04
3.994404800000000175e-04
3.999921700000000271e-04
3.999921799999999871e-04
4.002613500000000196e-04
4.002613500000000196e-04
4.002736799999999742e-04
4.002736799999999742e-04
4.006239900000000179e-04
4.006239999999999780e-04
4.008850599999999988e-04
4.008850599999999988e-04
4.009736600000000169e-04
4.009736600000000169e-04
4.010579999999999809e-04
4.010579999999999809e-04
4.011321299999999761e-04
4.011321299999999761e-04
4.013835400000000130e-04
4.013835400000000130e-04
4.021790999999999929e-04
4.021790999999999929e-04
4.025929799999999979e-04
4.025929799999999979e-04
4.028085000000000042e-04
4.028085000000000042e-04
4.028159399999999826e-04
4.028159399999999826e-04
4.030338199999999914e-04
4.030338199999999914e-04
4.033148299999999849e-04
4.033148299999999849e-04
4.036769200000000124e-04
4.036769200000000124e-04
4.037752900000000228e-04
4.037752900000000228e-04
4.038684599999999947e-04
4.038684700000000089e-04
4.039798199999999786e-04
4.039798199999999786e-04
4.041664200000000219e-04
4.041664200000000219e-04
4.042201099999999966e-04
4.042201099999999966e-04
4.042919999999999977e-04
4.042919999999999977e-04
4.122460100000000243e-04
4.122460100000000243e-04
4.124853200000000008e-04
4.124853200000000008e-04
4.131414799999999867e-04
4.131414799999999867e-04
4.149396599999999845e-04
4.149396599999999845e-04
4.157243400000000164e-04
4.157243400000000164e-04
4.163462300000000038e-04
4.163462300000000038e-04
4.168794999999999988e-04
4.168794999999999988e-04
4.176742199999999741e-04
4.176742199999999741e-04
4.179551599999999762e-04
4.179551599999999762e-04
4.179836000000000142e-04
4.179836000000000142e-04
4.181737100000000183e-04
4.181737100000000183e-04
4.186203099999999812e-04
4.186203099999999812e-04
4.189115700000000005e-04
4.189115700000000005e-04
4.190947799999999827e-04
4.190947799999999827e-04
4.198067400000000233e-04
4.198067400000000233e-04
4.205074100000000194e-04
4.205074100000000194e-04
4.207441900000000222e-04
4.207441900000000222e-04
4.207549999999999788e-04
4.207549999999999788e-04
4.209215400000000011e-04
4.209215400000000011e-04
4.209269200000000251e-04
4.209269200000000251e-04
4.212966099999999880e-04
4.212966099999999880e-04
4.217103100000000075e-04
4.217103100000000075e-04
4.218300399999999942e-04
4.218300399999999942e-04
4.220416200000000231e-04
4.220416200000000231e-04
4.221360200000000133e-04
4.221360200000000133e-04
4.222049199999999814e-04
4.222049199999999814e-04
4.222143499999999770e-04
4.222143599999999912e-04
4.223342200000000006e-04
4.223342300000000149e-04
4.225422200000000230e-04
4.225422200000000230e-04
4.227711900000000081e-04
4.227711900000000081e-04
4.230022899999999930e-04
4.230022899999999930e-04
4.231080199999999762e-04
4.231080199999999762e-04
4.240970000000000156e-04
4.240970000000000156e-04
4.256087799999999817e-04
4.256087799999999817e-04
4.261205199999999749e-04
4.261205199999999749e-04
4.271087899999999782e-04
4.271087899999999782e-04
4.273477399999999838e-04
4.273477399999999838e-04
4.279428400000000079e-04
4.279428400000000079e-04
4.280803999999999816e-04
4.280803999999999816e-04
4.286943800000000255e-04
4.286943800000000255e-04
4.291478599999999817e-04
4.291478599999999817e-04
4.292754200000000147e-04
4.292754200000000147e-04
4.294846699999999755e-04
4.294846699999999755e-04
4.295104900000000199e-04
4.295104900000000199e-04
4.302133099999999903e-04
4.302133099999999903e-04
4.304047099999999898e-04
4.304047099999999898e-04
4.306892899999999755e-04
4.306892899999999755e-04
4.307917299999999860e-04
4.307917299999999860e-04
4.308360799999999850e-04
4.308360799999999850e-04
4.310230299999999850e-04
4.310230399999999992e-04
4.314968000000000189e-04
4.314968000000000189e-04
4.324532600000000060e-04
4.324532600000000060e-04
4.328037700000000095e-04
4.328037700000000095e-04
4.378154000000000095e-04
4.378154000000000095e-04
4.384234100000000017e-04
4.384234100000000017e-04
4.394005800000000145e-04
4.394005800000000145e-04
4.404858599999999873e-04
4.404858599999999873e-04
4.407292999999999953e-04
4.407292999999999953e-04
4.408130300000000115e-04
4.408130300000000115e-04
4.412345799999999973e-04
4.412345799999999973e-04
4.416003600000000255e-04
4.416003600000000255e-04
4.416613899999999988e-04
4.416613899999999988e-04
4.419360700000000237e-04
4.419360700000000237e-04
4.420062899999999757e-04
4.420062899999999757e-04
4.427799500000000228e-04
4.427799500000000228e-04
4.429131199999999740e-04
4.429131199999999740e-04
4.429289599999999979e-04
4.429289599999999979e-04
4.445667999999999734e-04
4.445667999999999734e-04
4.447176599999999830e-04
4.447176599999999830e-04
4.449164499999999980e-04
4.449168299999999975e-04
4.464877399999999936e-04
4.958684300000000197e-04
4.958684300000000197e-04
4.958691000000000531e-04
4.986159400000000344e-04
4.986159400000000344e-04
5.041536899999999764e-04
5.041536899999999764e-04
5.094588599999999926e-04
5.094592000000000434e-04
5.099286200000000034e-04
5.099289100000000373e-04
5.112443899999999592e-04
5.112446599999999645e-04
5.115966599999999774e-04
5.115966599999999774e-04
5.185638800000000499e-04
5.185638800000000499e-04
5.185639199999999985e-04
6.211377900000000004e-04
6.211378199999999889e-04
7.811629900000000145e-04
7.811629999999999746e-04
7.811647300000000007e-04
7.811647599999999893e-04
7.893126399999999578e-04
7.893126500000000262e-04
7.893137199999999791e-04
1.045805599999999900e-03
1.045805599999999900e-03
1.045805599999999900e-03
1.045805599999999900e-03
1.045805599999999900e-03
1.045805599999999900e-03
1.045805599999999900e-03
1.045805599999999900e-03
1.045805599999999900e-03
1.045805599999999900e-03
1.045805699999999934e-03
1.045805699999999934e-03
1.045805699999999934e-03
1.045805699999999934e-03
1.045805699999999934e-03
1.045805699999999934e-03
1.045805699999999934e-03
1.045805699999999934e-03
1.045805699999999934e-03
1.045805699999999934e-03
1.045805699999999934e-03
1.045805699999999934e-03
1.045805699999999934e-03
1.045805699999999934e-03
1.045805699999999934e-03
1.045805699999999934e-03
1.045805699999999934e-03
1.045805699999999934e-03
1.045805699999999934e-03
1.045805699999999934e-03
1.045805699999999934e-03
1.045805699999999934e-03
1.045805699999999934e-03
1.045805699999999934e-03
1.045805699999999934e-03
1.045805699999999934e-03
1.045805699999999934e-03
1.045805699999999934e-03
1.045805699999999934e-03
1.045805699999999934e-03
1.045805699999999934e-03
1.045805699999999934e-03
1.045805799999999968e-03
1.045805799999999968e-03
1.045805799999999968e-03
1.045805799999999968e-03
1.045805799999999968e-03
1.045805799999999968e-03
1.045805799999999968e-03
1.045805799999999968e-03
1.045805799999999968e-03
1.045805799999999968e-03
1.045805799999999968e-03
1.045805799999999968e-03
