# t	msd	err
9.999999999996176980e-09 2.081052466735199835e-01 6.218016550762799077e-02
2.059999999999909258e-08 1.259293144124389863e-01 2.815863374899883406e-02
3.393750000000024682e-08 1.621756136835956763e-01 2.950670651404001948e-02
5.866666666666593468e-08 1.775316809579234600e-01 3.129026789121816532e-02
9.922119815668123212e-08 1.421490169271447113e-01 6.200260259796399644e-03
1.931869158878506749e-07 1.403238848415032658e-01 5.684865797168424037e-03
2.921157894736854101e-07 1.496770580785815596e-01 5.838098345734741082e-03
4.505982532751103064e-07 1.408915206537908749e-01 4.302903143751569959e-03
7.508895152198440763e-07 1.369333561318754611e-01 2.710482713031784827e-03
1.236089850249582213e-06 1.422695491420910008e-01 2.743427886548850496e-03
2.036893606516908449e-06 1.418419606929706978e-01 2.208552765422333933e-03
3.338224385859789596e-06 1.437177628187720491e-01 1.783169395528339711e-03
5.505811160384329883e-06 1.400370817797375322e-01 1.237598569875186447e-03
9.095126400362123114e-06 1.444373156636240274e-01 1.064844621727946590e-03
1.508541528623427173e-05 1.455262224426516759e-01 8.874983444532278960e-04
2.488994598625666630e-05 1.419311426481129623e-01 6.225968437083917797e-04
4.119722977055316189e-05 1.417511819813475904e-01 4.807609654356161067e-04
6.809216881002030865e-05 1.603514124630419369e-01 7.110906105023723396e-04
1.119574733728154864e-04 1.903535199117251941e-01 8.789240162070268260e-04
1.844801395807601672e-04 2.057953630764522146e-01 9.008446154999570285e-04
2.954733800559564139e-04 2.986598281667336430e-01 1.497578068287343071e-03
4.404689306728146506e-04 2.909505556826134764e+00 1.668377754451125239e-02
8.257690661957930566e-04 1.097644269101011538e+01 7.344454042349794938e-03
