# t	msd	err
1.000000000000024307e-07 1.211244047447640249e+00 0.000000000000000000e+00
4.700000000000005822e-07 1.795275123243375015e-01 6.347255951884475667e-02
1.000049677098884801e-06 1.372330677251764497e+00 8.800605010369583203e-03
1.999999999999976193e-06 1.377744465596909551e+00 3.503109632207992985e-01
2.874799999999944930e-06 1.083911962712772903e+00 2.879970198251928237e-01
4.206124999999995241e-06 9.782975721946058911e-01 1.987508268165631420e-01
7.665066666666761985e-06 1.159924311306167466e+00 1.627784983436865174e-01
1.323276595744678259e-05 9.941898278315652870e-01 1.564805922426750207e-01
2.179099327266237170e-05 9.591873313396583889e-01 4.529972999005659612e-03
3.710741249859575560e-05 1.146022419395064107e+00 3.229878487627765686e-03
5.642832267234567994e-05 1.826107457914269316e+00 8.967916813890105740e-03
1.173380000000001698e-04 1.347527074311801742e+00 4.296009013104303831e-01
1.376010000000071822e-04 8.282574261041009134e-01 1.276868189901888828e-01
3.077894444444408215e-04 1.151239528395914702e+00 1.756501300923137276e-01
1.445201508557596550e-03 4.737324691245602182e+00 3.785102597030457882e-03
