# t
0.000000000000000000e+00
1.163546599999999981e-13
1.265105899999999903e-12
2.242538300000000084e-12
2.486881099999999829e-12
3.589536899999999897e-12
5.923732400000000016e-12
1.265003400000000010e-06
1.265003700000000040e-06
1.265011899999999927e-06
1.933287700000000043e-06
1.933287899999999922e-06
5.419636399999999514e-04
5.419636399999999514e-04
7.248328499999999799e-04
7.248328499999999799e-04
1.119273999999999963e-03
1.119273999999999963e-03
1.267700999999999984e-03
1.267700999999999984e-03
1.852994200000000020e-03
1.852994200000000020e-03
3.820950100000000075e-03
3.820950100000000075e-03
3.821324799999999914e-03
3.821324799999999914e-03
4.067317400000000117e-03
4.067317400000000117e-03
5.714179500000000390e-03
5.714179500000000390e-03
6.132461399999999778e-03
6.132461399999999778e-03
9.126382100000000192e-03
9.126382100000000192e-03
9.211622600000000244e-03
9.211622600000000244e-03
9.792422999999999753e-03
9.792422999999999753e-03
1.013347199999999927e-02
1.013347199999999927e-02
1.064490100000000002e-02
1.064490100000000002e-02
1.149653200000000028e-02
1.149653200000000028e-02
1.201016499999999973e-02
1.201016499999999973e-02
1.247615900000000055e-02
1.247615900000000055e-02
1.270190399999999997e-02
1.270190399999999997e-02
1.406963900000000010e-02
1.406963900000000010e-02
1.449675400000000058e-02
1.449675400000000058e-02
1.616870899999999986e-02
1.616870899999999986e-02
1.622904999999999834e-02
1.622904999999999834e-02
2.342178300000000157e-02
2.342178300000000157e-02
2.736828800000000103e-02
2.736828800000000103e-02
3.277364700000000297e-02
3.277364700000000297e-02
3.731738899999999942e-02
3.731738899999999942e-02
4.264705600000000263e-02
4.264705600000000263e-02
4.401114600000000099e-02
4.401114600000000099e-02
4.920131800000000083e-02
4.920131800000000083e-02
4.942129299999999809e-02
4.942129299999999809e-02
5.117114400000000174e-02
5.117114400000000174e-02
5.255924299999999855e-02
5.255924299999999855e-02
5.913823599999999681e-02
5.913823599999999681e-02
5.981342800000000182e-02
5.981342800000000182e-02
6.241153700000000304e-02
6.241153700000000304e-02
6.249379099999999992e-02
6.249379099999999992e-02
6.314737500000000558e-02
6.314737500000000558e-02
6.567883400000000538e-02
6.567883400000000538e-02
6.601843999999999768e-02
6.601843999999999768e-02
6.792639899999999842e-02
6.792639899999999842e-02
6.947493500000000155e-02
6.947493500000000155e-02
7.132372500000000448e-02
7.132372500000000448e-02
7.170600300000000427e-02
7.170600300000000427e-02
7.209638300000000000e-02
7.209638300000000000e-02
7.517437300000000266e-02
7.517437300000000266e-02
7.606986799999999882e-02
7.606986799999999882e-02
7.682981699999999470e-02
7.682981699999999470e-02
7.923673999999999995e-02
7.923673999999999995e-02
8.222162500000000651e-02
8.222162500000000651e-02
8.243500600000000511e-02
8.243500600000000511e-02
8.561221099999999362e-02
8.561221099999999362e-02
8.638383400000000656e-02
8.638383400000000656e-02
9.083913700000000035e-02
9.083913700000000035e-02
9.698998600000000025e-02
9.698998600000000025e-02
9.971474499999999352e-02
9.971474499999999352e-02
9.971474499999999352e-02
1.016659300000000016e-01
1.016659300000000016e-01
1.017179599999999962e-01
1.017179599999999962e-01
1.017179599999999962e-01
1.017179599999999962e-01
1.018456600000000045e-01
1.018456600000000045e-01
1.020245800000000036e-01
1.020245800000000036e-01
1.084149499999999960e-01
1.084149499999999960e-01
1.090225999999999973e-01
1.090225999999999973e-01
1.114415299999999970e-01
1.114415299999999970e-01
1.191470599999999991e-01
1.191470599999999991e-01
1.218701400000000018e-01
1.218701400000000018e-01
1.238112799999999958e-01
1.238112799999999958e-01
1.277281700000000020e-01
1.277281700000000020e-01
1.288001300000000127e-01
1.288001300000000127e-01
1.305465700000000007e-01
1.305465700000000007e-01
1.307410200000000133e-01
1.307410200000000133e-01
1.356893499999999864e-01
1.356893499999999864e-01
1.387387200000000098e-01
1.387387200000000098e-01
1.454476899999999906e-01
1.454476899999999906e-01
1.476091599999999893e-01
1.476091599999999893e-01
1.491018600000000027e-01
1.491018600000000027e-01
1.495877200000000073e-01
1.495877200000000073e-01
1.506281999999999899e-01
1.506281999999999899e-01
1.516762000000000110e-01
1.516762000000000110e-01
1.528288700000000055e-01
1.528288700000000055e-01
1.542221599999999970e-01
1.542221599999999970e-01
1.553511700000000106e-01
1.553511700000000106e-01
1.573705599999999927e-01
1.573705599999999927e-01
1.586539299999999986e-01
1.586539299999999986e-01
1.602941099999999897e-01
1.602941099999999897e-01
1.604348499999999900e-01
1.604348499999999900e-01
1.613032299999999919e-01
1.613032299999999919e-01
1.638942399999999966e-01
1.638942399999999966e-01
1.652962099999999990e-01
1.652962099999999990e-01
1.680748699999999873e-01
1.680748699999999873e-01
1.720419599999999938e-01
1.720419599999999938e-01
1.724669299999999905e-01
1.724669299999999905e-01
1.734770499999999938e-01
1.734770499999999938e-01
1.760850099999999863e-01
1.760850099999999863e-01
1.768895000000000051e-01
1.768895000000000051e-01
1.785577299999999978e-01
1.785577299999999978e-01
1.786651900000000015e-01
1.786651900000000015e-01
1.812515299999999940e-01
1.812515299999999940e-01
1.824727600000000116e-01
1.824727600000000116e-01
1.841194800000000020e-01
1.841194800000000020e-01
1.939978400000000047e-01
1.939978400000000047e-01
1.944798100000000030e-01
1.944798100000000030e-01
1.950988100000000114e-01
1.950988100000000114e-01
1.966557399999999955e-01
1.966557399999999955e-01
1.983430999999999944e-01
1.983430999999999944e-01
1.995346600000000026e-01
1.995346600000000026e-01
1.998275100000000137e-01
1.998275100000000137e-01
2.010120300000000082e-01
2.010120300000000082e-01
2.010497699999999888e-01
2.010497699999999888e-01
2.030181100000000016e-01
2.030181100000000016e-01
2.047669400000000084e-01
2.047669400000000084e-01
2.048993699999999973e-01
2.048993699999999973e-01
2.070056299999999960e-01
2.070056299999999960e-01
2.077411600000000080e-01
2.077411600000000080e-01
2.110410199999999958e-01
2.110410199999999958e-01
2.112590799999999880e-01
2.112590799999999880e-01
2.112817600000000129e-01
2.112817600000000129e-01
2.112918799999999875e-01
2.112918799999999875e-01
2.119317099999999954e-01
2.119317099999999954e-01
2.124295800000000067e-01
2.124295800000000067e-01
2.127596499999999946e-01
2.127596499999999946e-01
2.143382000000000065e-01
2.143382000000000065e-01
2.151996800000000043e-01
2.151996800000000043e-01
2.181787799999999888e-01
2.181787799999999888e-01
2.203454999999999997e-01
2.203454999999999997e-01
2.214070800000000061e-01
2.214070800000000061e-01
2.229607500000000131e-01
2.229607500000000131e-01
2.241521599999999892e-01
2.241521599999999892e-01
2.242438700000000118e-01
2.242438700000000118e-01
2.242584599999999928e-01
2.242584599999999928e-01
2.247763700000000031e-01
2.247763700000000031e-01
2.249590399999999990e-01
2.249590399999999990e-01
2.272975000000000134e-01
2.272975000000000134e-01
2.311910500000000090e-01
2.311910500000000090e-01
2.336589099999999974e-01
2.336589099999999974e-01
2.346454199999999934e-01
2.346454199999999934e-01
2.359470999999999929e-01
2.359470999999999929e-01
2.374903700000000062e-01
2.374903700000000062e-01
2.382221800000000056e-01
2.382221800000000056e-01
2.442392300000000016e-01
2.442392300000000016e-01
2.470391899999999918e-01
2.470391899999999918e-01
2.487136400000000136e-01
2.487136400000000136e-01
2.495224199999999948e-01
2.495224199999999948e-01
2.583408099999999763e-01
2.583408099999999763e-01
2.600435799999999964e-01
2.600435799999999964e-01
2.606796800000000247e-01
2.606796800000000247e-01
2.612853800000000115e-01
2.612853800000000115e-01
2.621758200000000039e-01
2.621758200000000039e-01
2.625728600000000190e-01
2.625728600000000190e-01
2.635731900000000127e-01
2.635731900000000127e-01
2.682044399999999884e-01
2.682044399999999884e-01
2.704963400000000018e-01
2.704963400000000018e-01
2.731961800000000107e-01
2.731961800000000107e-01
2.733188200000000179e-01
2.733188200000000179e-01
2.743130500000000027e-01
2.743130500000000027e-01
2.755191399999999957e-01
2.755191399999999957e-01
2.763645900000000211e-01
2.763645900000000211e-01
2.823466199999999926e-01
2.823466199999999926e-01
2.836821900000000007e-01
2.836821900000000007e-01
2.907344299999999881e-01
2.907344299999999881e-01
2.921585099999999824e-01
2.921585099999999824e-01
2.930152300000000154e-01
2.930152300000000154e-01
2.967259300000000266e-01
2.967259300000000266e-01
3.010186899999999777e-01
3.010186899999999777e-01
3.046044199999999869e-01
3.046044199999999869e-01
3.123015100000000044e-01
3.123015100000000044e-01
3.137381000000000197e-01
3.137381000000000197e-01
3.144565300000000119e-01
3.144565300000000119e-01
3.166083299999999934e-01
3.166083299999999934e-01
3.166083299999999934e-01
3.185298999999999769e-01
3.185298999999999769e-01
3.224158400000000091e-01
3.224158400000000091e-01
3.226426099999999964e-01
3.226426099999999964e-01
3.239364900000000214e-01
3.239364900000000214e-01
3.244599100000000180e-01
3.244599100000000180e-01
3.258379900000000218e-01
3.258379900000000218e-01
3.265414700000000003e-01
3.265414700000000003e-01
3.276917799999999881e-01
3.276917799999999881e-01
3.279063300000000236e-01
3.279063300000000236e-01
3.288303200000000093e-01
3.288303200000000093e-01
3.294174000000000269e-01
3.294174000000000269e-01
3.295929899999999746e-01
3.295929899999999746e-01
3.310962499999999809e-01
3.310962499999999809e-01
3.325593499999999758e-01
3.325593499999999758e-01
3.333869999999999889e-01
3.333869999999999889e-01
3.383948099999999903e-01
3.383948099999999903e-01
3.388409600000000244e-01
3.388409600000000244e-01
3.390678200000000198e-01
3.390678200000000198e-01
3.393224400000000029e-01
3.393224400000000029e-01
3.410250799999999805e-01
3.410250799999999805e-01
3.414568000000000048e-01
3.414568000000000048e-01
3.425160600000000111e-01
3.425160600000000111e-01
3.425325399999999965e-01
3.425325399999999965e-01
3.473902500000000115e-01
3.473902500000000115e-01
3.492934100000000264e-01
3.492934100000000264e-01
3.500059300000000206e-01
3.500059300000000206e-01
3.528805400000000203e-01
3.528805400000000203e-01
3.530032599999999854e-01
3.530032599999999854e-01
3.534038999999999930e-01
3.534038999999999930e-01
3.545955000000000079e-01
3.545955000000000079e-01
3.555528600000000261e-01
3.555528600000000261e-01
3.593567899999999815e-01
3.593567899999999815e-01
3.622590800000000111e-01
3.622590800000000111e-01
3.638724099999999795e-01
3.638724099999999795e-01
3.654761999999999733e-01
3.654761999999999733e-01
3.656545600000000174e-01
3.656545600000000174e-01
3.689959300000000275e-01
3.689959300000000275e-01
3.700012599999999985e-01
3.700012599999999985e-01
3.704436999999999869e-01
3.704436999999999869e-01
3.704446200000000022e-01
3.704446200000000022e-01
3.721058099999999813e-01
3.721058099999999813e-01
3.741895800000000216e-01
3.741895800000000216e-01
3.789240600000000070e-01
3.789240600000000070e-01
3.814642999999999784e-01
3.814642999999999784e-01
3.855649299999999724e-01
3.855649299999999724e-01
3.864483799999999802e-01
3.864483799999999802e-01
3.886276200000000070e-01
3.886276200000000070e-01
3.892442999999999875e-01
3.892442999999999875e-01
3.928064399999999790e-01
3.928064399999999790e-01
3.953125699999999743e-01
3.953125699999999743e-01
3.953412299999999879e-01
3.953412299999999879e-01
3.953830799999999979e-01
3.953830799999999979e-01
3.954179899999999970e-01
3.954179899999999970e-01
3.966005100000000172e-01
3.966005100000000172e-01
4.090477699999999772e-01
4.090477699999999772e-01
4.146199300000000254e-01
4.146199300000000254e-01
4.159200000000000119e-01
4.159200000000000119e-01
4.327830599999999972e-01
4.327830599999999972e-01
4.372003999999999890e-01
4.372003999999999890e-01
4.456984299999999788e-01
4.456984299999999788e-01
4.459770699999999755e-01
4.459770699999999755e-01
4.495208800000000116e-01
4.495208800000000116e-01
4.504227699999999723e-01
4.504227699999999723e-01
4.528632300000000055e-01
4.528632300000000055e-01
4.583992100000000014e-01
4.583992100000000014e-01
4.586272800000000260e-01
4.586272800000000260e-01
4.637099599999999766e-01
4.637099599999999766e-01
4.661105099999999779e-01
4.661105099999999779e-01
4.683286199999999733e-01
4.683286199999999733e-01
4.696109399999999767e-01
4.696109399999999767e-01
4.724618400000000218e-01
4.724618400000000218e-01
4.729753999999999903e-01
4.729753999999999903e-01
4.758818699999999846e-01
4.758818699999999846e-01
4.780104600000000259e-01
4.780104600000000259e-01
4.843356999999999801e-01
4.843356999999999801e-01
4.859924700000000097e-01
4.859924700000000097e-01
4.882389400000000101e-01
4.882389400000000101e-01
5.058595700000000361e-01
5.058595700000000361e-01
5.090984400000000409e-01
5.090984400000000409e-01
5.114600900000000339e-01
5.114600900000000339e-01
5.129094199999999493e-01
5.129094199999999493e-01
5.289257899999999513e-01
5.289257899999999513e-01
5.292854399999999959e-01
5.292854399999999959e-01
5.333501400000000281e-01
5.333501400000000281e-01
5.339850999999999903e-01
5.339850999999999903e-01
5.340344399999999991e-01
5.340344399999999991e-01
5.349107499999999904e-01
5.349107499999999904e-01
5.472713700000000348e-01
5.472713700000000348e-01
5.494183000000000261e-01
5.494183000000000261e-01
5.513573699999999578e-01
5.513573699999999578e-01
5.559503099999999476e-01
5.559503099999999476e-01
5.674033299999999835e-01
5.674033299999999835e-01
5.730843599999999594e-01
5.730843599999999594e-01
5.754167500000000324e-01
5.754167500000000324e-01
5.821428199999999498e-01
5.821428199999999498e-01
5.862654299999999763e-01
5.862654299999999763e-01
5.862676399999999788e-01
5.862676399999999788e-01
5.870182800000000034e-01
5.870182800000000034e-01
5.904989899999999459e-01
5.904989899999999459e-01
5.909422300000000128e-01
5.909422300000000128e-01
5.924360800000000316e-01
5.924360800000000316e-01
5.982682599999999962e-01
5.982682599999999962e-01
5.984565600000000263e-01
5.984565600000000263e-01
6.009887499999999605e-01
6.009887499999999605e-01
6.018416800000000455e-01
6.018416800000000455e-01
6.033273399999999898e-01
6.033273399999999898e-01
6.108652100000000473e-01
6.108652100000000473e-01
6.113388299999999997e-01
6.113388299999999997e-01
6.150942299999999641e-01
6.150942299999999641e-01
6.220963800000000044e-01
6.220963800000000044e-01
6.303017800000000337e-01
6.303017800000000337e-01
6.303422400000000536e-01
6.303422400000000536e-01
6.306088399999999483e-01
6.306088399999999483e-01
6.306088399999999483e-01
6.306373600000000357e-01
6.306373600000000357e-01
6.308170899999999692e-01
6.308170899999999692e-01
6.327624499999999763e-01
6.327624499999999763e-01
6.353890500000000108e-01
6.353890500000000108e-01
6.451207100000000416e-01
6.451207100000000416e-01
6.451570800000000494e-01
6.451570800000000494e-01
6.492957999999999785e-01
6.492957999999999785e-01
6.509430499999999675e-01
6.509430499999999675e-01
6.516810100000000050e-01
6.516810100000000050e-01
6.594742099999999496e-01
6.594742099999999496e-01
6.611442499999999889e-01
6.611442499999999889e-01
6.612438600000000166e-01
6.612438600000000166e-01
6.631622299999999637e-01
6.631622299999999637e-01
6.753157400000000532e-01
6.753157400000000532e-01
6.801505399999999701e-01
6.801505399999999701e-01
6.893360200000000493e-01
6.893360200000000493e-01
6.901694299999999727e-01
6.901694299999999727e-01
7.007994100000000115e-01
7.007994100000000115e-01
7.038433299999999893e-01
7.038433299999999893e-01
7.115852200000000183e-01
7.115852200000000183e-01
7.142340799999999934e-01
7.142340799999999934e-01
7.168375099999999556e-01
7.168375099999999556e-01
7.177370100000000086e-01
7.177370100000000086e-01
7.457755700000000543e-01
7.457755700000000543e-01
7.510481399999999752e-01
7.510481399999999752e-01
7.528420999999999585e-01
7.528420999999999585e-01
7.528420999999999585e-01
7.578286800000000323e-01
7.578286800000000323e-01
7.592640600000000184e-01
7.592640600000000184e-01
7.697634199999999760e-01
7.697634199999999760e-01
7.703212400000000182e-01
7.703212400000000182e-01
7.703926899999999911e-01
7.703926899999999911e-01
7.705537700000000267e-01
7.705537700000000267e-01
7.714494299999999916e-01
7.714494299999999916e-01
7.727390800000000226e-01
7.727390800000000226e-01
7.744701899999999473e-01
7.744701899999999473e-01
7.758218500000000351e-01
7.758218500000000351e-01
7.763874800000000187e-01
7.763874800000000187e-01
7.766120399999999480e-01
7.766120399999999480e-01
7.783322799999999875e-01
7.783322799999999875e-01
7.789309599999999500e-01
7.789309599999999500e-01
7.818929500000000310e-01
7.818929500000000310e-01
7.826842200000000416e-01
7.826842200000000416e-01
7.840055700000000405e-01
7.840055700000000405e-01
7.914972599999999803e-01
7.914972599999999803e-01
7.938887999999999501e-01
7.938887999999999501e-01
7.943154999999999522e-01
7.943154999999999522e-01
7.946666199999999902e-01
7.946666199999999902e-01
7.957261899999999999e-01
7.957261899999999999e-01
7.993226599999999626e-01
7.993226599999999626e-01
8.016046500000000297e-01
8.016046500000000297e-01
8.016046500000000297e-01
8.028302600000000178e-01
8.028302600000000178e-01
8.087868200000000174e-01
8.087868200000000174e-01
8.103978499999999752e-01
8.103978499999999752e-01
8.133601700000000490e-01
8.133601700000000490e-01
8.135005699999999784e-01
8.135005699999999784e-01
8.181984700000000110e-01
8.181984700000000110e-01
8.185032399999999653e-01
8.185032399999999653e-01
8.246153800000000089e-01
8.246153800000000089e-01
8.248378200000000549e-01
8.248378200000000549e-01
8.256294400000000477e-01
8.256294400000000477e-01
8.266021799999999642e-01
8.266021799999999642e-01
8.280180799999999897e-01
8.280180799999999897e-01
8.314198600000000106e-01
8.314198600000000106e-01
8.319528400000000268e-01
8.319528400000000268e-01
8.330467799999999867e-01
8.330467799999999867e-01
8.335939300000000385e-01
8.335939300000000385e-01
8.364858899999999542e-01
8.364858899999999542e-01
8.372404799999999536e-01
8.372404799999999536e-01
8.424470600000000253e-01
8.424470600000000253e-01
8.424886099999999711e-01
8.424886099999999711e-01
8.470083800000000052e-01
8.470083800000000052e-01
8.519854700000000225e-01
8.519854700000000225e-01
8.583799399999999524e-01
8.583799399999999524e-01
8.595521999999999885e-01
8.595521999999999885e-01
8.600329199999999785e-01
8.600329199999999785e-01
8.615204400000000540e-01
8.615204400000000540e-01
8.690269400000000255e-01
8.690269400000000255e-01
8.735453699999999877e-01
8.735453699999999877e-01
8.741611799999999821e-01
8.741611799999999821e-01
8.779395100000000340e-01
8.779395100000000340e-01
8.799806199999999912e-01
8.799806199999999912e-01
8.816964600000000152e-01
8.816964600000000152e-01
8.821585699999999752e-01
8.821585699999999752e-01
8.825401200000000390e-01
8.825401200000000390e-01
8.906882400000000199e-01
8.906882400000000199e-01
8.964942200000000083e-01
8.964942200000000083e-01
8.980055900000000202e-01
8.980055900000000202e-01
9.002336800000000361e-01
9.002336800000000361e-01
9.006917300000000237e-01
9.006917300000000237e-01
9.011413499999999521e-01
9.011413499999999521e-01
9.050396600000000236e-01
9.050396600000000236e-01
9.064170700000000469e-01
9.064170700000000469e-01
9.095485899999999901e-01
9.095485899999999901e-01
9.095485899999999901e-01
9.095485899999999901e-01
9.122858900000000437e-01
9.122858900000000437e-01
9.158413499999999985e-01
9.158413499999999985e-01
9.165818900000000102e-01
9.165818900000000102e-01
9.175879300000000516e-01
9.175879300000000516e-01
9.177573700000000168e-01
9.177573700000000168e-01
9.230346000000000384e-01
9.230346000000000384e-01
9.431330599999999675e-01
9.431330599999999675e-01
9.433011399999999824e-01
9.433011399999999824e-01
9.455461200000000455e-01
9.455461200000000455e-01
9.455461200000000455e-01
9.469335899999999917e-01
9.469335899999999917e-01
9.754775900000000055e-01
9.754775900000000055e-01
9.815646000000000093e-01
9.815646000000000093e-01
9.821830999999999756e-01
9.821830999999999756e-01
9.865708300000000097e-01
9.865708300000000097e-01
9.899689299999999692e-01
9.899689299999999692e-01
9.903250599999999793e-01
9.903250599999999793e-01
9.944118600000000363e-01
9.944118600000000363e-01
9.993132200000000021e-01
9.993132200000000021e-01
1.009374999999999911e+00
1.009374999999999911e+00
1.012833700000000059e+00
1.012833700000000059e+00
1.013806399999999996e+00
1.013806399999999996e+00
1.022504400000000091e+00
1.022504400000000091e+00
1.025920100000000001e+00
1.025920100000000001e+00
1.032354800000000017e+00
1.032354800000000017e+00
1.037077999999999944e+00
1.037077999999999944e+00
1.037077999999999944e+00
1.039414400000000072e+00
1.039414400000000072e+00
1.041654400000000091e+00
1.041654400000000091e+00
1.046167700000000034e+00
1.046167700000000034e+00
1.047558100000000048e+00
1.047558100000000048e+00
1.052397699999999992e+00
1.052397699999999992e+00
1.052807599999999955e+00
1.052807599999999955e+00
1.054861300000000002e+00
1.054861300000000002e+00
1.063501999999999947e+00
1.063501999999999947e+00
1.064928799999999898e+00
1.064928799999999898e+00
1.066038000000000041e+00
1.066038000000000041e+00
1.066038000000000041e+00
1.066038000000000041e+00
1.072016000000000080e+00
1.072016000000000080e+00
1.073442800000000030e+00
1.073442800000000030e+00
1.075996600000000081e+00
1.075996600000000081e+00
1.080366099999999996e+00
1.080366099999999996e+00
1.082774300000000078e+00
1.082774300000000078e+00
1.083438200000000018e+00
1.083438200000000018e+00
1.085519899999999982e+00
1.085519899999999982e+00
1.088504799999999939e+00
1.088504799999999939e+00
1.092201399999999989e+00
1.092201399999999989e+00
1.093394100000000035e+00
1.093394100000000035e+00
1.094235300000000022e+00
1.094235300000000022e+00
1.099331700000000023e+00
1.099331700000000023e+00
1.102660500000000043e+00
1.102660500000000043e+00
1.103335299999999908e+00
1.103335299999999908e+00
1.105660199999999982e+00
1.105660199999999982e+00
1.109628199999999953e+00
1.109628199999999953e+00
1.111804299999999968e+00
1.111804299999999968e+00
1.112699300000000058e+00
1.112699300000000058e+00
1.116322199999999931e+00
1.116322199999999931e+00
1.122632300000000027e+00
1.122632300000000027e+00
1.126646999999999954e+00
1.126646999999999954e+00
1.130849100000000051e+00
1.130849100000000051e+00
1.139093399999999923e+00
1.139093399999999923e+00
1.139093399999999923e+00
1.139313299999999973e+00
1.139313299999999973e+00
1.140071300000000010e+00
1.140071300000000010e+00
1.146718799999999927e+00
1.146718799999999927e+00
1.154233000000000064e+00
1.154233000000000064e+00
1.154297799999999929e+00
1.154297799999999929e+00
1.155032899999999918e+00
1.155032899999999918e+00
1.155032899999999918e+00
1.155185499999999976e+00
1.155185499999999976e+00
1.155185499999999976e+00
1.158493199999999890e+00
1.158493199999999890e+00
1.160388200000000092e+00
1.160388200000000092e+00
1.165739099999999917e+00
1.165739099999999917e+00
1.166092899999999988e+00
1.166092899999999988e+00
1.166092899999999988e+00
1.168900599999999956e+00
1.168900599999999956e+00
1.169491499999999906e+00
1.169491499999999906e+00
1.171167599999999975e+00
1.171167599999999975e+00
1.172667399999999915e+00
1.172667399999999915e+00
1.174333999999999989e+00
1.174333999999999989e+00
1.178311200000000003e+00
1.178311200000000003e+00
1.180056299999999947e+00
1.180056299999999947e+00
1.180073499999999997e+00
1.180073499999999997e+00
1.180480600000000102e+00
1.180480600000000102e+00
1.180480600000000102e+00
1.180480600000000102e+00
1.182599799999999979e+00
1.182599799999999979e+00
1.186001099999999919e+00
1.186001099999999919e+00
1.191446800000000028e+00
1.191446800000000028e+00
1.196838300000000022e+00
1.196838300000000022e+00
1.199171500000000057e+00
1.199171500000000057e+00
1.200229200000000107e+00
1.200229200000000107e+00
1.204497099999999987e+00
1.204497099999999987e+00
1.206390400000000085e+00
1.206390400000000085e+00
1.206390400000000085e+00
1.206390400000000085e+00
1.213258600000000076e+00
1.213258600000000076e+00
1.213258600000000076e+00
1.229873200000000111e+00
1.229873200000000111e+00
1.231445399999999912e+00
1.231445399999999912e+00
1.232250800000000091e+00
1.232250800000000091e+00
1.233521300000000043e+00
1.233521300000000043e+00
1.241127400000000103e+00
1.241127400000000103e+00
1.247699600000000020e+00
1.247699600000000020e+00
1.251493900000000048e+00
1.251493900000000048e+00
1.255468900000000110e+00
1.255468900000000110e+00
1.257471699999999970e+00
1.257471699999999970e+00
1.261917100000000014e+00
1.261917100000000014e+00
1.261917100000000014e+00
1.264275000000000038e+00
1.264275000000000038e+00
1.264906400000000097e+00
1.264906400000000097e+00
1.267576800000000059e+00
1.267576800000000059e+00
1.270038699999999965e+00
1.270038699999999965e+00
1.270038699999999965e+00
1.270038699999999965e+00
1.270038699999999965e+00
1.282112200000000035e+00
1.282112200000000035e+00
1.282474399999999903e+00
1.282474399999999903e+00
1.284313899999999897e+00
1.284313899999999897e+00
1.286108699999999994e+00
1.286108699999999994e+00
1.288104099999999974e+00
1.288104099999999974e+00
1.294249900000000064e+00
1.294249900000000064e+00
1.298911499999999997e+00
