# t
0.000000000000000000e+00
4.413786100000000189e-14
7.704904499999999887e-14
1.411062600000000085e-13
1.702178600000000124e-13
3.370787299999999773e-13
4.273853999999999794e-13
1.422266799999999927e-12
1.046336299999999986e-09
1.046415999999999957e-09
1.054853100000000091e-09
1.061570899999999962e-09
1.062508299999999959e-09
5.907945499999999862e-08
6.841485700000000488e-08
6.841510999999999620e-08
1.760945100000000121e-07
1.760945300000000053e-07
1.817762699999999993e-07
1.817763199999999954e-07
2.182935400000000080e-07
3.481315499999999923e-06
3.481322700000000207e-06
8.155503999999999361e-06
8.362887400000000042e-06
9.433875700000000794e-06
9.433969099999999942e-06
1.278337299999999976e-05
1.288676099999999999e-05
1.425002500000000084e-05
1.511748999999999983e-05
1.511756599999999938e-05
1.524980999999999994e-05
1.623371199999999959e-05
1.654060800000000072e-05
1.884201299999999906e-05
1.884220100000000002e-05
2.012833899999999838e-05
2.059356800000000130e-05
2.080090400000000030e-05
2.080449099999999915e-05
2.113594299999999965e-05
2.113691100000000096e-05
2.139529700000000008e-05
2.165984100000000105e-05
2.595899499999999963e-05
2.645940200000000163e-05
2.674099599999999933e-05
2.675066399999999938e-05
2.741987699999999856e-05
2.761422899999999998e-05
2.866938099999999831e-05
2.909279500000000002e-05
3.048903000000000106e-05
3.230468599999999755e-05
3.230468599999999755e-05
3.230468899999999912e-05
3.230468899999999912e-05
3.230469000000000190e-05
3.230469000000000190e-05
3.230469000000000190e-05
3.230469000000000190e-05
3.230469099999999790e-05
3.230469099999999790e-05
3.230469099999999790e-05
3.230469099999999790e-05
3.230469200000000068e-05
3.230469200000000068e-05
3.230469599999999825e-05
3.230469599999999825e-05
3.230469700000000103e-05
3.230469700000000103e-05
3.230469700000000103e-05
3.230469799999999704e-05
3.230469799999999704e-05
3.230469799999999704e-05
3.230470000000000260e-05
3.230470000000000260e-05
3.230470099999999860e-05
3.230470099999999860e-05
3.230470299999999739e-05
3.230470400000000017e-05
3.230470500000000295e-05
3.230470500000000295e-05
3.230470799999999774e-05
3.230470799999999774e-05
3.230471000000000330e-05
3.230471000000000330e-05
3.230471799999999844e-05
3.230471799999999844e-05
3.230472100000000000e-05
3.230472100000000000e-05
3.230472200000000278e-05
3.230472200000000278e-05
3.230472400000000157e-05
3.230472400000000157e-05
3.230472700000000313e-05
3.230472700000000313e-05
3.230472900000000192e-05
3.230472900000000192e-05
3.230473199999999670e-05
3.230473199999999670e-05
3.230473499999999827e-05
3.230473499999999827e-05
3.230473600000000105e-05
3.230473600000000105e-05
3.230473600000000105e-05
3.230473600000000105e-05
3.230473699999999705e-05
3.230473699999999705e-05
3.230473799999999983e-05
3.230473900000000261e-05
3.230473900000000261e-05
3.230473900000000261e-05
3.230473999999999862e-05
3.230473999999999862e-05
3.230473999999999862e-05
3.230474100000000140e-05
3.230474199999999740e-05
3.230474199999999740e-05
3.230474300000000018e-05
3.230474300000000018e-05
3.230474400000000296e-05
3.230474499999999897e-05
3.230474600000000175e-05
3.230474600000000175e-05
3.230474699999999775e-05
3.230474699999999775e-05
3.230474699999999775e-05
3.230474699999999775e-05
3.230474999999999932e-05
3.230474999999999932e-05
3.230475100000000210e-05
3.230475100000000210e-05
3.230475300000000088e-05
3.230475300000000088e-05
3.230475600000000245e-05
3.230475699999999845e-05
3.230475899999999724e-05
3.230475899999999724e-05
3.230476000000000002e-05
3.230476000000000002e-05
3.230476199999999880e-05
3.230476199999999880e-05
3.230476500000000037e-05
3.230476500000000037e-05
3.230476500000000037e-05
3.230476500000000037e-05
3.230476600000000315e-05
3.230476600000000315e-05
3.230476800000000193e-05
3.230476800000000193e-05
3.230476899999999794e-05
3.230476899999999794e-05
3.230477099999999672e-05
3.230477099999999672e-05
3.230477500000000107e-05
3.230477500000000107e-05
3.230477699999999985e-05
3.230477699999999985e-05
3.230478099999999742e-05
3.230478099999999742e-05
3.230478300000000298e-05
3.230478300000000298e-05
3.230478399999999899e-05
3.230478399999999899e-05
3.230478700000000055e-05
3.230478700000000055e-05
3.230478899999999934e-05
3.230478899999999934e-05
3.230478899999999934e-05
3.230479000000000212e-05
3.230479000000000212e-05
3.230479000000000212e-05
3.230479000000000212e-05
3.230479099999999812e-05
3.230479099999999812e-05
3.230479099999999812e-05
3.230479200000000090e-05
3.230479200000000090e-05
3.230479599999999847e-05
3.230479599999999847e-05
3.230479700000000125e-05
3.230479700000000125e-05
3.230480000000000282e-05
3.230480000000000282e-05
3.230480200000000160e-05
3.230480200000000160e-05
3.230480500000000317e-05
3.230480500000000317e-05
3.230480500000000317e-05
3.230480500000000317e-05
3.230480700000000195e-05
3.230480700000000195e-05
3.230480799999999796e-05
3.230480799999999796e-05
3.230480900000000074e-05
3.230480900000000074e-05
3.230481299999999830e-05
3.230481299999999830e-05
3.230481299999999830e-05
3.230481400000000109e-05
3.230481499999999709e-05
3.230481599999999987e-05
3.230481599999999987e-05
3.230481599999999987e-05
3.230481799999999865e-05
3.230481799999999865e-05
3.230481799999999865e-05
3.230481799999999865e-05
3.230481799999999865e-05
3.230481799999999865e-05
3.230482200000000300e-05
3.230482200000000300e-05
3.230482299999999900e-05
3.230482299999999900e-05
3.230482400000000178e-05
3.230482400000000178e-05
3.230482400000000178e-05
3.230482499999999779e-05
3.230482900000000213e-05
3.230482900000000213e-05
3.230482900000000213e-05
3.230482900000000213e-05
3.230482999999999814e-05
3.230483100000000092e-05
3.230483999999999884e-05
3.230483999999999884e-05
3.230483999999999884e-05
3.230483999999999884e-05
3.230484100000000162e-05
3.230484100000000162e-05
3.230484300000000040e-05
3.230484300000000040e-05
3.230484400000000318e-05
3.230484400000000318e-05
3.230484600000000197e-05
3.230484600000000197e-05
3.230484600000000197e-05
3.230484699999999797e-05
3.230485199999999832e-05
3.230485199999999832e-05
3.230485199999999832e-05
3.230485300000000110e-05
3.230485300000000110e-05
3.230485300000000110e-05
3.230485300000000110e-05
3.230485300000000110e-05
3.230485499999999989e-05
3.230485499999999989e-05
3.230485699999999867e-05
3.230485699999999867e-05
3.230485800000000145e-05
3.230485800000000145e-05
3.230485899999999746e-05
3.230486000000000024e-05
3.230486199999999902e-05
3.230486199999999902e-05
3.230486199999999902e-05
3.230486199999999902e-05
3.230486600000000337e-05
3.230486699999999937e-05
3.230486699999999937e-05
3.230486699999999937e-05
3.230486800000000215e-05
3.230486800000000215e-05
3.230486899999999816e-05
3.230486899999999816e-05
3.230487099999999694e-05
3.230487099999999694e-05
3.230487199999999972e-05
3.230487199999999972e-05
3.230487399999999851e-05
3.230487399999999851e-05
3.230487399999999851e-05
3.230487399999999851e-05
3.230487599999999729e-05
3.230487599999999729e-05
3.230487700000000007e-05
3.230487700000000007e-05
3.230487800000000285e-05
3.230487800000000285e-05
3.230487800000000285e-05
3.230487800000000285e-05
3.230487800000000285e-05
3.230487800000000285e-05
3.230488300000000320e-05
3.230488300000000320e-05
3.230488399999999921e-05
3.230488399999999921e-05
3.230488500000000199e-05
3.230488500000000199e-05
3.230488599999999799e-05
3.230488599999999799e-05
3.230488799999999678e-05
3.230488899999999956e-05
3.230488899999999956e-05
3.230488899999999956e-05
3.230488899999999956e-05
3.230488899999999956e-05
3.230489000000000234e-05
3.230489000000000234e-05
3.230489000000000234e-05
3.230489000000000234e-05
3.230489099999999834e-05
3.230489099999999834e-05
3.230489200000000112e-05
3.230489200000000112e-05
3.230489299999999713e-05
3.230489299999999713e-05
3.230489399999999991e-05
3.230489399999999991e-05
3.230489500000000269e-05
3.230489599999999869e-05
3.230490000000000304e-05
3.230490000000000304e-05
3.230490000000000304e-05
3.230490000000000304e-05
3.230490099999999904e-05
3.230490099999999904e-05
3.230490299999999782e-05
3.230490400000000061e-05
3.230490400000000061e-05
3.230490400000000061e-05
3.230490500000000339e-05
3.230490500000000339e-05
3.230490500000000339e-05
3.230490500000000339e-05
3.230490599999999939e-05
3.230490599999999939e-05
3.230490900000000095e-05
3.230490900000000095e-05
3.230490900000000095e-05
3.230490900000000095e-05
3.230491499999999731e-05
3.230491499999999731e-05
3.230491799999999887e-05
3.230491799999999887e-05
3.230491799999999887e-05
3.230491900000000165e-05
3.230491999999999766e-05
3.230491999999999766e-05
3.230492100000000044e-05
3.230492100000000044e-05
3.230492200000000322e-05
3.230492200000000322e-05
3.230492200000000322e-05
3.230492299999999922e-05
3.230492600000000079e-05
3.230492600000000079e-05
3.230492699999999679e-05
3.230492699999999679e-05
3.230492799999999957e-05
3.230492799999999957e-05
3.230492900000000235e-05
3.230492900000000235e-05
3.230493100000000114e-05
3.230493100000000114e-05
3.230493100000000114e-05
3.230493100000000114e-05
3.230493299999999992e-05
3.230493299999999992e-05
3.230493499999999871e-05
3.230493499999999871e-05
3.230493600000000149e-05
3.230493600000000149e-05
3.230493800000000027e-05
3.230493900000000305e-05
3.230493900000000305e-05
3.230493900000000305e-05
3.230493900000000305e-05
3.230493900000000305e-05
3.230493999999999906e-05
3.230494100000000184e-05
3.230494600000000219e-05
3.230494600000000219e-05
3.230494999999999976e-05
3.230494999999999976e-05
3.230495100000000254e-05
3.230495100000000254e-05
3.230495199999999854e-05
3.230495199999999854e-05
3.230495399999999733e-05
3.230495399999999733e-05
3.230495500000000011e-05
3.230495500000000011e-05
3.230495600000000289e-05
3.230495600000000289e-05
3.230495600000000289e-05
3.230495600000000289e-05
3.286225200000000081e-05
3.293094099999999889e-05
3.317073399999999702e-05
3.491492500000000182e-05
3.498981500000000272e-05
3.506767599999999733e-05
3.579221800000000189e-05
3.657766600000000081e-05
3.671704299999999858e-05
3.800856299999999939e-05
3.843509399999999756e-05
4.150259799999999922e-05
4.291955499999999839e-05
4.378018900000000131e-05
4.381663499999999896e-05
4.617316100000000033e-05
4.625098000000000013e-05
4.745270899999999846e-05
4.747725999999999748e-05
4.795083299999999864e-05
4.830033999999999841e-05
5.011693900000000124e-05
5.018605300000000195e-05
5.032080500000000144e-05
5.052250900000000082e-05
5.065811099999999878e-05
5.096987699999999840e-05
5.332322499999999970e-05
5.447876300000000307e-05
5.512603700000000165e-05
5.573305699999999910e-05
5.644356100000000282e-05
5.644365600000000269e-05
5.738094300000000245e-05
5.793891799999999773e-05
5.813561600000000335e-05
6.015670100000000231e-05
6.139528399999999431e-05
6.235430799999999545e-05
6.321525700000000007e-05
6.343212999999999402e-05
6.413468799999999482e-05
6.510014999999999368e-05
6.600747900000000377e-05
6.605982399999999963e-05
6.662847599999999508e-05
6.666280400000000584e-05
6.666281800000000411e-05
6.810993499999999895e-05
6.822138699999999477e-05
6.871443999999999664e-05
7.032815400000000286e-05
7.032861900000000150e-05
7.167300700000000223e-05
7.167304800000000103e-05
7.360439900000000015e-05
7.386321200000000068e-05
7.414231199999999603e-05
7.429233299999999708e-05
7.516087300000000011e-05
7.540572100000000628e-05
7.751856600000000045e-05
7.775325899999999417e-05
7.800635999999999627e-05
7.810377899999999840e-05
7.837464599999999920e-05
7.854894400000000314e-05
8.516670900000000363e-05
8.517973099999999844e-05
8.532736799999999806e-05
8.567775999999999875e-05
8.569875300000000500e-05
8.570266700000000505e-05
8.683026200000000386e-05
8.793575400000000009e-05
8.793575499999999609e-05
8.939640100000000630e-05
8.944405299999999776e-05
8.953250899999999493e-05
8.982745900000000132e-05
8.985156400000000030e-05
9.059980599999999584e-05
9.079167099999999404e-05
9.097452299999999735e-05
9.253141799999999560e-05
9.301285799999999687e-05
9.344518200000000185e-05
9.403636000000000373e-05
9.464356700000000613e-05
9.481136299999999703e-05
9.522602699999999987e-05
9.595685800000000121e-05
9.596419400000000212e-05
9.597869799999999760e-05
9.681479399999999699e-05
9.685033899999999666e-05
9.692894399999999995e-05
9.737416199999999621e-05
9.804720100000000147e-05
9.880412599999999592e-05
9.880418399999999456e-05
9.882478399999999907e-05
9.904011299999999614e-05
1.003670299999999985e-04
1.005386699999999981e-04
1.006963499999999969e-04
1.023597599999999993e-04
1.023653099999999945e-04
1.026537999999999962e-04
1.027191700000000020e-04
1.033245099999999971e-04
1.037216899999999993e-04
1.037406599999999982e-04
1.052154200000000037e-04
1.056167399999999974e-04
1.057357199999999994e-04
1.059848199999999967e-04
1.060268799999999982e-04
1.060270599999999972e-04
1.093650299999999960e-04
1.094763000000000008e-04
1.101356100000000038e-04
1.103217299999999999e-04
1.104396599999999962e-04
1.107927400000000034e-04
1.107927400000000034e-04
1.107927400000000034e-04
1.107927400000000034e-04
1.107927400000000034e-04
1.107927400000000034e-04
1.107927400000000034e-04
1.107927400000000034e-04
1.107927400000000034e-04
1.107927400000000034e-04
1.107927400000000034e-04
1.107927400000000034e-04
1.107927500000000041e-04
1.107927500000000041e-04
1.107927500000000041e-04
1.107927500000000041e-04
1.107927500000000041e-04
1.107927500000000041e-04
1.107927500000000041e-04
1.107927500000000041e-04
1.107927600000000048e-04
1.107927600000000048e-04
1.107927600000000048e-04
1.107927600000000048e-04
1.107927600000000048e-04
1.107927600000000048e-04
1.107927600000000048e-04
1.107927600000000048e-04
1.107927600000000048e-04
1.107927600000000048e-04
1.107927600000000048e-04
1.107927600000000048e-04
1.107927600000000048e-04
1.107927600000000048e-04
1.107927600000000048e-04
1.107927600000000048e-04
1.107927600000000048e-04
1.107927600000000048e-04
1.107927600000000048e-04
1.107927600000000048e-04
1.107927600000000048e-04
1.107927600000000048e-04
1.107927700000000055e-04
1.107927700000000055e-04
1.107927700000000055e-04
1.107927700000000055e-04
1.107927700000000055e-04
1.107927700000000055e-04
1.107927700000000055e-04
1.107927700000000055e-04
1.107927700000000055e-04
1.107927700000000055e-04
1.107927700000000055e-04
1.107927700000000055e-04
1.107927700000000055e-04
1.107927700000000055e-04
1.107927700000000055e-04
1.107927700000000055e-04
1.107927700000000055e-04
1.107927700000000055e-04
1.107927800000000062e-04
1.107927800000000062e-04
1.107927800000000062e-04
1.107927800000000062e-04
1.107927800000000062e-04
1.107927800000000062e-04
1.107927800000000062e-04
1.107927800000000062e-04
1.107927800000000062e-04
1.107927800000000062e-04
1.107927800000000062e-04
1.107927800000000062e-04
1.107927800000000062e-04
1.107927800000000062e-04
1.107927800000000062e-04
1.107927899999999933e-04
1.107927899999999933e-04
1.107927899999999933e-04
1.107927899999999933e-04
1.107927899999999933e-04
1.107927899999999933e-04
1.107927899999999933e-04
1.107927899999999933e-04
1.107927899999999933e-04
1.107927899999999933e-04
1.107927899999999933e-04
1.107927899999999933e-04
1.107927899999999933e-04
1.107927899999999933e-04
1.107927899999999933e-04
1.107927899999999933e-04
1.107927899999999933e-04
1.107927999999999940e-04
1.107927999999999940e-04
1.107927999999999940e-04
1.107927999999999940e-04
1.107927999999999940e-04
1.107927999999999940e-04
1.107927999999999940e-04
1.107927999999999940e-04
1.107927999999999940e-04
1.107927999999999940e-04
1.107928099999999947e-04
1.107928099999999947e-04
1.107928099999999947e-04
1.107928099999999947e-04
1.107928099999999947e-04
1.107928099999999947e-04
1.107928099999999947e-04
1.107928099999999947e-04
1.107928099999999947e-04
1.107928199999999954e-04
1.107928199999999954e-04
1.107928199999999954e-04
1.107928199999999954e-04
1.107928199999999954e-04
1.107928199999999954e-04
1.107928199999999954e-04
1.107928199999999954e-04
1.107928199999999954e-04
1.107928199999999954e-04
1.107928199999999954e-04
1.107928199999999954e-04
1.107928199999999954e-04
1.107928199999999954e-04
1.107928199999999954e-04
1.107928199999999954e-04
1.107928199999999954e-04
1.107928199999999954e-04
1.107928199999999954e-04
1.107928199999999954e-04
1.107928199999999954e-04
1.107928299999999961e-04
1.107928299999999961e-04
1.107928299999999961e-04
1.107928299999999961e-04
1.107928299999999961e-04
1.107928299999999961e-04
1.107928299999999961e-04
1.107928299999999961e-04
1.107928399999999968e-04
1.107928399999999968e-04
1.107928399999999968e-04
1.107928399999999968e-04
1.107928399999999968e-04
1.107928399999999968e-04
1.107928399999999968e-04
1.107928399999999968e-04
1.107928399999999968e-04
1.107928399999999968e-04
1.107928399999999968e-04
1.107928399999999968e-04
1.107928399999999968e-04
1.107928399999999968e-04
1.107928399999999968e-04
1.107928399999999968e-04
1.107928499999999975e-04
1.107928499999999975e-04
1.107928499999999975e-04
1.107928499999999975e-04
1.107928499999999975e-04
1.107928499999999975e-04
1.107928499999999975e-04
1.107928499999999975e-04
1.107928499999999975e-04
1.107928499999999975e-04
1.107928499999999975e-04
1.107928499999999975e-04
1.107928599999999982e-04
1.107928599999999982e-04
1.107928599999999982e-04
1.107928599999999982e-04
1.107928599999999982e-04
1.107928599999999982e-04
1.107928599999999982e-04
1.107928599999999982e-04
1.107928599999999982e-04
1.107928599999999982e-04
1.107928599999999982e-04
1.107928599999999982e-04
1.107928599999999982e-04
1.107928599999999982e-04
1.107928599999999982e-04
1.107928599999999982e-04
1.107928599999999982e-04
1.107928599999999982e-04
1.107928599999999982e-04
1.107928599999999982e-04
1.107928699999999989e-04
1.107928699999999989e-04
1.107928699999999989e-04
1.107928699999999989e-04
1.107928699999999989e-04
1.107928699999999989e-04
1.107928699999999989e-04
1.107928699999999989e-04
1.107928699999999989e-04
1.107928699999999989e-04
1.107928699999999989e-04
1.107928699999999989e-04
1.107928799999999996e-04
1.107928799999999996e-04
1.107928799999999996e-04
1.107928799999999996e-04
1.107928799999999996e-04
1.107928799999999996e-04
1.107928799999999996e-04
1.107928799999999996e-04
1.107928799999999996e-04
1.107928799999999996e-04
1.107928799999999996e-04
1.107928799999999996e-04
1.107928900000000003e-04
1.107928900000000003e-04
1.107928900000000003e-04
1.107928900000000003e-04
1.107928900000000003e-04
1.107928900000000003e-04
1.107928900000000003e-04
1.107928900000000003e-04
1.107928900000000003e-04
1.107928900000000003e-04
1.107929000000000010e-04
1.107929000000000010e-04
1.107929000000000010e-04
1.107929000000000010e-04
1.107929000000000010e-04
1.107929000000000010e-04
1.109722099999999951e-04
1.116242999999999944e-04
1.129601099999999968e-04
1.139929700000000024e-04
1.142822000000000016e-04
1.161869399999999999e-04
1.167242500000000065e-04
1.200877700000000037e-04
1.226058400000000004e-04
1.227115300000000079e-04
1.227319799999999884e-04
1.239243500000000123e-04
1.239290699999999901e-04
1.239291400000000086e-04
1.244094700000000135e-04
1.246586200000000008e-04
1.247218000000000025e-04
1.250951999999999945e-04
1.265868399999999882e-04
1.275846300000000070e-04
1.289728199999999874e-04
1.290868799999999976e-04
1.296492499999999954e-04
1.299239600000000089e-04
1.302887599999999957e-04
1.321319899999999872e-04
1.321685999999999868e-04
1.324261899999999953e-04
1.327198600000000070e-04
1.328840800000000025e-04
1.345452699999999987e-04
1.349133200000000095e-04
1.354778099999999930e-04
1.355563399999999978e-04
1.356403500000000065e-04
1.358732399999999947e-04
1.360700599999999940e-04
1.360703000000000108e-04
1.367690900000000109e-04
1.367690900000000109e-04
1.391323600000000070e-04
1.391323600000000070e-04
1.391532099999999883e-04
1.391532099999999883e-04
1.412740100000000037e-04
1.412740100000000037e-04
1.429834700000000020e-04
1.429834700000000020e-04
1.442089699999999990e-04
1.442089699999999990e-04
1.448216100000000034e-04
1.448216100000000034e-04
1.452188300000000084e-04
1.452188300000000084e-04
1.468228199999999876e-04
1.468228399999999890e-04
1.474870900000000123e-04
1.474870900000000123e-04
1.503981499999999891e-04
1.503981499999999891e-04
1.512292400000000015e-04
1.512292400000000015e-04
1.525500100000000089e-04
1.525500199999999960e-04
1.527780200000000081e-04
1.527780200000000081e-04
1.541189699999999906e-04
1.541189800000000048e-04
1.550972899999999890e-04
1.550973000000000033e-04
1.556079699999999893e-04
1.556079699999999893e-04
1.556079899999999907e-04
1.556079899999999907e-04
1.563553600000000012e-04
1.563553600000000012e-04
1.596615600000000001e-04
1.596615600000000001e-04
1.640463900000000081e-04
1.640463900000000081e-04
1.652605600000000121e-04
1.652605600000000121e-04
1.678236200000000119e-04
1.678236200000000119e-04
1.706458000000000053e-04
1.706458000000000053e-04
1.727702099999999885e-04
1.727702400000000042e-04
1.747053200000000107e-04
1.747053200000000107e-04
1.749435200000000045e-04
1.749435200000000045e-04
1.751319799999999881e-04
1.751320100000000038e-04
1.756788100000000101e-04
1.756788100000000101e-04
1.771191099999999902e-04
1.771191499999999930e-04
1.782958200000000029e-04
1.782958200000000029e-04
1.807913599999999956e-04
1.807913599999999956e-04
1.811369100000000045e-04
1.811369100000000045e-04
1.816139500000000097e-04
1.816139599999999968e-04
1.817233200000000035e-04
1.817233200000000035e-04
1.823413499999999919e-04
1.823413499999999919e-04
1.858568099999999930e-04
1.858568099999999930e-04
1.868734899999999915e-04
1.868734899999999915e-04
1.868955200000000012e-04
1.868955200000000012e-04
1.876701800000000098e-04
1.876702299999999997e-04
1.879503499999999987e-04
1.879503499999999987e-04
1.903468200000000134e-04
1.903468200000000134e-04
1.904269699999999960e-04
1.904269699999999960e-04
1.914882699999999988e-04
1.914882699999999988e-04
1.937026900000000040e-04
1.937026900000000040e-04
1.941783299999999925e-04
1.941783299999999925e-04
1.945167700000000055e-04
1.945167799999999926e-04
1.958437200000000115e-04
1.958437200000000115e-04
1.965690900000000008e-04
1.965690900000000008e-04
1.967908799999999985e-04
1.967908799999999985e-04
1.972104799999999970e-04
1.972105499999999884e-04
2.046556200000000008e-04
2.046556200000000008e-04
2.055541699999999890e-04
2.055541699999999890e-04
2.069092099999999949e-04
2.069092099999999949e-04
2.112585000000000103e-04
2.112585099999999974e-04
2.113690700000000068e-04
2.113690700000000068e-04
2.118129400000000090e-04
2.118129400000000090e-04
2.134613799999999942e-04
2.134613799999999942e-04
2.136100000000000097e-04
2.136100000000000097e-04
2.176900399999999870e-04
2.176900399999999870e-04
2.188428100000000054e-04
2.188428100000000054e-04
2.198096399999999997e-04
2.198096399999999997e-04
2.203253500000000131e-04
2.203254400000000059e-04
2.211245999999999936e-04
2.211245999999999936e-04
2.215812200000000069e-04
2.215812200000000069e-04
2.216200099999999964e-04
2.216200099999999964e-04
2.225877100000000109e-04
2.225877100000000109e-04
2.232288500000000032e-04
2.232288500000000032e-04
2.234240099999999947e-04
2.234240099999999947e-04
2.235768100000000045e-04
2.235768100000000045e-04
2.253753900000000031e-04
2.253753900000000031e-04
2.258698199999999916e-04
2.258698199999999916e-04
2.281046599999999886e-04
2.281046599999999886e-04
2.285115700000000074e-04
2.285115700000000074e-04
2.295340700000000065e-04
2.295340700000000065e-04
2.299166200000000017e-04
2.299166200000000017e-04
2.316742899999999980e-04
2.316743399999999879e-04
2.327406999999999924e-04
2.327406999999999924e-04
2.329294399999999956e-04
2.329294399999999956e-04
2.333260600000000129e-04
2.333260600000000129e-04
2.350644100000000129e-04
2.350644100000000129e-04
2.394423300000000118e-04
2.394423300000000118e-04
2.402675799999999951e-04
2.402675799999999951e-04
2.412915500000000022e-04
2.412915500000000022e-04
2.413541800000000060e-04
2.413541800000000060e-04
2.425850199999999971e-04
2.425850199999999971e-04
2.465725799999999831e-04
2.465725799999999831e-04
2.475395099999999843e-04
2.475395099999999843e-04
2.478221900000000268e-04
2.478222799999999925e-04
2.529960700000000065e-04
2.529960800000000207e-04
2.560034199999999837e-04
2.560034199999999837e-04
2.579687399999999915e-04
2.579687399999999915e-04
2.583732999999999950e-04
2.583732999999999950e-04
2.601158500000000178e-04
2.601158500000000178e-04
2.606619100000000266e-04
2.606619100000000266e-04
2.613689600000000082e-04
2.613689600000000082e-04
2.623238599999999946e-04
2.623238599999999946e-04
2.624608500000000233e-04
2.624608500000000233e-04
2.667679399999999868e-04
2.667679399999999868e-04
2.668892299999999743e-04
2.668892299999999743e-04
2.672163199999999929e-04
2.672163199999999929e-04
2.690518600000000021e-04
2.690518600000000021e-04
2.694272500000000113e-04
2.694272600000000256e-04
2.699127500000000120e-04
2.699127500000000120e-04
2.718857400000000007e-04
2.718857400000000007e-04
2.721839299999999763e-04
2.721839299999999763e-04
2.730639400000000228e-04
2.730639400000000228e-04
2.759688099999999867e-04
2.759688099999999867e-04
2.812049999999999749e-04
2.812049999999999749e-04
2.849730500000000142e-04
2.849730500000000142e-04
2.890178799999999814e-04
2.890178799999999814e-04
2.910832600000000229e-04
2.910832600000000229e-04
2.916780499999999847e-04
2.916780599999999990e-04
2.940164699999999907e-04
2.940164699999999907e-04
2.940775000000000181e-04
2.940775000000000181e-04
2.945503300000000134e-04
2.945503300000000134e-04
2.945904500000000011e-04
2.945904500000000011e-04
2.963888499999999871e-04
2.963888499999999871e-04
2.965234500000000248e-04
2.965234500000000248e-04
2.973204600000000112e-04
2.973204600000000112e-04
2.984940599999999825e-04
2.984940599999999825e-04
3.007057200000000114e-04
3.007057200000000114e-04
3.019052699999999955e-04
3.019052699999999955e-04
3.030940899999999744e-04
3.030940899999999744e-04
3.036867799999999791e-04
3.036867799999999791e-04
3.049562899999999784e-04
3.049562999999999927e-04
3.057337599999999803e-04
3.057337599999999803e-04
3.260263799999999846e-04
3.260939699999999830e-04
3.465940900000000018e-04
3.465940900000000018e-04
3.889759699999999817e-04
3.890395999999999741e-04
3.940002800000000013e-04
3.940713899999999750e-04
4.023488800000000250e-04
4.023649399999999830e-04
4.023651399999999970e-04
4.023883100000000051e-04
4.053078500000000060e-04
4.053078500000000060e-04
4.053078500000000060e-04
4.053078500000000060e-04
4.088984700000000065e-04
4.089417799999999869e-04
4.222899399999999930e-04
4.222899399999999930e-04
4.355086300000000086e-04
4.355369300000000096e-04
4.355369899999999867e-04
4.355370000000000010e-04
4.355370000000000010e-04
4.355370100000000152e-04
4.355370199999999753e-04
4.355370199999999753e-04
4.355370500000000180e-04
4.355370500000000180e-04
4.355371300000000236e-04
4.355371300000000236e-04
4.355371300000000236e-04
4.355371300000000236e-04
4.355371700000000264e-04
4.355371799999999865e-04
4.355372000000000150e-04
4.355372000000000150e-04
4.355373699999999862e-04
4.355373699999999862e-04
4.355374200000000032e-04
4.355374200000000032e-04
4.355374499999999918e-04
4.355374499999999918e-04
4.355374899999999946e-04
4.355374899999999946e-04
4.355375400000000116e-04
4.357219199999999809e-04
4.389067599999999739e-04
4.389407399999999929e-04
4.523112400000000167e-04
4.523267699999999783e-04
4.605252500000000171e-04
4.606840100000000101e-04
4.746552000000000019e-04
4.763667299999999960e-04
4.763667299999999960e-04
4.771460599999999925e-04
4.771460599999999925e-04
4.777484399999999839e-04
4.777484499999999981e-04
4.787553799999999787e-04
4.803769199999999794e-04
4.803769199999999794e-04
4.808362599999999932e-04
4.808362599999999932e-04
4.814631699999999794e-04
4.814631699999999794e-04
4.825157900000000256e-04
4.825157900000000256e-04
4.826329400000000215e-04
4.826329499999999816e-04
4.831225800000000137e-04
4.831225800000000137e-04
4.833067200000000204e-04
4.833067200000000204e-04
4.837871399999999909e-04
4.837871399999999909e-04
4.842345900000000268e-04
4.842345900000000268e-04
4.842560800000000258e-04
4.842560800000000258e-04
4.847413500000000239e-04
4.847413500000000239e-04
4.870324199999999837e-04
4.870324199999999837e-04
4.870743200000000146e-04
4.870743200000000146e-04
4.872251700000000099e-04
4.872251700000000099e-04
4.900892000000000442e-04
4.900892100000000043e-04
4.903140000000000493e-04
4.903140000000000493e-04
4.905208899999999534e-04
4.905208899999999534e-04
4.909941999999999822e-04
4.909941999999999822e-04
4.914033799999999565e-04
4.914033799999999565e-04
4.925281500000000491e-04
4.925281500000000491e-04
4.944958500000000336e-04
4.944958500000000336e-04
4.975397299999999778e-04
4.975397299999999778e-04
4.978998999999999795e-04
4.978998999999999795e-04
4.979286700000000541e-04
4.979286800000000141e-04
4.980708900000000014e-04
4.980708999999999614e-04
4.982857300000000144e-04
4.982857300000000144e-04
4.989763600000000129e-04
4.989763600000000129e-04
4.992396199999999708e-04
4.992396199999999708e-04
4.996156399999999564e-04
4.996156399999999564e-04
4.999975099999999853e-04
4.999975099999999853e-04
5.002606900000000460e-04
5.002606900000000460e-04
5.016468400000000192e-04
5.016468499999999792e-04
5.023005900000000398e-04
5.023005900000000398e-04
5.024305799999999583e-04
5.024305799999999583e-04
5.025678800000000493e-04
5.025678800000000493e-04
5.030272500000000516e-04
5.030272500000000516e-04
5.033517500000000110e-04
5.033517500000000110e-04
5.048965700000000115e-04
5.048965700000000115e-04
5.054421499999999868e-04
5.054421499999999868e-04
5.055116899999999996e-04
5.055116899999999996e-04
5.056810200000000409e-04
5.056810200000000409e-04
5.058104200000000401e-04
5.058104200000000401e-04
5.062780299999999683e-04
5.062780299999999683e-04
5.067706599999999935e-04
5.067706599999999935e-04
5.083888499999999902e-04
5.083888499999999902e-04
5.093826199999999717e-04
5.093826199999999717e-04
5.094179400000000031e-04
5.094179499999999632e-04
5.129906399999999969e-04
5.129906399999999969e-04
5.171919999999999773e-04
5.171919999999999773e-04
5.176535199999999538e-04
5.176535199999999538e-04
5.180880700000000359e-04
5.180880700000000359e-04
5.185109200000000314e-04
5.185109200000000314e-04
5.195935000000000050e-04
5.195935000000000050e-04
5.221942700000000272e-04
5.221942799999999872e-04
5.224689799999999865e-04
5.224689799999999865e-04
5.225784800000000301e-04
5.225784899999999901e-04
5.226343399999999534e-04
5.226343399999999534e-04
5.247265000000000523e-04
5.247265000000000523e-04
5.247677899999999727e-04
5.247678000000000412e-04
5.248534900000000319e-04
5.248534900000000319e-04
5.260960700000000311e-04
5.261235099999999991e-04
5.279569700000000254e-04
5.279569700000000254e-04
5.279807199999999928e-04
5.279807199999999928e-04
5.281115899999999728e-04
5.281115899999999728e-04
5.288104199999999486e-04
5.288104199999999486e-04
5.289852099999999653e-04
5.289852099999999653e-04
5.324470899999999857e-04
5.324471000000000542e-04
5.325862399999999486e-04
5.325862399999999486e-04
5.345637299999999540e-04
5.345637299999999540e-04
5.353630700000000086e-04
5.353630700000000086e-04
5.354183400000000126e-04
5.354183400000000126e-04
5.357533899999999917e-04
5.357533899999999917e-04
5.372052299999999659e-04
5.372052400000000344e-04
5.372075800000000083e-04
5.372075800000000083e-04
5.392952000000000336e-04
5.392952000000000336e-04
5.405844500000000314e-04
5.405844599999999915e-04
5.406652500000000460e-04
5.406652600000000060e-04
5.414246900000000470e-04
5.414246900000000470e-04
5.416875700000000054e-04
5.416875799999999654e-04
5.420579900000000329e-04
5.420579900000000329e-04
5.427545499999999719e-04
5.427545499999999719e-04
5.430441300000000363e-04
5.430441300000000363e-04
5.440917999999999666e-04
5.440917999999999666e-04
5.445422600000000097e-04
5.445422600000000097e-04
5.469849000000000152e-04
5.469849099999999752e-04
5.471964099999999985e-04
5.471964099999999985e-04
5.479769099999999820e-04
5.479769099999999820e-04
5.483100799999999922e-04
5.483100799999999922e-04
5.488019500000000184e-04
5.488019500000000184e-04
5.501107900000000179e-04
5.501107900000000179e-04
5.507865000000000026e-04
5.507865000000000026e-04
5.508116299999999852e-04
5.508116299999999852e-04
5.509529800000000479e-04
5.509529800000000479e-04
5.516550999999999963e-04
5.516550999999999963e-04
5.530674099999999564e-04
5.530674099999999564e-04
5.555805099999999849e-04
5.555805099999999849e-04
5.558614599999999470e-04
5.558614599999999470e-04
5.567103199999999964e-04
5.567103199999999964e-04
5.574758000000000404e-04
5.574758000000000404e-04
5.582863799999999597e-04
5.582863799999999597e-04
5.587862099999999464e-04
5.587862099999999464e-04
5.588313799999999757e-04
5.588313799999999757e-04
5.590288099999999498e-04
5.590288099999999498e-04
5.595654199999999887e-04
5.595654199999999887e-04
5.596307500000000188e-04
5.596307500000000188e-04
5.602254199999999722e-04
5.602254199999999722e-04
5.630624100000000123e-04
5.630624100000000123e-04
5.641740400000000259e-04
5.641740400000000259e-04
5.659991800000000123e-04
5.659991800000000123e-04
5.689121599999999879e-04
5.689121699999999480e-04
5.699097700000000212e-04
5.699097700000000212e-04
5.699858500000000308e-04
5.699858500000000308e-04
5.715103099999999624e-04
5.715103099999999624e-04
5.715721699999999801e-04
5.715721699999999801e-04
5.718510999999999907e-04
5.718510999999999907e-04
5.733234100000000281e-04
5.733234100000000281e-04
5.753050200000000506e-04
5.753050200000000506e-04
5.773938800000000000e-04
5.773938800000000000e-04
5.774960900000000079e-04
5.774960900000000079e-04
5.783859000000000352e-04
5.783859000000000352e-04
5.790707599999999960e-04
5.790707599999999960e-04
5.797100700000000365e-04
5.797100700000000365e-04
5.799684100000000297e-04
5.799684199999999897e-04
5.809305999999999975e-04
5.809306099999999575e-04
5.812258000000000485e-04
5.812258000000000485e-04
5.846172000000000174e-04
5.846182399999999817e-04
5.855679099999999953e-04
5.855679099999999953e-04
5.856713199999999788e-04
5.856713199999999788e-04
5.863114499999999953e-04
5.863114499999999953e-04
5.865538999999999475e-04
5.865539100000000160e-04
5.866475400000000472e-04
5.866475400000000472e-04
5.873114899999999682e-04
5.873114899999999682e-04
5.875005700000000223e-04
5.875005700000000223e-04
5.878842499999999745e-04
5.878842600000000430e-04
5.886958300000000180e-04
5.886958300000000180e-04
5.921273300000000003e-04
5.921273300000000003e-04
5.925357499999999757e-04
5.925357600000000441e-04
5.927677600000000107e-04
5.927677600000000107e-04
5.934674599999999797e-04
5.934674700000000481e-04
5.937119700000000489e-04
5.937119700000000489e-04
5.941915999999999778e-04
5.941939500000000202e-04
5.948562200000000405e-04
5.948562200000000405e-04
5.950929300000000520e-04
5.950929300000000520e-04
5.951848499999999771e-04
5.951852200000000166e-04
5.955327500000000013e-04
5.955332900000000120e-04
5.958655300000000521e-04
5.958655300000000521e-04
5.964536399999999803e-04
5.964536399999999803e-04
5.981521999999999751e-04
5.981522100000000435e-04
6.022366699999999505e-04
6.022366699999999505e-04
6.025080499999999886e-04
6.025080499999999886e-04
6.025798699999999983e-04
6.025798699999999983e-04
6.028136899999999567e-04
6.028137000000000252e-04
6.030142500000000008e-04
6.030142599999999608e-04
6.039062800000000479e-04
6.039062800000000479e-04
6.041892300000000415e-04
6.041892300000000415e-04
6.043298199999999967e-04
6.043298199999999967e-04
6.045681399999999718e-04
6.045681399999999718e-04
6.049653199999999740e-04
6.049653199999999740e-04
6.056521999999999947e-04
6.056522099999999548e-04
6.078026800000000535e-04
6.078026800000000535e-04
6.078917400000000224e-04
6.078917499999999825e-04
6.084399400000000454e-04
6.084399400000000454e-04
6.096670000000000431e-04
6.096670000000000431e-04
6.098244499999999580e-04
6.098244499999999580e-04
6.101220600000000285e-04
6.101220699999999886e-04
6.102038499999999904e-04
6.102038499999999904e-04
6.106269199999999741e-04
6.106269199999999741e-04
6.120983399999999899e-04
6.120983399999999899e-04
6.139872499999999515e-04
6.139872600000000199e-04
6.140365399999999979e-04
6.140365399999999979e-04
6.143835200000000120e-04
6.143835200000000120e-04
6.146818000000000073e-04
6.146818000000000073e-04
6.147603400000000535e-04
6.147603400000000535e-04
6.148930600000000139e-04
6.148930699999999739e-04
6.150679900000000132e-04
6.150679900000000132e-04
6.150824899999999705e-04
6.150824899999999705e-04
6.156547399999999547e-04
6.156547399999999547e-04
6.179606299999999483e-04
6.179606400000000168e-04
6.182462899999999553e-04
6.182462899999999553e-04
6.182484400000000380e-04
6.182485000000000151e-04
6.185564300000000485e-04
6.185564300000000485e-04
6.193173400000000304e-04
6.193173499999999904e-04
6.206955499999999631e-04
6.206955499999999631e-04
6.208575899999999688e-04
6.208575899999999688e-04
6.221502200000000133e-04
6.221502200000000133e-04
6.222554100000000400e-04
6.222554100000000400e-04
6.231477000000000240e-04
6.231477000000000240e-04
6.258806799999999844e-04
6.258806799999999844e-04
6.263288499999999622e-04
6.263288499999999622e-04
6.268424899999999527e-04
6.268424899999999527e-04
6.283295899999999812e-04
6.283295899999999812e-04
6.286623099999999464e-04
6.286623099999999464e-04
6.299453500000000384e-04
6.299453500000000384e-04
6.304481299999999469e-04
6.304481400000000154e-04
6.306337499999999487e-04
6.306338700000000113e-04
6.319478999999999808e-04
6.319482799999999803e-04
6.342388500000000406e-04
6.342388500000000406e-04
6.343248400000000252e-04
6.343248400000000252e-04
6.347715199999999936e-04
6.347715199999999936e-04
6.360009199999999653e-04
6.360009199999999653e-04
6.368185400000000518e-04
6.368185500000000119e-04
6.381090100000000537e-04
6.381090100000000537e-04
6.383100399999999544e-04
6.383100399999999544e-04
6.390196400000000467e-04
6.390196400000000467e-04
6.397970299999999888e-04
6.397970299999999888e-04
6.403670100000000446e-04
6.403670100000000446e-04
6.412553100000000341e-04
6.412553100000000341e-04
6.429681200000000093e-04
6.429681200000000093e-04
6.434014600000000474e-04
6.434014600000000474e-04
6.437133900000000354e-04
6.437133900000000354e-04
6.447605699999999721e-04
6.447605699999999721e-04
6.453905200000000083e-04
6.453905299999999684e-04
6.456122800000000175e-04
6.456125299999999944e-04
6.470655599999999841e-04
6.470655599999999841e-04
6.471865400000000176e-04
6.471865400000000176e-04
6.487161699999999991e-04
6.487161699999999991e-04
6.492585699999999958e-04
6.492585699999999958e-04
6.496777200000000306e-04
6.496778900000000018e-04
6.503678100000000184e-04
6.503678100000000184e-04
6.509289300000000236e-04
6.509289300000000236e-04
6.514768499999999728e-04
6.514768499999999728e-04
6.515933399999999497e-04
6.515933399999999497e-04
6.516208799999999518e-04
6.516208799999999518e-04
6.516349799999999895e-04
6.516349799999999895e-04
6.520506600000000120e-04
6.520506600000000120e-04
6.521178600000000509e-04
6.521178600000000509e-04
6.523515599999999467e-04
6.523515599999999467e-04
6.547228200000000274e-04
6.547228299999999874e-04
6.556919500000000199e-04
6.556919500000000199e-04
6.563083299999999606e-04
6.563083299999999606e-04
6.563737699999999849e-04
6.563737699999999849e-04
6.565784699999999662e-04
6.565784800000000346e-04
6.580153999999999951e-04
6.580157299999999775e-04
6.588312799999999870e-04
6.588312799999999870e-04
6.593466599999999638e-04
6.593466700000000322e-04
6.593767400000000081e-04
6.593767400000000081e-04
6.599369799999999517e-04
6.599369799999999517e-04
6.600635499999999833e-04
6.600635499999999833e-04
6.619289599999999543e-04
6.619289599999999543e-04
6.625241299999999698e-04
6.625241299999999698e-04
6.640189399999999820e-04
6.640195000000000212e-04
6.644185399999999637e-04
6.644185399999999637e-04
6.646507900000000156e-04
6.646507900000000156e-04
6.647518399999999966e-04
6.647518399999999966e-04
6.653316500000000218e-04
6.653316700000000503e-04
6.653348000000000118e-04
6.727044300000000051e-04
6.727044399999999652e-04
6.924600599999999710e-04
6.924600599999999710e-04
6.968806599999999470e-04
6.968806599999999470e-04
6.970957399999999768e-04
6.970957500000000452e-04
7.023806499999999580e-04
7.023806699999999865e-04
7.031896099999999537e-04
7.031986099999999870e-04
7.083334099999999975e-04
7.083334399999999861e-04
7.083334399999999861e-04
7.084123600000000317e-04
7.084123600000000317e-04
7.084561199999999488e-04
7.084561199999999488e-04
7.084882899999999902e-04
7.084882899999999902e-04
7.084998100000000371e-04
7.084998100000000371e-04
7.086605599999999932e-04
7.086605599999999932e-04
7.087404100000000090e-04
7.087404100000000090e-04
7.087568700000000492e-04
7.087574700000000370e-04
7.089759800000000221e-04
7.089764499999999872e-04
7.094556400000000479e-04
7.094560699999999560e-04
7.100828799999999623e-04
7.100828799999999623e-04
7.101297200000000406e-04
7.101298800000000518e-04
7.102073599999999967e-04
7.102076699999999507e-04
7.104096999999999756e-04
7.104123099999999549e-04
7.104123200000000233e-04
7.104123200000000233e-04
7.104123200000000233e-04
7.104123200000000233e-04
7.104123200000000233e-04
7.104123200000000233e-04
7.104123200000000233e-04
7.104123200000000233e-04
7.104123200000000233e-04
7.104123299999999834e-04
7.104123299999999834e-04
7.117596400000000042e-04
7.117646699999999630e-04
7.121650999999999893e-04
7.121651200000000178e-04
7.121745900000000162e-04
7.121745999999999762e-04
7.121779300000000059e-04
7.121779399999999659e-04
7.121826299999999823e-04
7.121833000000000156e-04
7.122152900000000173e-04
7.122152900000000173e-04
7.122174399999999916e-04
7.122174399999999916e-04
7.122588100000000260e-04
7.122588400000000146e-04
7.122693700000000058e-04
7.122720699999999508e-04
7.122841800000000254e-04
7.122841800000000254e-04
7.122841800000000254e-04
7.122841800000000254e-04
7.122843499999999967e-04
7.122843499999999967e-04
7.122947400000000052e-04
7.122959399999999807e-04
7.122993200000000275e-04
7.122993200000000275e-04
7.123051500000000423e-04
7.123051699999999624e-04
7.130226400000000495e-04
7.130462800000000228e-04
7.137981599999999828e-04
7.138663400000000089e-04
7.203876499999999636e-04
7.204094299999999965e-04
7.208555399999999657e-04
7.208674100000000235e-04
7.211527099999999512e-04
7.211849399999999697e-04
7.228510600000000261e-04
7.228510600000000261e-04
7.242612899999999491e-04
7.242612899999999491e-04
7.262123600000000307e-04
7.262162200000000026e-04
7.264627099999999664e-04
7.264655299999999739e-04
7.267420100000000164e-04
7.267420100000000164e-04
7.282237700000000237e-04
7.282255300000000384e-04
7.294774700000000419e-04
7.294774700000000419e-04
7.306698699999999731e-04
7.306767700000000492e-04
7.347848400000000493e-04
7.347863299999999502e-04
7.350502100000000328e-04
7.350717999999999575e-04
7.354751899999999740e-04
7.355042700000000025e-04
7.379089599999999688e-04
7.379089599999999688e-04
7.388613300000000357e-04
7.388663899999999831e-04
7.389002200000000051e-04
7.389002200000000051e-04
7.423723999999999601e-04
7.423891099999999771e-04
7.439699599999999909e-04
7.439878999999999720e-04
7.447506300000000540e-04
7.447506300000000540e-04
7.505349199999999769e-04
7.505622800000000478e-04
7.516277499999999764e-04
7.516447200000000387e-04
7.525912000000000053e-04
7.526120399999999995e-04
7.536367600000000184e-04
7.536556200000000096e-04
7.554764100000000305e-04
7.554835099999999580e-04
7.561583000000000410e-04
7.561650499999999575e-04
7.562441199999999459e-04
7.562702399999999842e-04
7.590329799999999665e-04
7.590714100000000393e-04
7.629078899999999731e-04
7.629078899999999731e-04
7.651462399999999853e-04
7.651542499999999629e-04
7.680181800000000173e-04
7.680237700000000153e-04
7.680672799999999556e-04
7.680820599999999866e-04
7.682508200000000287e-04
7.682508200000000287e-04
7.691001300000000146e-04
7.691046800000000483e-04
7.716476700000000129e-04
7.716612900000000171e-04
7.728441599999999728e-04
7.728551699999999976e-04
7.729893100000000301e-04
7.729928600000000481e-04
7.743258300000000144e-04
7.743479700000000182e-04
7.752825300000000183e-04
7.752847000000000210e-04
7.762589699999999666e-04
7.762676600000000459e-04
7.765034699999999674e-04
7.765237500000000308e-04
7.782265499999999970e-04
7.783048099999999693e-04
7.797777499999999831e-04
7.797891199999999788e-04
7.813524199999999711e-04
7.813914200000000431e-04
7.821400900000000361e-04
7.821519800000000140e-04
7.836660600000000055e-04
7.836796000000000040e-04
7.843792199999999673e-04
7.843792199999999673e-04
7.845047300000000060e-04
7.845293900000000235e-04
7.852057700000000416e-04
7.852082200000000097e-04
7.864223399999999966e-04
7.864223399999999966e-04
7.871930699999999878e-04
7.871930699999999878e-04
7.884305799999999712e-04
7.884420100000000525e-04
7.895677600000000238e-04
7.895694100000000444e-04
7.901267700000000034e-04
7.901467199999999760e-04
7.947215000000000312e-04
7.947828500000000268e-04
7.951236200000000266e-04
7.951426400000000290e-04
7.951517800000000450e-04
7.951574899999999972e-04
7.959902400000000173e-04
7.959902400000000173e-04
7.965308299999999822e-04
7.965335999999999727e-04
7.993031999999999741e-04
7.993031999999999741e-04
8.011724100000000483e-04
8.011954300000000053e-04
8.013786600000000161e-04
8.013786600000000161e-04
8.014213499999999803e-04
8.014894599999999609e-04
8.016075500000000497e-04
8.016093299999999845e-04
8.030053100000000355e-04
8.030053100000000355e-04
8.030053100000000355e-04
8.030053100000000355e-04
8.030053100000000355e-04
8.030053100000000355e-04
8.030053100000000355e-04
8.030053100000000355e-04
8.030053100000000355e-04
8.030053100000000355e-04
8.030053100000000355e-04
8.030053100000000355e-04
8.030053100000000355e-04
8.030053100000000355e-04
8.030053100000000355e-04
8.041482199999999605e-04
8.041482300000000289e-04
8.044717100000000525e-04
8.044717200000000125e-04
8.058470000000000520e-04
8.058470199999999721e-04
8.063406599999999730e-04
8.063406700000000414e-04
8.067378099999999866e-04
8.067378600000000037e-04
8.069254699999999685e-04
8.069254699999999685e-04
8.075580200000000240e-04
8.075580299999999840e-04
8.077519700000000257e-04
8.077519899999999458e-04
8.078482299999999562e-04
8.078482700000000133e-04
8.079254900000000213e-04
8.079255100000000498e-04
8.083676500000000530e-04
8.083676699999999731e-04
8.090110500000000137e-04
8.090110899999999623e-04
8.092515699999999800e-04
8.092515800000000484e-04
8.097326300000000495e-04
8.097326600000000381e-04
8.100037600000000023e-04
8.100038199999999794e-04
8.103200000000000073e-04
8.103200000000000073e-04
8.105346500000000206e-04
8.105346700000000491e-04
8.107457700000000444e-04
8.107457800000000044e-04
8.108839499999999801e-04
8.108839700000000086e-04
8.120466700000000034e-04
8.120467400000000490e-04
8.122313799999999551e-04
8.122314299999999722e-04
8.123642699999999951e-04
8.123642900000000236e-04
8.124644700000000115e-04
8.124644900000000400e-04
8.125260100000000069e-04
8.125260100000000069e-04
8.135902999999999885e-04
8.135903099999999485e-04
8.171817900000000363e-04
8.171818099999999564e-04
8.175326800000000393e-04
8.175326800000000393e-04
8.182222300000000165e-04
8.182222399999999765e-04
8.192693799999999646e-04
8.192693799999999646e-04
8.204039699999999581e-04
8.204040199999999752e-04
8.215303899999999628e-04
8.215303899999999628e-04
8.222458800000000470e-04
8.222458900000000070e-04
8.225634899999999987e-04
8.225635499999999758e-04
8.226946700000000411e-04
8.226946899999999611e-04
8.238201799999999957e-04
8.238201899999999557e-04
8.240735700000000356e-04
8.240735700000000356e-04
8.241612799999999779e-04
8.241613099999999664e-04
8.243575500000000335e-04
8.243575599999999936e-04
8.247057300000000231e-04
8.247057900000000002e-04
8.249945999999999972e-04
8.249946800000000028e-04
8.253015099999999864e-04
8.253015300000000149e-04
8.256424100000000089e-04
8.256424300000000374e-04
8.270362399999999772e-04
8.270362500000000457e-04
8.272339000000000081e-04
8.272339200000000366e-04
8.274333300000000137e-04
8.274333500000000423e-04
8.274434399999999485e-04
8.274434500000000170e-04
8.276477300000000502e-04
8.276477400000000102e-04
8.278774099999999629e-04
8.278774200000000314e-04
8.295105999999999790e-04
8.295105999999999790e-04
8.312770300000000461e-04
8.312770300000000461e-04
8.319723999999999696e-04
8.319723999999999696e-04
8.321698999999999893e-04
8.321698999999999893e-04
8.323668500000000383e-04
8.323669199999999754e-04
8.339367299999999759e-04
8.339367299999999759e-04
8.344530400000000313e-04
8.344530499999999913e-04
8.354693300000000161e-04
8.354693600000000046e-04
8.364872499999999930e-04
8.364872799999999815e-04
8.368495300000000203e-04
8.368495399999999803e-04
8.370973799999999708e-04
8.370973999999999993e-04
8.374334499999999942e-04
8.374335000000000112e-04
8.374455500000000004e-04
8.374455899999999490e-04
8.376726300000000023e-04
8.376726599999999908e-04
8.389759000000000322e-04
8.389759399999999808e-04
8.397367399999999685e-04
8.397367399999999685e-04
8.405861299999999601e-04
8.405861599999999486e-04
8.410778199999999465e-04
8.410778300000000150e-04
8.420086400000000373e-04
8.420086499999999974e-04
8.427678700000000101e-04
8.427678700000000101e-04
8.430109699999999671e-04
8.430109999999999557e-04
8.431365199999999544e-04
8.431365399999999830e-04
8.433266699999999614e-04
8.433266699999999614e-04
8.435992700000000035e-04
8.435992799999999636e-04
8.437269099999999879e-04
8.437269099999999879e-04
8.440731599999999916e-04
8.440732199999999687e-04
8.456875299999999651e-04
8.456875599999999537e-04
8.457156599999999949e-04
8.457156699999999550e-04
8.458984800000000177e-04
8.458985100000000062e-04
8.460176099999999625e-04
8.460176299999999910e-04
8.468845499999999756e-04
8.468845600000000440e-04
8.473203199999999533e-04
8.473203199999999533e-04
8.475178100000000129e-04
8.475178300000000414e-04
8.479989600000000481e-04
8.479989799999999682e-04
8.481686399999999919e-04
8.481686699999999805e-04
8.482429800000000153e-04
8.482429800000000153e-04
8.482914100000000287e-04
8.482914199999999887e-04
8.489172700000000363e-04
8.489173099999999849e-04
8.489339800000000533e-04
8.489340200000000019e-04
8.490760999999999665e-04
8.490761499999999835e-04
8.492679400000000510e-04
8.492679500000000110e-04
8.493597400000000219e-04
8.493597799999999705e-04
8.502793399999999512e-04
8.502793399999999512e-04
8.505402499999999751e-04
8.505402600000000436e-04
8.508925100000000333e-04
8.508925199999999934e-04
8.509061100000000089e-04
8.509061100000000089e-04
8.512038700000000221e-04
8.512038799999999822e-04
8.529401499999999994e-04
8.529402099999999765e-04
8.534435500000000325e-04
8.534435500000000325e-04
8.534936599999999466e-04
8.534936900000000435e-04
8.537405399999999783e-04
8.537405500000000468e-04
8.543674000000000017e-04
8.543674500000000187e-04
8.553212299999999810e-04
8.553212400000000494e-04
8.561540000000000296e-04
8.561540399999999782e-04
8.563777899999999504e-04
8.563777899999999504e-04
8.583439899999999656e-04
8.583440099999999941e-04
8.589074999999999618e-04
8.589074999999999618e-04
8.598109899999999703e-04
8.598110000000000388e-04
8.599811199999999592e-04
8.599811300000000276e-04
8.603741300000000355e-04
8.603741300000000355e-04
8.605259200000000153e-04
8.605261100000000151e-04
8.614516999999999704e-04
8.614516999999999704e-04
8.634847599999999736e-04
8.634847599999999736e-04
8.635434100000000243e-04
8.635434300000000528e-04
8.636294099999999689e-04
8.636294200000000374e-04
8.639571200000000038e-04
8.639571599999999523e-04
8.639866900000000259e-04
8.639867200000000145e-04
8.642383800000000282e-04
8.642383999999999483e-04
8.642833900000000463e-04
8.642834000000000063e-04
8.654188000000000158e-04
8.654188599999999929e-04
8.659209399999999879e-04
8.659209499999999480e-04
8.660086800000000272e-04
8.660086899999999872e-04
8.663607299999999487e-04
8.663607299999999487e-04
8.667707300000000075e-04
8.667707300000000075e-04
8.668767400000000102e-04
8.668767400000000102e-04
8.669165100000000412e-04
8.669165499999999898e-04
8.669252599999999892e-04
8.669252599999999892e-04
8.669358900000000145e-04
8.669358900000000145e-04
8.671634500000000500e-04
8.671634600000000101e-04
8.675278100000000060e-04
8.675278100000000060e-04
8.675586600000000093e-04
8.675586699999999693e-04
8.677476299999999608e-04
8.677476400000000293e-04
8.681927100000000341e-04
8.681927100000000341e-04
8.682314699999999809e-04
8.682314699999999809e-04
8.684398200000000142e-04
8.684398200000000142e-04
8.685429099999999753e-04
8.685429399999999639e-04
8.687597200000000313e-04
8.687597200000000313e-04
8.687934800000000077e-04
8.687934899999999678e-04
8.689936100000000352e-04
8.689936100000000352e-04
8.690198599999999877e-04
8.690198599999999877e-04
8.690250999999999748e-04
8.690251100000000433e-04
8.691635000000000073e-04
8.691635000000000073e-04
8.692215000000000531e-04
8.692215000000000531e-04
8.695129700000000465e-04
8.695129700000000465e-04
8.703635399999999850e-04
8.711481200000000371e-04
8.711493299999999726e-04
8.711493299999999726e-04
8.711528700000000305e-04
8.711528799999999906e-04
8.711593300000000217e-04
8.711593300000000217e-04
8.711604100000000430e-04
8.711604100000000430e-04
8.711613600000000417e-04
8.711613600000000417e-04
8.711667900000000285e-04
8.711667900000000285e-04
8.711699299999999500e-04
8.711699299999999500e-04
8.711723000000000210e-04
8.711723000000000210e-04
8.711740699999999957e-04
8.711740799999999557e-04
8.711771600000000086e-04
8.711771600000000086e-04
8.711786299999999894e-04
8.711786299999999894e-04
8.711809500000000433e-04
8.711809600000000034e-04
8.711820499999999847e-04
8.711820499999999847e-04
8.711869599999999894e-04
8.711869599999999894e-04
8.711960700000000168e-04
8.711960700000000168e-04
8.712013300000000324e-04
8.712013300000000324e-04
8.712016199999999579e-04
8.712016199999999579e-04
8.712020600000000429e-04
8.712020600000000429e-04
8.712067800000000478e-04
8.712067900000000078e-04
8.712180299999999810e-04
8.712180299999999810e-04
8.712194600000000132e-04
8.712194699999999733e-04
8.712230299999999513e-04
8.712230299999999513e-04
8.712274900000000193e-04
8.712274999999999794e-04
8.712335700000000110e-04
8.712335700000000110e-04
8.712389799999999693e-04
8.712389799999999693e-04
8.712427600000000440e-04
8.712427600000000440e-04
8.712432300000000091e-04
8.712432300000000091e-04
8.712491200000000010e-04
8.712491200000000010e-04
8.712561799999999799e-04
8.712561799999999799e-04
8.712567100000000305e-04
8.712567100000000305e-04
8.712650700000000191e-04
8.712650700000000191e-04
8.712655000000000356e-04
8.712655000000000356e-04
8.712662199999999775e-04
8.712662199999999775e-04
8.712732199999999793e-04
8.712732300000000478e-04
8.712761299999999525e-04
8.712761299999999525e-04
8.712814199999999567e-04
8.712814199999999567e-04
8.712852800000000369e-04
8.712852899999999970e-04
8.712854700000000367e-04
8.712854700000000367e-04
8.712900100000000019e-04
8.712900100000000019e-04
8.712946599999999613e-04
8.712946599999999613e-04
8.713104199999999796e-04
8.713104300000000480e-04
8.713140400000000431e-04
8.713140400000000431e-04
8.713202800000000459e-04
8.713202800000000459e-04
8.713213299999999703e-04
8.713213299999999703e-04
8.713227999999999512e-04
8.713227999999999512e-04
8.713298300000000499e-04
8.713298300000000499e-04
8.713318400000000415e-04
8.713318400000000415e-04
8.713320900000000183e-04
8.713320900000000183e-04
8.713367199999999492e-04
8.713367300000000176e-04
8.713424099999999813e-04
8.713424099999999813e-04
8.713501300000000335e-04
8.713501300000000335e-04
8.713538299999999941e-04
8.713538299999999941e-04
8.713590699999999812e-04
8.713590800000000497e-04
8.713635499999999694e-04
8.713635499999999694e-04
8.713662200000000342e-04
8.713662299999999942e-04
8.713685099999999911e-04
8.713685099999999911e-04
8.713704500000000455e-04
8.713704600000000055e-04
8.713706899999999539e-04
8.713707000000000223e-04
8.713803399999999920e-04
8.713803399999999920e-04
8.713955000000000225e-04
8.713955099999999825e-04
8.713963599999999471e-04
8.713963599999999471e-04
8.713988600000000407e-04
8.713988600000000407e-04
8.713999500000000221e-04
8.713999500000000221e-04
8.714006500000000439e-04
8.714006500000000439e-04
8.714120699999999484e-04
8.714120699999999484e-04
8.714126200000000275e-04
8.714126200000000275e-04
8.714218599999999692e-04
8.714218599999999692e-04
8.714224100000000483e-04
8.714224200000000083e-04
8.714226600000000251e-04
8.714226600000000251e-04
8.714331999999999764e-04
8.714331999999999764e-04
8.714366000000000516e-04
8.714366100000000117e-04
8.714430600000000427e-04
8.714430600000000427e-04
8.714433600000000366e-04
8.714433600000000366e-04
8.714436999999999791e-04
8.714436999999999791e-04
8.714504599999999641e-04
8.714504599999999641e-04
8.714544300000000385e-04
8.714544300000000385e-04
8.714756599999999923e-04
8.714756599999999923e-04
8.714821400000000119e-04
8.714821400000000119e-04
8.714858099999999840e-04
8.714858099999999840e-04
8.714880699999999524e-04
8.714880699999999524e-04
8.714902099999999666e-04
8.714902099999999666e-04
8.714904900000000404e-04
8.714904900000000404e-04
8.714932600000000308e-04
8.714932600000000308e-04
8.714958499999999816e-04
8.714958499999999816e-04
8.715022700000000242e-04
8.715022799999999842e-04
8.715079100000000393e-04
8.715079100000000393e-04
8.715160500000000395e-04
8.715160599999999995e-04
8.715188299999999900e-04
8.715188399999999501e-04
8.715189099999999956e-04
8.715189199999999557e-04
8.715204200000000335e-04
8.715204299999999935e-04
8.715206199999999933e-04
8.715206299999999533e-04
8.715338599999999979e-04
8.715338599999999979e-04
8.715450000000000454e-04
8.715450100000000054e-04
8.715465000000000148e-04
8.715465000000000148e-04
8.715489900000000399e-04
8.715489900000000399e-04
8.715498600000000330e-04
8.715498600000000330e-04
8.715526000000000349e-04
8.715526000000000349e-04
8.715543100000000326e-04
8.715543199999999926e-04
8.715573599999999884e-04
8.715573599999999884e-04
8.715595800000000082e-04
8.715595899999999683e-04
8.715645799999999785e-04
8.715645799999999785e-04
8.715706899999999587e-04
8.715706899999999587e-04
8.715782799999999882e-04
8.715782799999999882e-04
8.715832900000000270e-04
8.715832900000000270e-04
8.715867999999999879e-04
8.715867999999999879e-04
8.715906700000000283e-04
8.715906700000000283e-04
8.715961599999999922e-04
8.715961599999999922e-04
8.715968999999999627e-04
8.715968999999999627e-04
8.716034200000000393e-04
8.716034200000000393e-04
8.716126700000000494e-04
8.716126700000000494e-04
8.716245900000000159e-04
8.716245900000000159e-04
8.716321000000000398e-04
8.716321000000000398e-04
8.716356199999999608e-04
8.716356300000000293e-04
8.716395999999999953e-04
8.716395999999999953e-04
8.716436400000000069e-04
8.716436499999999669e-04
8.716440900000000519e-04
8.716440900000000519e-04
8.716589799999999687e-04
8.716589900000000371e-04
8.716613999999999482e-04
8.716614100000000167e-04
8.716638299999999962e-04
8.716638399999999563e-04
8.716676899999999681e-04
8.716676899999999681e-04
8.716738499999999654e-04
8.716738600000000338e-04
8.716771200000000179e-04
8.716771200000000179e-04
8.716786199999999873e-04
8.716786299999999474e-04
8.716849800000000528e-04
8.716849800000000528e-04
8.716853299999999553e-04
8.716853299999999553e-04
8.716881400000000028e-04
8.716881400000000028e-04
8.716907999999999991e-04
8.716908099999999592e-04
8.716910700000000045e-04
8.716910700000000045e-04
8.716924399999999512e-04
8.716924399999999512e-04
8.716934899999999840e-04
8.716934899999999840e-04
8.716952400000000387e-04
8.716952499999999987e-04
8.716975200000000356e-04
8.716975200000000356e-04
8.716977900000000409e-04
8.716977900000000409e-04
8.717056499999999673e-04
8.717056499999999673e-04
8.717064000000000062e-04
8.717064099999999663e-04
8.717084199999999578e-04
8.717084199999999578e-04
8.717128699999999574e-04
8.717128699999999574e-04
8.717150899999999772e-04
8.717151000000000457e-04
8.717168400000000318e-04
8.717168400000000318e-04
8.717190799999999717e-04
8.717190799999999717e-04
8.717365100000000391e-04
8.717365100000000391e-04
8.717386399999999848e-04
8.717386399999999848e-04
8.717494300000000213e-04
8.717494300000000213e-04
8.717502299999999689e-04
8.717502299999999689e-04
8.717515599999999670e-04
8.717515599999999670e-04
8.717523100000000059e-04
8.717523199999999660e-04
8.717539499999999580e-04
8.718040899999999691e-04
8.718138799999999898e-04
8.718138799999999898e-04
8.718139399999999669e-04
8.718139399999999669e-04
8.718191900000000225e-04
8.718191900000000225e-04
8.718228000000000175e-04
8.718228000000000175e-04
8.718308399999999837e-04
8.718308399999999837e-04
8.718337300000000368e-04
8.718337399999999968e-04
8.718340000000000421e-04
8.718340000000000421e-04
8.718422599999999965e-04
8.718422599999999965e-04
8.718440400000000397e-04
8.718440499999999998e-04
8.718514000000000125e-04
8.718514000000000125e-04
8.718544300000000483e-04
8.718544300000000483e-04
8.718547999999999793e-04
8.718547999999999793e-04
8.718560199999999833e-04
8.718560199999999833e-04
8.718594300000000186e-04
8.718594300000000186e-04
8.718595799999999613e-04
8.718595799999999613e-04
8.718673599999999906e-04
8.718673699999999506e-04
8.718825700000000381e-04
8.718825799999999982e-04
8.718973100000000122e-04
8.718973100000000122e-04
8.718994099999999694e-04
8.718994099999999694e-04
8.719105500000000168e-04
8.719105500000000168e-04
8.719141500000000518e-04
8.719141500000000518e-04
8.719177799999999669e-04
8.719177900000000354e-04
8.719384900000000469e-04
8.719384900000000469e-04
8.719409700000000036e-04
8.719409700000000036e-04
8.719485199999999761e-04
8.719485199999999761e-04
8.719549100000000301e-04
8.719549199999999901e-04
8.719597700000000177e-04
8.719597700000000177e-04
8.719600499999999831e-04
8.719600499999999831e-04
8.719683700000000230e-04
8.719683700000000230e-04
8.719743999999999976e-04
8.719743999999999976e-04
8.719791200000000025e-04
8.719791200000000025e-04
8.719824500000000322e-04
8.719824500000000322e-04
8.719852400000000512e-04
8.719852400000000512e-04
8.719923199999999501e-04
8.719923199999999501e-04
8.719970500000000235e-04
8.719970500000000235e-04
8.719988299999999583e-04
8.719988299999999583e-04
8.719989000000000039e-04
8.719989000000000039e-04
8.720000199999999738e-04
8.720000199999999738e-04
8.720191699999999988e-04
8.720191799999999589e-04
8.720210999999999848e-04
8.720211100000000532e-04
8.720231500000000333e-04
8.720231599999999934e-04
8.720241699999999692e-04
8.720241699999999692e-04
8.720250500000000307e-04
8.720250500000000307e-04
8.720335500000000019e-04
8.720335599999999620e-04
8.720357900000000502e-04
8.720357900000000502e-04
8.720376900000000476e-04
8.720377000000000076e-04
8.720403800000000325e-04
8.720403800000000325e-04
8.720451399999999860e-04
8.720451399999999860e-04
8.720658799999999461e-04
8.720658799999999461e-04
8.720755200000000242e-04
8.720755200000000242e-04
8.720760999999999834e-04
8.720760999999999834e-04
8.720825599999999745e-04
8.720825700000000430e-04
8.720864199999999464e-04
8.720864199999999464e-04
8.720870899999999797e-04
8.720871000000000482e-04
8.720900199999999814e-04
8.720900199999999814e-04
8.720900499999999700e-04
8.720900499999999700e-04
8.720937500000000391e-04
8.720937500000000391e-04
8.720944399999999925e-04
8.720944399999999925e-04
8.720970700000000003e-04
8.720970799999999603e-04
8.720977499999999936e-04
8.720977499999999936e-04
8.720984899999999641e-04
8.720985000000000325e-04
8.720989499999999691e-04
8.720989600000000376e-04
8.721049999999999722e-04
8.721049999999999722e-04
8.721093300000000176e-04
8.721093300000000176e-04
8.721142600000000508e-04
8.721142600000000508e-04
8.721312899999999818e-04
8.721312899999999818e-04
8.721390299999999540e-04
8.721390299999999540e-04
8.721411899999999967e-04
8.721411899999999967e-04
8.721412400000000138e-04
8.721412400000000138e-04
8.721518400000000506e-04
8.721518500000000106e-04
8.721553299999999830e-04
8.721553299999999830e-04
8.721648299999999699e-04
8.721648299999999699e-04
8.721684099999999764e-04
8.721684099999999764e-04
8.721686700000000217e-04
8.721686700000000217e-04
8.721703099999999738e-04
8.721703200000000423e-04
8.721713600000000066e-04
8.721713600000000066e-04
8.721728599999999760e-04
8.721728599999999760e-04
8.721870900000000364e-04
8.721870900000000364e-04
8.721877200000000127e-04
8.721877200000000127e-04
8.721878000000000183e-04
8.721878099999999783e-04
8.721900500000000266e-04
8.721900500000000266e-04
8.721964500000000406e-04
8.721964600000000007e-04
8.722091699999999547e-04
8.722091699999999547e-04
8.722107699999999582e-04
8.722107699999999582e-04
8.722119899999999622e-04
8.722119899999999622e-04
8.722131599999999492e-04
8.722131599999999492e-04
8.722174999999999546e-04
8.722175100000000231e-04
8.722356900000000210e-04
8.722356999999999810e-04
8.722406800000000312e-04
8.722406800000000312e-04
8.722431599999999879e-04
8.722431599999999879e-04
8.722434500000000217e-04
8.722434500000000217e-04
8.722466699999999488e-04
8.722466699999999488e-04
8.722581099999999902e-04
8.722581099999999902e-04
8.722583599999999670e-04
8.722583700000000355e-04
8.722662400000000303e-04
8.722662400000000303e-04
8.722696900000000142e-04
8.722696900000000142e-04
8.722735400000000260e-04
8.722735400000000260e-04
8.722738700000000085e-04
8.722738700000000085e-04
8.722750800000000524e-04
8.722750900000000125e-04
8.722755800000000061e-04
8.722755800000000061e-04
8.722818799999999860e-04
8.722818799999999860e-04
8.722827299999999506e-04
8.722827299999999506e-04
8.722835200000000466e-04
8.722835200000000466e-04
8.722844099999999597e-04
8.722844099999999597e-04
8.722852900000000213e-04
8.722852900000000213e-04
8.722938900000000266e-04
8.722938900000000266e-04
8.722942700000000261e-04
8.722942799999999861e-04
8.723014499999999592e-04
8.723014600000000276e-04
8.723026399999999746e-04
8.723026500000000431e-04
