# t	msd	err
4.000000000000063735e-14 8.976768066572762828e-02 0.000000000000000000e+00
1.599999999999993182e-13 9.548529151829956985e-02 0.000000000000000000e+00
2.663333333333331241e-13 8.731301977796625258e-02 5.543905570684639315e-03
5.645000000000000685e-13 2.119129226826838297e-01 2.275033931577436636e-02
9.696666666666666075e-13 3.389663262643074493e-01 2.108464948667653285e-02
1.521285714285714742e-12 3.994899177968802562e-01 7.087375010157506705e-02
2.916428571428572489e-12 3.687476539647356333e-01 6.501357335536063486e-02
5.483166666666666712e-12 4.043236199333026804e-01 6.317362994094850859e-02
8.475571428571431072e-12 8.243999779779925818e-01 6.565962986681674052e-02
1.387014285714285780e-11 1.027137391098300157e+00 6.629672857048363177e-02
2.873666666666667703e-11 5.347331368331964541e-01 1.282170171956847626e-01
3.749499999999998271e-11 1.690886752085746680e+00 7.791564644786916349e-02
9.999999999999592548e-06 3.117783004000099223e-01 4.911552688068294287e-02
2.000000000000112311e-05 2.732395808823088745e-01 4.609308179898743280e-02
3.555000000000069471e-05 3.696649784966297148e-01 4.479445962993818670e-02
6.752238805969980676e-05 3.741618783414247251e-01 3.894322867744813566e-02
1.064946635730873887e-04 4.118523992017108171e+00 8.237710722056650336e-01
2.057954951046559128e-04 3.070514934672126994e+00 5.611092077527304323e-01
3.618537546834989954e-04 3.792231869138654510e+00 5.059345751429585869e-01
6.447955875548704073e-04 4.122806209129993071e+00 2.782749514351154363e-01
1.107392814745397679e-03 6.476889955365641605e+00 3.511344035294102217e-01
2.016515609840455019e-03 9.646495073600153347e+00 3.257405183747711930e-01
3.653058380351703518e-03 2.677895683945389038e+01 3.184473846677620124e-01
6.154616290609938797e-03 3.021308232092557589e+01 2.684604784652084852e-01
1.097223380724231430e-02 1.246926075084267538e+01 1.229043304420483623e-01
1.919463314095418496e-02 1.600834670380488589e+01 1.122933382089182364e-01
3.266310051868819703e-02 1.243268755963029015e+01 4.917169249152772426e-02
6.105903113206455346e-02 1.980334754445337708e+01 5.141028629802502081e-02
1.002344530492424168e-01 2.781876599728454025e+01 2.281642816357397005e-02
