# t	msd	err
4.000000000000114575e-04 1.225235351977785143e+02 2.054532320727074435e+01
1.000000000000024957e-03 9.987391976824563145e+00 2.280922428590666406e+00
2.518348623853185371e-03 1.372777026384786225e+01 2.092878653823818436e+00
4.604301075268769396e-03 1.408900054984868255e+01 1.870190566127622356e+00
7.629963459196116050e-03 1.451051583073000728e+01 1.383691435796010838e+00
1.022289261162665636e-02 1.621622085818174952e+01 3.177311426598139477e-01
2.007188667872204096e-02 1.969068598133982917e+01 3.271737162500046314e-01
3.503899644788628642e-02 2.389969042045648351e+01 2.364885714995145771e-01
5.961245020746875484e-02 3.072665496500214388e+01 2.022970368112941564e-01
9.946228534345069594e-02 4.084151576353271196e+01 1.619291655190752688e-01
1.648425311012126915e-01 5.684185342021218190e+01 1.447137471844691659e-01
2.747821536733856540e-01 7.985341406045814949e+01 1.342706744194717416e-01
4.642331725770286188e-01 1.141263138712298399e+02 1.478756846535044245e-01
7.795770837169923029e-01 1.623089876978022232e+02 1.865789227346645596e-01
1.309891957175922439e+00 2.381977769463773029e+02 2.290488453068479369e-01
2.202510303349605625e+00 3.769879806542780329e+02 3.159438804553757474e-01
3.705178674174186337e+00 5.905657043432983073e+02 3.774584799032219551e-01
6.230754076409146691e+00 9.548555164853145243e+02 4.045419938542273441e-01
1.046131114522239791e+01 1.361160680534768289e+03 4.330131781838741367e-01
1.755589039018095932e+01 1.751936341647032350e+03 3.908851951079577725e-01
2.916636804429192864e+01 2.221667030250892367e+03 4.417637597785927239e-01
4.544144917980021603e+01 1.950071035310349771e+03 4.918513668190277466e-01
