# t
0.000000000000000000e+00
1.410227099999999956e-01
1.410227099999999956e-01
2.594066600000000111e-01
2.594066600000000111e-01
2.599473700000000109e-01
2.599473700000000109e-01
3.130650400000000166e-01
3.130650400000000166e-01
3.259200400000000220e-01
3.259200400000000220e-01
4.578566700000000211e-01
4.578566700000000211e-01
7.620165700000000042e-01
7.620165700000000042e-01
8.837252799999999464e-01
8.837252799999999464e-01
8.982853899999999614e-01
8.982853899999999614e-01
8.982853899999999614e-01
9.464874199999999682e-01
9.464874199999999682e-01
1.090001999999999915e+00
1.090001999999999915e+00
1.322930699999999904e+00
1.322930699999999904e+00
1.401269400000000109e+00
1.401269400000000109e+00
1.482361800000000063e+00
1.482361800000000063e+00
1.616750799999999932e+00
1.616750799999999932e+00
1.672235700000000103e+00
1.672235700000000103e+00
1.823509499999999894e+00
1.823509499999999894e+00
1.938167500000000043e+00
1.938167500000000043e+00
2.159035400000000049e+00
2.159035400000000049e+00
2.235768499999999825e+00
2.235768499999999825e+00
2.279268599999999978e+00
2.279268599999999978e+00
2.802299200000000212e+00
2.802299200000000212e+00
3.095912199999999892e+00
3.095912199999999892e+00
3.277381999999999795e+00
3.277381999999999795e+00
3.396143700000000099e+00
3.396143700000000099e+00
3.560046400000000055e+00
3.560046400000000055e+00
3.566439299999999868e+00
3.566439299999999868e+00
3.648122199999999982e+00
3.648122199999999982e+00
3.648122199999999982e+00
3.725493699999999908e+00
3.725493699999999908e+00
3.725493699999999908e+00
3.823412600000000161e+00
3.823412600000000161e+00
3.908501300000000178e+00
3.908501300000000178e+00
3.908501300000000178e+00
4.124616800000000083e+00
4.124616800000000083e+00
4.158523899999999607e+00
4.158523899999999607e+00
4.169654000000000416e+00
4.169654000000000416e+00
4.182069099999999651e+00
4.182069099999999651e+00
4.193908699999999712e+00
4.193908699999999712e+00
4.207988300000000237e+00
4.207988300000000237e+00
4.221438400000000257e+00
4.221438400000000257e+00
4.244004999999999583e+00
4.244004999999999583e+00
4.244004999999999583e+00
4.277451000000000114e+00
4.277451000000000114e+00
4.338581200000000138e+00
4.338581200000000138e+00
4.374411699999999570e+00
4.374411699999999570e+00
4.378399400000000163e+00
4.378399400000000163e+00
4.587555100000000330e+00
4.587555100000000330e+00
4.587555100000000330e+00
4.587555100000000330e+00
4.667656700000000214e+00
4.667656700000000214e+00
4.771623199999999621e+00
4.771623199999999621e+00
4.787615599999999638e+00
4.787615599999999638e+00
4.874274800000000241e+00
4.874274800000000241e+00
4.874274800000000241e+00
4.874274800000000241e+00
4.927469099999999713e+00
4.927469099999999713e+00
4.958694399999999725e+00
4.958694399999999725e+00
5.003080699999999936e+00
5.003080699999999936e+00
5.018320000000000114e+00
5.018320000000000114e+00
5.087859299999999863e+00
5.087859299999999863e+00
5.122240999999999822e+00
5.122240999999999822e+00
5.655595599999999834e+00
5.655595599999999834e+00
5.655595599999999834e+00
5.655595599999999834e+00
5.726607500000000073e+00
5.726607500000000073e+00
5.747134899999999824e+00
5.747134899999999824e+00
5.796329199999999737e+00
5.796329199999999737e+00
5.817518699999999932e+00
5.817518699999999932e+00
5.817518699999999932e+00
5.964464800000000011e+00
5.964464800000000011e+00
6.131313800000000036e+00
6.131313800000000036e+00
6.181898699999999636e+00
6.181898699999999636e+00
6.334551099999999657e+00
6.334551099999999657e+00
6.336324900000000149e+00
6.336324900000000149e+00
6.336324900000000149e+00
6.336324900000000149e+00
6.363112600000000008e+00
6.363112600000000008e+00
6.363112600000000008e+00
6.424037300000000172e+00
6.424037300000000172e+00
6.443959800000000016e+00
6.443959800000000016e+00
6.447456100000000134e+00
6.447456100000000134e+00
6.579424999999999635e+00
6.579424999999999635e+00
6.696478800000000398e+00
6.696478800000000398e+00
6.891700400000000393e+00
6.891700400000000393e+00
6.921659700000000193e+00
6.921659700000000193e+00
6.921659700000000193e+00
7.034438200000000307e+00
7.034438200000000307e+00
7.105578099999999786e+00
7.105578099999999786e+00
7.123972600000000099e+00
7.123972600000000099e+00
7.167494600000000382e+00
7.167494600000000382e+00
7.240016599999999691e+00
7.240016599999999691e+00
7.251986800000000066e+00
7.251986800000000066e+00
7.254812199999999933e+00
7.254812199999999933e+00
7.332348200000000205e+00
7.332348200000000205e+00
7.470035499999999828e+00
7.470035499999999828e+00
7.492408000000000179e+00
7.492408000000000179e+00
7.564838400000000185e+00
7.564838400000000185e+00
7.564838400000000185e+00
7.689855099999999943e+00
7.689855099999999943e+00
7.765737500000000182e+00
7.765737500000000182e+00
7.995571599999999890e+00
7.995571599999999890e+00
8.062570100000000295e+00
8.062570100000000295e+00
8.062570100000000295e+00
8.146004400000000700e+00
8.146004400000000700e+00
8.216286500000000714e+00
8.216286500000000714e+00
8.313231500000000551e+00
8.313231500000000551e+00
8.339136999999999134e+00
8.339136999999999134e+00
8.370791600000000443e+00
8.370791600000000443e+00
8.389487000000000805e+00
8.389487000000000805e+00
8.506273800000000662e+00
8.506273800000000662e+00
8.564301300000000339e+00
8.564301300000000339e+00
8.571091100000000296e+00
8.571091100000000296e+00
8.584957499999999797e+00
8.584957499999999797e+00
8.584957499999999797e+00
8.587630400000000108e+00
8.587630400000000108e+00
8.740218999999999738e+00
8.740218999999999738e+00
8.775240300000000104e+00
8.775240300000000104e+00
9.037410500000000013e+00
9.037410500000000013e+00
9.038051799999999858e+00
9.038051799999999858e+00
9.038051799999999858e+00
9.088241200000000575e+00
9.088241200000000575e+00
9.182076000000000349e+00
9.182076000000000349e+00
9.383565900000000681e+00
9.383565900000000681e+00
9.408653100000000435e+00
9.408653100000000435e+00
9.408653100000000435e+00
9.409742299999999560e+00
9.409742299999999560e+00
9.595008200000000542e+00
9.595008200000000542e+00
9.595008200000000542e+00
9.605527699999999669e+00
9.605527699999999669e+00
9.874109000000000691e+00
9.874109000000000691e+00
9.874109000000000691e+00
9.893558399999999864e+00
9.893558399999999864e+00
1.007870699999999964e+01
1.007870699999999964e+01
1.010805399999999921e+01
1.010805399999999921e+01
1.010805399999999921e+01
1.010805399999999921e+01
1.016515799999999992e+01
1.016515799999999992e+01
1.034576999999999991e+01
1.034576999999999991e+01
1.035623700000000014e+01
1.035623700000000014e+01
1.054133099999999956e+01
1.054133099999999956e+01
1.054133099999999956e+01
