# t	msd	err
2.666666666666557900e-05 8.189260497813665163e-01 2.364036385595237044e-01
3.999999999999837019e-05 8.194894549223796787e-01 4.097447269640261958e-01
9.694736842105358503e-05 8.202875904912222405e-01 9.409354792879479068e-02
1.550000000000006234e-04 8.195077597615805232e-01 2.048769707601796886e-01
2.031999999999956692e-04 8.204492686010348423e-01 8.204497328221996288e-02
3.997857142857139047e-04 8.204118753183452517e-01 4.902901837665846890e-02
6.962727272727302699e-04 8.230370922216280194e-01 5.059561154751408829e-02
1.299931166666666625e-03 5.678814548289750075e-01 2.421076207017491128e-02
2.025122270742351575e-03 8.212497589838664291e-01 2.712580015184540283e-02
3.545036816208389611e-03 7.879705472058916582e-01 1.624079563404471488e-02
6.267546131926140726e-03 8.620385920860800244e-01 1.384750746692913967e-02
1.034714830434775232e-02 8.827434988680125105e-01 1.011272759757667929e-02
1.744362294150207660e-02 8.694620017372415299e-01 8.243139761025886428e-03
3.072864049079761586e-02 8.639165100836532218e-01 6.436920558446087605e-03
5.316429759237201180e-02 8.686244088511919648e-01 4.933823809204142437e-03
9.181210969715954129e-02 8.805520688110562988e-01 3.835186546019501291e-03
1.539932670327481823e-01 8.793077131239527278e-01 3.229682220787990533e-03
2.673249083293822159e-01 8.811016974756989972e-01 2.791427746409145833e-03
4.380893299143052144e-01 9.335239487322637419e-01 2.834706449204742618e-03
