# Barrier Energy Step Time
0.000000000000000000e+00 -5.109965000000000146e+03 0.000000000000000000e+00 0.000000000000000000e+00
2.181000000000000050e+00 -5.106614999999999782e+03 5.000000000000000000e-01 3.965999999999999907e-03
0.000000000000000000e+00 -5.108796000000000276e+03 1.000000000000000000e+00 3.965999999999999907e-03
6.640000000000000346e-01 -5.109654000000000451e+03 1.500000000000000000e+00 3.965999999999999907e-03
0.000000000000000000e+00 -5.110318000000000211e+03 2.000000000000000000e+00 3.965999999999999907e-03
2.103000000000000203e+00 -5.107930999999999585e+03 2.500000000000000000e+00 7.810000000000000102e-03
0.000000000000000000e+00 -5.110033999999999651e+03 3.000000000000000000e+00 7.810000000000000102e-03
1.818000000000000060e+00 -5.108500000000000000e+03 3.500000000000000000e+00 7.912000000000000630e-03
0.000000000000000000e+00 -5.110318000000000211e+03 4.000000000000000000e+00 7.912000000000000630e-03
2.161999999999999922e+00 -5.106925000000000182e+03 4.500000000000000000e+00 2.329000000000000167e-02
0.000000000000000000e+00 -5.109086000000000240e+03 5.000000000000000000e+00 2.329000000000000167e-02
7.580000000000000071e-01 -5.109817000000000007e+03 5.500000000000000000e+00 2.329000000000000167e-02
0.000000000000000000e+00 -5.110574999999999818e+03 6.000000000000000000e+00 2.329000000000000167e-02
2.246999999999999886e+00 -5.106838999999999942e+03 6.500000000000000000e+00 3.706000000000000266e-02
0.000000000000000000e+00 -5.109086000000000240e+03 7.000000000000000000e+00 3.706000000000000266e-02
7.580000000000000071e-01 -5.109817000000000007e+03 7.500000000000000000e+00 3.706000000000000266e-02
0.000000000000000000e+00 -5.110574999999999818e+03 8.000000000000000000e+00 3.706000000000000266e-02
2.246999999999999886e+00 -5.106838999999999942e+03 8.500000000000000000e+00 4.218000000000000221e-02
0.000000000000000000e+00 -5.109086000000000240e+03 9.000000000000000000e+00 4.218000000000000221e-02
7.580000000000000071e-01 -5.109817000000000007e+03 9.500000000000000000e+00 4.218000000000000221e-02
0.000000000000000000e+00 -5.110574999999999818e+03 1.000000000000000000e+01 4.218000000000000221e-02
2.246999999999999886e+00 -5.106838999999999942e+03 1.050000000000000000e+01 6.859999999999999432e-02
0.000000000000000000e+00 -5.109086000000000240e+03 1.100000000000000000e+01 6.859999999999999432e-02
7.580000000000000071e-01 -5.109817000000000007e+03 1.150000000000000000e+01 6.859999999999999432e-02
0.000000000000000000e+00 -5.110574999999999818e+03 1.200000000000000000e+01 6.859999999999999432e-02
2.246999999999999886e+00 -5.106838999999999942e+03 1.250000000000000000e+01 7.481000000000000150e-02
0.000000000000000000e+00 -5.109086000000000240e+03 1.300000000000000000e+01 7.481000000000000150e-02
7.580000000000000071e-01 -5.109817000000000007e+03 1.350000000000000000e+01 7.481000000000000150e-02
0.000000000000000000e+00 -5.110574999999999818e+03 1.400000000000000000e+01 7.481000000000000150e-02
2.246999999999999886e+00 -5.106838999999999942e+03 1.450000000000000000e+01 8.262999999999999512e-02
0.000000000000000000e+00 -5.109086000000000240e+03 1.500000000000000000e+01 8.262999999999999512e-02
7.580000000000000071e-01 -5.109817000000000007e+03 1.550000000000000000e+01 8.262999999999999512e-02
0.000000000000000000e+00 -5.110574999999999818e+03 1.600000000000000000e+01 8.262999999999999512e-02
2.246999999999999886e+00 -5.106838999999999942e+03 1.650000000000000000e+01 1.084999999999999992e-01
0.000000000000000000e+00 -5.109086000000000240e+03 1.700000000000000000e+01 1.084999999999999992e-01
7.580000000000000071e-01 -5.109817000000000007e+03 1.750000000000000000e+01 1.084999999999999992e-01
0.000000000000000000e+00 -5.110574999999999818e+03 1.800000000000000000e+01 1.084999999999999992e-01
2.246999999999999886e+00 -5.106838999999999942e+03 1.850000000000000000e+01 1.144000000000000017e-01
0.000000000000000000e+00 -5.109086000000000240e+03 1.900000000000000000e+01 1.144000000000000017e-01
7.580000000000000071e-01 -5.109817000000000007e+03 1.950000000000000000e+01 1.144000000000000017e-01
0.000000000000000000e+00 -5.110574999999999818e+03 2.000000000000000000e+01 1.144000000000000017e-01
2.424999999999999822e+00 -5.106274999999999636e+03 2.050000000000000000e+01 1.169000000000000039e-01
0.000000000000000000e+00 -5.108699999999999818e+03 2.100000000000000000e+01 1.169000000000000039e-01
5.500000000000000444e-01 -5.110025999999999840e+03 2.150000000000000000e+01 1.169000000000000039e-01
0.000000000000000000e+00 -5.110574999999999818e+03 2.200000000000000000e+01 1.169000000000000039e-01
2.246999999999999886e+00 -5.106838999999999942e+03 2.250000000000000000e+01 1.171999999999999986e-01
0.000000000000000000e+00 -5.109086000000000240e+03 2.300000000000000000e+01 1.171999999999999986e-01
7.580000000000000071e-01 -5.109817000000000007e+03 2.350000000000000000e+01 1.171999999999999986e-01
0.000000000000000000e+00 -5.110574999999999818e+03 2.400000000000000000e+01 1.171999999999999986e-01
2.246999999999999886e+00 -5.106838999999999942e+03 2.450000000000000000e+01 1.351999999999999869e-01
0.000000000000000000e+00 -5.109086000000000240e+03 2.500000000000000000e+01 1.351999999999999869e-01
7.580000000000000071e-01 -5.109817000000000007e+03 2.550000000000000000e+01 1.351999999999999869e-01
0.000000000000000000e+00 -5.110574999999999818e+03 2.600000000000000000e+01 1.351999999999999869e-01
2.246999999999999886e+00 -5.106838999999999942e+03 2.650000000000000000e+01 1.393000000000000071e-01
0.000000000000000000e+00 -5.109086000000000240e+03 2.700000000000000000e+01 1.393000000000000071e-01
7.580000000000000071e-01 -5.109817000000000007e+03 2.750000000000000000e+01 1.393000000000000071e-01
0.000000000000000000e+00 -5.110574999999999818e+03 2.800000000000000000e+01 1.393000000000000071e-01
2.246999999999999886e+00 -5.106838999999999942e+03 2.850000000000000000e+01 1.499999999999999944e-01
0.000000000000000000e+00 -5.109086000000000240e+03 2.900000000000000000e+01 1.499999999999999944e-01
7.580000000000000071e-01 -5.109817000000000007e+03 2.950000000000000000e+01 1.499999999999999944e-01
0.000000000000000000e+00 -5.110574999999999818e+03 3.000000000000000000e+01 1.499999999999999944e-01
2.246999999999999886e+00 -5.106838999999999942e+03 3.050000000000000000e+01 1.595000000000000029e-01
0.000000000000000000e+00 -5.109086000000000240e+03 3.100000000000000000e+01 1.595000000000000029e-01
7.580000000000000071e-01 -5.109817000000000007e+03 3.150000000000000000e+01 1.595000000000000029e-01
0.000000000000000000e+00 -5.110574999999999818e+03 3.200000000000000000e+01 1.595000000000000029e-01
2.246999999999999886e+00 -5.106838999999999942e+03 3.250000000000000000e+01 1.710000000000000131e-01
0.000000000000000000e+00 -5.109086000000000240e+03 3.300000000000000000e+01 1.710000000000000131e-01
7.580000000000000071e-01 -5.109817000000000007e+03 3.350000000000000000e+01 1.710000000000000131e-01
0.000000000000000000e+00 -5.110574999999999818e+03 3.400000000000000000e+01 1.710000000000000131e-01
2.246999999999999886e+00 -5.106838999999999942e+03 3.450000000000000000e+01 1.841000000000000136e-01
0.000000000000000000e+00 -5.109086000000000240e+03 3.500000000000000000e+01 1.841000000000000136e-01
7.580000000000000071e-01 -5.109817000000000007e+03 3.550000000000000000e+01 1.841000000000000136e-01
0.000000000000000000e+00 -5.110574999999999818e+03 3.600000000000000000e+01 1.841000000000000136e-01
2.246999999999999886e+00 -5.106838999999999942e+03 3.650000000000000000e+01 2.300999999999999990e-01
0.000000000000000000e+00 -5.109086000000000240e+03 3.700000000000000000e+01 2.300999999999999990e-01
7.580000000000000071e-01 -5.109817000000000007e+03 3.750000000000000000e+01 2.300999999999999990e-01
0.000000000000000000e+00 -5.110574999999999818e+03 3.800000000000000000e+01 2.300999999999999990e-01
2.246999999999999886e+00 -5.106838999999999942e+03 3.850000000000000000e+01 2.421000000000000096e-01
0.000000000000000000e+00 -5.109086000000000240e+03 3.900000000000000000e+01 2.421000000000000096e-01
1.276000000000000023e+00 -5.108738000000000284e+03 3.950000000000000000e+01 2.421000000000000096e-01
0.000000000000000000e+00 -5.110012999999999920e+03 4.000000000000000000e+01 2.421000000000000096e-01
1.810999999999999943e+00 -5.108512999999999920e+03 4.050000000000000000e+01 2.421999999999999986e-01
0.000000000000000000e+00 -5.110323999999999614e+03 4.100000000000000000e+01 2.421999999999999986e-01
2.140000000000000124e+00 -5.107894000000000233e+03 4.150000000000000000e+01 2.424999999999999933e-01
0.000000000000000000e+00 -5.110034999999999854e+03 4.200000000000000000e+01 2.424999999999999933e-01
1.927000000000000046e+00 -5.108403000000000247e+03 4.250000000000000000e+01 2.426000000000000101e-01
0.000000000000000000e+00 -5.110329999999999927e+03 4.300000000000000000e+01 2.426000000000000101e-01
2.174999999999999822e+00 -5.107887999999999920e+03 4.350000000000000000e+01 2.434000000000000052e-01
0.000000000000000000e+00 -5.110061999999999898e+03 4.400000000000000000e+01 2.434000000000000052e-01
2.031000000000000139e+00 -5.108300000000000182e+03 4.450000000000000000e+01 2.439999999999999947e-01
0.000000000000000000e+00 -5.110331000000000131e+03 4.500000000000000000e+01 2.439999999999999947e-01
2.134999999999999787e+00 -5.107923999999999978e+03 4.550000000000000000e+01 2.459000000000000075e-01
0.000000000000000000e+00 -5.110059000000000196e+03 4.600000000000000000e+01 2.459000000000000075e-01
2.047000000000000153e+00 -5.108283000000000357e+03 4.650000000000000000e+01 2.459999999999999964e-01
0.000000000000000000e+00 -5.110329999999999927e+03 4.700000000000000000e+01 2.459999999999999964e-01
2.294999999999999929e+00 -5.107770999999999731e+03 4.750000000000000000e+01 2.462000000000000022e-01
0.000000000000000000e+00 -5.110065999999999804e+03 4.800000000000000000e+01 2.462000000000000022e-01
2.265000000000000124e+00 -5.108065999999999804e+03 4.850000000000000000e+01 2.772000000000000020e-01
0.000000000000000000e+00 -5.110331000000000131e+03 4.900000000000000000e+01 2.772000000000000020e-01
2.141999999999999904e+00 -5.107917999999999665e+03 4.950000000000000000e+01 2.793999999999999817e-01
0.000000000000000000e+00 -5.110060000000000400e+03 5.000000000000000000e+01 2.793999999999999817e-01
2.051000000000000156e+00 -5.108279000000000451e+03 5.050000000000000000e+01 2.801000000000000156e-01
0.000000000000000000e+00 -5.110331000000000131e+03 5.100000000000000000e+01 2.801000000000000156e-01
2.129000000000000004e+00 -5.107926999999999680e+03 5.150000000000000000e+01 2.805000000000000271e-01
0.000000000000000000e+00 -5.110055999999999585e+03 5.200000000000000000e+01 2.805000000000000271e-01
1.991999999999999993e+00 -5.108337000000000444e+03 5.250000000000000000e+01 2.805000000000000271e-01
0.000000000000000000e+00 -5.110328000000000429e+03 5.300000000000000000e+01 2.805000000000000271e-01
2.181000000000000050e+00 -5.106903000000000247e+03 5.350000000000000000e+01 2.828999999999999848e-01
0.000000000000000000e+00 -5.109083999999999833e+03 5.400000000000000000e+01 2.828999999999999848e-01
1.286000000000000032e+00 -5.108730999999999767e+03 5.450000000000000000e+01 2.828999999999999848e-01
0.000000000000000000e+00 -5.110016999999999825e+03 5.500000000000000000e+01 2.828999999999999848e-01
1.854999999999999982e+00 -5.108471999999999753e+03 5.550000000000000000e+01 2.828999999999999848e-01
0.000000000000000000e+00 -5.110327000000000226e+03 5.600000000000000000e+01 2.828999999999999848e-01
2.165000000000000036e+00 -5.107851999999999862e+03 5.650000000000000000e+01 2.854999999999999760e-01
0.000000000000000000e+00 -5.110016999999999825e+03 5.700000000000000000e+01 2.854999999999999760e-01
1.854999999999999982e+00 -5.108470999999999549e+03 5.750000000000000000e+01 2.856000000000000205e-01
0.000000000000000000e+00 -5.110326000000000022e+03 5.800000000000000000e+01 2.856000000000000205e-01
2.213000000000000078e+00 -5.107850000000000364e+03 5.850000000000000000e+01 3.040999999999999814e-01
0.000000000000000000e+00 -5.110063000000000102e+03 5.900000000000000000e+01 3.040999999999999814e-01
2.246999999999999886e+00 -5.108083999999999833e+03 5.950000000000000000e+01 3.098000000000000198e-01
0.000000000000000000e+00 -5.110331000000000131e+03 6.000000000000000000e+01 3.098000000000000198e-01
2.144000000000000128e+00 -5.107916000000000167e+03 6.050000000000000000e+01 3.099000000000000088e-01
0.000000000000000000e+00 -5.110060000000000400e+03 6.100000000000000000e+01 3.099000000000000088e-01
1.874000000000000110e+00 -5.108457000000000335e+03 6.150000000000000000e+01 3.104000000000000092e-01
0.000000000000000000e+00 -5.110331000000000131e+03 6.200000000000000000e+01 3.104000000000000092e-01
2.262999999999999901e+00 -5.107788999999999760e+03 6.250000000000000000e+01 3.118000000000000216e-01
0.000000000000000000e+00 -5.110051999999999680e+03 6.300000000000000000e+01 3.118000000000000216e-01
2.004999999999999893e+00 -5.108324999999999818e+03 6.350000000000000000e+01 3.125999999999999890e-01
0.000000000000000000e+00 -5.110329999999999927e+03 6.400000000000000000e+01 3.125999999999999890e-01
2.180000000000000160e+00 -5.106905999999999949e+03 6.450000000000000000e+01 3.140000000000000013e-01
0.000000000000000000e+00 -5.109086000000000240e+03 6.500000000000000000e+01 3.140000000000000013e-01
7.590000000000000080e-01 -5.109815999999999804e+03 6.550000000000000000e+01 3.140000000000000013e-01
0.000000000000000000e+00 -5.110574999999999818e+03 6.600000000000000000e+01 3.140000000000000013e-01
2.248000000000000220e+00 -5.106837999999999738e+03 6.650000000000000000e+01 3.196999999999999842e-01
0.000000000000000000e+00 -5.109086000000000240e+03 6.700000000000000000e+01 3.196999999999999842e-01
7.590000000000000080e-01 -5.109815999999999804e+03 6.750000000000000000e+01 3.196999999999999842e-01
0.000000000000000000e+00 -5.110574999999999818e+03 6.800000000000000000e+01 3.196999999999999842e-01
2.248000000000000220e+00 -5.106837999999999738e+03 6.850000000000000000e+01 3.326999999999999957e-01
0.000000000000000000e+00 -5.109086000000000240e+03 6.900000000000000000e+01 3.326999999999999957e-01
1.227000000000000091e+00 -5.107320999999999913e+03 6.950000000000000000e+01 3.326999999999999957e-01
0.000000000000000000e+00 -5.108547999999999774e+03 7.000000000000000000e+01 3.326999999999999957e-01
6.889999999999999458e-01 -5.108396999999999935e+03 7.050000000000000000e+01 3.326999999999999957e-01
0.000000000000000000e+00 -5.109086000000000240e+03 7.100000000000000000e+01 3.326999999999999957e-01
7.590000000000000080e-01 -5.109815999999999804e+03 7.150000000000000000e+01 3.326999999999999957e-01
0.000000000000000000e+00 -5.110574999999999818e+03 7.200000000000000000e+01 3.326999999999999957e-01
2.248000000000000220e+00 -5.106837999999999738e+03 7.250000000000000000e+01 3.570999999999999730e-01
0.000000000000000000e+00 -5.109086000000000240e+03 7.300000000000000000e+01 3.570999999999999730e-01
7.590000000000000080e-01 -5.109815999999999804e+03 7.350000000000000000e+01 3.570999999999999730e-01
0.000000000000000000e+00 -5.110574999999999818e+03 7.400000000000000000e+01 3.570999999999999730e-01
2.248000000000000220e+00 -5.106837999999999738e+03 7.450000000000000000e+01 3.585999999999999743e-01
0.000000000000000000e+00 -5.109086000000000240e+03 7.500000000000000000e+01 3.585999999999999743e-01
7.590000000000000080e-01 -5.109815999999999804e+03 7.550000000000000000e+01 3.585999999999999743e-01
0.000000000000000000e+00 -5.110574999999999818e+03 7.600000000000000000e+01 3.585999999999999743e-01
2.248000000000000220e+00 -5.106837999999999738e+03 7.650000000000000000e+01 3.886000000000000010e-01
0.000000000000000000e+00 -5.109086000000000240e+03 7.700000000000000000e+01 3.886000000000000010e-01
7.590000000000000080e-01 -5.109815999999999804e+03 7.750000000000000000e+01 3.886000000000000010e-01
0.000000000000000000e+00 -5.110574999999999818e+03 7.800000000000000000e+01 3.886000000000000010e-01
2.248000000000000220e+00 -5.106837999999999738e+03 7.850000000000000000e+01 4.007000000000000006e-01
0.000000000000000000e+00 -5.109086000000000240e+03 7.900000000000000000e+01 4.007000000000000006e-01
7.590000000000000080e-01 -5.109815999999999804e+03 7.950000000000000000e+01 4.007000000000000006e-01
0.000000000000000000e+00 -5.110574999999999818e+03 8.000000000000000000e+01 4.007000000000000006e-01
2.248000000000000220e+00 -5.106837999999999738e+03 8.050000000000000000e+01 4.161000000000000254e-01
0.000000000000000000e+00 -5.109086000000000240e+03 8.100000000000000000e+01 4.161000000000000254e-01
7.590000000000000080e-01 -5.109815999999999804e+03 8.150000000000000000e+01 4.161000000000000254e-01
0.000000000000000000e+00 -5.110574999999999818e+03 8.200000000000000000e+01 4.161000000000000254e-01
2.248000000000000220e+00 -5.106837999999999738e+03 8.250000000000000000e+01 4.307000000000000273e-01
0.000000000000000000e+00 -5.109086000000000240e+03 8.300000000000000000e+01 4.307000000000000273e-01
7.590000000000000080e-01 -5.109815999999999804e+03 8.350000000000000000e+01 4.307000000000000273e-01
0.000000000000000000e+00 -5.110574999999999818e+03 8.400000000000000000e+01 4.307000000000000273e-01
2.248000000000000220e+00 -5.106837999999999738e+03 8.450000000000000000e+01 4.312000000000000277e-01
0.000000000000000000e+00 -5.109086000000000240e+03 8.500000000000000000e+01 4.312000000000000277e-01
7.590000000000000080e-01 -5.109815999999999804e+03 8.550000000000000000e+01 4.312000000000000277e-01
0.000000000000000000e+00 -5.110574999999999818e+03 8.600000000000000000e+01 4.312000000000000277e-01
2.248000000000000220e+00 -5.106837999999999738e+03 8.650000000000000000e+01 4.319000000000000061e-01
0.000000000000000000e+00 -5.109086000000000240e+03 8.700000000000000000e+01 4.319000000000000061e-01
7.590000000000000080e-01 -5.109815999999999804e+03 8.750000000000000000e+01 4.319000000000000061e-01
0.000000000000000000e+00 -5.110574999999999818e+03 8.800000000000000000e+01 4.319000000000000061e-01
2.248000000000000220e+00 -5.106837999999999738e+03 8.850000000000000000e+01 4.405999999999999917e-01
0.000000000000000000e+00 -5.109086000000000240e+03 8.900000000000000000e+01 4.405999999999999917e-01
7.590000000000000080e-01 -5.109815999999999804e+03 8.950000000000000000e+01 4.405999999999999917e-01
0.000000000000000000e+00 -5.110574999999999818e+03 9.000000000000000000e+01 4.405999999999999917e-01
2.426000000000000156e+00 -5.106274000000000342e+03 9.050000000000000000e+01 4.560000000000000164e-01
0.000000000000000000e+00 -5.108699999999999818e+03 9.100000000000000000e+01 4.560000000000000164e-01
7.409999999999999920e-01 -5.109835000000000036e+03 9.150000000000000000e+01 4.560000000000000164e-01
0.000000000000000000e+00 -5.110576000000000022e+03 9.200000000000000000e+01 4.560000000000000164e-01
2.245000000000000107e+00 -5.106841000000000349e+03 9.250000000000000000e+01 4.606000000000000094e-01
0.000000000000000000e+00 -5.109086000000000240e+03 9.300000000000000000e+01 4.606000000000000094e-01
1.278000000000000025e+00 -5.108737000000000080e+03 9.350000000000000000e+01 4.606000000000000094e-01
0.000000000000000000e+00 -5.110015999999999622e+03 9.400000000000000000e+01 4.606000000000000094e-01
1.818999999999999950e+00 -5.108503999999999905e+03 9.450000000000000000e+01 4.607999999999999874e-01
0.000000000000000000e+00 -5.110323000000000320e+03 9.500000000000000000e+01 4.607999999999999874e-01
2.125000000000000000e+00 -5.107890000000000327e+03 9.550000000000000000e+01 4.611000000000000099e-01
0.000000000000000000e+00 -5.110015999999999622e+03 9.600000000000000000e+01 4.611000000000000099e-01
1.818999999999999950e+00 -5.108506000000000313e+03 9.650000000000000000e+01 4.611999999999999988e-01
0.000000000000000000e+00 -5.110324999999999818e+03 9.700000000000000000e+01 4.611999999999999988e-01
2.172000000000000153e+00 -5.106913999999999760e+03 9.750000000000000000e+01 4.661000000000000143e-01
0.000000000000000000e+00 -5.109086000000000240e+03 9.800000000000000000e+01 4.661000000000000143e-01
7.590000000000000080e-01 -5.109817000000000007e+03 9.850000000000000000e+01 4.661000000000000143e-01
0.000000000000000000e+00 -5.110574999999999818e+03 9.900000000000000000e+01 4.661000000000000143e-01
2.248000000000000220e+00 -5.106838999999999942e+03 9.950000000000000000e+01 4.773999999999999910e-01
0.000000000000000000e+00 -5.109086000000000240e+03 1.000000000000000000e+02 4.773999999999999910e-01
7.590000000000000080e-01 -5.109817000000000007e+03 1.005000000000000000e+02 4.773999999999999910e-01
0.000000000000000000e+00 -5.110574999999999818e+03 1.010000000000000000e+02 4.773999999999999910e-01
2.607000000000000206e+00 -5.106092999999999847e+03 1.015000000000000000e+02 5.147000000000000464e-01
0.000000000000000000e+00 -5.108699999999999818e+03 1.020000000000000000e+02 5.147000000000000464e-01
