# t	msd	err
9.999999999998898659e-05 2.562588643511192754e-01 7.410695084621855833e-02
2.518518518518374802e-04 6.225848503282986890e-01 1.093612541195082971e-01
4.666666666666522962e-04 8.203267372682997438e-01 1.202713397599450007e-01
9.429629629629145832e-04 2.946590941223389049e+00 5.335503198737467923e-01
1.444444444444451968e-03 2.570773807850240900e+00 1.130832698061442931e+00
2.494670846394945931e-03 3.092407337318947125e+00 5.555641075091936054e-01
4.459999999999990881e-03 3.419893075243085168e+00 4.898700479479465297e-01
9.940681239623588156e-03 8.813141416831738795e+00 9.148629215308898277e-02
1.474577647058822501e-02 4.616815058926072801e+00 2.624767007743538105e-01
2.489779993888721274e-02 1.330319593206624162e+01 7.780740352744432153e-02
4.511048943486237195e-02 1.756490318921317950e+01 8.961143822932569891e-02
7.983120401654980602e-02 2.270831537194612082e+01 6.616986748829967180e-02
1.496895278828774822e-01 2.699494244579353008e+01 5.441851364026384363e-02
2.689873672874989463e-01 3.195608464826919004e+01 4.613900946195164526e-02
4.729956694851710219e-01 4.119247661204332900e+01 3.805941796643518005e-02
8.405486714347971677e-01 5.316604691126877924e+01 3.104948841572801460e-02
1.501387435259867287e+00 6.803431029228249827e+01 2.577027227984517513e-02
2.687628580745066387e+00 1.017821034732501602e+02 2.764697955055900325e-02
4.661573221062625727e+00 1.681349863771287687e+02 5.119359058834450221e-02
8.988937192157779421e+00 1.470211142923461409e+02 6.345634116564267957e-02
1.523616001868810166e+01 1.586971367959913835e+02 1.822222379822159566e-02
2.778969915283270709e+01 2.518018822224788380e+02 3.631965225049068463e-02
4.738997022701274631e+01 3.755075054801442320e+02 4.988863832596848041e-02
