# t
0.000000000000000000e+00
3.038138599999999815e-12
1.232918000000000002e-10
4.854332000000000129e-05
4.854332000000000129e-05
7.803129399999999497e-04
8.228797000000000151e-04
8.250743400000000189e-04
8.259290899999999517e-04
8.259291200000000487e-04
1.162741199999999973e-03
1.162803399999999933e-03
1.443318799999999914e-03
1.443627600000000049e-03
1.564545899999999958e-03
1.564545999999999992e-03
1.572715300000000023e-03
1.572715400000000057e-03
1.853388600000000072e-03
1.853388700000000106e-03
1.874187000000000032e-03
1.874187299999999917e-03
1.995734299999999978e-03
1.995735599999999988e-03
3.395144000000000113e-03
3.395144499999999850e-03
3.786985599999999862e-03
3.786985599999999862e-03
4.390688599999999567e-03
4.390688599999999567e-03
5.369279599999999576e-03
5.369279599999999576e-03
7.843093299999999435e-03
7.843093699999999571e-03
8.082993499999999859e-03
8.082993599999999459e-03
8.526582700000000237e-03
8.526582700000000237e-03
9.725441799999999873e-03
9.725442000000000808e-03
1.018253300000000056e-02
1.018253300000000056e-02
1.090046700000000049e-02
1.090046700000000049e-02
1.134648000000000080e-02
1.134648000000000080e-02
1.164555199999999999e-02
1.164555199999999999e-02
1.204239699999999982e-02
1.204239699999999982e-02
1.653693800000000103e-02
1.653693900000000050e-02
1.713270700000000049e-02
1.713270700000000049e-02
1.731002800000000161e-02
1.731002800000000161e-02
1.750924400000000020e-02
1.750924400000000020e-02
1.832616100000000053e-02
1.832616100000000053e-02
1.840284899999999890e-02
1.840284899999999890e-02
1.946923100000000004e-02
1.946923100000000004e-02
2.112363600000000119e-02
2.112363600000000119e-02
2.119582500000000147e-02
2.119582500000000147e-02
2.125553599999999849e-02
2.125800699999999890e-02
2.174626199999999884e-02
2.174626199999999884e-02
2.219812200000000069e-02
2.219812200000000069e-02
2.228105699999999995e-02
2.228105699999999995e-02
2.233753900000000001e-02
2.233753900000000001e-02
2.233753900000000001e-02
2.233753900000000001e-02
2.277769400000000111e-02
2.277842799999999987e-02
2.284916600000000061e-02
2.284916600000000061e-02
2.287853399999999898e-02
2.296366199999999927e-02
2.296366199999999927e-02
2.300822699999999915e-02
2.310766499999999946e-02
2.311848199999999923e-02
2.322169400000000106e-02
2.322169400000000106e-02
2.331431800000000054e-02
2.331431800000000054e-02
2.379756400000000022e-02
2.380615399999999951e-02
2.390564800000000156e-02
2.393090399999999937e-02
2.404776399999999925e-02
2.404776399999999925e-02
2.418822199999999881e-02
2.418822199999999881e-02
2.427386999999999947e-02
2.430195799999999851e-02
2.431331200000000012e-02
2.431331200000000012e-02
2.431331200000000012e-02
2.431331200000000012e-02
2.435916600000000154e-02
2.435916600000000154e-02
2.501430600000000004e-02
2.501430600000000004e-02
2.562559899999999891e-02
2.562559999999999838e-02
2.647647100000000142e-02
2.647647100000000142e-02
2.827882099999999913e-02
2.827882099999999913e-02
2.858988000000000154e-02
2.858988000000000154e-02
2.868408700000000047e-02
2.869582500000000119e-02
2.870070099999999860e-02
2.872057000000000082e-02
2.877880400000000158e-02
2.877907600000000066e-02
2.886034000000000169e-02
2.886034000000000169e-02
2.933016000000000095e-02
2.933016000000000095e-02
2.984199800000000152e-02
2.984199800000000152e-02
2.997486599999999932e-02
2.997671899999999889e-02
3.019845499999999905e-02
3.019845499999999905e-02
3.111825999999999828e-02
3.112390900000000168e-02
3.184872799999999976e-02
3.186389800000000161e-02
3.186389800000000161e-02
3.196549399999999708e-02
3.196549499999999655e-02
3.215534700000000079e-02
3.215534700000000079e-02
3.260347999999999719e-02
3.260347999999999719e-02
3.260347999999999719e-02
3.260347999999999719e-02
3.451038699999999654e-02
3.451038699999999654e-02
3.579574399999999740e-02
3.588012000000000146e-02
3.588871600000000106e-02
3.588871600000000106e-02
3.600672500000000331e-02
3.600697499999999662e-02
3.600770799999999938e-02
3.600770799999999938e-02
3.603188899999999750e-02
3.603188899999999750e-02
3.666346999999999662e-02
3.666346999999999662e-02
3.828909300000000321e-02
3.828909300000000321e-02
4.001548900000000131e-02
4.001548900000000131e-02
4.034478400000000159e-02
4.034478400000000159e-02
4.114050799999999924e-02
4.114050799999999924e-02
4.222964099999999832e-02
4.222964099999999832e-02
4.224611999999999812e-02
4.224611999999999812e-02
4.238828900000000260e-02
4.238953599999999849e-02
4.239951799999999715e-02
4.240858299999999970e-02
4.241610400000000308e-02
4.241964299999999993e-02
4.250599299999999886e-02
4.250599399999999833e-02
4.340209600000000112e-02
4.340209700000000059e-02
4.447401899999999658e-02
4.447401899999999658e-02
4.650650099999999870e-02
4.650650099999999870e-02
4.729874900000000104e-02
4.729874900000000104e-02
4.742298799999999925e-02
4.742298799999999925e-02
4.808561799999999664e-02
4.808561799999999664e-02
4.855065000000000075e-02
4.855065000000000075e-02
4.855065000000000075e-02
4.855065000000000075e-02
5.038260399999999750e-02
5.038260399999999750e-02
5.083667599999999731e-02
5.083667599999999731e-02
5.113074900000000311e-02
5.113074900000000311e-02
5.113074900000000311e-02
5.214759000000000061e-02
5.214759000000000061e-02
5.307109399999999921e-02
5.307109399999999921e-02
5.502166299999999843e-02
5.502166299999999843e-02
5.515354399999999879e-02
5.515354399999999879e-02
5.555620099999999950e-02
5.555620099999999950e-02
5.602134100000000227e-02
5.602134100000000227e-02
5.718140800000000301e-02
5.718140800000000301e-02
6.019315499999999819e-02
6.019315499999999819e-02
6.063401300000000049e-02
6.063401300000000049e-02
6.305307300000000115e-02
6.305307400000000062e-02
6.316225799999999890e-02
6.316225899999999838e-02
6.365484700000000051e-02
6.365484700000000051e-02
6.415671200000000463e-02
6.415671200000000463e-02
6.479375099999999665e-02
6.479375099999999665e-02
6.579202400000000450e-02
6.579202400000000450e-02
6.740870999999999669e-02
6.740870999999999669e-02
7.019833999999999796e-02
7.019833999999999796e-02
7.234390400000000054e-02
7.234390400000000054e-02
7.363034799999999824e-02
7.363034799999999824e-02
7.468927000000000205e-02
7.468927000000000205e-02
7.468927000000000205e-02
7.676606499999999444e-02
7.676606499999999444e-02
7.676606499999999444e-02
7.676606499999999444e-02
7.690043100000000520e-02
7.690043100000000520e-02
7.827932799999999525e-02
7.827932799999999525e-02
7.831912900000000122e-02
7.831912900000000122e-02
7.915300799999999692e-02
7.915300799999999692e-02
7.989000999999999741e-02
7.989000999999999741e-02
8.108059200000000688e-02
8.108059200000000688e-02
8.119660200000000660e-02
8.119660200000000660e-02
8.123413999999999635e-02
8.123413999999999635e-02
8.206999900000000459e-02
8.206999900000000459e-02
8.299029600000000506e-02
8.299029600000000506e-02
8.388857900000000478e-02
8.388857900000000478e-02
8.399318399999999851e-02
8.399449500000000235e-02
8.405047599999999897e-02
8.406294699999999898e-02
8.410447499999999799e-02
8.411035299999999881e-02
8.413785499999999751e-02
8.414615300000000131e-02
8.418492800000000609e-02
8.418492800000000609e-02
8.476983899999999961e-02
8.476983899999999961e-02
8.488278700000000121e-02
8.488278700000000121e-02
8.489230000000000387e-02
8.489230000000000387e-02
8.492882100000000156e-02
8.492882100000000156e-02
8.493578599999999923e-02
8.493578699999999870e-02
8.501772999999999969e-02
8.501772999999999969e-02
8.501772999999999969e-02
8.506917999999999425e-02
8.506917999999999425e-02
8.560418499999999931e-02
8.560418499999999931e-02
8.601298599999999961e-02
8.601298599999999961e-02
8.679492599999999447e-02
8.679492599999999447e-02
8.692389500000000102e-02
8.692389500000000102e-02
8.935017800000000232e-02
8.935017800000000232e-02
8.940319200000000632e-02
8.940319200000000632e-02
8.940319200000000632e-02
8.943762399999999335e-02
8.943762399999999335e-02
9.091972199999999449e-02
9.091972199999999449e-02
9.379750200000000482e-02
9.379750200000000482e-02
9.498132500000000533e-02
9.498132500000000533e-02
9.498132500000000533e-02
9.498132500000000533e-02
9.866158499999999609e-02
9.866158499999999609e-02
9.970896899999999452e-02
9.970896899999999452e-02
1.000278400000000067e-01
1.000278400000000067e-01
1.008466900000000027e-01
1.008466900000000027e-01
1.015041200000000032e-01
1.015041200000000032e-01
1.016542799999999996e-01
1.016542799999999996e-01
1.016542799999999996e-01
1.042118900000000015e-01
1.042118900000000015e-01
1.044096899999999994e-01
1.044096899999999994e-01
1.072181700000000015e-01
1.072181700000000015e-01
1.080143699999999984e-01
1.080143699999999984e-01
1.082259500000000013e-01
1.082259500000000013e-01
1.082259500000000013e-01
1.082262999999999975e-01
1.082262999999999975e-01
1.127400300000000050e-01
1.127400300000000050e-01
1.184453699999999943e-01
1.184453699999999943e-01
1.188338899999999976e-01
1.188338899999999976e-01
1.221728200000000014e-01
1.221728200000000014e-01
1.227518999999999971e-01
1.227518999999999971e-01
1.227518999999999971e-01
1.237381899999999979e-01
1.237381899999999979e-01
1.237381899999999979e-01
1.242659700000000034e-01
1.242659700000000034e-01
1.277410599999999896e-01
1.277410599999999896e-01
1.301091000000000053e-01
1.301091000000000053e-01
1.332869200000000032e-01
1.332869200000000032e-01
1.334897300000000009e-01
1.334897300000000009e-01
1.339061900000000083e-01
1.339061900000000083e-01
1.369582599999999983e-01
1.369582599999999983e-01
1.369582599999999983e-01
1.369582599999999983e-01
1.369582599999999983e-01
1.378084400000000043e-01
1.378084400000000043e-01
1.378084400000000043e-01
1.378084400000000043e-01
1.397961699999999974e-01
1.397961699999999974e-01
1.445553900000000058e-01
1.445553900000000058e-01
1.449346699999999877e-01
1.449346699999999877e-01
1.451608699999999974e-01
1.451608699999999974e-01
1.454522799999999894e-01
1.454522799999999894e-01
1.458887600000000062e-01
1.458887600000000062e-01
1.458947800000000017e-01
1.458947800000000017e-01
1.458947800000000017e-01
1.458947800000000017e-01
1.463373299999999877e-01
1.463373299999999877e-01
1.469266200000000078e-01
1.469266200000000078e-01
1.476809099999999986e-01
1.476809099999999986e-01
1.488552399999999998e-01
1.488552399999999998e-01
1.496548000000000045e-01
1.496548000000000045e-01
1.524213199999999990e-01
1.524213199999999990e-01
1.524612800000000046e-01
1.524612800000000046e-01
1.565189399999999953e-01
1.565189399999999953e-01
1.576911900000000089e-01
1.576911900000000089e-01
1.576911900000000089e-01
1.576911900000000089e-01
1.615632700000000088e-01
1.615632700000000088e-01
1.646069500000000019e-01
1.646069500000000019e-01
1.661402399999999946e-01
1.661402399999999946e-01
1.661515799999999932e-01
1.661515799999999932e-01
1.661903100000000078e-01
1.661903100000000078e-01
1.681815299999999958e-01
1.681815299999999958e-01
1.684613699999999992e-01
1.684613699999999992e-01
1.686930500000000110e-01
1.686930500000000110e-01
1.690780899999999864e-01
1.690780899999999864e-01
1.698274700000000081e-01
1.698274700000000081e-01
1.709231300000000064e-01
1.709231300000000064e-01
1.711729499999999904e-01
1.711729499999999904e-01
1.712414800000000015e-01
1.712414800000000015e-01
1.724297899999999995e-01
1.724297899999999995e-01
1.724297899999999995e-01
1.724297899999999995e-01
1.758287099999999992e-01
1.758287099999999992e-01
1.761418100000000098e-01
1.761418100000000098e-01
1.761542399999999897e-01
1.761542399999999897e-01
1.769567400000000013e-01
1.769568300000000094e-01
1.771190800000000121e-01
1.771190800000000121e-01
1.775873500000000049e-01
1.775873900000000116e-01
1.775962600000000058e-01
1.776018900000000122e-01
1.776280100000000028e-01
1.776434799999999925e-01
1.776435199999999992e-01
1.776435199999999992e-01
1.776695299999999922e-01
1.776740900000000067e-01
1.777193400000000034e-01
1.777218600000000093e-01
1.777403499999999914e-01
1.777403599999999861e-01
1.781943400000000066e-01
1.781943400000000066e-01
1.786263899999999960e-01
1.786263899999999960e-01
1.788789600000000035e-01
1.788789600000000035e-01
1.799219699999999866e-01
1.799219699999999866e-01
1.816093599999999975e-01
1.816093599999999975e-01
1.816925299999999910e-01
1.816925299999999910e-01
1.818006899999999870e-01
1.818006899999999870e-01
1.820319099999999912e-01
1.820319099999999912e-01
1.824034800000000067e-01
1.824034800000000067e-01
1.851926000000000128e-01
1.851926000000000128e-01
1.899276799999999876e-01
1.899276799999999876e-01
1.929536299999999871e-01
1.929536299999999871e-01
1.984761800000000020e-01
1.984761800000000020e-01
1.984761800000000020e-01
2.000286500000000023e-01
2.000286500000000023e-01
2.044764900000000107e-01
2.044764900000000107e-01
2.045590399999999975e-01
2.045590399999999975e-01
2.053682699999999917e-01
2.053682699999999917e-01
2.061124699999999921e-01
2.061124699999999921e-01
2.098499400000000126e-01
2.098499400000000126e-01
2.175268499999999938e-01
2.175268499999999938e-01
2.177686600000000028e-01
2.201616899999999932e-01
2.201692199999999988e-01
2.201941599999999999e-01
2.202884300000000073e-01
2.202884300000000073e-01
2.203067499999999956e-01
2.203400799999999937e-01
2.203506699999999985e-01
2.203506699999999985e-01
2.203542199999999895e-01
2.203631100000000009e-01
2.204084500000000058e-01
2.204084500000000058e-01
2.235603200000000068e-01
2.235603200000000068e-01
2.299321300000000123e-01
2.299321300000000123e-01
2.402640000000000053e-01
2.402640000000000053e-01
2.406652800000000092e-01
2.406652800000000092e-01
2.422681399999999929e-01
2.422681399999999929e-01
2.498650699999999947e-01
2.498650699999999947e-01
2.504556199999999899e-01
2.504556199999999899e-01
2.509603000000000250e-01
2.541694299999999740e-01
2.541694299999999740e-01
2.542699500000000223e-01
2.542699500000000223e-01
2.548073900000000225e-01
2.548073900000000225e-01
2.554398099999999894e-01
2.554398099999999894e-01
2.570517800000000075e-01
2.570517800000000075e-01
2.572854700000000161e-01
2.572854700000000161e-01
2.598290699999999953e-01
2.598290699999999953e-01
2.628750499999999990e-01
2.628750499999999990e-01
2.636181899999999745e-01
2.636181899999999745e-01
2.636360400000000159e-01
2.636360400000000159e-01
2.642293900000000084e-01
2.642293900000000084e-01
2.642332600000000253e-01
2.644801800000000092e-01
2.644929300000000150e-01
2.652630699999999897e-01
2.652642100000000003e-01
2.653769699999999898e-01
2.653887100000000276e-01
2.654655200000000104e-01
2.654665500000000233e-01
2.655687400000000253e-01
2.655687400000000253e-01
2.656851800000000208e-01
2.656851800000000208e-01
2.673898100000000055e-01
2.673898100000000055e-01
2.700435999999999948e-01
2.700435999999999948e-01
2.705115900000000240e-01
2.705115900000000240e-01
2.706766600000000134e-01
2.706766600000000134e-01
2.775188399999999889e-01
2.775188399999999889e-01
2.819546499999999734e-01
2.819546499999999734e-01
2.819546499999999734e-01
2.859480300000000197e-01
2.859480300000000197e-01
2.859902000000000277e-01
2.859939300000000073e-01
2.859939300000000073e-01
2.860060200000000274e-01
2.860083700000000118e-01
2.860083700000000118e-01
2.864241799999999727e-01
2.864241799999999727e-01
2.864498600000000006e-01
2.864515400000000045e-01
2.867022699999999813e-01
2.867090500000000208e-01
2.867545000000000233e-01
2.867808299999999866e-01
2.868656700000000170e-01
2.868712500000000221e-01
2.869481899999999919e-01
2.869519200000000270e-01
2.869550399999999946e-01
2.869593699999999914e-01
2.869733500000000159e-01
2.869898900000000252e-01
2.869898900000000252e-01
2.870259099999999952e-01
2.870268400000000053e-01
2.870850500000000083e-01
2.870852700000000035e-01
2.871155599999999919e-01
2.871155699999999866e-01
2.871756100000000256e-01
2.871777099999999749e-01
2.871898399999999740e-01
2.871995299999999807e-01
2.872417099999999834e-01
2.872570899999999927e-01
2.873101100000000074e-01
2.873225099999999754e-01
2.873225099999999754e-01
2.875103700000000151e-01
2.875103700000000151e-01
2.875121299999999769e-01
2.875140500000000210e-01
2.876273599999999986e-01
2.876273599999999986e-01
2.876597799999999761e-01
2.876614299999999957e-01
2.876625300000000274e-01
2.876625400000000221e-01
2.877283900000000005e-01
2.877283900000000005e-01
2.878077600000000236e-01
2.878209099999999854e-01
2.878209099999999854e-01
2.878664200000000117e-01
2.878664200000000117e-01
2.878670799999999974e-01
2.878690400000000205e-01
2.879033899999999813e-01
2.879049000000000191e-01
2.879168999999999756e-01
2.879185300000000058e-01
2.879857200000000006e-01
2.879864100000000260e-01
2.880287699999999895e-01
2.880287699999999895e-01
2.892887599999999781e-01
2.892887599999999781e-01
2.913910499999999848e-01
2.913910499999999848e-01
2.949164599999999914e-01
2.949164599999999914e-01
2.988288599999999740e-01
2.988288599999999740e-01
2.993096000000000090e-01
2.993096000000000090e-01
2.994693099999999886e-01
2.994693099999999886e-01
2.994927499999999743e-01
3.009741499999999959e-01
3.009824799999999967e-01
3.072548800000000080e-01
3.072548800000000080e-01
3.079654000000000003e-01
3.079654000000000003e-01
3.127098099999999770e-01
3.127098099999999770e-01
3.127098099999999770e-01
3.128143899999999977e-01
3.128143899999999977e-01
3.293384999999999785e-01
3.293384999999999785e-01
3.331548200000000182e-01
3.331548200000000182e-01
3.364235300000000262e-01
3.365050900000000067e-01
3.365880399999999772e-01
3.367626200000000125e-01
3.367626200000000125e-01
3.733360600000000251e-01
3.733360600000000251e-01
3.741310999999999942e-01
3.741310999999999942e-01
3.743234699999999915e-01
3.743234699999999915e-01
3.743234699999999915e-01
3.743234699999999915e-01
3.743234699999999915e-01
3.743234699999999915e-01
3.804839600000000099e-01
3.804839600000000099e-01
3.925549500000000136e-01
3.925549500000000136e-01
4.005877500000000202e-01
4.149150600000000022e-01
4.149150600000000022e-01
4.149150600000000022e-01
4.161919000000000035e-01
4.161919000000000035e-01
4.165319199999999999e-01
4.165319199999999999e-01
4.192482000000000153e-01
4.192482000000000153e-01
4.246079099999999773e-01
4.246079200000000275e-01
4.256652699999999845e-01
4.256652699999999845e-01
4.263543599999999878e-01
4.263543599999999878e-01
4.290004299999999882e-01
4.290004299999999882e-01
4.400046499999999972e-01
4.400046499999999972e-01
4.407354600000000233e-01
4.407354600000000233e-01
4.778046799999999816e-01
4.778046799999999816e-01
4.805213400000000190e-01
4.805213400000000190e-01
4.896408199999999766e-01
4.896408199999999766e-01
4.909789500000000251e-01
4.909789500000000251e-01
4.909789500000000251e-01
4.962359700000000262e-01
4.962359700000000262e-01
4.968353699999999984e-01
4.968353699999999984e-01
5.138786800000000321e-01
5.138786800000000321e-01
5.138786800000000321e-01
5.138786800000000321e-01
5.228690400000000071e-01
5.238433900000000198e-01
5.238433900000000198e-01
5.317597099999999966e-01
5.317597099999999966e-01
5.330618900000000382e-01
5.330618900000000382e-01
5.404060000000000530e-01
5.404060000000000530e-01
5.411929899999999849e-01
5.411929899999999849e-01
5.493852200000000074e-01
5.493852200000000074e-01
5.499406300000000414e-01
5.499406300000000414e-01
5.561884999999999746e-01
5.561884999999999746e-01
5.561884999999999746e-01
5.561884999999999746e-01
5.620501900000000051e-01
5.620501900000000051e-01
5.620501900000000051e-01
5.620501900000000051e-01
5.620501900000000051e-01
5.620501900000000051e-01
5.630069899999999850e-01
5.630069899999999850e-01
5.639511600000000069e-01
5.639511600000000069e-01
5.670355900000000338e-01
5.670355900000000338e-01
5.700898599999999483e-01
5.700898599999999483e-01
5.744386799999999793e-01
