# t	msd	err
8.666666666665793478e-07 1.220652518168390266e-01 4.985256244308350349e-02
2.200000000000053475e-06 1.921131017304958943e-01 nan
2.999999999999964501e-06 3.887662061177433181e-01 1.390486948724653504e-01
7.999999999999977615e-06 3.010072093320405040e-01 1.437155876969824775e-01
9.999999999998435501e-06 2.660370934558352052e-01 3.629425691475983429e-02
2.016000000000097589e-05 4.663513230676138432e-01 7.956396798251386127e-02
3.710952380952717262e-05 3.695804452722455391e-01 5.941900531952767212e-02
6.397959183673609137e-05 3.523762345175966981e-01 4.567834315628814534e-02
1.080831889081452726e-04 4.424505518875058163e-01 2.076290313275368921e-02
2.045934065934069035e-04 4.540128124803302079e-01 2.559641620946213197e-02
3.966840413318028472e-04 3.588443186318188705e-01 1.301791259232205553e-02
7.337983402489590230e-04 5.508180467292774773e-01 1.596843222032470408e-02
1.242176870026537360e-03 8.387927912606452097e-01 1.845881785147965304e-02
2.249017790004582875e-03 9.998718730775739694e-01 1.898977127999559172e-02
4.149155585756999186e-03 1.296295819146884076e+00 1.846650132312238971e-02
7.291410907451902589e-03 1.883674776071265322e+00 1.754887811466276579e-02
1.321317719136379590e-02 2.348834477003066912e+00 1.761778213933646448e-02
2.362120973223479775e-02 3.377677914307134266e+00 1.443073922520720330e-02
4.270157971168866279e-02 5.223245290542803509e+00 1.775048575925461045e-02
7.683220698400565485e-02 7.885943004144899682e+00 2.028199410078757731e-02
1.365761459033930647e-01 1.249246048234522988e+01 2.685049439371062219e-02
2.400704154880538566e-01 2.067052801650313398e+01 2.577619384928394111e-02
4.275214107169902356e-01 2.907550394876242805e+01 2.816508797006944329e-02
