# t	msd	err
8.000000000000127470e-14 6.671919389404801226e-02 0.000000000000000000e+00
1.749999999999990726e-12 7.206800512071775966e-02 2.707526968434203953e-03
3.150000000000009802e-12 7.204299684867748743e-02 3.787357728533653854e-03
5.327200000000000161e-12 8.791697154569266814e-02 4.690115190686375973e-02
8.850000000000000458e-12 3.334408831525803585e-02 2.357782877805766550e-02
3.515000000000000916e-11 3.331187862939100075e-02 2.355297360872253207e-02
4.886866666666666112e-11 1.922752132761037513e-01 5.874140148045014359e-02
1.010007999999999967e-10 1.350334844226114273e-01 3.392759030906942336e-02
1.454866000000000340e-10 1.231784039461993052e-01 3.104787532876155873e-02
2.497524516129032908e-10 1.209764090482475796e-01 2.016263315335499809e-02
1.000000000000060518e-06 2.238820679166762806e-01 3.542432495529461434e-02
2.000000000000193033e-06 2.971058773018060428e-01 7.213120021672211890e-02
3.533333333333599918e-06 1.204878599876368250e+00 4.647388762835218401e-01
6.027027027027123642e-06 1.358796317569159084e+00 4.437021328817814525e-01
9.990825688073088915e-06 5.719728750734798250e-01 7.128074689716525081e-02
1.935573770491768439e-05 4.965630096618248723e-01 7.469414607434228526e-02
3.413664596273277996e-05 5.466661331887767705e-01 6.891937623005099656e-02
6.011516393442695611e-05 6.327813158706471208e-01 6.548311314849285247e-02
9.753508982036030383e-05 1.294978990423639509e+00 7.140536676049755171e-02
1.724738013698642392e-04 1.299392572815245783e+00 6.257951931297801862e-02
3.053643061636664396e-04 1.863483259894537447e+00 6.124940916769847782e-02
5.150609582059059157e-04 2.904249433985750972e+00 6.782397009871553306e-02
9.390310441753145585e-04 3.725958997185671695e+00 5.153563555104841154e-02
1.563860351015396470e-03 4.516635379514921667e+00 5.146085043331700276e-02
2.896711348105297790e-03 4.653914553051382796e+00 3.454628176560844977e-02
4.792387280290661723e-03 6.130319890611594325e+00 2.482532554821283155e-02
8.412267632018393532e-03 9.210025072378650535e+00 2.389673506562985106e-02
1.386759609460474010e-02 1.324775988212994626e+01 2.847755029078019931e-02
