# t	msd	err
1.000000000000498645e-09 1.958755283206335962e-01 0.000000000000000000e+00
9.666666666666856459e-08 2.957083243278880169e-01 8.874612845991944332e-02
1.949999999999905097e-07 2.429934778551651742e-01 5.381386959274184201e-02
3.587500000000031297e-07 2.054216231165189033e-01 5.420993534109373041e-02
6.000000000000021963e-07 1.505405419138713119e-01 5.688979896561090210e-02
9.843999999999960299e-07 2.295832087749031525e-01 6.762213004199922606e-02
1.617500000000006536e-06 2.514942985241977458e-01 4.261464070525126241e-02
2.761111111111113663e-06 4.479045031092430684e-01 5.745798729164689617e-02
5.250162500000005995e-06 4.508245612028353722e-01 4.570821546897715221e-02
9.560286863269564916e-06 3.145787156021591091e-01 1.789737684588432742e-02
1.468216883116883222e-05 5.278711031621541316e-01 4.819373200207525965e-02
2.543471616541311307e-05 4.059981981267800077e-01 1.686764564733065838e-02
4.582504278074855074e-05 6.965041720573490469e-01 2.485436815780481257e-02
7.729638437500057821e-05 9.765212943652616939e-01 2.990672254020685511e-02
1.242086854531611372e-04 8.798364983328733624e-01 2.320744011835660509e-02
2.260201119777164138e-04 1.282442847995996615e+00 2.419898132913709740e-02
3.970122499999997868e-04 1.263163393975188953e+00 2.806338088424274388e-02
6.449356231178048765e-04 1.562211368363177977e+00 3.566368094375751974e-02
1.188123862418542960e-03 2.297427832759589617e+00 3.823808760695142361e-02
2.074910068464313768e-03 2.432514011517817210e+00 2.392286368910988975e-02
3.449838139087073232e-03 4.021414602074562694e+00 2.697122021967616676e-02
5.959365948522182994e-03 5.220936761982393648e+00 3.335055016018439317e-02
1.045737780432796395e-02 5.075771057467512115e+00 3.483590029947511435e-02
1.899564497295032003e-02 5.086451954260353681e+00 2.348329108373489044e-02
3.094159351564650454e-02 7.015657957894848806e+00 2.325988656013978917e-02
5.612806248477967414e-02 1.285234423759309408e+01 2.532748967269648696e-02
9.170643713299206357e-02 1.721221867889340729e+01 2.364779098672901980e-02
1.550983588205115116e-01 2.625710293132582862e+01 5.528151899385110035e-02
