# t
0.000000000000000000e+00
2.922431300000000042e-14
4.875317600000000301e-13
2.384964600000000199e-12
3.371981899999999821e-12
3.756652600000000039e-12
5.610304600000000267e-12
5.760744000000000237e-12
6.220119299999999955e-12
6.305209600000000122e-12
7.165376100000000080e-12
8.475247300000000724e-12
8.648824700000000589e-12
9.463814300000000302e-12
9.620523700000000001e-12
1.126250699999999972e-11
1.238280899999999965e-11
1.328105800000000001e-11
1.640388100000000075e-11
1.658780100000000145e-11
1.762369500000000006e-11
1.767983800000000078e-11
1.888868200000000060e-11
1.896964699999999994e-11
2.280434099999999992e-11
2.290152599999999856e-11
2.944771299999999723e-11
2.950882799999999883e-11
3.260842600000000034e-11
3.274313999999999815e-11
3.684804000000000017e-11
3.785403800000000180e-11
3.846147999999999698e-11
3.859933599999999910e-11
3.898824700000000190e-11
3.920025599999999690e-11
4.028226699999999884e-11
4.032378699999999805e-11
4.403732399999999707e-11
4.416622499999999965e-11
5.113511199999999974e-11
5.121414900000000087e-11
6.028580400000000055e-11
6.035863899999999516e-11
1.696591599999999921e-10
1.696818100000000003e-10
2.861084499999999789e-10
2.861635000000000014e-10
2.897062600000000128e-10
2.897375199999999894e-10
2.902919200000000097e-10
2.903160999999999835e-10
3.061630900000000188e-10
3.061801400000000254e-10
3.251871799999999913e-10
3.252877600000000207e-10
3.273280499999999944e-10
3.277210400000000125e-10
3.287962100000000139e-10
3.288274599999999976e-10
3.371944700000000093e-10
3.372415599999999862e-10
3.521673999999999827e-10
3.522338799999999988e-10
3.556728099999999788e-10
3.558610500000000240e-10
3.611489600000000085e-10
3.611681499999999839e-10
4.477396100000000170e-10
4.478861300000000187e-10
4.906010699999999497e-10
4.906357000000000493e-10
6.009105000000000003e-10
6.009483799999999985e-10
6.064872800000000237e-10
6.066476000000000300e-10
6.582741300000000370e-10
6.584229800000000266e-10
6.869401400000000113e-10
6.869454400000000464e-10
6.902731100000000356e-10
6.910649100000000452e-10
7.034734300000000300e-10
7.036441200000000126e-10
7.125946599999999936e-10
7.126836899999999601e-10
7.191258600000000423e-10
7.191274400000000497e-10
7.299993900000000351e-10
7.300019700000000510e-10
7.332399399999999841e-10
7.332461399999999960e-10
7.442726400000000302e-10
7.445198699999999684e-10
7.624730100000000233e-10
7.627177099999999614e-10
7.771097500000000419e-10
7.774120900000000113e-10
7.826501700000000140e-10
7.833102200000000049e-10
8.306014700000000405e-10
8.313030499999999524e-10
8.369161599999999969e-10
8.370043900000000187e-10
8.546889599999999916e-10
8.547873499999999847e-10
8.805232400000000353e-10
8.805429799999999792e-10
8.839784399999999594e-10
8.842590300000000266e-10
9.037552300000000404e-10
9.040583799999999992e-10
9.065273700000000420e-10
9.066428900000000362e-10
9.232473100000000023e-10
9.233433499999999701e-10
9.348966499999999120e-10
9.349528399999999980e-10
9.378512700000000975e-10
9.380616000000000604e-10
9.489767999999999773e-10
9.490334799999999714e-10
9.775875700000000651e-10
9.777496300000000677e-10
9.854627099999998990e-10
9.856382499999999800e-10
1.014219599999999913e-09
1.014330699999999966e-09
1.017687899999999980e-09
1.017727100000000068e-09
1.019601100000000014e-09
1.019647800000000012e-09
1.020097899999999975e-09
1.020368399999999969e-09
1.021680699999999946e-09
1.021768700000000080e-09
1.022506700000000001e-09
1.023123499999999957e-09
1.042819299999999904e-09
1.042827799999999925e-09
1.047585200000000019e-09
1.047700399999999932e-09
1.071923099999999909e-09
1.071955300000000040e-09
1.149934599999999997e-09
1.150266800000000013e-09
1.152554599999999932e-09
1.152599499999999976e-09
1.157613200000000086e-09
1.157714200000000022e-09
1.177855499999999914e-09
1.177858000000000091e-09
1.191995899999999953e-09
1.192054399999999990e-09
1.203753999999999936e-09
1.203863900000000020e-09
1.234184200000000069e-09
1.234239900000000040e-09
1.256697699999999901e-09
1.256752399999999967e-09
1.305921199999999943e-09
1.306007900000000076e-09
1.306298899999999988e-09
1.306337599999999916e-09
1.321846799999999952e-09
1.322670900000000022e-09
1.361576599999999916e-09
1.361806399999999964e-09
1.379245700000000044e-09
1.379421500000000043e-09
1.384997599999999932e-09
1.385137699999999924e-09
1.388308300000000013e-09
1.388347900000000022e-09
1.411423300000000093e-09
1.411550099999999981e-09
1.422231899999999943e-09
1.422631900000000066e-09
1.461605599999999923e-09
1.461734699999999924e-09
1.544972400000000032e-09
1.544998199999999985e-09
1.581818999999999912e-09
1.582335599999999980e-09
1.591002599999999988e-09
1.591058399999999991e-09
1.594741500000000081e-09
1.594929500000000039e-09
1.625137400000000034e-09
1.625170299999999975e-09
1.640931599999999930e-09
1.641146700000000048e-09
1.657625299999999942e-09
1.657645399999999939e-09
1.662692700000000007e-09
1.662960299999999903e-09
1.666309899999999976e-09
1.666404100000000019e-09
1.677444900000000062e-09
1.677734599999999973e-09
1.685825900000000098e-09
1.685855100000000100e-09
1.756017900000000056e-09
1.756336300000000016e-09
1.770857099999999927e-09
1.770864600000000043e-09
1.806294299999999897e-09
1.806376400000000012e-09
1.843004599999999962e-09
1.843210099999999915e-09
1.846673500000000075e-09
1.846826799999999932e-09
1.848101599999999949e-09
1.848192800000000070e-09
1.849213800000000040e-09
1.849281099999999987e-09
1.865229399999999994e-09
1.866287400000000178e-09
1.868512600000000201e-09
1.868644500000000061e-09
1.872296800000000052e-09
1.872512600000000187e-09
1.875378700000000196e-09
1.875485199999999817e-09
1.885620899999999820e-09
1.886477199999999814e-09
1.914000700000000024e-09
1.914013700000000032e-09
1.916593100000000054e-09
1.916629700000000140e-09
1.921225599999999830e-09
1.921529599999999957e-09
1.948645099999999976e-09
1.948824199999999992e-09
1.951536000000000032e-09
1.951945499999999874e-09
1.967299499999999861e-09
1.967644400000000204e-09
1.987412300000000181e-09
1.987573899999999995e-09
1.993216099999999862e-09
1.993663200000000110e-09
1.994659500000000064e-09
1.994665699999999973e-09
1.995285499999999851e-09
1.995402800000000020e-09
2.004898399999999877e-09
2.004976900000000085e-09
2.005511200000000005e-09
2.005860700000000160e-09
2.009547199999999887e-09
2.009848199999999884e-09
2.013271400000000050e-09
2.013456499999999912e-09
2.022031599999999989e-09
2.022408799999999875e-09
2.024934899999999862e-09
2.025024599999999918e-09
2.027205499999999881e-09
2.027802700000000000e-09
2.077680599999999990e-09
2.078110700000000195e-09
2.078838699999999823e-09
2.079287000000000039e-09
2.083525499999999952e-09
2.083923300000000200e-09
2.083985000000000016e-09
2.084311699999999934e-09
2.089882200000000106e-09
2.090047899999999987e-09
2.102784300000000183e-09
2.103252899999999839e-09
2.104665600000000181e-09
2.105557399999999911e-09
2.114784999999999951e-09
2.115030900000000168e-09
2.126005099999999868e-09
2.126035299999999982e-09
2.148228400000000043e-09
2.148236999999999889e-09
2.170491300000000020e-09
2.170862999999999806e-09
2.178991300000000145e-09
2.179157500000000185e-09
2.184228599999999982e-09
2.184584099999999981e-09
2.189195199999999968e-09
2.189260500000000104e-09
2.192262800000000103e-09
2.192544799999999834e-09
2.197035900000000031e-09
2.197155600000000138e-09
2.210393100000000011e-09
2.210480300000000097e-09
2.222440000000000031e-09
2.223592300000000083e-09
2.228082900000000121e-09
2.228184100000000120e-09
2.234621800000000039e-09
2.234990700000000174e-09
2.249471400000000124e-09
2.249493200000000042e-09
2.251817799999999904e-09
2.252402699999999824e-09
2.270825199999999819e-09
2.271126499999999912e-09
2.275698599999999874e-09
2.276218699999999817e-09
2.296605599999999831e-09
2.296704499999999924e-09
2.306791600000000151e-09
2.307059900000000064e-09
2.319205700000000178e-09
2.319575799999999868e-09
2.332227599999999979e-09
2.332234600000000143e-09
2.334051399999999846e-09
2.334287699999999899e-09
2.335331800000000201e-09
2.335564000000000187e-09
2.335952499999999953e-09
2.336631600000000123e-09
2.351805200000000092e-09
2.351808299999999839e-09
2.404733200000000015e-09
2.405288800000000107e-09
2.413701799999999797e-09
2.414010799999999863e-09
2.417866500000000173e-09
2.418021099999999824e-09
2.419102900000000150e-09
2.419164499999999934e-09
2.432442199999999800e-09
2.432609699999999841e-09
2.436564699999999958e-09
2.436758099999999983e-09
2.442343499999999942e-09
2.442414200000000146e-09
2.450674800000000058e-09
2.450728200000000123e-09
2.463485900000000078e-09
2.463946800000000175e-09
2.472553600000000018e-09
2.472636199999999878e-09
2.480983300000000068e-09
2.481049900000000205e-09
2.485644799999999990e-09
2.485712800000000160e-09
2.494408599999999835e-09
2.494553400000000085e-09
2.507974899999999882e-09
2.507978799999999884e-09
2.520750000000000007e-09
2.520750400000000134e-09
2.521143999999999871e-09
2.521183800000000150e-09
2.522722700000000189e-09
2.522898700000000045e-09
2.528468499999999994e-09
2.528619699999999802e-09
2.532689799999999800e-09
2.533601600000000115e-09
2.535426000000000174e-09
2.535648099999999835e-09
2.539244300000000142e-09
2.539932799999999999e-09
2.542532799999999970e-09
2.542804899999999853e-09
2.560865799999999973e-09
2.560867400000000069e-09
2.565212800000000144e-09
2.565714800000000107e-09
2.568109299999999918e-09
2.568204800000000168e-09
2.575309500000000122e-09
2.575374899999999876e-09
2.588657300000000000e-09
2.589477500000000067e-09
2.600737000000000136e-09
2.601203099999999822e-09
2.613654999999999904e-09
2.613715400000000133e-09
2.618943099999999805e-09
2.619463200000000161e-09
2.620762299999999860e-09
2.620974300000000024e-09
2.629878099999999829e-09
2.629880400000000149e-09
2.632238800000000032e-09
2.632293300000000034e-09
2.638621500000000203e-09
2.639127699999999851e-09
2.639972299999999838e-09
2.639996700000000171e-09
2.653291799999999794e-09
2.653344299999999986e-09
2.661405199999999932e-09
2.661796999999999923e-09
2.664467500000000033e-09
2.664580099999999944e-09
2.735716100000000142e-09
2.736078699999999923e-09
2.747964200000000192e-09
2.747990799999999986e-09
2.769663900000000135e-09
2.769694499999999963e-09
2.785255100000000047e-09
2.785323900000000058e-09
2.802521399999999987e-09
2.804008999999999804e-09
2.804956699999999982e-09
2.805410399999999852e-09
2.815981600000000127e-09
2.816290300000000097e-09
2.827948200000000192e-09
2.828496099999999898e-09
2.836847799999999899e-09
2.837610799999999930e-09
2.853689400000000115e-09
2.853729099999999949e-09
2.867220700000000172e-09
2.867532199999999794e-09
2.867798699999999960e-09
2.867849900000000151e-09
2.871698899999999979e-09
2.871776599999999933e-09
2.876043799999999895e-09
2.876380200000000010e-09
2.899205899999999893e-09
2.899993800000000003e-09
2.907636499999999816e-09
2.909058599999999846e-09
2.928163100000000108e-09
2.928181999999999929e-09
2.928435700000000151e-09
2.928472799999999983e-09
2.938580200000000064e-09
2.938625399999999996e-09
2.947926199999999795e-09
2.948006600000000196e-09
2.959512599999999845e-09
2.959540199999999958e-09
2.965102900000000125e-09
2.965837400000000171e-09
2.968358999999999965e-09
2.968682400000000072e-09
2.970741199999999990e-09
2.971055300000000027e-09
2.973702699999999805e-09
2.974082800000000201e-09
2.981975000000000138e-09
2.982076300000000169e-09
2.987399400000000060e-09
2.987528200000000172e-09
2.996156000000000091e-09
2.996297999999999862e-09
3.004801899999999990e-09
3.004834600000000074e-09
3.024957499999999891e-09
3.025235299999999937e-09
3.026555500000000158e-09
3.027121599999999875e-09
3.041380499999999846e-09
3.042144500000000196e-09
3.047853699999999914e-09
3.047869600000000019e-09
3.052314099999999838e-09
3.052379900000000133e-09
3.054993199999999794e-09
3.055061700000000123e-09
3.066822000000000186e-09
3.066887800000000068e-09
3.068079200000000176e-09
3.068105100000000161e-09
3.094698299999999949e-09
3.095003400000000012e-09
3.113152400000000091e-09
3.113354499999999994e-09
3.116942200000000073e-09
3.117126199999999997e-09
3.118884300000000014e-09
3.118937399999999983e-09
3.129546199999999836e-09
3.129652899999999935e-09
3.137218499999999986e-09
3.137434300000000120e-09
3.144679500000000194e-09
3.144723799999999840e-09
3.165427699999999988e-09
3.165593799999999996e-09
3.168078600000000054e-09
3.168081699999999801e-09
3.169922700000000188e-09
3.169949099999999918e-09
3.171169699999999822e-09
3.171169899999999885e-09
3.171653300000000124e-09
3.171709699999999905e-09
3.186032900000000106e-09
3.186066300000000000e-09
3.197304699999999959e-09
3.197357300000000183e-09
3.204079599999999834e-09
3.204192499999999841e-09
3.204968900000000008e-09
3.205337600000000080e-09
3.207070800000000017e-09
3.207188499999999900e-09
3.210451200000000189e-09
3.210814300000000130e-09
3.214480500000000003e-09
3.215064600000000081e-09
3.218989400000000084e-09
3.219213399999999938e-09
3.229873500000000013e-09
3.230010300000000194e-09
3.232059299999999884e-09
3.232081000000000184e-09
3.237216000000000084e-09
3.237414500000000081e-09
3.243593100000000124e-09
3.243999899999999933e-09
3.247073599999999945e-09
3.247156599999999933e-09
3.250114399999999809e-09
3.250129700000000136e-09
3.270051099999999827e-09
3.270208499999999957e-09
3.287334300000000192e-09
3.287458500000000079e-09
3.296741099999999866e-09
3.297451600000000119e-09
3.298049500000000048e-09
3.298308000000000146e-09
3.301023799999999807e-09
3.301173299999999900e-09
3.308674200000000006e-09
3.308990499999999917e-09
3.318536099999999996e-09
3.319322299999999979e-09
3.321628400000000147e-09
3.322864399999999997e-09
3.341347100000000157e-09
3.341490599999999992e-09
3.345349700000000145e-09
3.345707999999999796e-09
3.358345399999999866e-09
3.359196899999999985e-09
3.361182100000000016e-09
3.361654099999999930e-09
3.369033500000000182e-09
3.369259000000000100e-09
3.383160000000000133e-09
3.383627799999999949e-09
3.404098300000000142e-09
3.404163000000000087e-09
3.405813600000000164e-09
3.406147000000000149e-09
3.417407999999999869e-09
3.417426800000000071e-09
3.475409499999999940e-09
3.475457199999999842e-09
3.487443600000000015e-09
3.487624599999999810e-09
3.516668599999999984e-09
3.516846500000000032e-09
3.520390699999999892e-09
3.520946299999999985e-09
3.529474500000000001e-09
3.529755699999999890e-09
3.531001499999999969e-09
3.531156500000000161e-09
3.533025099999999833e-09
3.533184300000000124e-09
3.543039600000000078e-09
3.543326400000000098e-09
3.546674799999999996e-09
3.546719899999999897e-09
3.548706700000000025e-09
3.548796600000000144e-09
3.573124399999999916e-09
3.573176700000000045e-09
3.574779100000000060e-09
3.574995199999999876e-09
3.587198400000000089e-09
3.587201000000000091e-09
3.591948700000000194e-09
3.592251000000000192e-09
3.599927500000000026e-09
3.600319099999999953e-09
3.601970499999999871e-09
3.602304700000000112e-09
3.606204399999999972e-09
3.606350200000000126e-09
3.634480500000000207e-09
3.634547099999999930e-09
3.654065500000000196e-09
3.654443000000000178e-09
3.663398599999999952e-09
3.663540200000000009e-09
3.663754500000000079e-09
3.663875599999999805e-09
3.664998299999999933e-09
3.666283600000000196e-09
3.673134599999999927e-09
3.673467300000000103e-09
3.677978899999999805e-09
3.677992299999999941e-09
3.679058899999999971e-09
3.679190999999999894e-09
3.679928500000000069e-09
3.680269900000000123e-09
3.683248600000000044e-09
3.684441999999999962e-09
3.684960100000000095e-09
3.686051600000000204e-09
3.710131900000000076e-09
3.710638300000000202e-09
3.719529999999999872e-09
3.719871299999999895e-09
3.728241499999999590e-09
3.728253700000000170e-09
3.739950699999999907e-09
3.740070800000000141e-09
3.744999000000000294e-09
3.745406400000000294e-09
3.766402799999999798e-09
3.766407799999999737e-09
3.774103700000000379e-09
3.774116400000000291e-09
3.774370400000000195e-09
3.774990400000000137e-09
3.781308800000000077e-09
3.781557800000000042e-09
3.801793800000000343e-09
3.801815699999999879e-09
3.806205899999999759e-09
3.806240900000000163e-09
3.817098700000000394e-09
3.817112799999999926e-09
3.820042399999999911e-09
3.820345599999999782e-09
3.828490499999999622e-09
3.828496900000000008e-09
3.831926099999999606e-09
3.832094300000000284e-09
3.836415299999999611e-09
3.836422500000000252e-09
3.847025799999999593e-09
3.847221700000000001e-09
3.848737900000000249e-09
3.848739099999999804e-09
3.849585499999999951e-09
3.849962100000000059e-09
3.860897300000000148e-09
3.861045500000000241e-09
3.861959100000000302e-09
3.862039200000000193e-09
3.876194400000000194e-09
3.876372099999999765e-09
3.888328200000000205e-09
3.888535200000000016e-09
3.890427800000000308e-09
3.891239100000000019e-09
3.891603899999999675e-09
3.891660200000000251e-09
3.894790100000000393e-09
3.895612999999999667e-09
3.896136500000000280e-09
3.896182400000000022e-09
3.899973700000000069e-09
3.900320699999999840e-09
3.902504300000000250e-09
3.903044000000000238e-09
3.909094099999999851e-09
3.909405499999999854e-09
3.909848999999999782e-09
3.910070900000000207e-09
3.910792300000000212e-09
3.910876199999999660e-09
3.917551800000000141e-09
3.918028199999999802e-09
3.926336599999999649e-09
3.926932300000000117e-09
3.956153500000000115e-09
3.956609399999999859e-09
3.962016200000000375e-09
3.962309400000000367e-09
3.974853100000000347e-09
3.976003399999999761e-09
3.980659700000000094e-09
3.981010300000000186e-09
3.995309099999999640e-09
3.996674099999999666e-09
4.004256599999999728e-09
4.004642200000000223e-09
4.004922800000000335e-09
4.005132900000000307e-09
4.015148300000000012e-09
4.015401799999999756e-09
4.020265199999999932e-09
4.020280399999999814e-09
4.078129800000000204e-09
4.078449699999999609e-09
4.091661299999999911e-09
4.091786300000000052e-09
4.093687199999999681e-09
4.093916700000000047e-09
4.097759299999999903e-09
4.098285399999999691e-09
4.103520099999999940e-09
4.103954600000000307e-09
4.106286299999999951e-09
4.106545699999999922e-09
4.110251900000000138e-09
4.110261499999999890e-09
4.114325399999999979e-09
4.115388099999999593e-09
4.132634699999999872e-09
4.132763000000000238e-09
4.161753500000000315e-09
4.161865599999999653e-09
4.190006800000000313e-09
4.190077699999999753e-09
4.212792900000000394e-09
4.212966000000000152e-09
4.215645999999999982e-09
4.216719599999999762e-09
4.221355800000000305e-09
4.221418300000000376e-09
4.226113199999999778e-09
4.226249100000000086e-09
4.229639499999999723e-09
4.229831000000000383e-09
4.230561900000000108e-09
4.231166600000000136e-09
4.232068699999999841e-09
4.232340399999999597e-09
4.257633799999999877e-09
4.257672999999999965e-09
4.263027600000000384e-09
4.263464699999999926e-09
4.267145600000000349e-09
4.267338299999999737e-09
4.274267700000000059e-09
4.274624599999999677e-09
4.280249800000000329e-09
4.280423600000000310e-09
4.283933399999999959e-09
4.284486199999999986e-09
4.285133699999999595e-09
4.285140500000000108e-09
4.288243700000000011e-09
4.288564599999999735e-09
4.292709900000000130e-09
4.293037799999999603e-09
4.295375100000000205e-09
4.295389699999999895e-09
4.300055299999999884e-09
4.300293399999999683e-09
4.313185599999999913e-09
4.313228999999999685e-09
4.326465100000000353e-09
4.326887300000000107e-09
4.332503600000000404e-09
4.332659000000000310e-09
4.339662600000000296e-09
4.340048299999999996e-09
4.345720599999999946e-09
4.345850600000000027e-09
4.364999100000000253e-09
4.365736999999999728e-09
4.374383099999999690e-09
4.375069200000000023e-09
4.390270500000000137e-09
4.390634000000000205e-09
4.399424900000000004e-09
4.399452899999999830e-09
4.400735900000000187e-09
4.400866799999999728e-09
4.403812599999999914e-09
4.403922400000000174e-09
4.416899300000000106e-09
4.417106399999999949e-09
4.421806900000000310e-09
4.421909299999999865e-09
4.433692699999999847e-09
4.433949499999999816e-09
4.439762599999999981e-09
4.439885300000000217e-09
4.451487300000000277e-09
4.451610799999999940e-09
4.462284100000000088e-09
4.462365300000000330e-09
4.475013399999999675e-09
4.475056700000000243e-09
4.480962400000000147e-09
4.481144500000000293e-09
4.482821899999999814e-09
4.483925500000000058e-09
4.495084100000000223e-09
4.495262900000000144e-09
4.502886700000000135e-09
4.503045200000000203e-09
4.504649200000000314e-09
4.505150300000000405e-09
4.519941399999999626e-09
4.520156400000000333e-09
4.529282800000000373e-09
4.530683800000000294e-09
4.539469600000000121e-09
4.539677800000000315e-09
4.552706300000000152e-09
4.552729800000000199e-09
4.553899199999999911e-09
4.554380000000000148e-09
4.567437900000000259e-09
4.567465299999999894e-09
4.581884899999999806e-09
4.581961700000000299e-09
4.582874200000000010e-09
4.583182199999999758e-09
4.588671400000000070e-09
4.588883399999999821e-09
4.589444900000000140e-09
4.589574700000000157e-09
4.590424000000000401e-09
4.590475999999999607e-09
4.592113200000000375e-09
4.592559600000000400e-09
4.606483700000000352e-09
4.606521299999999930e-09
4.608905499999999765e-09
4.609059600000000084e-09
4.615410599999999663e-09
4.615686199999999835e-09
4.622079899999999790e-09
4.622216700000000384e-09
4.627673500000000294e-09
4.627793699999999733e-09
4.634606400000000077e-09
4.634887400000000316e-09
4.635548700000000189e-09
4.635579099999999953e-09
4.636590299999999694e-09
4.636714799999999677e-09
4.639628400000000352e-09
4.640552300000000389e-09
4.655140600000000310e-09
4.655279699999999983e-09
4.679121599999999961e-09
4.679128799999999774e-09
4.686359000000000029e-09
4.686390300000000081e-09
4.688678499999999920e-09
4.689102700000000312e-09
4.725137400000000082e-09
4.725547400000000084e-09
4.743901400000000163e-09
4.744024999999999859e-09
4.745970999999999802e-09
4.746023700000000058e-09
4.747407800000000382e-09
4.748291600000000044e-09
4.751333000000000099e-09
4.751464499999999831e-09
4.753189399999999604e-09
4.753301999999999929e-09
4.753770000000000222e-09
4.753909099999999895e-09
4.794270600000000015e-09
4.794325100000000017e-09
4.794328800000000369e-09
4.794434600000000181e-09
4.800526900000000011e-09
4.800729199999999978e-09
4.817960200000000247e-09
4.817991700000000362e-09
4.823469200000000253e-09
4.823884400000000258e-09
4.826209400000000248e-09
4.826571199999999774e-09
4.831343699999999925e-09
4.831762800000000346e-09
4.834099599999999961e-09
4.834150699999999706e-09
4.847029499999999800e-09
4.847213000000000392e-09
4.886004100000000358e-09
4.886582800000000369e-09
4.921604999999999984e-09
4.921853799999999885e-09
4.921915399999999669e-09
4.921964499999999604e-09
4.935943399999999654e-09
4.935958000000000172e-09
4.940709700000000310e-09
4.940871099999999647e-09
4.949583800000000160e-09
4.949959399999999950e-09
4.958480199999999675e-09
4.958683199999999865e-09
4.968726900000000319e-09
4.969120700000000120e-09
4.969191000000000196e-09
4.969423099999999736e-09
4.971478899999999939e-09
4.971570300000000124e-09
4.983794199999999904e-09
4.983929900000000148e-09
4.987216499999999784e-09
4.987226599999999695e-09
4.990014900000000133e-09
4.990104599999999775e-09
5.005852999999999753e-09
5.006685799999999701e-09
5.019918900000000239e-09
5.020381899999999765e-09
5.043184500000000143e-09
5.043219399999999688e-09
5.048096700000000158e-09
5.048198600000000381e-09
5.052875199999999740e-09
5.053012299999999603e-09
5.093990100000000140e-09
5.094042200000000204e-09
5.136752000000000296e-09
5.136771900000000022e-09
5.139096399999999852e-09
5.140425500000000014e-09
5.153967399999999727e-09
5.154266700000000010e-09
5.184559299999999914e-09
5.184623499999999700e-09
5.207132700000000022e-09
5.207284300000000371e-09
5.242434999999999588e-09
5.242859099999999949e-09
5.282421099999999983e-09
5.282556200000000035e-09
5.284128299999999904e-09
5.284229699999999967e-09
5.288643299999999862e-09
5.288655100000000315e-09
5.288723499999999785e-09
5.289545100000000298e-09
5.290143700000000036e-09
5.290303499999999691e-09
5.290787900000000248e-09
5.291356300000000285e-09
5.292409300000000116e-09
5.292457599999999796e-09
5.298033899999999749e-09
5.298522499999999991e-09
5.299378699999999953e-09
5.300048400000000022e-09
5.329870799999999759e-09
5.329956999999999940e-09
5.353069499999999844e-09
5.353671299999999774e-09
5.355879799999999850e-09
5.356188999999999980e-09
5.358866299999999776e-09
5.361032499999999602e-09
5.377211400000000327e-09
5.377429200000000272e-09
5.383641500000000304e-09
5.384124699999999652e-09
5.403738400000000105e-09
5.403857800000000116e-09
5.406522600000000063e-09
5.406706599999999987e-09
5.441855700000000349e-09
5.442024599999999596e-09
5.449179599999999867e-09
5.449556099999999944e-09
5.456898200000000300e-09
5.457073299999999869e-09
5.457230999999999681e-09
5.457320900000000214e-09
5.484710700000000404e-09
5.484782900000000259e-09
5.487743100000000072e-09
5.488079799999999869e-09
5.491672899999999601e-09
5.491833000000000178e-09
5.492413700000000000e-09
5.492560000000000314e-09
5.503203700000000125e-09
5.503345399999999800e-09
5.504085600000000008e-09
5.504102499999999605e-09
5.507213799999999609e-09
5.507216399999999611e-09
5.528044800000000155e-09
5.528262400000000036e-09
5.530679100000000305e-09
5.530794199999999773e-09
5.549642000000000097e-09
5.549652400000000104e-09
5.567909499999999900e-09
