# t	msd	err
1.000000000000498645e-09 1.775347621537485820e-01 0.000000000000000000e+00
1.000000000000024307e-07 1.954935097948271305e-01 6.572628446253633849e-02
2.000000000000048614e-07 2.843886438383959048e-01 9.753684065926847280e-02
3.545454545454607185e-07 1.885259771263824990e-01 4.431308145981185248e-02
5.800000000000033407e-07 4.938862926466179859e-01 8.466714078494147477e-02
1.117600000000005614e-06 3.623111263106585378e-01 5.264814497580150993e-02
1.836892857142845086e-06 2.106578105326804007e-01 2.927430934320701325e-02
3.022571428571419211e-06 2.469267825074350775e-01 2.885460200597510239e-02
5.241109999999980047e-06 1.757649247084130117e-01 2.266190241974753300e-02
8.615555555555553629e-06 2.698445463188058335e-01 2.751439481946756083e-02
1.453714285714281404e-05 4.446996586270502427e-01 2.798501851383688316e-02
2.502274109263653311e-05 2.306942305234744583e-01 1.398627517485403170e-02
4.037898442367605163e-05 3.214745023708042715e-01 1.423915434916877241e-02
6.826954710144911178e-05 4.603898568441951999e-01 1.656228694459084549e-02
1.152247791587008224e-04 7.228196299550864179e-01 1.501826362008908816e-02
1.948534464918508832e-04 1.259771870802523397e+00 1.767482769388346864e-02
3.203728778952578743e-04 1.879371404431882553e+00 1.362668640060438370e-02
5.354335023505705192e-04 2.485411241631654278e+00 1.780724536770860247e-02
8.481545150321992323e-04 3.632477148276817669e+00 1.263617491215892827e-02
