# t	msd	err
1.000000000000124054e-03 3.349168073853115857e+01 4.848684160589183278e+00
2.530927835051599573e-03 3.316973973687686339e+01 4.552548783360015783e+00
4.543999999999950856e-03 3.453791421023267816e+01 4.283720047779771001e+00
7.802139037433195902e-03 3.300178506544395418e+01 2.535670718370664378e+00
1.442714617169380681e-02 3.729151499280781223e+01 2.078849228301576701e+00
2.614855899945564208e-02 4.228851918091923068e+01 1.431293066634725442e+00
4.778116480793112575e-02 4.921851123758669644e+01 1.118519801213815779e+00
8.590563022157758633e-02 5.910722489901182541e+01 8.602557171771502142e-01
1.545588743328461800e-01 7.605221282359651980e+01 6.204593647160883130e-01
2.787763857117710464e-01 8.530196407315175122e+01 4.755499428708659937e-01
4.995066226067955695e-01 8.597923793794485903e+01 3.655941359504091270e-01
9.050677243113892656e-01 1.049739153124925650e+02 3.506174290145756545e-01
1.616186309265029708e+00 1.077446678570396728e+02 2.835940096431682211e-01
2.833787164625860111e+00 9.131812932620829315e+01 2.101468903638540608e-01
4.662405459307986888e+00 6.446498987000278191e+01 2.361273502612463993e-01
