# t
0.000000000000000000e+00
1.118065000000000043e-13
4.024354299999999769e-13
4.186842399999999830e-13
1.532151400000000091e-12
1.671438199999999965e-12
2.647474500000000000e-12
2.938510099999999822e-12
2.963454799999999802e-12
3.137242000000000013e-12
3.425376999999999976e-12
3.454364000000000123e-12
3.467862000000000072e-12
3.566515499999999860e-12
3.832216000000000117e-12
3.894158400000000327e-12
3.899202600000000073e-12
4.039910699999999898e-12
4.131032500000000250e-12
4.162061800000000371e-12
4.210055299999999645e-12
4.257653600000000198e-12
4.340704399999999988e-12
4.441929899999999777e-12
4.465778100000000095e-12
4.510230000000000261e-12
4.784754900000000187e-12
5.261823299999999774e-12
5.287692999999999772e-12
