# AtomId eventId barrier
2.570000000000000000e+02 3.525000000000000000e+05 3.869659999999999767e-01
2.590000000000000000e+02 4.168770000000000000e+05 5.462999999999999801e-02
2.600000000000000000e+02 1.752260000000000000e+05 3.351759999999999740e-01
2.610000000000000000e+02 9.248050000000000000e+05 3.329389999999999850e-01
2.630000000000000000e+02 5.907730000000000000e+05 4.188910000000000133e-01
2.630000000000000000e+02 1.029160000000000000e+06 5.215250000000000163e-01
2.570000000000000000e+02 3.525000000000000000e+05 3.840330000000000132e-01
2.580000000000000000e+02 1.281018000000000000e+06 5.071600000000000552e-01
2.590000000000000000e+02 8.977840000000000000e+05 1.207730000000000053e-01
2.590000000000000000e+02 4.433460000000000000e+05 1.285139999999999894e-01
2.600000000000000000e+02 1.752260000000000000e+05 3.414909999999999890e-01
2.610000000000000000e+02 9.248050000000000000e+05 3.398680000000000034e-01
2.630000000000000000e+02 5.907730000000000000e+05 4.198219999999999730e-01
2.630000000000000000e+02 1.029160000000000000e+06 5.515949999999999465e-01
2.640000000000000000e+02 3.045390000000000000e+05 4.588079999999999936e-01
2.640000000000000000e+02 1.176470000000000000e+06 8.861090000000000355e-01
2.570000000000000000e+02 3.525000000000000000e+05 3.869330000000000269e-01
2.590000000000000000e+02 4.168770000000000000e+05 5.459699999999999970e-02
2.600000000000000000e+02 1.752260000000000000e+05 3.351450000000000262e-01
2.610000000000000000e+02 9.248050000000000000e+05 3.329059999999999797e-01
2.630000000000000000e+02 5.907730000000000000e+05 4.188589999999999813e-01
2.630000000000000000e+02 1.029160000000000000e+06 5.214950000000000419e-01
2.570000000000000000e+02 3.525000000000000000e+05 3.840370000000000172e-01
2.580000000000000000e+02 1.281018000000000000e+06 5.071590000000000265e-01
2.590000000000000000e+02 8.977840000000000000e+05 1.207730000000000053e-01
2.590000000000000000e+02 4.433460000000000000e+05 1.285139999999999894e-01
2.600000000000000000e+02 1.752260000000000000e+05 3.414920000000000178e-01
2.610000000000000000e+02 9.248050000000000000e+05 3.398689999999999767e-01
2.630000000000000000e+02 5.907730000000000000e+05 4.198799999999999755e-01
2.630000000000000000e+02 1.029160000000000000e+06 5.515060000000000517e-01
2.640000000000000000e+02 3.045390000000000000e+05 4.588070000000000204e-01
2.640000000000000000e+02 1.176470000000000000e+06 8.861099999999999532e-01
2.570000000000000000e+02 3.525000000000000000e+05 3.816849999999999965e-01
2.580000000000000000e+02 1.281018000000000000e+06 5.098420000000000174e-01
2.590000000000000000e+02 1.147014000000000000e+06 8.477700000000000513e-02
2.600000000000000000e+02 1.752260000000000000e+05 3.410790000000000211e-01
2.610000000000000000e+02 9.248050000000000000e+05 3.375190000000000135e-01
2.630000000000000000e+02 5.907730000000000000e+05 4.197259999999999880e-01
2.630000000000000000e+02 1.029160000000000000e+06 5.889590000000000103e-01
2.640000000000000000e+02 3.045390000000000000e+05 4.610989999999999811e-01
2.640000000000000000e+02 1.176470000000000000e+06 8.734979999999999967e-01
2.570000000000000000e+02 3.525000000000000000e+05 3.817019999999999857e-01
2.590000000000000000e+02 1.284017000000000000e+06 6.847830000000000306e-01
2.590000000000000000e+02 1.107997000000000000e+06 1.118576999999999932e+00
2.600000000000000000e+02 1.752260000000000000e+05 3.379460000000000242e-01
2.610000000000000000e+02 9.248050000000000000e+05 3.349210000000000242e-01
2.630000000000000000e+02 5.907730000000000000e+05 4.147330000000000183e-01
2.630000000000000000e+02 1.029160000000000000e+06 5.203039999999999887e-01
2.650000000000000000e+02 1.107997000000000000e+06 1.155658999999999992e+00
2.570000000000000000e+02 3.525000000000000000e+05 3.648100000000000231e-01
2.580000000000000000e+02 1.056834000000000000e+06 4.471539999999999959e-01
2.590000000000000000e+02 1.106110000000000000e+05 6.802369999999999806e-01
2.590000000000000000e+02 1.107997000000000000e+06 1.114233000000000029e+00
2.600000000000000000e+02 1.163552000000000000e+06 8.551919999999999522e-01
2.600000000000000000e+02 9.038650000000000000e+05 8.567919999999999980e-01
2.600000000000000000e+02 6.921110000000000000e+05 7.741679999999999673e-01
2.600000000000000000e+02 1.071410000000000000e+05 5.611850000000000449e-01
2.610000000000000000e+02 9.924800000000000000e+04 3.124720000000000275e-01
2.610000000000000000e+02 9.321920000000000000e+05 5.617060000000000386e-01
2.630000000000000000e+02 5.931690000000000000e+05 1.900519999999999987e-01
2.630000000000000000e+02 1.029160000000000000e+06 5.130350000000000188e-01
2.630000000000000000e+02 5.907730000000000000e+05 4.142770000000000064e-01
2.650000000000000000e+02 1.106110000000000000e+05 7.560799999999999743e-01
2.650000000000000000e+02 1.107997000000000000e+06 1.155323000000000100e+00
2.660000000000000000e+02 6.921110000000000000e+05 7.826950000000000296e-01
2.660000000000000000e+02 7.670060000000000000e+05 8.359109999999999596e-01
2.660000000000000000e+02 9.038650000000000000e+05 9.150500000000000300e-01
2.570000000000000000e+02 3.525000000000000000e+05 3.643049999999999899e-01
2.580000000000000000e+02 5.867410000000000000e+05 1.765950000000000020e-01
2.590000000000000000e+02 1.106110000000000000e+05 6.954770000000000119e-01
2.600000000000000000e+02 1.071410000000000000e+05 5.845190000000000108e-01
2.600000000000000000e+02 9.038650000000000000e+05 8.656519999999999770e-01
2.600000000000000000e+02 7.670060000000000000e+05 8.631330000000000391e-01
2.600000000000000000e+02 6.921110000000000000e+05 7.786819999999999853e-01
2.610000000000000000e+02 9.924800000000000000e+04 3.479949999999999988e-01
2.610000000000000000e+02 9.321920000000000000e+05 5.960839999999999472e-01
2.630000000000000000e+02 1.071410000000000000e+05 6.821329999999999893e-01
2.630000000000000000e+02 9.038650000000000000e+05 9.296360000000000179e-01
2.630000000000000000e+02 6.921110000000000000e+05 7.040950000000000264e-01
2.630000000000000000e+02 3.656450000000000000e+05 7.068039999999999878e-01
2.640000000000000000e+02 3.656450000000000000e+05 6.803700000000000303e-01
2.640000000000000000e+02 7.670060000000000000e+05 9.415580000000000060e-01
2.640000000000000000e+02 9.038650000000000000e+05 9.543859999999999566e-01
2.640000000000000000e+02 6.921110000000000000e+05 7.449040000000000106e-01
2.640000000000000000e+02 1.071410000000000000e+05 6.789640000000000120e-01
2.650000000000000000e+02 1.106110000000000000e+05 7.308179999999999676e-01
2.650000000000000000e+02 1.107997000000000000e+06 1.153890000000000082e+00
2.660000000000000000e+02 3.656450000000000000e+05 6.125589999999999646e-01
2.660000000000000000e+02 9.038650000000000000e+05 9.170629999999999615e-01
2.660000000000000000e+02 7.670060000000000000e+05 8.999719999999999942e-01
2.660000000000000000e+02 6.921110000000000000e+05 7.463109999999999467e-01
2.570000000000000000e+02 3.525000000000000000e+05 3.461600000000000232e-01
2.580000000000000000e+02 9.326420000000000000e+05 3.989360000000000128e-01
2.580000000000000000e+02 9.326420000000000000e+05 3.433899999999999730e-01
2.590000000000000000e+02 2.999510000000000000e+05 9.124079999999999968e-01
2.600000000000000000e+02 1.071410000000000000e+05 4.774979999999999780e-01
2.600000000000000000e+02 7.670060000000000000e+05 7.613929999999999865e-01
2.600000000000000000e+02 9.038650000000000000e+05 8.466620000000000257e-01
2.630000000000000000e+02 1.071410000000000000e+05 5.818719999999999448e-01
2.630000000000000000e+02 9.038650000000000000e+05 9.086889999999999690e-01
2.630000000000000000e+02 6.921110000000000000e+05 6.661080000000000334e-01
2.630000000000000000e+02 3.656450000000000000e+05 5.429469999999999574e-01
2.640000000000000000e+02 1.071410000000000000e+05 4.581009999999999804e-01
2.640000000000000000e+02 7.670060000000000000e+05 7.943230000000000013e-01
2.640000000000000000e+02 9.038650000000000000e+05 8.233500000000000263e-01
2.640000000000000000e+02 6.921110000000000000e+05 7.164139999999999953e-01
2.640000000000000000e+02 3.656450000000000000e+05 4.988380000000000036e-01
2.650000000000000000e+02 2.999510000000000000e+05 9.778799999999999715e-01
2.660000000000000000e+02 3.656450000000000000e+05 4.353299999999999947e-01
2.660000000000000000e+02 9.038650000000000000e+05 9.616500000000000048e-01
2.660000000000000000e+02 7.670060000000000000e+05 8.078199999999999825e-01
2.660000000000000000e+02 6.921110000000000000e+05 7.385859999999999648e-01
2.570000000000000000e+02 3.525000000000000000e+05 3.924190000000000178e-01
2.580000000000000000e+02 9.326420000000000000e+05 3.624979999999999869e-01
2.590000000000000000e+02 2.999510000000000000e+05 9.232690000000000063e-01
2.600000000000000000e+02 5.155720000000000000e+05 1.704589999999999994e-01
2.600000000000000000e+02 5.907730000000000000e+05 4.215590000000000170e-01
2.600000000000000000e+02 5.931690000000000000e+05 1.734009999999999996e-01
2.610000000000000000e+02 1.246446000000000000e+06 4.671440000000000037e-01
2.630000000000000000e+02 1.071410000000000000e+05 5.700830000000000064e-01
2.630000000000000000e+02 7.670060000000000000e+05 7.331459999999999644e-01
2.630000000000000000e+02 9.038650000000000000e+05 8.975959999999999495e-01
2.630000000000000000e+02 6.921110000000000000e+05 6.659620000000000539e-01
2.640000000000000000e+02 1.071410000000000000e+05 5.814380000000000104e-01
2.640000000000000000e+02 9.038650000000000000e+05 9.035830000000000251e-01
2.640000000000000000e+02 7.670060000000000000e+05 9.244510000000000227e-01
2.640000000000000000e+02 6.921110000000000000e+05 6.953650000000000109e-01
2.640000000000000000e+02 3.656450000000000000e+05 5.483810000000000073e-01
2.650000000000000000e+02 2.999510000000000000e+05 9.972680000000000433e-01
2.570000000000000000e+02 3.525000000000000000e+05 3.461819999999999897e-01
2.580000000000000000e+02 9.326420000000000000e+05 3.433910000000000018e-01
2.600000000000000000e+02 5.756000000000000000e+05 4.774979999999999780e-01
2.600000000000000000e+02 7.670060000000000000e+05 7.613809999999999745e-01
2.600000000000000000e+02 9.038650000000000000e+05 8.468059999999999476e-01
2.630000000000000000e+02 1.071410000000000000e+05 5.294820000000000082e-01
2.630000000000000000e+02 9.038650000000000000e+05 9.086849999999999650e-01
2.630000000000000000e+02 6.921110000000000000e+05 6.660500000000000309e-01
2.630000000000000000e+02 3.656450000000000000e+05 5.429199999999999582e-01
2.640000000000000000e+02 1.071410000000000000e+05 4.581049999999999844e-01
2.640000000000000000e+02 7.670060000000000000e+05 7.952449999999999797e-01
2.640000000000000000e+02 9.038650000000000000e+05 8.234420000000000073e-01
2.640000000000000000e+02 6.921110000000000000e+05 7.165430000000000410e-01
2.640000000000000000e+02 3.656450000000000000e+05 4.987469999999999959e-01
2.650000000000000000e+02 2.999510000000000000e+05 9.779449999999999532e-01
2.660000000000000000e+02 1.071410000000000000e+05 4.613220000000000098e-01
2.660000000000000000e+02 7.670060000000000000e+05 8.074120000000000186e-01
2.660000000000000000e+02 9.038650000000000000e+05 9.615949999999999775e-01
2.660000000000000000e+02 6.921110000000000000e+05 7.385049999999999670e-01
2.660000000000000000e+02 3.656450000000000000e+05 4.369439999999999991e-01
2.570000000000000000e+02 9.326420000000000000e+05 3.525679999999999925e-01
2.580000000000000000e+02 5.297390000000000000e+05 2.952569999999999917e-01
2.580000000000000000e+02 9.326420000000000000e+05 4.321300000000000141e-01
2.600000000000000000e+02 1.071410000000000000e+05 5.522019999999999706e-01
2.600000000000000000e+02 7.670060000000000000e+05 8.500689999999999635e-01
2.600000000000000000e+02 9.038650000000000000e+05 8.806079999999999464e-01
2.630000000000000000e+02 1.176470000000000000e+06 7.220419999999999616e-01
2.660000000000000000e+02 1.071410000000000000e+05 5.249390000000000445e-01
2.660000000000000000e+02 9.038650000000000000e+05 9.846540000000000292e-01
2.660000000000000000e+02 6.921110000000000000e+05 7.977640000000000287e-01
2.570000000000000000e+02 3.525000000000000000e+05 3.553370000000000140e-01
2.580000000000000000e+02 5.297390000000000000e+05 2.950439999999999729e-01
2.600000000000000000e+02 1.071410000000000000e+05 5.518589999999999884e-01
2.600000000000000000e+02 7.670060000000000000e+05 8.492960000000000509e-01
2.600000000000000000e+02 9.038650000000000000e+05 8.802870000000000417e-01
2.600000000000000000e+02 3.656450000000000000e+05 5.206720000000000237e-01
2.630000000000000000e+02 1.190069000000000000e+06 1.060930000000000067e-01
2.640000000000000000e+02 1.298973000000000000e+06 1.087499999999999994e-01
2.660000000000000000e+02 1.071410000000000000e+05 5.253100000000000547e-01
2.660000000000000000e+02 9.038650000000000000e+05 9.835720000000000018e-01
2.660000000000000000e+02 6.921110000000000000e+05 7.975919999999999677e-01
2.570000000000000000e+02 3.525000000000000000e+05 3.554610000000000269e-01
2.580000000000000000e+02 9.326420000000000000e+05 4.131500000000000172e-01
2.600000000000000000e+02 3.125790000000000000e+05 5.069569999999999910e-01
2.600000000000000000e+02 7.670060000000000000e+05 8.013719999999999732e-01
2.600000000000000000e+02 9.038650000000000000e+05 8.761160000000000059e-01
2.640000000000000000e+02 8.698300000000000000e+04 9.417399999999999383e-02
2.660000000000000000e+02 3.125790000000000000e+05 4.922650000000000081e-01
2.660000000000000000e+02 9.038650000000000000e+05 9.821680000000000410e-01
2.660000000000000000e+02 6.921110000000000000e+05 7.919399999999999773e-01
2.570000000000000000e+02 3.525000000000000000e+05 3.553390000000000160e-01
2.600000000000000000e+02 3.125790000000000000e+05 5.210430000000000339e-01
2.600000000000000000e+02 9.038650000000000000e+05 8.804370000000000251e-01
2.600000000000000000e+02 7.670060000000000000e+05 8.497510000000000341e-01
2.630000000000000000e+02 1.190069000000000000e+06 1.061409999999999992e-01
2.630000000000000000e+02 1.298973000000000000e+06 1.094880000000000020e-01
2.640000000000000000e+02 5.989900000000000000e+04 1.087499999999999994e-01
2.660000000000000000e+02 1.071410000000000000e+05 5.253370000000000539e-01
2.660000000000000000e+02 9.038650000000000000e+05 9.835390000000000521e-01
2.660000000000000000e+02 6.921110000000000000e+05 7.975710000000000299e-01
2.570000000000000000e+02 3.525000000000000000e+05 3.554590000000000249e-01
2.580000000000000000e+02 9.326420000000000000e+05 4.131290000000000240e-01
2.600000000000000000e+02 3.125790000000000000e+05 5.072809999999999819e-01
2.600000000000000000e+02 7.670060000000000000e+05 8.014139999999999597e-01
2.600000000000000000e+02 9.038650000000000000e+05 8.762480000000000269e-01
2.640000000000000000e+02 8.698300000000000000e+04 9.417399999999999383e-02
2.640000000000000000e+02 8.938740000000000000e+05 9.480800000000000338e-02
2.660000000000000000e+02 3.125790000000000000e+05 4.922730000000000161e-01
2.660000000000000000e+02 9.038650000000000000e+05 9.822769999999999557e-01
2.660000000000000000e+02 6.921110000000000000e+05 7.919089999999999741e-01
2.570000000000000000e+02 3.525000000000000000e+05 3.568100000000000160e-01
2.580000000000000000e+02 3.525000000000000000e+05 4.538470000000000004e-01
2.600000000000000000e+02 3.125790000000000000e+05 5.300099999999999811e-01
2.600000000000000000e+02 9.038650000000000000e+05 8.846349999999999492e-01
2.600000000000000000e+02 7.670060000000000000e+05 8.582710000000000061e-01
2.610000000000000000e+02 9.326420000000000000e+05 4.974640000000000173e-01
2.630000000000000000e+02 3.045390000000000000e+05 5.530979999999999785e-01
2.630000000000000000e+02 1.176470000000000000e+06 7.257299999999999862e-01
2.640000000000000000e+02 5.989900000000000000e+04 1.253829999999999945e-01
2.660000000000000000e+02 1.071410000000000000e+05 5.340030000000000054e-01
2.660000000000000000e+02 9.038650000000000000e+05 9.848710000000000520e-01
2.660000000000000000e+02 6.921110000000000000e+05 7.986640000000000406e-01
2.570000000000000000e+02 3.525000000000000000e+05 3.567540000000000155e-01
2.580000000000000000e+02 9.326420000000000000e+05 4.484699999999999798e-01
2.600000000000000000e+02 3.125790000000000000e+05 5.300300000000000011e-01
2.600000000000000000e+02 9.038650000000000000e+05 8.848059999999999814e-01
2.600000000000000000e+02 7.670060000000000000e+05 8.584349999999999481e-01
2.610000000000000000e+02 9.326420000000000000e+05 4.978210000000000135e-01
2.630000000000000000e+02 3.045390000000000000e+05 5.532709999999999573e-01
2.630000000000000000e+02 1.176470000000000000e+06 7.257120000000000237e-01
2.640000000000000000e+02 3.578280000000000000e+05 1.253499999999999892e-01
2.640000000000000000e+02 5.989900000000000000e+04 1.030739999999999990e-01
2.640000000000000000e+02 3.578280000000000000e+05 1.024579999999999935e-01
2.660000000000000000e+02 1.071410000000000000e+05 5.341040000000000232e-01
2.660000000000000000e+02 9.038650000000000000e+05 9.846000000000000307e-01
2.660000000000000000e+02 6.921110000000000000e+05 7.987720000000000375e-01
2.570000000000000000e+02 3.525000000000000000e+05 3.566920000000000091e-01
2.580000000000000000e+02 9.326420000000000000e+05 4.291940000000000199e-01
2.600000000000000000e+02 3.125790000000000000e+05 5.165549999999999864e-01
2.600000000000000000e+02 7.670060000000000000e+05 8.083280000000000465e-01
2.600000000000000000e+02 9.038650000000000000e+05 8.806329999999999991e-01
2.610000000000000000e+02 9.326420000000000000e+05 4.916320000000000134e-01
2.640000000000000000e+02 1.237917000000000000e+06 8.850299999999999834e-02
2.660000000000000000e+02 1.071410000000000000e+05 5.248380000000000267e-01
2.660000000000000000e+02 9.038650000000000000e+05 9.827590000000000492e-01
2.660000000000000000e+02 6.921110000000000000e+05 7.931759999999999922e-01
2.570000000000000000e+02 3.525000000000000000e+05 3.567449999999999788e-01
2.580000000000000000e+02 9.326420000000000000e+05 4.482880000000000198e-01
2.600000000000000000e+02 3.125790000000000000e+05 5.300709999999999589e-01
2.600000000000000000e+02 9.038650000000000000e+05 8.847669999999999702e-01
2.600000000000000000e+02 7.670060000000000000e+05 8.582539999999999614e-01
2.610000000000000000e+02 3.525000000000000000e+05 5.028580000000000272e-01
2.630000000000000000e+02 1.176470000000000000e+06 7.257810000000000095e-01
2.640000000000000000e+02 8.743630000000000000e+05 1.030739999999999990e-01
2.640000000000000000e+02 3.578280000000000000e+05 1.031230000000000063e-01
2.660000000000000000e+02 1.071410000000000000e+05 5.339760000000000062e-01
2.660000000000000000e+02 9.038650000000000000e+05 9.846610000000000085e-01
2.660000000000000000e+02 6.921110000000000000e+05 7.987710000000000088e-01
2.570000000000000000e+02 9.326420000000000000e+05 3.525280000000000080e-01
2.580000000000000000e+02 3.525000000000000000e+05 3.938220000000000054e-01
2.600000000000000000e+02 3.125790000000000000e+05 5.607199999999999962e-01
2.600000000000000000e+02 7.670060000000000000e+05 8.133089999999999486e-01
2.600000000000000000e+02 9.038650000000000000e+05 8.641950000000000465e-01
2.600000000000000000e+02 6.921110000000000000e+05 7.858819999999999695e-01
2.600000000000000000e+02 3.656450000000000000e+05 5.676790000000000447e-01
2.600000000000000000e+02 1.071410000000000000e+05 5.566839999999999566e-01
2.610000000000000000e+02 5.297390000000000000e+05 1.237449999999999939e-01
2.610000000000000000e+02 9.326420000000000000e+05 4.494319999999999982e-01
2.610000000000000000e+02 5.297400000000000000e+05 1.243670000000000053e-01
2.640000000000000000e+02 2.995820000000000000e+05 1.262000000000000101e-03
2.660000000000000000e+02 3.125790000000000000e+05 5.296220000000000372e-01
2.660000000000000000e+02 9.038650000000000000e+05 9.722180000000000266e-01
2.660000000000000000e+02 7.670060000000000000e+05 8.962360000000000326e-01
2.660000000000000000e+02 6.921110000000000000e+05 8.060190000000000410e-01
2.570000000000000000e+02 3.525000000000000000e+05 3.567899999999999960e-01
2.580000000000000000e+02 9.326420000000000000e+05 4.477689999999999726e-01
2.600000000000000000e+02 3.125790000000000000e+05 5.311609999999999943e-01
2.600000000000000000e+02 9.038650000000000000e+05 8.849299999999999944e-01
2.600000000000000000e+02 7.670060000000000000e+05 8.584039999999999448e-01
2.610000000000000000e+02 9.326420000000000000e+05 4.976539999999999853e-01
2.630000000000000000e+02 1.176470000000000000e+06 7.260680000000000467e-01
2.640000000000000000e+02 1.767820000000000000e+05 1.032190000000000052e-01
2.640000000000000000e+02 1.298973000000000000e+06 1.109499999999999931e-01
2.660000000000000000e+02 1.071410000000000000e+05 5.341219999999999857e-01
2.660000000000000000e+02 9.038650000000000000e+05 9.848369999999999624e-01
2.660000000000000000e+02 6.921110000000000000e+05 7.987360000000000015e-01
2.570000000000000000e+02 3.525000000000000000e+05 3.623959999999999959e-01
2.580000000000000000e+02 7.414340000000000000e+05 1.992210000000000092e-01
2.580000000000000000e+02 2.056900000000000000e+05 2.506889999999999952e-01
2.600000000000000000e+02 3.125790000000000000e+05 6.580529999999999990e-01
2.600000000000000000e+02 7.670060000000000000e+05 8.476620000000000266e-01
2.600000000000000000e+02 9.038650000000000000e+05 9.270810000000000439e-01
2.610000000000000000e+02 3.525000000000000000e+05 4.178890000000000104e-01
2.660000000000000000e+02 1.071410000000000000e+05 6.922380000000000200e-01
2.660000000000000000e+02 9.038650000000000000e+05 9.505529999999999813e-01
2.660000000000000000e+02 6.921110000000000000e+05 7.072810000000000485e-01
2.660000000000000000e+02 3.656450000000000000e+05 6.807760000000000478e-01
2.570000000000000000e+02 3.525000000000000000e+05 3.699399999999999911e-01
2.580000000000000000e+02 3.764320000000000000e+05 4.450899999999999995e-02
2.600000000000000000e+02 1.071410000000000000e+05 6.455779999999999852e-01
2.600000000000000000e+02 9.038650000000000000e+05 9.062210000000000543e-01
2.600000000000000000e+02 7.670060000000000000e+05 8.756730000000000347e-01
2.600000000000000000e+02 6.921110000000000000e+05 7.749660000000000437e-01
2.600000000000000000e+02 3.656450000000000000e+05 6.163990000000000302e-01
2.600000000000000000e+02 3.656450000000000000e+05 6.308059999999999778e-01
2.610000000000000000e+02 3.525000000000000000e+05 4.511270000000000002e-01
2.630000000000000000e+02 1.176470000000000000e+06 7.183030000000000248e-01
2.660000000000000000e+02 1.071410000000000000e+05 6.897159999999999958e-01
2.660000000000000000e+02 9.038650000000000000e+05 9.288729999999999487e-01
2.660000000000000000e+02 6.921110000000000000e+05 6.669319999999999693e-01
2.660000000000000000e+02 3.125790000000000000e+05 6.389559999999999684e-01
2.570000000000000000e+02 3.525000000000000000e+05 3.623899999999999899e-01
2.580000000000000000e+02 2.056900000000000000e+05 2.506889999999999952e-01
2.580000000000000000e+02 7.414340000000000000e+05 1.990139999999999965e-01
2.600000000000000000e+02 3.125790000000000000e+05 6.583790000000000475e-01
2.600000000000000000e+02 9.038650000000000000e+05 9.270690000000000319e-01
2.600000000000000000e+02 7.670060000000000000e+05 8.983550000000000146e-01
2.610000000000000000e+02 9.326420000000000000e+05 4.154959999999999765e-01
2.660000000000000000e+02 1.071410000000000000e+05 6.922949999999999937e-01
2.660000000000000000e+02 7.670060000000000000e+05 7.410189999999999833e-01
2.660000000000000000e+02 9.038650000000000000e+05 9.503449999999999953e-01
2.660000000000000000e+02 6.921110000000000000e+05 7.072650000000000325e-01
2.660000000000000000e+02 3.656450000000000000e+05 6.807879999999999487e-01
2.570000000000000000e+02 3.525000000000000000e+05 3.568209999999999993e-01
2.580000000000000000e+02 8.021620000000000000e+05 4.475709999999999966e-01
2.600000000000000000e+02 3.125790000000000000e+05 5.302010000000000334e-01
2.600000000000000000e+02 9.038650000000000000e+05 8.848439999999999639e-01
2.600000000000000000e+02 7.670060000000000000e+05 8.582750000000000101e-01
2.610000000000000000e+02 3.525000000000000000e+05 5.028540000000000232e-01
2.630000000000000000e+02 1.176470000000000000e+06 7.256430000000000380e-01
2.640000000000000000e+02 1.298973000000000000e+06 1.122220000000000023e-01
2.660000000000000000e+02 1.071410000000000000e+05 5.341730000000000089e-01
2.660000000000000000e+02 9.038650000000000000e+05 9.848860000000000392e-01
2.660000000000000000e+02 6.921110000000000000e+05 7.987490000000000423e-01
2.660000000000000000e+02 8.588300000000000000e+05 5.681140000000000079e-01
2.570000000000000000e+02 3.525000000000000000e+05 3.567110000000000003e-01
2.580000000000000000e+02 9.326420000000000000e+05 4.292989999999999862e-01
2.600000000000000000e+02 3.125790000000000000e+05 5.165939999999999976e-01
2.600000000000000000e+02 7.670060000000000000e+05 8.087600000000000344e-01
2.600000000000000000e+02 9.038650000000000000e+05 8.806209999999999871e-01
2.610000000000000000e+02 3.525000000000000000e+05 4.967619999999999814e-01
2.640000000000000000e+02 1.237917000000000000e+06 9.750200000000000533e-02
2.660000000000000000e+02 1.071410000000000000e+05 5.248890000000000500e-01
2.660000000000000000e+02 9.038650000000000000e+05 9.827909999999999702e-01
2.660000000000000000e+02 6.921110000000000000e+05 7.930779999999999497e-01
2.660000000000000000e+02 8.588300000000000000e+05 5.580110000000000348e-01
2.570000000000000000e+02 3.525000000000000000e+05 3.568279999999999785e-01
2.580000000000000000e+02 9.326420000000000000e+05 4.478759999999999963e-01
2.600000000000000000e+02 3.125790000000000000e+05 5.309589999999999588e-01
2.600000000000000000e+02 9.038650000000000000e+05 8.848780000000000534e-01
2.600000000000000000e+02 7.670060000000000000e+05 8.585909999999999931e-01
2.610000000000000000e+02 9.326420000000000000e+05 4.978239999999999887e-01
2.630000000000000000e+02 5.989900000000000000e+04 1.095499999999999946e-01
2.630000000000000000e+02 1.176470000000000000e+06 7.256529999999999925e-01
2.630000000000000000e+02 3.045390000000000000e+05 5.530819999999999625e-01
2.640000000000000000e+02 8.743630000000000000e+05 1.122220000000000023e-01
2.640000000000000000e+02 3.578280000000000000e+05 1.023759999999999948e-01
2.660000000000000000e+02 3.125790000000000000e+05 5.112670000000000270e-01
2.660000000000000000e+02 9.038650000000000000e+05 9.851370000000000404e-01
2.660000000000000000e+02 6.921110000000000000e+05 7.987459999999999560e-01
2.660000000000000000e+02 8.588300000000000000e+05 5.683949999999999836e-01
2.570000000000000000e+02 3.525000000000000000e+05 3.508669999999999844e-01
2.580000000000000000e+02 9.326420000000000000e+05 4.196320000000000050e-01
2.600000000000000000e+02 3.125790000000000000e+05 5.566550000000000109e-01
2.600000000000000000e+02 7.670060000000000000e+05 8.085219999999999629e-01
2.600000000000000000e+02 9.038650000000000000e+05 8.715420000000000389e-01
2.600000000000000000e+02 6.921110000000000000e+05 7.800780000000000491e-01
2.600000000000000000e+02 3.656450000000000000e+05 5.972769999999999468e-01
2.600000000000000000e+02 1.071410000000000000e+05 5.588689999999999491e-01
2.610000000000000000e+02 5.297400000000000000e+05 1.308759999999999923e-01
2.610000000000000000e+02 3.525000000000000000e+05 4.397059999999999858e-01
2.610000000000000000e+02 5.297390000000000000e+05 1.311489999999999878e-01
2.640000000000000000e+02 8.452020000000000000e+05 2.637000000000000021e-03
2.640000000000000000e+02 2.995820000000000000e+05 1.262000000000000101e-03
2.660000000000000000e+02 3.125790000000000000e+05 5.622409999999999908e-01
2.660000000000000000e+02 9.038650000000000000e+05 9.785220000000000029e-01
2.660000000000000000e+02 7.670060000000000000e+05 9.130650000000000155e-01
2.660000000000000000e+02 6.921110000000000000e+05 8.002700000000000369e-01
2.660000000000000000e+02 3.656450000000000000e+05 5.244849999999999790e-01
2.660000000000000000e+02 1.071410000000000000e+05 5.802230000000000443e-01
2.570000000000000000e+02 3.525000000000000000e+05 3.568180000000000240e-01
2.580000000000000000e+02 9.326420000000000000e+05 4.479000000000000203e-01
2.600000000000000000e+02 3.125790000000000000e+05 5.302210000000000534e-01
2.600000000000000000e+02 9.038650000000000000e+05 8.849150000000000071e-01
2.600000000000000000e+02 7.670060000000000000e+05 8.582889999999999686e-01
2.610000000000000000e+02 3.525000000000000000e+05 5.027989999999999959e-01
2.630000000000000000e+02 1.982110000000000000e+05 1.095499999999999946e-01
2.630000000000000000e+02 1.176470000000000000e+06 7.258470000000000200e-01
2.630000000000000000e+02 1.982110000000000000e+05 1.103319999999999995e-01
2.640000000000000000e+02 3.578280000000000000e+05 1.024199999999999972e-01
2.660000000000000000e+02 1.071410000000000000e+05 5.341129999999999489e-01
2.660000000000000000e+02 9.038650000000000000e+05 9.848829999999999529e-01
2.660000000000000000e+02 6.921110000000000000e+05 7.987490000000000423e-01
2.660000000000000000e+02 8.588300000000000000e+05 5.683869999999999756e-01
2.570000000000000000e+02 3.525000000000000000e+05 3.567250000000000143e-01
2.580000000000000000e+02 9.326420000000000000e+05 4.294270000000000032e-01
2.600000000000000000e+02 3.125790000000000000e+05 5.168030000000000124e-01
2.600000000000000000e+02 7.670060000000000000e+05 8.081479999999999775e-01
2.600000000000000000e+02 9.038650000000000000e+05 8.805570000000000341e-01
2.600000000000000000e+02 3.656450000000000000e+05 5.168009999999999549e-01
2.610000000000000000e+02 3.525000000000000000e+05 4.967590000000000061e-01
2.640000000000000000e+02 8.938740000000000000e+05 9.559299999999999742e-02
2.660000000000000000e+02 1.071410000000000000e+05 5.249270000000000325e-01
2.660000000000000000e+02 9.038650000000000000e+05 9.827449999999999797e-01
2.660000000000000000e+02 6.921110000000000000e+05 7.921369999999999800e-01
2.660000000000000000e+02 8.588300000000000000e+05 5.579239999999999755e-01
2.570000000000000000e+02 8.887840000000000000e+05 4.512510000000000132e-01
2.570000000000000000e+02 1.432850000000000000e+05 4.469659999999999744e-01
2.570000000000000000e+02 9.630460000000000000e+05 4.252639999999999754e-01
2.580000000000000000e+02 9.326420000000000000e+05 4.492700000000000027e-01
2.590000000000000000e+02 1.106110000000000000e+05 7.420849999999999946e-01
2.590000000000000000e+02 1.107997000000000000e+06 1.069750999999999896e+00
2.600000000000000000e+02 3.125790000000000000e+05 5.428579999999999517e-01
2.600000000000000000e+02 7.670060000000000000e+05 8.140929999999999556e-01
2.600000000000000000e+02 9.038650000000000000e+05 8.963119999999999976e-01
2.600000000000000000e+02 6.921110000000000000e+05 7.963679999999999648e-01
2.610000000000000000e+02 5.297400000000000000e+05 1.166299999999999976e-01
2.610000000000000000e+02 3.525000000000000000e+05 4.991800000000000126e-01
2.650000000000000000e+02 1.106110000000000000e+05 7.209130000000000260e-01
2.650000000000000000e+02 1.107997000000000000e+06 1.088265000000000038e+00
2.660000000000000000e+02 1.071410000000000000e+05 5.513280000000000403e-01
2.660000000000000000e+02 7.670060000000000000e+05 9.196210000000000218e-01
2.660000000000000000e+02 9.038650000000000000e+05 9.733399999999999830e-01
2.660000000000000000e+02 6.921110000000000000e+05 8.024580000000000046e-01
2.660000000000000000e+02 8.588300000000000000e+05 5.745789999999999509e-01
2.570000000000000000e+02 8.414320000000000000e+05 3.892209999999999837e-01
2.580000000000000000e+02 9.326420000000000000e+05 4.601410000000000222e-01
2.590000000000000000e+02 2.999510000000000000e+05 9.674289999999999834e-01
2.600000000000000000e+02 3.125790000000000000e+05 5.776210000000000511e-01
2.600000000000000000e+02 7.670060000000000000e+05 8.338330000000000464e-01
2.600000000000000000e+02 9.038650000000000000e+05 9.085820000000000007e-01
2.600000000000000000e+02 6.921110000000000000e+05 7.310370000000000479e-01
2.610000000000000000e+02 3.525000000000000000e+05 4.969379999999999908e-01
2.650000000000000000e+02 2.999510000000000000e+05 9.577790000000000470e-01
2.660000000000000000e+02 1.071410000000000000e+05 5.874909999999999854e-01
2.660000000000000000e+02 7.670060000000000000e+05 9.355919999999999792e-01
2.660000000000000000e+02 9.038650000000000000e+05 9.661960000000000548e-01
2.660000000000000000e+02 6.921110000000000000e+05 8.052589999999999471e-01
2.660000000000000000e+02 8.588300000000000000e+05 5.995319999999999538e-01
2.570000000000000000e+02 4.341730000000000000e+05 4.252639999999999754e-01
2.570000000000000000e+02 1.432850000000000000e+05 4.469670000000000032e-01
2.570000000000000000e+02 9.630450000000000000e+05 4.512059999999999960e-01
2.580000000000000000e+02 9.326420000000000000e+05 4.493179999999999952e-01
2.590000000000000000e+02 1.106110000000000000e+05 7.419919999999999849e-01
2.590000000000000000e+02 1.107997000000000000e+06 1.069763000000000019e+00
2.600000000000000000e+02 3.125790000000000000e+05 5.430559999999999832e-01
2.600000000000000000e+02 7.670060000000000000e+05 8.147820000000000062e-01
2.600000000000000000e+02 9.038650000000000000e+05 8.963130000000000264e-01
2.600000000000000000e+02 6.921110000000000000e+05 7.964280000000000248e-01
2.610000000000000000e+02 5.297390000000000000e+05 1.163600000000000051e-01
2.610000000000000000e+02 3.525000000000000000e+05 4.992260000000000031e-01
2.640000000000000000e+02 8.938740000000000000e+05 9.672999999999999654e-02
2.650000000000000000e+02 1.107997000000000000e+06 1.088289999999999980e+00
2.660000000000000000e+02 1.071410000000000000e+05 5.513169999999999460e-01
2.660000000000000000e+02 7.670060000000000000e+05 9.196189999999999642e-01
2.660000000000000000e+02 9.038650000000000000e+05 9.733960000000000390e-01
2.660000000000000000e+02 6.921110000000000000e+05 8.024139999999999606e-01
2.660000000000000000e+02 8.588300000000000000e+05 5.748490000000000544e-01
2.570000000000000000e+02 9.630450000000000000e+05 4.495790000000000064e-01
2.570000000000000000e+02 1.432850000000000000e+05 4.452559999999999851e-01
2.570000000000000000e+02 9.630460000000000000e+05 4.276969999999999938e-01
2.580000000000000000e+02 9.326420000000000000e+05 4.700829999999999731e-01
2.590000000000000000e+02 1.106110000000000000e+05 7.451969999999999983e-01
2.590000000000000000e+02 1.107997000000000000e+06 1.083053999999999961e+00
2.600000000000000000e+02 3.125790000000000000e+05 5.566039999999999877e-01
2.600000000000000000e+02 7.670060000000000000e+05 8.275719999999999743e-01
2.600000000000000000e+02 9.038650000000000000e+05 9.007380000000000386e-01
2.610000000000000000e+02 3.525000000000000000e+05 5.055659999999999599e-01
2.630000000000000000e+02 1.982110000000000000e+05 1.171429999999999971e-01
2.630000000000000000e+02 1.176470000000000000e+06 7.433739999999999792e-01
2.630000000000000000e+02 3.578280000000000000e+05 1.167620000000000047e-01
2.630000000000000000e+02 1.767820000000000000e+05 1.085430000000000006e-01
2.640000000000000000e+02 8.743630000000000000e+05 1.096170000000000061e-01
2.650000000000000000e+02 1.106110000000000000e+05 7.597329999999999917e-01
2.650000000000000000e+02 1.107997000000000000e+06 1.089801999999999937e+00
2.660000000000000000e+02 1.071410000000000000e+05 5.607839999999999492e-01
2.660000000000000000e+02 7.670060000000000000e+05 9.324480000000000546e-01
2.660000000000000000e+02 9.038650000000000000e+05 9.752020000000000133e-01
2.660000000000000000e+02 6.921110000000000000e+05 8.091629999999999656e-01
2.660000000000000000e+02 8.588300000000000000e+05 5.861499999999999488e-01
2.570000000000000000e+02 9.630460000000000000e+05 4.252639999999999754e-01
2.570000000000000000e+02 1.432850000000000000e+05 4.470020000000000104e-01
2.570000000000000000e+02 9.630450000000000000e+05 4.512200000000000100e-01
2.580000000000000000e+02 9.326420000000000000e+05 4.493440000000000212e-01
2.590000000000000000e+02 1.106110000000000000e+05 7.418449999999999767e-01
2.590000000000000000e+02 1.107997000000000000e+06 1.069765999999999995e+00
2.600000000000000000e+02 3.125790000000000000e+05 5.431869999999999754e-01
2.600000000000000000e+02 7.670060000000000000e+05 8.140359999999999818e-01
2.600000000000000000e+02 9.038650000000000000e+05 8.963079999999999936e-01
2.600000000000000000e+02 6.921110000000000000e+05 7.950430000000000552e-01
2.610000000000000000e+02 5.297400000000000000e+05 1.166370000000000046e-01
2.610000000000000000e+02 3.525000000000000000e+05 4.991920000000000246e-01
2.640000000000000000e+02 1.237917000000000000e+06 9.672999999999999654e-02
2.650000000000000000e+02 1.106110000000000000e+05 7.207510000000000305e-01
2.650000000000000000e+02 1.107997000000000000e+06 1.088286000000000087e+00
2.660000000000000000e+02 1.071410000000000000e+05 5.514580000000000037e-01
2.660000000000000000e+02 7.670060000000000000e+05 9.195710000000000273e-01
2.660000000000000000e+02 9.038650000000000000e+05 9.733810000000000517e-01
2.660000000000000000e+02 6.921110000000000000e+05 8.024050000000000349e-01
2.660000000000000000e+02 8.588300000000000000e+05 5.756379999999999830e-01
2.570000000000000000e+02 9.630450000000000000e+05 4.521140000000000159e-01
2.570000000000000000e+02 1.432850000000000000e+05 4.229959999999999831e-01
2.570000000000000000e+02 9.630460000000000000e+05 4.332860000000000045e-01
2.590000000000000000e+02 2.999510000000000000e+05 9.600159999999999805e-01
2.600000000000000000e+02 2.807060000000000000e+05 6.983699999999999630e-02
2.610000000000000000e+02 9.326420000000000000e+05 4.762259999999999827e-01
2.650000000000000000e+02 2.999510000000000000e+05 9.588309999999999889e-01
2.570000000000000000e+02 9.630450000000000000e+05 4.515919999999999934e-01
2.570000000000000000e+02 1.432850000000000000e+05 4.466890000000000027e-01
2.570000000000000000e+02 9.630460000000000000e+05 4.248270000000000102e-01
2.580000000000000000e+02 9.326420000000000000e+05 4.496879999999999766e-01
2.590000000000000000e+02 2.999510000000000000e+05 9.437389999999999946e-01
2.600000000000000000e+02 5.673910000000000000e+05 5.431169999999999609e-01
2.600000000000000000e+02 7.670060000000000000e+05 8.273340000000000138e-01
2.600000000000000000e+02 9.038650000000000000e+05 8.956709999999999949e-01
2.600000000000000000e+02 6.921110000000000000e+05 7.975680000000000547e-01
2.610000000000000000e+02 3.525000000000000000e+05 4.989029999999999854e-01
2.650000000000000000e+02 2.999510000000000000e+05 9.608379999999999699e-01
2.660000000000000000e+02 1.071410000000000000e+05 5.510239999999999583e-01
2.660000000000000000e+02 7.670060000000000000e+05 9.395980000000000443e-01
2.660000000000000000e+02 9.038650000000000000e+05 9.728940000000000365e-01
2.660000000000000000e+02 6.921110000000000000e+05 8.029830000000000023e-01
2.660000000000000000e+02 5.673910000000000000e+05 5.255819999999999936e-01
2.570000000000000000e+02 9.630450000000000000e+05 4.444270000000000165e-01
2.570000000000000000e+02 1.432850000000000000e+05 4.066850000000000187e-01
2.570000000000000000e+02 9.630460000000000000e+05 4.296369999999999911e-01
2.580000000000000000e+02 6.738520000000000000e+05 5.371219999999999883e-01
2.590000000000000000e+02 2.999510000000000000e+05 9.583289999999999864e-01
2.600000000000000000e+02 3.396340000000000000e+05 1.631330000000000002e-01
2.610000000000000000e+02 9.326420000000000000e+05 4.558690000000000242e-01
2.640000000000000000e+02 9.318560000000000000e+05 2.356379999999999864e-01
2.650000000000000000e+02 2.999510000000000000e+05 9.462059999999999915e-01
2.660000000000000000e+02 3.502810000000000000e+05 1.286480000000000123e-01
2.660000000000000000e+02 8.614670000000000000e+05 4.541680000000000161e-01
2.570000000000000000e+02 9.630460000000000000e+05 4.251199999999999979e-01
2.570000000000000000e+02 1.432850000000000000e+05 4.472880000000000189e-01
2.570000000000000000e+02 9.630450000000000000e+05 4.514349999999999752e-01
2.580000000000000000e+02 9.326420000000000000e+05 4.493789999999999729e-01
2.590000000000000000e+02 1.106110000000000000e+05 7.421379999999999644e-01
2.590000000000000000e+02 1.107997000000000000e+06 1.070219999999999949e+00
2.600000000000000000e+02 3.125790000000000000e+05 5.429169999999999829e-01
2.600000000000000000e+02 7.670060000000000000e+05 8.272770000000000401e-01
2.600000000000000000e+02 9.038650000000000000e+05 8.960280000000000467e-01
2.600000000000000000e+02 6.921110000000000000e+05 7.970620000000000482e-01
2.610000000000000000e+02 3.525000000000000000e+05 4.990879999999999761e-01
2.640000000000000000e+02 8.938740000000000000e+05 9.441900000000000293e-02
2.650000000000000000e+02 1.106110000000000000e+05 7.210020000000000318e-01
2.650000000000000000e+02 1.107997000000000000e+06 1.088934000000000069e+00
2.660000000000000000e+02 1.036452000000000000e+06 5.511629999999999585e-01
2.660000000000000000e+02 7.670060000000000000e+05 9.390370000000000106e-01
2.660000000000000000e+02 9.038650000000000000e+05 9.732330000000000148e-01
2.660000000000000000e+02 6.921110000000000000e+05 8.023259999999999836e-01
2.660000000000000000e+02 5.673910000000000000e+05 5.257560000000000011e-01
2.570000000000000000e+02 9.630450000000000000e+05 4.495779999999999776e-01
2.570000000000000000e+02 1.432850000000000000e+05 4.452949999999999964e-01
2.570000000000000000e+02 9.630460000000000000e+05 4.276940000000000186e-01
2.580000000000000000e+02 9.326420000000000000e+05 4.697439999999999949e-01
2.590000000000000000e+02 1.106110000000000000e+05 7.450369999999999493e-01
2.590000000000000000e+02 1.107997000000000000e+06 1.083148999999999917e+00
2.600000000000000000e+02 3.125790000000000000e+05 5.566799999999999526e-01
2.600000000000000000e+02 7.670060000000000000e+05 8.281399999999999872e-01
2.600000000000000000e+02 9.038650000000000000e+05 9.007429999999999604e-01
2.610000000000000000e+02 9.326420000000000000e+05 4.989959999999999951e-01
2.630000000000000000e+02 1.982110000000000000e+05 1.171240000000000059e-01
2.630000000000000000e+02 1.176470000000000000e+06 7.431740000000000013e-01
2.630000000000000000e+02 1.767820000000000000e+05 1.090369999999999950e-01
2.640000000000000000e+02 8.743630000000000000e+05 1.072349999999999970e-01
2.640000000000000000e+02 3.578280000000000000e+05 1.081799999999999984e-01
2.650000000000000000e+02 1.106110000000000000e+05 7.598369999999999846e-01
2.650000000000000000e+02 1.107997000000000000e+06 1.089773000000000103e+00
2.660000000000000000e+02 1.071410000000000000e+05 5.607769999999999699e-01
2.660000000000000000e+02 7.670060000000000000e+05 9.324670000000000458e-01
2.660000000000000000e+02 9.038650000000000000e+05 9.753049999999999775e-01
2.660000000000000000e+02 6.921110000000000000e+05 8.091490000000000071e-01
2.660000000000000000e+02 5.673910000000000000e+05 5.347880000000000411e-01
2.570000000000000000e+02 9.630460000000000000e+05 4.283069999999999933e-01
2.570000000000000000e+02 1.432850000000000000e+05 4.325359999999999761e-01
2.570000000000000000e+02 9.630450000000000000e+05 4.423000000000000265e-01
2.580000000000000000e+02 5.297400000000000000e+05 1.810740000000000127e-01
2.580000000000000000e+02 9.326420000000000000e+05 4.324339999999999851e-01
2.590000000000000000e+02 1.106110000000000000e+05 7.273119999999999585e-01
2.590000000000000000e+02 1.107997000000000000e+06 1.073981999999999992e+00
2.600000000000000000e+02 3.125790000000000000e+05 5.794749999999999623e-01
2.600000000000000000e+02 7.670060000000000000e+05 8.311220000000000274e-01
2.600000000000000000e+02 9.038650000000000000e+05 8.935210000000000097e-01
2.600000000000000000e+02 6.921110000000000000e+05 7.626880000000000326e-01
2.600000000000000000e+02 3.656450000000000000e+05 5.838320000000000176e-01
2.600000000000000000e+02 1.071410000000000000e+05 5.882929999999999549e-01
2.610000000000000000e+02 3.525000000000000000e+05 4.498289999999999789e-01
2.640000000000000000e+02 2.995820000000000000e+05 5.280000000000000405e-04
2.640000000000000000e+02 8.452020000000000000e+05 2.635999999999999888e-03
2.650000000000000000e+02 1.106110000000000000e+05 7.403680000000000261e-01
2.650000000000000000e+02 1.107997000000000000e+06 1.094457999999999931e+00
2.660000000000000000e+02 5.673910000000000000e+05 5.426389999999999825e-01
2.660000000000000000e+02 7.670060000000000000e+05 8.999979999999999647e-01
2.660000000000000000e+02 9.038650000000000000e+05 9.751840000000000508e-01
2.660000000000000000e+02 6.921110000000000000e+05 8.170230000000000548e-01
2.660000000000000000e+02 3.125790000000000000e+05 5.427849999999999620e-01
2.570000000000000000e+02 9.630450000000000000e+05 4.495759999999999756e-01
2.570000000000000000e+02 1.432850000000000000e+05 4.452499999999999791e-01
2.570000000000000000e+02 9.630460000000000000e+05 4.276949999999999918e-01
2.580000000000000000e+02 9.326420000000000000e+05 4.693669999999999787e-01
2.590000000000000000e+02 1.106110000000000000e+05 7.454939999999999900e-01
2.590000000000000000e+02 1.107997000000000000e+06 1.083056000000000019e+00
2.600000000000000000e+02 3.125790000000000000e+05 5.565930000000000044e-01
2.600000000000000000e+02 7.670060000000000000e+05 8.274340000000000028e-01
2.600000000000000000e+02 9.038650000000000000e+05 9.007410000000000139e-01
2.610000000000000000e+02 3.525000000000000000e+05 5.055579999999999519e-01
2.630000000000000000e+02 1.982110000000000000e+05 1.171259999999999940e-01
2.630000000000000000e+02 1.176470000000000000e+06 7.431480000000000308e-01
2.630000000000000000e+02 1.767820000000000000e+05 1.092209999999999986e-01
2.640000000000000000e+02 1.767820000000000000e+05 1.081799999999999984e-01
2.640000000000000000e+02 5.989900000000000000e+04 1.081600000000000061e-01
2.650000000000000000e+02 1.106110000000000000e+05 7.597239999999999549e-01
2.650000000000000000e+02 1.107997000000000000e+06 1.089714000000000071e+00
2.660000000000000000e+02 1.071410000000000000e+05 5.608800000000000452e-01
2.660000000000000000e+02 7.670060000000000000e+05 9.324459999999999971e-01
2.660000000000000000e+02 9.038650000000000000e+05 9.755289999999999795e-01
2.660000000000000000e+02 6.921110000000000000e+05 8.091390000000000526e-01
2.660000000000000000e+02 3.113680000000000000e+05 5.348610000000000309e-01
2.570000000000000000e+02 9.630450000000000000e+05 4.515979999999999994e-01
2.570000000000000000e+02 1.432850000000000000e+05 4.474210000000000131e-01
2.570000000000000000e+02 9.630460000000000000e+05 4.249490000000000212e-01
2.580000000000000000e+02 9.326420000000000000e+05 4.493650000000000144e-01
2.590000000000000000e+02 1.106110000000000000e+05 7.419240000000000279e-01
2.590000000000000000e+02 1.107997000000000000e+06 1.069663999999999948e+00
2.600000000000000000e+02 3.125790000000000000e+05 5.429079999999999462e-01
2.600000000000000000e+02 7.670060000000000000e+05 8.272180000000000089e-01
2.600000000000000000e+02 9.038650000000000000e+05 8.959120000000000417e-01
2.600000000000000000e+02 6.921110000000000000e+05 7.975280000000000147e-01
2.610000000000000000e+02 3.525000000000000000e+05 4.990350000000000064e-01
2.640000000000000000e+02 1.237917000000000000e+06 9.529700000000000670e-02
2.650000000000000000e+02 1.106110000000000000e+05 7.207280000000000353e-01
2.650000000000000000e+02 1.107997000000000000e+06 1.089337000000000000e+00
2.660000000000000000e+02 1.071410000000000000e+05 5.511709999999999665e-01
2.660000000000000000e+02 7.670060000000000000e+05 9.395210000000000505e-01
2.660000000000000000e+02 9.038650000000000000e+05 9.730889999999999818e-01
2.660000000000000000e+02 6.921110000000000000e+05 8.031080000000000441e-01
2.660000000000000000e+02 3.113680000000000000e+05 5.257319999999999771e-01
2.570000000000000000e+02 9.630450000000000000e+05 4.495770000000000044e-01
2.570000000000000000e+02 1.432850000000000000e+05 4.452530000000000099e-01
2.570000000000000000e+02 9.630460000000000000e+05 4.276940000000000186e-01
2.580000000000000000e+02 9.326420000000000000e+05 4.693289999999999962e-01
2.590000000000000000e+02 1.106110000000000000e+05 7.454439999999999955e-01
2.590000000000000000e+02 1.107997000000000000e+06 1.083050000000000068e+00
2.600000000000000000e+02 5.673910000000000000e+05 5.568610000000000504e-01
2.600000000000000000e+02 7.670060000000000000e+05 8.279750000000000165e-01
2.600000000000000000e+02 9.038650000000000000e+05 9.007579999999999476e-01
2.610000000000000000e+02 3.525000000000000000e+05 5.055939999999999879e-01
2.630000000000000000e+02 1.982110000000000000e+05 1.171289999999999970e-01
2.630000000000000000e+02 1.176470000000000000e+06 7.430029999999999690e-01
2.630000000000000000e+02 1.767820000000000000e+05 1.085770000000000068e-01
2.640000000000000000e+02 8.743630000000000000e+05 1.081600000000000061e-01
2.640000000000000000e+02 3.578280000000000000e+05 1.072789999999999994e-01
2.650000000000000000e+02 1.106110000000000000e+05 7.599329999999999696e-01
2.650000000000000000e+02 1.107997000000000000e+06 1.089744000000000046e+00
2.660000000000000000e+02 1.071410000000000000e+05 5.608480000000000132e-01
2.660000000000000000e+02 7.670060000000000000e+05 9.324670000000000458e-01
2.660000000000000000e+02 9.038650000000000000e+05 9.752739999999999743e-01
2.660000000000000000e+02 6.921110000000000000e+05 8.091199999999999504e-01
2.660000000000000000e+02 3.113680000000000000e+05 5.347399999999999931e-01
