# t
0.000000000000000000e+00
6.775197499999999818e-13
1.248349300000000027e-12
6.696359399999999607e-12
7.348902800000000726e-12
2.469058999999999890e-11
2.469743599999999913e-11
2.498383000000000139e-11
2.513683499999999848e-11
2.548439399999999890e-11
2.548563599999999854e-11
2.820901900000000113e-11
2.833390300000000159e-11
2.836129600000000125e-11
2.855212499999999977e-11
3.037141499999999696e-11
3.050708799999999906e-11
3.110301799999999852e-11
3.146444600000000141e-11
3.333174099999999967e-11
3.334858200000000202e-11
3.571106499999999956e-11
3.588823500000000051e-11
3.802607399999999883e-11
3.804012099999999742e-11
3.878283400000000175e-11
3.887660899999999971e-11
4.500748799999999895e-11
4.511553899999999845e-11
4.517191499999999796e-11
4.520138700000000222e-11
5.041140700000000146e-11
5.061947799999999794e-11
5.590158299999999828e-11
5.592597599999999806e-11
5.672757699999999797e-11
5.701654699999999769e-11
5.720036599999999824e-11
5.732898900000000191e-11
5.916448500000000324e-11
5.917824200000000245e-11
5.997614500000000020e-11
6.014335500000000308e-11
6.610064500000000061e-11
6.628005300000000101e-11
6.718596600000000045e-11
6.738440699999999548e-11
6.951972700000000016e-11
6.957940300000000472e-11
6.980982699999999950e-11
6.994660299999999855e-11
7.277387700000000644e-11
7.282227900000000404e-11
7.288646300000000012e-11
7.298773500000000252e-11
7.640278200000000571e-11
7.645387900000000161e-11
7.963302100000000612e-11
7.964088699999999739e-11
7.969507400000000636e-11
7.975489000000000127e-11
7.999124000000000480e-11
8.078613400000000393e-11
8.288703900000000083e-11
8.294027400000000307e-11
8.297572200000000618e-11
8.299303599999999723e-11
8.338930599999999590e-11
8.358313900000000631e-11
8.983940800000000408e-11
8.992920100000000396e-11
8.999991699999999672e-11
9.030376499999999654e-11
9.034830099999999840e-11
9.042396799999999932e-11
9.367530199999999561e-11
9.383400599999999965e-11
9.395642700000000326e-11
9.421015099999999371e-11
9.575645399999999583e-11
9.578336999999999801e-11
9.598804299999999750e-11
9.617483100000000589e-11
9.632227499999999813e-11
9.654094600000000024e-11
9.678424099999999976e-11
9.681041700000000128e-11
9.744659900000000468e-11
9.766791700000000323e-11
1.053886900000000038e-10
1.054926099999999967e-10
1.055063999999999956e-10
1.056194899999999959e-10
1.078266000000000059e-10
1.078902099999999937e-10
1.079339399999999956e-10
1.081308999999999952e-10
1.098027999999999990e-10
1.098523699999999987e-10
1.100763499999999959e-10
1.100871300000000021e-10
1.101004500000000011e-10
1.102480700000000044e-10
1.126339799999999999e-10
1.126980499999999948e-10
1.153568099999999966e-10
1.155440799999999989e-10
1.169688900000000032e-10
1.171458700000000108e-10
1.178012200000000028e-10
1.178713099999999961e-10
1.185805900000000102e-10
1.186348400000000103e-10
1.238790700000000088e-10
1.239833199999999984e-10
1.240081000000000083e-10
1.240183799999999973e-10
1.263269599999999947e-10
1.264573699999999895e-10
1.293166099999999938e-10
1.293647000000000051e-10
1.295701099999999971e-10
1.298056300000000126e-10
1.298083800000000104e-10
1.298379500000000066e-10
1.298635899999999960e-10
1.298767000000000029e-10
1.325846800000000093e-10
1.327071899999999932e-10
1.336287700000000088e-10
1.336777900000000012e-10
1.338995699999999951e-10
1.342212399999999949e-10
1.343443900000000122e-10
1.343494200000000077e-10
1.351028299999999962e-10
1.354383399999999978e-10
1.376386399999999928e-10
1.379094400000000049e-10
1.384936500000000049e-10
1.385721800000000106e-10
1.439101799999999978e-10
1.439999699999999895e-10
1.445207700000000008e-10
1.446607400000000083e-10
1.499797599999999991e-10
1.500306700000000098e-10
1.555086899999999946e-10
1.556520399999999887e-10
1.582243200000000097e-10
1.583326000000000122e-10
1.583614200000000020e-10
1.585476399999999927e-10
1.592713999999999904e-10
1.597782400000000080e-10
1.626940200000000031e-10
1.627662499999999910e-10
1.643467999999999944e-10
1.644148100000000019e-10
1.648310799999999912e-10
1.652126399999999898e-10
1.666174699999999892e-10
1.666967999999999914e-10
1.727808600000000022e-10
1.728513600000000124e-10
1.796231499999999920e-10
1.796766699999999972e-10
1.802057999999999962e-10
1.803149700000000083e-10
1.803153400000000022e-10
1.803617500000000002e-10
1.820669200000000035e-10
1.821147600000000127e-10
1.821535200000000019e-10
1.828334899999999890e-10
1.830403800000000081e-10
1.831542700000000049e-10
1.879521499999999950e-10
1.880134700000000050e-10
1.907595399999999887e-10
1.910442699999999901e-10
1.910588999999999956e-10
1.913458900000000091e-10
1.937475800000000019e-10
1.938303100000000023e-10
2.002056699999999942e-10
2.002679600000000085e-10
2.029778600000000117e-10
2.031285999999999938e-10
2.037017000000000039e-10
2.040516700000000035e-10
2.101939700000000041e-10
2.102681700000000047e-10
2.104345899999999910e-10
2.108051400000000058e-10
2.123599300000000023e-10
2.133050600000000027e-10
2.144929600000000033e-10
2.147056299999999986e-10
2.169437900000000061e-10
2.170482599999999935e-10
2.252274700000000070e-10
2.253672000000000053e-10
2.269994999999999873e-10
2.271342699999999916e-10
2.271364399999999906e-10
2.271463900000000087e-10
2.282800400000000092e-10
2.282974600000000098e-10
2.298432699999999923e-10
2.305456900000000013e-10
2.349140799999999962e-10
2.349504599999999815e-10
2.396600800000000230e-10
2.400531800000000141e-10
2.420527400000000117e-10
2.421660999999999998e-10
2.431114099999999749e-10
2.434020499999999887e-10
2.435543100000000211e-10
2.435615899999999842e-10
2.451159199999999995e-10
2.452168900000000085e-10
2.452265399999999827e-10
2.452982999999999965e-10
2.495535199999999967e-10
2.497800500000000054e-10
2.498901300000000129e-10
2.500809199999999922e-10
2.541892900000000198e-10
2.542605299999999920e-10
2.544552400000000110e-10
2.544804700000000093e-10
2.554579700000000196e-10
2.557902000000000149e-10
2.582006799999999765e-10
2.582488899999999796e-10
2.587389400000000115e-10
2.589989600000000045e-10
2.591682799999999847e-10
2.595270600000000164e-10
2.595715900000000148e-10
2.598130200000000169e-10
2.616803499999999772e-10
2.617881899999999841e-10
2.618114599999999883e-10
2.620072099999999874e-10
2.624108000000000240e-10
2.626497599999999833e-10
2.626528400000000035e-10
2.628505799999999751e-10
2.629652500000000086e-10
2.630629299999999925e-10
2.665399899999999987e-10
2.666254800000000155e-10
2.688690600000000240e-10
2.691582499999999892e-10
2.724447199999999765e-10
2.726845000000000213e-10
2.729196400000000243e-10
2.734641700000000210e-10
2.768499799999999940e-10
2.769125099999999917e-10
2.770518300000000247e-10
2.770948099999999943e-10
2.772223600000000183e-10
2.774799900000000147e-10
2.837432400000000034e-10
2.838940100000000157e-10
2.864596799999999820e-10
2.865472799999999891e-10
2.869600899999999973e-10
2.870529799999999949e-10
2.870890900000000182e-10
2.872525300000000162e-10
2.873280000000000132e-10
2.874015200000000091e-10
2.923194199999999803e-10
2.924677999999999958e-10
2.928550499999999833e-10
2.928851799999999926e-10
2.929275900000000079e-10
2.931658699999999882e-10
2.955002200000000113e-10
2.955323300000000003e-10
2.990267599999999911e-10
2.990291900000000109e-10
2.990419000000000197e-10
2.990632500000000012e-10
3.026873799999999776e-10
3.028966899999999979e-10
3.033542699999999879e-10
3.035585900000000098e-10
3.064153999999999943e-10
3.064601599999999833e-10
3.144823699999999942e-10
3.149783600000000170e-10
3.152463400000000039e-10
3.154819600000000255e-10
3.169547800000000208e-10
3.170880300000000007e-10
3.174444899999999856e-10
3.174947099999999987e-10
3.189878300000000027e-10
3.190392000000000205e-10
3.215505300000000253e-10
3.215844400000000195e-10
3.233516800000000135e-10
3.234311200000000146e-10
3.241142399999999976e-10
3.241246499999999970e-10
3.243778199999999778e-10
3.244807200000000024e-10
3.245293700000000010e-10
3.249737600000000154e-10
3.250256299999999858e-10
3.250357800000000160e-10
3.253922900000000168e-10
3.256363200000000206e-10
3.313725099999999774e-10
3.314411400000000067e-10
3.321045700000000101e-10
3.321271200000000123e-10
3.324453300000000051e-10
3.324474399999999953e-10
3.346251899999999881e-10
3.347356499999999824e-10
3.352091199999999816e-10
3.352335100000000119e-10
3.412779900000000254e-10
3.412947299999999953e-10
3.445202900000000153e-10
3.446536799999999984e-10
3.470588599999999767e-10
3.471113799999999992e-10
3.475337499999999943e-10
3.477285400000000078e-10
3.508410600000000177e-10
3.509139099999999757e-10
3.519249200000000077e-10
3.520477100000000240e-10
3.604687999999999764e-10
3.605646000000000124e-10
3.606435200000000235e-10
3.608344199999999758e-10
3.628933600000000009e-10
3.629843400000000204e-10
3.642127399999999807e-10
3.644569500000000108e-10
3.701383799999999963e-10
3.701790099999999922e-10
3.748258400000000151e-10
3.750532099999999918e-10
3.751931400000000021e-10
3.756093799999999870e-10
3.758438099999999808e-10
3.758813999999999796e-10
3.760902000000000027e-10
3.763458199999999890e-10
3.780232099999999826e-10
3.780269499999999960e-10
3.782943000000000199e-10
3.783530800000000113e-10
3.793299199999999767e-10
3.795148500000000111e-10
3.795761899999999811e-10
3.796748599999999807e-10
3.806055199999999904e-10
3.807230200000000161e-10
3.807306700000000248e-10
3.808138100000000163e-10
3.820780000000000221e-10
3.822870199999999912e-10
3.871399799999999823e-10
3.880618700000000088e-10
3.888490299999999765e-10
3.891113700000000164e-10
3.892870599999999901e-10
3.893497100000000054e-10
3.894817800000000021e-10
3.898798899999999772e-10
3.924184699999999832e-10
3.925079699999999755e-10
3.936109699999999767e-10
3.937887599999999995e-10
3.979899700000000088e-10
3.985867899999999857e-10
3.985943300000000214e-10
3.988554699999999890e-10
3.991819600000000053e-10
3.995092899999999895e-10
4.000085300000000143e-10
4.003221200000000027e-10
4.003247800000000131e-10
4.004984200000000055e-10
4.054830299999999834e-10
4.056190799999999769e-10
4.078269200000000076e-10
4.078923300000000135e-10
4.079599499999999898e-10
4.081823500000000055e-10
4.088763199999999834e-10
4.089564600000000008e-10
4.092191300000000115e-10
4.094525200000000253e-10
4.105334300000000056e-10
4.107318400000000150e-10
4.109073299999999767e-10
4.110463099999999944e-10
4.111582899999999872e-10
4.112041400000000238e-10
4.146151600000000094e-10
4.150330400000000105e-10
4.196153500000000114e-10
4.196194700000000116e-10
4.204501000000000120e-10
4.206889200000000197e-10
4.207058699999999945e-10
4.208007999999999806e-10
4.313748399999999819e-10
4.313766000000000156e-10
4.416610299999999902e-10
4.419694099999999825e-10
4.465504099999999897e-10
4.466884699999999932e-10
4.499541699999999978e-10
4.500587699999999956e-10
4.504988100000000192e-10
4.505740500000000256e-10
4.505923500000000172e-10
4.508115200000000166e-10
4.537595500000000039e-10
4.538030799999999938e-10
4.612011700000000108e-10
4.617086599999999771e-10
4.711333999999999522e-10
4.712660299999999619e-10
4.713345400000000254e-10
4.713880099999999888e-10
4.731324200000000258e-10
4.731685600000000277e-10
4.752621099999999599e-10
4.753050000000000456e-10
4.757261999999999986e-10
4.757641399999999539e-10
4.758323599999999663e-10
4.759178600000000277e-10
4.759292300000000125e-10
4.760252899999999660e-10
4.766434199999999530e-10
4.770495800000000127e-10
4.771696100000000384e-10
4.773766799999999546e-10
4.780264400000000155e-10
4.781068700000000323e-10
4.783018299999999760e-10
4.784937700000000116e-10
4.787650099999999934e-10
4.787732699999999795e-10
4.798989000000000291e-10
4.799133499999999824e-10
4.799136299999999890e-10
4.800022100000000189e-10
4.800999100000000402e-10
4.802459899999999946e-10
4.811929999999999947e-10
4.817663099999999839e-10
4.818663199999999557e-10
4.821844299999999683e-10
4.823008700000000284e-10
4.824591500000000462e-10
4.825187300000000341e-10
4.827807199999999624e-10
4.828841600000000143e-10
4.829048999999999668e-10
4.829802399999999534e-10
4.836597600000000297e-10
4.841615600000000330e-10
4.844118200000000272e-10
4.845699699999999828e-10
4.847303200000000194e-10
4.848744999999999886e-10
4.849111300000000020e-10
4.850079599999999734e-10
4.850967800000000384e-10
4.929602699999999844e-10
4.930691499999999713e-10
4.986050200000000439e-10
4.987226099999999535e-10
5.018415999999999889e-10
5.024552600000000192e-10
5.037239100000000405e-10
5.040051500000000046e-10
5.040507000000000490e-10
5.042485700000000311e-10
5.049493600000000427e-10
5.050374999999999737e-10
5.057215600000000082e-10
5.057430699999999787e-10
5.070370500000000301e-10
5.070480399999999765e-10
5.107491200000000289e-10
5.108432900000000416e-10
5.198762899999999834e-10
5.198927300000000128e-10
5.199185999999999669e-10
5.200287799999999546e-10
5.216184099999999521e-10
5.218824100000000455e-10
5.228073999999999745e-10
5.229134099999999978e-10
5.249347900000000027e-10
5.249464000000000227e-10
5.261609600000000069e-10
5.262409099999999535e-10
5.289496699999999966e-10
5.291730299999999978e-10
5.343324500000000101e-10
5.344755199999999977e-10
5.345052400000000417e-10
5.346534299999999864e-10
5.355382200000000255e-10
5.357123000000000134e-10
5.358235699999999970e-10
5.360432200000000150e-10
5.360477799999999590e-10
5.360577399999999699e-10
5.388882400000000048e-10
5.389237600000000365e-10
5.421646400000000081e-10
5.423080799999999895e-10
5.436481599999999504e-10
5.437459600000000036e-10
5.483698699999999788e-10
5.484613300000000169e-10
5.517734599999999534e-10
5.520456300000000455e-10
5.560114200000000453e-10
5.560182600000000130e-10
5.570996700000000493e-10
5.572860199999999987e-10
5.578046500000000110e-10
5.579851000000000442e-10
5.589177800000000051e-10
5.589664400000000482e-10
5.590622899999999968e-10
5.591935199999999738e-10
5.601762200000000391e-10
5.606573100000000168e-10
5.644541300000000446e-10
5.644769900000000318e-10
5.655350600000000106e-10
5.655879400000000341e-10
5.706061600000000139e-10
5.712295400000000201e-10
5.721910499999999894e-10
5.725426600000000309e-10
5.727414600000000200e-10
5.728554899999999942e-10
5.729422199999999513e-10
5.730764799999999843e-10
5.733098399999999679e-10
5.734979199999999725e-10
5.743731300000000390e-10
5.751490399999999878e-10
5.751946600000000338e-10
5.754109499999999733e-10
5.783521500000000375e-10
5.786392200000000197e-10
5.802469699999999824e-10
5.803143299999999895e-10
5.805532900000000004e-10
5.808136500000000088e-10
5.808429900000000144e-10
5.813376799999999847e-10
5.848429599999999704e-10
5.851211899999999676e-10
5.879532300000000384e-10
5.880756299999999718e-10
5.914181200000000116e-10
5.919738700000000487e-10
5.966321300000000135e-10
5.972100400000000215e-10
6.007553099999999955e-10
6.009679199999999821e-10
6.012103599999999856e-10
6.013609900000000463e-10
6.037840800000000366e-10
6.040475099999999689e-10
6.052759200000000255e-10
6.053806300000000480e-10
6.138039100000000367e-10
6.138190900000000366e-10
6.153983799999999848e-10
6.158212300000000502e-10
6.160773899999999605e-10
6.165518499999999754e-10
6.206436000000000507e-10
6.243595499999999628e-10
4.884635300000000121e-04
4.884635300000000121e-04
4.966442399999999868e-04
4.966442399999999868e-04
5.398201600000000029e-04
5.398201600000000029e-04
5.465529399999999923e-04
5.465529399999999923e-04
8.388310600000000372e-04
8.388310600000000372e-04
1.138655699999999941e-03
1.138655699999999941e-03
1.450374200000000002e-02
1.450374200000000002e-02
1.709936299999999937e-02
1.709936299999999937e-02
2.033769100000000149e-02
2.033769100000000149e-02
2.299576700000000029e-02
2.299576700000000029e-02
2.508075300000000077e-02
2.508075300000000077e-02
3.750520400000000032e-02
3.750520400000000032e-02
3.836194999999999883e-02
3.836194999999999883e-02
4.343476500000000018e-02
4.343476500000000018e-02
4.472152299999999914e-02
4.472152299999999914e-02
5.344879999999999770e-02
5.344879999999999770e-02
5.344879999999999770e-02
5.669289200000000167e-02
5.669289200000000167e-02
5.669289200000000167e-02
5.669289200000000167e-02
6.435830200000000612e-02
6.435830200000000612e-02
6.747423199999999510e-02
6.747423199999999510e-02
6.856750100000000292e-02
6.856750100000000292e-02
6.856750100000000292e-02
7.282763899999999957e-02
7.282763899999999957e-02
8.428886500000000448e-02
8.428886500000000448e-02
8.431466199999999855e-02
8.431466199999999855e-02
9.375829500000000538e-02
9.375829500000000538e-02
1.109841899999999965e-01
1.109841899999999965e-01
1.398276699999999872e-01
1.398276699999999872e-01
1.406117699999999970e-01
1.406117699999999970e-01
1.611917900000000015e-01
1.611917900000000015e-01
1.746405900000000122e-01
1.746405900000000122e-01
1.760366399999999942e-01
1.760366399999999942e-01
1.896438599999999974e-01
1.896438599999999974e-01
2.085406599999999888e-01
2.085406599999999888e-01
2.191653899999999877e-01
2.191653899999999877e-01
2.200293399999999899e-01
2.200293399999999899e-01
2.453507500000000063e-01
2.453507500000000063e-01
2.485089900000000129e-01
2.485089900000000129e-01
2.533620200000000211e-01
2.533620200000000211e-01
2.561176199999999903e-01
2.561176199999999903e-01
2.691538099999999933e-01
2.691538099999999933e-01
2.909573799999999877e-01
2.909573799999999877e-01
2.915228799999999842e-01
2.915228799999999842e-01
2.988657200000000014e-01
2.988657200000000014e-01
3.001208200000000104e-01
3.137116699999999980e-01
3.137116699999999980e-01
3.230222099999999763e-01
3.230222099999999763e-01
3.285134299999999952e-01
3.285134299999999952e-01
3.308869600000000077e-01
3.308869600000000077e-01
3.319036200000000103e-01
3.319036200000000103e-01
3.321055700000000166e-01
3.321055700000000166e-01
3.404524899999999965e-01
3.404524899999999965e-01
3.431509799999999943e-01
3.431509799999999943e-01
3.513114999999999988e-01
3.513114999999999988e-01
3.642566400000000204e-01
3.642566400000000204e-01
3.765922299999999723e-01
3.765922299999999723e-01
3.874081799999999909e-01
3.874081799999999909e-01
3.996160599999999952e-01
3.996160599999999952e-01
4.089489199999999935e-01
4.089489199999999935e-01
4.135370300000000277e-01
4.135370300000000277e-01
4.168903500000000206e-01
4.168903500000000206e-01
4.305674899999999972e-01
4.305674899999999972e-01
4.308661500000000033e-01
4.308661500000000033e-01
4.398612000000000077e-01
4.398612000000000077e-01
4.474334799999999945e-01
4.474334799999999945e-01
4.474334799999999945e-01
4.488362799999999764e-01
4.488362799999999764e-01
4.495442000000000049e-01
4.495442000000000049e-01
4.592592600000000025e-01
4.592592600000000025e-01
4.598697600000000163e-01
4.598697600000000163e-01
4.628087300000000015e-01
4.628087300000000015e-01
4.635899299999999834e-01
4.635899299999999834e-01
4.645960299999999932e-01
4.645960299999999932e-01
4.685640699999999992e-01
4.685640699999999992e-01
4.715891700000000020e-01
4.715891700000000020e-01
4.715891799999999967e-01
4.715891799999999967e-01
4.715896399999999766e-01
4.715896399999999766e-01
4.715897499999999742e-01
4.715897499999999742e-01
4.854948299999999883e-01
4.854948299999999883e-01
4.893344600000000266e-01
4.893344600000000266e-01
4.904831499999999789e-01
4.904831499999999789e-01
4.966514100000000154e-01
4.966514100000000154e-01
4.977949099999999794e-01
4.977949099999999794e-01
5.013154199999999561e-01
5.013154199999999561e-01
5.048780499999999671e-01
5.048780499999999671e-01
5.087985900000000505e-01
5.087985900000000505e-01
5.089226700000000214e-01
5.089226700000000214e-01
5.130677200000000049e-01
5.130677200000000049e-01
5.146358300000000163e-01
5.146358300000000163e-01
5.270260100000000447e-01
5.270260100000000447e-01
5.276291600000000415e-01
5.276291600000000415e-01
5.355612199999999490e-01
5.355612199999999490e-01
5.602171000000000234e-01
5.602171000000000234e-01
5.606870699999999541e-01
5.606870699999999541e-01
5.722965500000000150e-01
5.722965500000000150e-01
5.722965500000000150e-01
5.737448099999999940e-01
5.737448099999999940e-01
5.813780800000000193e-01
5.813780800000000193e-01
5.822429099999999469e-01
5.822429099999999469e-01
5.883529800000000254e-01
5.883529800000000254e-01
5.940899499999999778e-01
5.940899499999999778e-01
6.094830799999999549e-01
6.094830799999999549e-01
6.177488799999999447e-01
6.177488799999999447e-01
6.213666199999999806e-01
6.213666199999999806e-01
6.228774299999999542e-01
6.228774299999999542e-01
6.253069399999999778e-01
6.253069399999999778e-01
6.286396199999999546e-01
6.286396199999999546e-01
6.286812600000000195e-01
6.286812600000000195e-01
6.350490500000000038e-01
6.350490500000000038e-01
6.363128900000000199e-01
6.363128900000000199e-01
6.444246200000000036e-01
6.444246200000000036e-01
6.472161699999999795e-01
6.472161699999999795e-01
6.508684700000000323e-01
6.508684700000000323e-01
6.540085700000000113e-01
6.540085700000000113e-01
6.645410499999999665e-01
6.645410499999999665e-01
6.680611499999999925e-01
6.680611499999999925e-01
6.895555399999999668e-01
6.895555399999999668e-01
6.919748399999999799e-01
6.919748399999999799e-01
6.945967600000000353e-01
6.945967600000000353e-01
7.095105699999999516e-01
7.095105699999999516e-01
7.101959199999999806e-01
7.101959199999999806e-01
7.101959199999999806e-01
7.101959199999999806e-01
7.101959199999999806e-01
7.145708400000000404e-01
7.145708400000000404e-01
7.145708400000000404e-01
7.145708400000000404e-01
7.145708400000000404e-01
7.158459700000000536e-01
7.158459700000000536e-01
7.159649300000000549e-01
7.159649300000000549e-01
7.176257200000000225e-01
7.176257200000000225e-01
7.181482799999999722e-01
7.181482799999999722e-01
7.195695100000000233e-01
7.195695100000000233e-01
7.199115600000000059e-01
7.199115600000000059e-01
7.199115600000000059e-01
7.202308299999999885e-01
7.202308299999999885e-01
7.202308299999999885e-01
7.212465700000000313e-01
7.212465700000000313e-01
7.217464900000000183e-01
7.217464900000000183e-01
7.251317499999999638e-01
7.251317499999999638e-01
7.251317499999999638e-01
7.304971900000000185e-01
7.304971900000000185e-01
7.367943099999999523e-01
7.367943099999999523e-01
7.376522500000000093e-01
7.376522500000000093e-01
7.396254799999999463e-01
7.396254799999999463e-01
7.418961800000000162e-01
7.418961800000000162e-01
7.425134500000000193e-01
7.425134500000000193e-01
7.425144399999999978e-01
7.425144399999999978e-01
7.426724999999999577e-01
7.426724999999999577e-01
7.426726799999999740e-01
7.426726799999999740e-01
7.426730999999999749e-01
7.426730999999999749e-01
7.426731500000000041e-01
7.426731500000000041e-01
7.426732200000000228e-01
7.426732200000000228e-01
7.426785999999999666e-01
7.426785999999999666e-01
7.426785999999999666e-01
7.429598699999999667e-01
7.429598699999999667e-01
7.502690199999999532e-01
7.502690199999999532e-01
7.502690199999999532e-01
7.507391799999999504e-01
7.507391799999999504e-01
7.537595200000000162e-01
7.537595200000000162e-01
7.550284099999999832e-01
7.550284099999999832e-01
7.550284099999999832e-01
7.550284099999999832e-01
7.564522799999999769e-01
7.564522799999999769e-01
7.566872599999999727e-01
7.566872599999999727e-01
7.567857799999999635e-01
7.575018100000000532e-01
7.575018100000000532e-01
7.575547500000000545e-01
7.575547500000000545e-01
7.576133699999999527e-01
7.576133699999999527e-01
7.579360000000000541e-01
7.579360000000000541e-01
7.579382099999999456e-01
7.579382099999999456e-01
7.579542400000000013e-01
7.579542400000000013e-01
7.581787399999999622e-01
7.581787399999999622e-01
7.582261700000000326e-01
7.582261700000000326e-01
7.582305000000000295e-01
7.582305000000000295e-01
7.582809099999999747e-01
7.582809099999999747e-01
7.582809400000000144e-01
7.582809400000000144e-01
7.584338999999999942e-01
7.584338999999999942e-01
7.587347300000000239e-01
7.587347300000000239e-01
7.587573600000000473e-01
7.587573600000000473e-01
7.592528699999999686e-01
7.592528699999999686e-01
7.593690899999999688e-01
7.593690899999999688e-01
7.596725899999999809e-01
7.596725899999999809e-01
7.600905300000000420e-01
7.600905300000000420e-01
7.797229100000000468e-01
7.797229100000000468e-01
7.833154799999999529e-01
7.833154799999999529e-01
7.855263999999999580e-01
7.855263999999999580e-01
7.980958299999999506e-01
7.980958299999999506e-01
8.039968800000000249e-01
8.039968800000000249e-01
8.047526799999999980e-01
8.047526799999999980e-01
8.079900500000000152e-01
8.079900500000000152e-01
8.158849299999999527e-01
8.158849299999999527e-01
8.175291999999999559e-01
8.175291999999999559e-01
8.204193400000000524e-01
8.204193400000000524e-01
8.237372400000000372e-01
8.237372400000000372e-01
8.237435800000000308e-01
8.237435800000000308e-01
8.246091899999999919e-01
8.246091899999999919e-01
8.274266200000000016e-01
8.274266200000000016e-01
8.306527900000000297e-01
8.306527900000000297e-01
8.322123000000000159e-01
8.322123000000000159e-01
8.322123000000000159e-01
8.322123000000000159e-01
8.339986700000000530e-01
8.339986700000000530e-01
8.355696099999999626e-01
8.355696099999999626e-01
8.369224600000000347e-01
8.369224600000000347e-01
8.509371399999999808e-01
8.509371399999999808e-01
8.517014899999999500e-01
8.517014899999999500e-01
8.698823199999999867e-01
8.698823199999999867e-01
8.718489900000000459e-01
8.718489900000000459e-01
8.754005999999999732e-01
8.754005999999999732e-01
8.765215299999999932e-01
