# t	msd	err
9.999999999996928164e-16 3.399472293875999140e-01 0.000000000000000000e+00
1.999999999999385633e-15 1.256945325751060327e+00 0.000000000000000000e+00
5.500000000000430948e-15 4.359958203454949999e-01 3.471307229869138172e-02
1.000000000000015934e-14 2.860507171109500923e-01 2.714118853965704140e-02
1.433333333333317234e-14 8.377180883185433302e-01 3.419970214365865568e-01
2.464999999999968229e-14 5.153231307919811099e-01 1.325304408706382830e-01
4.214999999999990118e-14 7.282743050165155774e-01 1.195760308778528874e-01
6.858333333333342396e-14 5.567232396766681468e-01 8.924016273503271313e-02
1.101822222222221371e-13 5.217899007438870917e-01 8.020547778197197053e-02
1.807818181818181018e-13 6.795566744489263122e-01 8.905027039097598851e-02
2.923711711711712475e-13 7.868114920688629166e-01 1.229599957452883752e-01
4.673693548387096033e-13 9.153868422986795039e-01 1.524546210115520217e-01
7.824375000000007239e-13 7.228869000187717608e-01 9.083730090452474260e-02
1.277427777777780608e-12 7.200453618699813596e-01 6.182204607924824541e-02
2.060560433604329601e-12 7.283903723003062325e-01 5.647104400305776734e-02
3.405922281639927605e-12 6.768960954082906545e-01 4.643636188954587685e-02
5.334517517241391951e-12 9.922448191808209694e-01 5.639474378771838770e-02
9.285802185792319477e-12 5.395343809764330256e-01 2.936277369242105972e-02
