# t
0.000000000000000000e+00
6.251705099999999822e-12
7.511200099999999595e-03
7.511200099999999595e-03
6.329270500000000466e-02
6.329270500000000466e-02
6.329270500000000466e-02
6.329270500000000466e-02
6.329270500000000466e-02
6.329270500000000466e-02
6.692484199999999828e-02
6.692484199999999828e-02
9.648350599999999666e-02
9.648350599999999666e-02
2.408993000000000106e-01
2.408993000000000106e-01
2.484416299999999966e-01
2.484416299999999966e-01
2.629255500000000079e-01
2.629255500000000079e-01
2.890491700000000219e-01
2.890491700000000219e-01
2.890491700000000219e-01
2.890491700000000219e-01
4.812244500000000258e-01
4.812244500000000258e-01
4.955156499999999742e-01
4.955156499999999742e-01
4.955156499999999742e-01
4.955156499999999742e-01
4.981439300000000125e-01
4.981439300000000125e-01
5.779245899999999603e-01
5.779245899999999603e-01
6.020384199999999630e-01
6.020384199999999630e-01
6.020384199999999630e-01
6.020384199999999630e-01
6.815864099999999759e-01
6.815864099999999759e-01
6.859538400000000369e-01
6.859538400000000369e-01
6.859538400000000369e-01
6.859538400000000369e-01
6.922745200000000043e-01
6.922745200000000043e-01
7.281609100000000501e-01
7.281609100000000501e-01
7.679814000000000362e-01
7.679814000000000362e-01
7.679814000000000362e-01
7.679814000000000362e-01
7.679814000000000362e-01
8.130590300000000159e-01
8.130590300000000159e-01
8.219127899999999487e-01
8.219127899999999487e-01
8.657548099999999858e-01
8.657548099999999858e-01
8.785074299999999781e-01
8.785074299999999781e-01
9.011129199999999839e-01
9.011129199999999839e-01
9.572138700000000222e-01
9.572138700000000222e-01
1.025010100000000035e+00
1.025010100000000035e+00
1.032378199999999913e+00
1.032378199999999913e+00
1.032378199999999913e+00
1.032378199999999913e+00
1.032378199999999913e+00
1.032378199999999913e+00
1.093846499999999944e+00
1.093846499999999944e+00
1.096248300000000064e+00
1.096248300000000064e+00
1.150083200000000083e+00
1.150083200000000083e+00
1.207031200000000082e+00
1.207031200000000082e+00
1.240043900000000088e+00
1.240043900000000088e+00
1.275818600000000025e+00
1.275818600000000025e+00
1.292737500000000095e+00
1.292737500000000095e+00
1.301578899999999983e+00
1.301578899999999983e+00
1.318121600000000004e+00
1.318121600000000004e+00
1.332472799999999902e+00
1.332472799999999902e+00
1.363331000000000071e+00
1.363331000000000071e+00
1.387522600000000050e+00
1.387522600000000050e+00
1.433739700000000061e+00
1.433739700000000061e+00
1.443076900000000107e+00
1.443076900000000107e+00
1.485633600000000110e+00
1.485633600000000110e+00
1.485633600000000110e+00
1.485633600000000110e+00
1.496090399999999931e+00
1.496090399999999931e+00
1.505757900000000093e+00
1.505757900000000093e+00
1.521872799999999915e+00
1.521872799999999915e+00
1.526230799999999999e+00
1.526230799999999999e+00
1.590802300000000002e+00
1.590802300000000002e+00
1.598368299999999964e+00
1.598368299999999964e+00
1.632018100000000027e+00
1.632018100000000027e+00
1.643919899999999990e+00
1.643919899999999990e+00
1.643919899999999990e+00
1.643919899999999990e+00
1.645136799999999955e+00
1.645136799999999955e+00
1.645136799999999955e+00
1.681257000000000001e+00
1.681257000000000001e+00
1.707822100000000010e+00
1.707822100000000010e+00
1.743662800000000068e+00
1.743662800000000068e+00
1.759183299999999894e+00
1.759183299999999894e+00
1.790014299999999947e+00
1.790014299999999947e+00
1.808444099999999999e+00
1.808444099999999999e+00
1.808444099999999999e+00
1.809665400000000091e+00
1.809665400000000091e+00
1.809665400000000091e+00
1.809665400000000091e+00
1.864593299999999898e+00
1.864593299999999898e+00
1.874093999999999927e+00
1.874093999999999927e+00
1.879842599999999919e+00
1.879842599999999919e+00
1.881599900000000103e+00
1.881599900000000103e+00
1.881599900000000103e+00
1.881599900000000103e+00
1.881599900000000103e+00
1.881599900000000103e+00
1.924335399999999918e+00
1.924335399999999918e+00
1.935557699999999937e+00
1.935557699999999937e+00
1.935557699999999937e+00
1.940474400000000044e+00
1.940474400000000044e+00
1.956235699999999911e+00
1.956235699999999911e+00
1.963478199999999951e+00
1.963478199999999951e+00
1.963478199999999951e+00
1.963478199999999951e+00
1.970797600000000038e+00
1.970797600000000038e+00
1.970797600000000038e+00
1.974096300000000026e+00
1.974096300000000026e+00
1.974096300000000026e+00
1.997418499999999986e+00
1.997418499999999986e+00
2.028906600000000005e+00
2.028906600000000005e+00
2.063032100000000035e+00
2.063032100000000035e+00
2.063032100000000035e+00
2.063480499999999829e+00
2.063480499999999829e+00
2.090221500000000177e+00
2.090221500000000177e+00
2.090221500000000177e+00
2.090875000000000039e+00
2.090875000000000039e+00
2.096741199999999861e+00
2.096741199999999861e+00
2.123669399999999818e+00
2.123669399999999818e+00
2.134617700000000173e+00
2.134617700000000173e+00
2.161190599999999851e+00
2.161190599999999851e+00
2.161190599999999851e+00
2.169700000000000184e+00
2.169700000000000184e+00
2.170301300000000211e+00
2.170301300000000211e+00
2.181904499999999913e+00
2.181904499999999913e+00
2.181904499999999913e+00
2.181904499999999913e+00
2.196428699999999790e+00
2.196428699999999790e+00
2.206967199999999796e+00
2.206967199999999796e+00
2.208159100000000041e+00
2.208159100000000041e+00
2.246240499999999862e+00
2.246240499999999862e+00
2.278642000000000056e+00
2.278642000000000056e+00
2.310166399999999953e+00
2.310166399999999953e+00
2.312157500000000088e+00
2.312157500000000088e+00
2.316550700000000074e+00
2.316550700000000074e+00
2.330684600000000106e+00
2.330684600000000106e+00
2.330684600000000106e+00
2.357517599999999991e+00
2.357517599999999991e+00
2.359695900000000179e+00
2.359695900000000179e+00
2.359695900000000179e+00
2.379744099999999918e+00
2.379744099999999918e+00
2.379983300000000135e+00
2.379983300000000135e+00
2.393867100000000026e+00
2.393867100000000026e+00
2.394077300000000186e+00
2.394077300000000186e+00
2.522619100000000003e+00
2.522619100000000003e+00
2.525028700000000015e+00
2.525028700000000015e+00
2.528332400000000035e+00
2.528332400000000035e+00
2.577229899999999851e+00
2.577229899999999851e+00
2.585180300000000209e+00
2.585180300000000209e+00
2.592118300000000097e+00
2.592118300000000097e+00
2.592118300000000097e+00
2.604037400000000169e+00
2.604037400000000169e+00
2.610933999999999866e+00
2.610933999999999866e+00
2.610933999999999866e+00
2.610933999999999866e+00
2.610933999999999866e+00
2.625637499999999847e+00
2.625637499999999847e+00
2.625637499999999847e+00
2.627094200000000157e+00
2.627094200000000157e+00
2.628288099999999794e+00
2.628288099999999794e+00
2.723697099999999871e+00
2.723697099999999871e+00
2.723697099999999871e+00
2.723697099999999871e+00
2.738930700000000051e+00
2.738930700000000051e+00
2.817011799999999955e+00
2.817011799999999955e+00
2.878803700000000187e+00
2.878803700000000187e+00
2.896149299999999815e+00
2.896149299999999815e+00
2.917947299999999800e+00
2.917947299999999800e+00
2.919329600000000191e+00
2.919329600000000191e+00
2.924633899999999898e+00
2.924633899999999898e+00
2.933920300000000037e+00
2.933920300000000037e+00
2.934893499999999822e+00
2.934893499999999822e+00
2.934893499999999822e+00
2.942146600000000056e+00
2.942146600000000056e+00
2.952922500000000117e+00
2.952922500000000117e+00
2.975137800000000166e+00
2.975137800000000166e+00
2.977777999999999814e+00
2.977777999999999814e+00
2.977777999999999814e+00
2.977777999999999814e+00
2.977873799999999793e+00
2.977873799999999793e+00
2.997797600000000173e+00
2.997797600000000173e+00
3.036360800000000193e+00
3.036360800000000193e+00
3.044272100000000147e+00
3.044272100000000147e+00
3.079032999999999909e+00
3.079032999999999909e+00
3.085754399999999897e+00
3.085754399999999897e+00
3.116060300000000005e+00
3.116060300000000005e+00
3.135859099999999788e+00
3.135859099999999788e+00
3.137520700000000051e+00
3.137520700000000051e+00
3.145322300000000126e+00
3.145322300000000126e+00
3.150717100000000048e+00
3.150717100000000048e+00
3.154605600000000010e+00
3.154605600000000010e+00
3.164148200000000077e+00
3.164148200000000077e+00
3.233606700000000167e+00
3.233606700000000167e+00
3.295945199999999797e+00
3.295945199999999797e+00
3.295945199999999797e+00
3.316891599999999940e+00
3.316891599999999940e+00
3.329955099999999835e+00
3.329955099999999835e+00
3.374765099999999851e+00
3.374765099999999851e+00
3.374765099999999851e+00
3.376533699999999971e+00
3.376533699999999971e+00
3.376533699999999971e+00
3.376533699999999971e+00
3.383823800000000048e+00
3.383823800000000048e+00
3.383823800000000048e+00
3.389329500000000106e+00
3.389329500000000106e+00
3.399517900000000203e+00
3.399517900000000203e+00
3.429193000000000158e+00
3.429193000000000158e+00
3.433273699999999984e+00
3.433273699999999984e+00
3.434594500000000217e+00
3.434594500000000217e+00
3.456392500000000201e+00
3.456392500000000201e+00
3.496866699999999994e+00
3.496866699999999994e+00
3.500531200000000176e+00
3.500531200000000176e+00
3.500531200000000176e+00
3.500531200000000176e+00
3.505589899999999925e+00
3.505589899999999925e+00
3.506051400000000040e+00
3.506051400000000040e+00
3.514276300000000131e+00
3.514276300000000131e+00
3.525869900000000001e+00
3.525869900000000001e+00
3.527504599999999879e+00
3.527504599999999879e+00
3.532325800000000182e+00
3.532325800000000182e+00
3.532325800000000182e+00
3.532325800000000182e+00
3.541219799999999918e+00
3.541219799999999918e+00
3.551118799999999798e+00
3.551118799999999798e+00
3.557824699999999840e+00
3.557824699999999840e+00
3.580962299999999932e+00
3.580962299999999932e+00
3.592407999999999824e+00
3.592407999999999824e+00
3.592407999999999824e+00
3.595059099999999841e+00
3.595059099999999841e+00
3.595059099999999841e+00
3.601056999999999952e+00
3.601056999999999952e+00
3.601056999999999952e+00
3.615448999999999913e+00
3.615448999999999913e+00
3.647054799999999819e+00
3.647054799999999819e+00
3.653476500000000016e+00
3.653476500000000016e+00
3.653476500000000016e+00
3.654253199999999868e+00
3.654253199999999868e+00
3.684391300000000147e+00
3.684391300000000147e+00
3.724600600000000039e+00
3.724600600000000039e+00
3.724600600000000039e+00
3.759099700000000155e+00
3.759099700000000155e+00
3.763668099999999850e+00
3.763668099999999850e+00
3.770973399999999920e+00
3.770973399999999920e+00
3.789504899999999843e+00
3.789504899999999843e+00
3.789504899999999843e+00
3.789504899999999843e+00
3.789504899999999843e+00
3.789504899999999843e+00
3.795130700000000079e+00
3.795130700000000079e+00
3.823711700000000047e+00
3.823711700000000047e+00
3.823711700000000047e+00
3.827768700000000024e+00
3.827768700000000024e+00
3.862013600000000046e+00
3.862013600000000046e+00
3.874105699999999874e+00
3.874105699999999874e+00
3.888104999999999922e+00
3.888104999999999922e+00
3.894902999999999782e+00
3.894902999999999782e+00
3.894902999999999782e+00
3.940941200000000144e+00
3.940941200000000144e+00
3.944868299999999994e+00
3.944868299999999994e+00
3.944868299999999994e+00
3.947592600000000118e+00
3.947592600000000118e+00
3.956808000000000103e+00
3.956808000000000103e+00
3.959244299999999939e+00
3.959244299999999939e+00
3.960074300000000047e+00
3.960074300000000047e+00
3.960074300000000047e+00
3.960074300000000047e+00
3.960074300000000047e+00
3.960074300000000047e+00
4.003894899999999701e+00
4.003894899999999701e+00
4.003894899999999701e+00
4.008359300000000403e+00
4.008359300000000403e+00
4.013014499999999707e+00
4.013014499999999707e+00
4.038533300000000104e+00
4.038533300000000104e+00
4.038795900000000216e+00
4.038795900000000216e+00
4.052523400000000109e+00
4.052523400000000109e+00
4.052899400000000263e+00
4.052899400000000263e+00
4.052899400000000263e+00
4.054483600000000187e+00
4.054483600000000187e+00
4.054483600000000187e+00
4.054483600000000187e+00
4.054483600000000187e+00
4.065461499999999617e+00
4.065461499999999617e+00
4.077157299999999651e+00
4.077157299999999651e+00
4.084931400000000323e+00
4.084931400000000323e+00
4.084931400000000323e+00
4.084931400000000323e+00
4.097041899999999792e+00
4.097041899999999792e+00
4.099922000000000288e+00
4.099922000000000288e+00
4.099922000000000288e+00
4.120459799999999895e+00
4.120459799999999895e+00
4.167737999999999943e+00
4.167737999999999943e+00
4.176876899999999893e+00
4.176876899999999893e+00
4.195751600000000359e+00
4.195751600000000359e+00
4.221284400000000048e+00
4.221284400000000048e+00
4.221284400000000048e+00
4.221284400000000048e+00
4.221284400000000048e+00
4.234167600000000142e+00
4.234167600000000142e+00
4.234167600000000142e+00
4.250213900000000322e+00
4.250213900000000322e+00
4.264699600000000146e+00
4.264699600000000146e+00
4.293447500000000083e+00
4.293447500000000083e+00
4.306802399999999587e+00
4.306802399999999587e+00
4.306802399999999587e+00
4.331542400000000015e+00
4.331542400000000015e+00
4.331542400000000015e+00
4.331542400000000015e+00
4.331542400000000015e+00
4.341559499999999794e+00
4.341559499999999794e+00
4.425299700000000058e+00
4.425299700000000058e+00
4.431941199999999803e+00
4.431941199999999803e+00
4.433560599999999852e+00
4.433560599999999852e+00
4.433560599999999852e+00
4.437788199999999961e+00
4.437788199999999961e+00
4.445977499999999694e+00
4.445977499999999694e+00
4.445977499999999694e+00
4.445977499999999694e+00
4.448328899999999919e+00
4.448328899999999919e+00
4.472036499999999748e+00
4.472036499999999748e+00
4.472036499999999748e+00
4.476290699999999845e+00
4.476290699999999845e+00
4.479429500000000175e+00
4.479429500000000175e+00
4.503445400000000376e+00
4.503445400000000376e+00
4.506708599999999620e+00
4.506708599999999620e+00
4.518907099999999843e+00
4.518907099999999843e+00
4.527464799999999734e+00
4.527464799999999734e+00
4.574094099999999941e+00
4.574094099999999941e+00
4.591585900000000109e+00
4.591585900000000109e+00
4.605187899999999779e+00
4.605187899999999779e+00
4.605187899999999779e+00
4.614627999999999730e+00
4.614627999999999730e+00
4.620432899999999954e+00
4.620432899999999954e+00
4.628753200000000234e+00
4.628753200000000234e+00
4.628753200000000234e+00
4.628753200000000234e+00
4.658263299999999774e+00
4.658263299999999774e+00
4.658263299999999774e+00
4.727441200000000343e+00
4.727441200000000343e+00
4.727441200000000343e+00
4.727441200000000343e+00
4.738584900000000211e+00
4.738584900000000211e+00
4.757132600000000267e+00
4.757132600000000267e+00
4.757132600000000267e+00
4.757132600000000267e+00
4.774253700000000045e+00
4.774253700000000045e+00
4.828092700000000015e+00
4.828092700000000015e+00
4.865548399999999774e+00
4.865548399999999774e+00
4.877514699999999870e+00
4.877514699999999870e+00
4.877514699999999870e+00
4.892988899999999752e+00
4.892988899999999752e+00
4.894817899999999611e+00
4.894817899999999611e+00
4.894817899999999611e+00
4.935086499999999710e+00
4.935086499999999710e+00
4.935086499999999710e+00
4.936859100000000389e+00
4.936859100000000389e+00
4.946475000000000399e+00
4.946475000000000399e+00
4.946475000000000399e+00
4.946475000000000399e+00
4.953037799999999713e+00
4.953037799999999713e+00
4.989056699999999900e+00
4.989056699999999900e+00
4.991744200000000298e+00
4.991744200000000298e+00
4.994085199999999780e+00
4.994085199999999780e+00
5.016945100000000046e+00
5.016945100000000046e+00
5.022882000000000069e+00
5.022882000000000069e+00
5.024600600000000306e+00
5.024600600000000306e+00
5.050171599999999650e+00
5.050171599999999650e+00
5.056980600000000159e+00
5.056980600000000159e+00
5.064242199999999805e+00
5.064242199999999805e+00
5.064242199999999805e+00
5.080907200000000401e+00
5.080907200000000401e+00
5.080907200000000401e+00
5.085621100000000006e+00
5.085621100000000006e+00
5.085621100000000006e+00
5.109479199999999999e+00
5.109479199999999999e+00
5.109479199999999999e+00
5.110040800000000161e+00
5.110040800000000161e+00
5.125928199999999713e+00
5.125928199999999713e+00
5.125928199999999713e+00
5.125928199999999713e+00
5.126880200000000443e+00
5.126880200000000443e+00
5.126880200000000443e+00
5.129056399999999627e+00
5.129056399999999627e+00
5.140688299999999877e+00
5.140688299999999877e+00
5.142704499999999790e+00
5.142704499999999790e+00
5.142704499999999790e+00
5.150701200000000313e+00
5.150701200000000313e+00
5.150701200000000313e+00
5.150701200000000313e+00
5.150701200000000313e+00
5.159106000000000414e+00
5.159106000000000414e+00
5.159106000000000414e+00
5.159106000000000414e+00
5.159106000000000414e+00
5.192026799999999831e+00
5.192026799999999831e+00
5.192026799999999831e+00
5.192026799999999831e+00
5.192026799999999831e+00
5.196817499999999868e+00
5.196817499999999868e+00
5.197011500000000339e+00
5.197011500000000339e+00
5.214172600000000379e+00
5.214172600000000379e+00
5.285421099999999761e+00
5.285421099999999761e+00
5.287775500000000406e+00
5.287775500000000406e+00
5.290308699999999753e+00
5.290308699999999753e+00
5.304178300000000235e+00
5.304178300000000235e+00
5.307039900000000365e+00
5.307039900000000365e+00
5.312175200000000430e+00
5.312175200000000430e+00
5.313681400000000110e+00
5.313681400000000110e+00
5.375556699999999744e+00
5.375556699999999744e+00
5.377013700000000007e+00
5.377013700000000007e+00
5.395984600000000242e+00
5.395984600000000242e+00
5.402163400000000060e+00
5.402163400000000060e+00
5.430320000000000036e+00
5.430320000000000036e+00
5.466875599999999835e+00
5.466875599999999835e+00
5.482377900000000359e+00
5.482377900000000359e+00
5.521635500000000363e+00
5.521635500000000363e+00
5.524893299999999563e+00
5.524893299999999563e+00
5.565315799999999591e+00
5.565315799999999591e+00
5.569216199999999617e+00
5.569216199999999617e+00
5.569216199999999617e+00
5.569216199999999617e+00
5.578081700000000254e+00
5.578081700000000254e+00
5.591567099999999790e+00
5.591567099999999790e+00
5.610377299999999678e+00
5.610377299999999678e+00
5.613768999999999565e+00
5.613768999999999565e+00
5.626959600000000172e+00
5.626959600000000172e+00
5.629730999999999597e+00
5.629730999999999597e+00
5.633869599999999700e+00
5.633869599999999700e+00
5.634909399999999735e+00
5.634909399999999735e+00
5.634909399999999735e+00
5.651732400000000212e+00
5.651732400000000212e+00
5.666503299999999577e+00
5.666503299999999577e+00
5.683415799999999685e+00
5.683415799999999685e+00
5.721941900000000025e+00
5.721941900000000025e+00
5.721941900000000025e+00
5.732253299999999996e+00
5.732253299999999996e+00
5.737127799999999667e+00
5.737127799999999667e+00
5.747218799999999739e+00
5.747218799999999739e+00
5.759305999999999592e+00
5.759305999999999592e+00
5.759305999999999592e+00
5.759305999999999592e+00
5.759305999999999592e+00
5.759305999999999592e+00
5.773449900000000135e+00
5.773449900000000135e+00
5.777422399999999847e+00
5.777422399999999847e+00
5.778453899999999699e+00
5.778453899999999699e+00
5.785067699999999924e+00
5.785067699999999924e+00
5.785308800000000140e+00
5.785308800000000140e+00
5.797873899999999914e+00
5.797873899999999914e+00
5.799185300000000431e+00
5.799185300000000431e+00
5.809259599999999857e+00
5.809259599999999857e+00
5.812883099999999637e+00
5.812883099999999637e+00
5.822293900000000022e+00
5.822293900000000022e+00
5.830011700000000019e+00
5.830011700000000019e+00
5.855446500000000221e+00
5.855446500000000221e+00
5.873316899999999841e+00
5.873316899999999841e+00
5.888530199999999937e+00
5.888530199999999937e+00
5.888530199999999937e+00
5.935183999999999571e+00
5.935183999999999571e+00
5.935183999999999571e+00
5.947532999999999959e+00
5.947532999999999959e+00
5.953494000000000064e+00
5.953494000000000064e+00
5.964265100000000430e+00
5.964265100000000430e+00
5.966729700000000136e+00
5.966729700000000136e+00
6.021387500000000337e+00
6.021387500000000337e+00
6.026261200000000429e+00
6.026261200000000429e+00
6.051866200000000084e+00
6.051866200000000084e+00
6.092489099999999880e+00
6.092489099999999880e+00
6.092489099999999880e+00
6.094814000000000398e+00
6.094814000000000398e+00
6.097069799999999873e+00
6.097069799999999873e+00
6.124254999999999782e+00
6.124254999999999782e+00
6.124254999999999782e+00
6.133983699999999928e+00
6.133983699999999928e+00
6.170995699999999751e+00
6.170995699999999751e+00
6.178930199999999928e+00
6.178930199999999928e+00
6.196724099999999957e+00
6.196724099999999957e+00
6.215118799999999943e+00
6.215118799999999943e+00
6.215118799999999943e+00
6.217473499999999653e+00
6.217473499999999653e+00
6.240061999999999998e+00
6.240061999999999998e+00
6.266212799999999916e+00
6.266212799999999916e+00
6.266212799999999916e+00
6.266212799999999916e+00
6.266738199999999814e+00
6.266738199999999814e+00
6.266738199999999814e+00
6.277804699999999904e+00
6.277804699999999904e+00
6.277804699999999904e+00
6.298102499999999715e+00
6.298102499999999715e+00
6.299186100000000010e+00
6.299186100000000010e+00
6.320655600000000263e+00
6.320655600000000263e+00
6.320655600000000263e+00
6.331188700000000225e+00
6.331188700000000225e+00
6.331188700000000225e+00
6.352221799999999696e+00
6.352221799999999696e+00
6.352221799999999696e+00
6.355238499999999569e+00
6.355238499999999569e+00
6.355615099999999629e+00
6.355615099999999629e+00
6.355615099999999629e+00
6.375253899999999696e+00
6.375253899999999696e+00
6.403965999999999603e+00
6.403965999999999603e+00
6.440797599999999790e+00
6.440797599999999790e+00
6.447589899999999652e+00
6.447589899999999652e+00
6.449468300000000376e+00
6.449468300000000376e+00
6.465093800000000002e+00
6.465093800000000002e+00
6.465093800000000002e+00
6.465093800000000002e+00
6.470839599999999692e+00
6.470839599999999692e+00
6.473662000000000027e+00
6.473662000000000027e+00
6.473662000000000027e+00
6.473662000000000027e+00
6.476481399999999944e+00
6.476481399999999944e+00
6.477985699999999625e+00
6.477985699999999625e+00
6.477985699999999625e+00
6.477985699999999625e+00
6.542550300000000263e+00
6.542550300000000263e+00
6.542550300000000263e+00
6.546957100000000196e+00
6.546957100000000196e+00
6.553239399999999826e+00
6.553239399999999826e+00
6.565703199999999740e+00
6.565703199999999740e+00
6.568298699999999712e+00
6.568298699999999712e+00
6.569407299999999950e+00
6.569407299999999950e+00
6.576957900000000024e+00
6.576957900000000024e+00
6.580955999999999584e+00
6.580955999999999584e+00
6.584351400000000076e+00
6.584351400000000076e+00
6.586045200000000044e+00
6.586045200000000044e+00
6.629701200000000405e+00
6.629701200000000405e+00
6.629701200000000405e+00
6.645714100000000180e+00
6.645714100000000180e+00
6.645714100000000180e+00
6.646462900000000396e+00
6.646462900000000396e+00
6.647434200000000182e+00
6.647434200000000182e+00
6.649190800000000401e+00
6.649190800000000401e+00
6.654108800000000379e+00
6.654108800000000379e+00
6.754273699999999714e+00
6.754273699999999714e+00
6.754550300000000007e+00
6.754550300000000007e+00
6.755357899999999916e+00
6.755357899999999916e+00
6.755357899999999916e+00
6.762547200000000203e+00
6.762547200000000203e+00
6.774766500000000136e+00
6.774766500000000136e+00
6.815139499999999906e+00
6.815139499999999906e+00
6.833988399999999963e+00
6.833988399999999963e+00
6.851887699999999803e+00
6.851887699999999803e+00
6.851887699999999803e+00
6.851887699999999803e+00
6.860022400000000076e+00
6.860022400000000076e+00
6.889311099999999577e+00
6.889311099999999577e+00
6.895484599999999631e+00
6.895484599999999631e+00
6.911096900000000431e+00
6.911096900000000431e+00
6.911658300000000033e+00
6.911658300000000033e+00
6.941120399999999968e+00
6.941120399999999968e+00
6.955750899999999959e+00
6.955750899999999959e+00
6.961915799999999876e+00
6.961915799999999876e+00
6.962168799999999713e+00
6.962168799999999713e+00
6.962168799999999713e+00
6.962168799999999713e+00
6.962168799999999713e+00
6.971346699999999785e+00
6.971346699999999785e+00
6.971911900000000273e+00
6.971911900000000273e+00
6.996550599999999953e+00
6.996550599999999953e+00
7.017704600000000070e+00
7.017704600000000070e+00
7.031668599999999714e+00
7.031668599999999714e+00
7.071716999999999587e+00
7.071716999999999587e+00
7.082178899999999722e+00
7.082178899999999722e+00
7.093802100000000443e+00
7.093802100000000443e+00
7.093802100000000443e+00
7.105333899999999758e+00
7.105333899999999758e+00
7.106696200000000019e+00
7.106696200000000019e+00
7.108338500000000337e+00
7.108338500000000337e+00
7.119932999999999623e+00
7.119932999999999623e+00
7.124533600000000355e+00
7.124533600000000355e+00
7.124533600000000355e+00
7.124533600000000355e+00
7.139302299999999768e+00
7.139302299999999768e+00
7.139302299999999768e+00
7.153214799999999762e+00
7.153214799999999762e+00
7.199357700000000193e+00
7.199357700000000193e+00
7.212296499999999888e+00
7.212296499999999888e+00
7.231269700000000356e+00
7.231269700000000356e+00
7.231269700000000356e+00
7.231269700000000356e+00
7.244190699999999872e+00
7.244190699999999872e+00
7.253288399999999747e+00
7.253288399999999747e+00
7.255798500000000040e+00
7.255798500000000040e+00
7.268018600000000440e+00
7.268018600000000440e+00
7.268704600000000404e+00
7.268704600000000404e+00
7.268704600000000404e+00
7.273742699999999672e+00
7.273742699999999672e+00
7.278854700000000122e+00
7.278854700000000122e+00
7.299394900000000241e+00
7.299394900000000241e+00
7.304613899999999660e+00
7.304613899999999660e+00
7.350592299999999746e+00
7.350592299999999746e+00
7.368671199999999644e+00
7.368671199999999644e+00
7.372409799999999791e+00
7.372409799999999791e+00
7.450500199999999573e+00
7.450500199999999573e+00
7.450500199999999573e+00
7.450500199999999573e+00
7.479158899999999832e+00
7.479158899999999832e+00
7.481023000000000422e+00
7.481023000000000422e+00
7.535779699999999970e+00
7.535779699999999970e+00
7.540973799999999727e+00
7.540973799999999727e+00
7.575891099999999767e+00
7.575891099999999767e+00
7.576400099999999860e+00
7.576400099999999860e+00
7.576400099999999860e+00
7.594113499999999739e+00
7.594113499999999739e+00
7.660587699999999778e+00
7.660587699999999778e+00
7.661380699999999599e+00
7.661380699999999599e+00
7.663864600000000138e+00
7.663864600000000138e+00
7.694860099999999647e+00
7.694860099999999647e+00
7.706457699999999633e+00
7.706457699999999633e+00
7.723123900000000042e+00
7.723123900000000042e+00
7.745533100000000282e+00
7.745533100000000282e+00
7.758907500000000290e+00
7.758907500000000290e+00
7.761315999999999882e+00
7.761315999999999882e+00
7.768869900000000328e+00
7.768869900000000328e+00
7.768869900000000328e+00
7.768869900000000328e+00
7.779729599999999579e+00
7.779729599999999579e+00
7.803003900000000215e+00
7.803003900000000215e+00
7.805240099999999792e+00
7.805240099999999792e+00
7.815573800000000126e+00
7.815573800000000126e+00
7.857181100000000029e+00
7.857181100000000029e+00
7.886974799999999952e+00
7.886974799999999952e+00
7.895311900000000271e+00
7.895311900000000271e+00
7.903609699999999627e+00
7.903609699999999627e+00
7.912339499999999859e+00
7.912339499999999859e+00
7.913264899999999713e+00
7.913264899999999713e+00
7.940057999999999616e+00
7.940057999999999616e+00
7.940057999999999616e+00
7.970594300000000132e+00
7.970594300000000132e+00
7.970594300000000132e+00
8.013269299999999262e+00
8.013269299999999262e+00
8.013269299999999262e+00
8.013269299999999262e+00
8.024455200000000232e+00
8.024455200000000232e+00
8.055433799999999422e+00
8.055433799999999422e+00
8.055433799999999422e+00
8.056279399999999313e+00
8.056279399999999313e+00
8.059418400000000204e+00
8.059418400000000204e+00
8.061479699999999582e+00
8.061479699999999582e+00
8.063290399999999636e+00
8.063290399999999636e+00
8.075905199999999340e+00
8.075905199999999340e+00
8.082245500000000860e+00
8.082245500000000860e+00
8.082245500000000860e+00
8.113496800000000064e+00
8.113496800000000064e+00
8.143316999999999695e+00
8.143316999999999695e+00
8.151618900000000778e+00
8.151618900000000778e+00
8.166571400000000480e+00
8.166571400000000480e+00
8.166571400000000480e+00
8.182300400000000806e+00
8.182300400000000806e+00
8.190222999999999587e+00
8.190222999999999587e+00
8.211800000000000210e+00
8.211800000000000210e+00
8.212842200000000759e+00
8.212842200000000759e+00
8.225770000000000692e+00
8.225770000000000692e+00
8.250673100000000204e+00
8.250673100000000204e+00
8.253684800000000266e+00
8.253684800000000266e+00
8.253684800000000266e+00
8.271104199999999906e+00
8.271104199999999906e+00
8.279332699999999434e+00
8.279332699999999434e+00
8.279332699999999434e+00
8.284905600000000092e+00
8.284905600000000092e+00
8.290445599999999970e+00
8.290445599999999970e+00
8.297511599999999987e+00
8.297511599999999987e+00
8.306147599999999187e+00
8.306147599999999187e+00
8.310514700000000587e+00
8.310514700000000587e+00
8.310514700000000587e+00
8.311331199999999697e+00
8.311331199999999697e+00
8.311331199999999697e+00
8.319433500000000592e+00
8.319433500000000592e+00
8.359289900000000273e+00
8.359289900000000273e+00
8.367960800000000532e+00
8.367960800000000532e+00
8.388749600000000584e+00
8.388749600000000584e+00
8.453073899999999696e+00
8.453073899999999696e+00
8.498405299999999940e+00
8.498405299999999940e+00
8.501850900000000877e+00
8.501850900000000877e+00
8.501850900000000877e+00
8.501850900000000877e+00
8.515700300000000667e+00
8.515700300000000667e+00
8.522844900000000834e+00
8.522844900000000834e+00
8.562138799999999605e+00
8.562138799999999605e+00
8.572717799999999500e+00
8.572717799999999500e+00
8.579039699999999158e+00
8.579039699999999158e+00
8.582264600000000243e+00
8.582264600000000243e+00
8.582264600000000243e+00
8.582264600000000243e+00
8.616328299999999274e+00
8.616328299999999274e+00
8.628774699999999243e+00
8.628774699999999243e+00
8.636575600000000463e+00
8.636575600000000463e+00
8.636575600000000463e+00
8.644187099999999901e+00
8.644187099999999901e+00
8.646740199999999987e+00
8.646740199999999987e+00
8.678015200000000817e+00
8.678015200000000817e+00
8.680629500000000220e+00
8.680629500000000220e+00
8.687227999999999284e+00
8.687227999999999284e+00
8.691637200000000618e+00
8.691637200000000618e+00
8.705260499999999624e+00
8.705260499999999624e+00
8.728558100000000763e+00
8.728558100000000763e+00
8.746131399999999445e+00
8.746131399999999445e+00
8.759774300000000125e+00
8.759774300000000125e+00
8.789516100000000165e+00
8.789516100000000165e+00
8.833594400000000846e+00
8.833594400000000846e+00
8.834974300000000724e+00
8.834974300000000724e+00
8.838616000000000028e+00
8.838616000000000028e+00
8.838616000000000028e+00
8.849866300000000408e+00
8.849866300000000408e+00
8.890292699999999826e+00
8.890292699999999826e+00
8.933088200000000256e+00
8.933088200000000256e+00
8.936429499999999138e+00
8.936429499999999138e+00
8.944559800000000394e+00
8.944559800000000394e+00
8.979840599999999284e+00
8.979840599999999284e+00
8.981270399999999654e+00
8.981270399999999654e+00
8.988082500000000863e+00
8.988082500000000863e+00
8.988082500000000863e+00
8.995922600000000102e+00
8.995922600000000102e+00
8.997800099999999190e+00
8.997800099999999190e+00
9.004765199999999581e+00
9.004765199999999581e+00
9.022809999999999775e+00
9.022809999999999775e+00
9.029016999999999626e+00
9.029016999999999626e+00
9.058308500000000762e+00
9.058308500000000762e+00
9.107522799999999918e+00
9.107522799999999918e+00
9.114700600000000819e+00
9.114700600000000819e+00
9.130935600000000818e+00
9.130935600000000818e+00
9.161131900000000883e+00
9.161131900000000883e+00
9.241434099999999319e+00
9.241434099999999319e+00
9.247187000000000268e+00
9.247187000000000268e+00
9.248725399999999652e+00
9.248725399999999652e+00
9.263481900000000380e+00
9.263481900000000380e+00
9.263481900000000380e+00
9.276803599999999150e+00
9.276803599999999150e+00
9.306315899999999530e+00
9.306315899999999530e+00
9.306315899999999530e+00
9.325969000000000619e+00
9.325969000000000619e+00
9.328772000000000730e+00
9.328772000000000730e+00
9.374582800000000660e+00
9.374582800000000660e+00
9.374775299999999589e+00
9.374775299999999589e+00
9.382378199999999779e+00
9.382378199999999779e+00
9.399781600000000736e+00
9.399781600000000736e+00
9.399781600000000736e+00
9.404821699999999396e+00
9.404821699999999396e+00
9.417241699999999938e+00
9.417241699999999938e+00
9.422423699999999513e+00
9.422423699999999513e+00
9.424265800000000581e+00
9.424265800000000581e+00
9.425617400000000146e+00
9.425617400000000146e+00
9.433102800000000343e+00
9.433102800000000343e+00
9.433102800000000343e+00
9.459799500000000805e+00
9.459799500000000805e+00
9.465826200000000412e+00
9.465826200000000412e+00
9.472435799999999517e+00
9.472435799999999517e+00
9.481235200000000418e+00
9.481235200000000418e+00
9.482988999999999891e+00
9.482988999999999891e+00
9.510721600000000109e+00
9.510721600000000109e+00
9.512480300000000000e+00
9.512480300000000000e+00
9.520060400000000200e+00
9.520060400000000200e+00
9.520060400000000200e+00
9.522288800000000109e+00
9.522288800000000109e+00
9.573223300000000435e+00
9.573223300000000435e+00
9.573223300000000435e+00
9.595273399999999953e+00
9.595273399999999953e+00
9.631474499999999495e+00
9.631474499999999495e+00
9.632488699999999682e+00
9.632488699999999682e+00
9.632488699999999682e+00
9.655008199999999263e+00
9.655008199999999263e+00
9.655008199999999263e+00
9.655008199999999263e+00
9.662359300000000317e+00
9.662359300000000317e+00
9.676106900000000621e+00
9.676106900000000621e+00
9.676106900000000621e+00
9.708673799999999687e+00
9.708673799999999687e+00
9.733793699999999660e+00
9.733793699999999660e+00
9.747524000000000299e+00
9.747524000000000299e+00
9.750024200000000363e+00
9.750024200000000363e+00
9.750097000000000236e+00
9.750097000000000236e+00
9.750097000000000236e+00
9.750242000000000075e+00
9.750242000000000075e+00
9.750242000000000075e+00
9.750242000000000075e+00
9.757264599999999177e+00
9.757264599999999177e+00
9.813524400000000369e+00
9.813524400000000369e+00
9.819887599999999495e+00
9.819887599999999495e+00
9.819887599999999495e+00
9.871950299999999956e+00
9.871950299999999956e+00
9.871950299999999956e+00
9.871950299999999956e+00
9.887955399999999173e+00
9.887955399999999173e+00
9.889913500000000468e+00
9.889913500000000468e+00
9.890303700000000475e+00
9.890303700000000475e+00
9.890303700000000475e+00
9.896563399999999788e+00
9.896563399999999788e+00
9.896563399999999788e+00
9.896563399999999788e+00
9.896563399999999788e+00
9.898429099999999536e+00
9.898429099999999536e+00
9.898429099999999536e+00
9.918579899999999228e+00
9.918579899999999228e+00
9.927287800000000217e+00
9.927287800000000217e+00
9.955201000000000633e+00
9.955201000000000633e+00
9.977124500000000396e+00
9.977124500000000396e+00
9.977124500000000396e+00
9.980706700000000708e+00
9.980706700000000708e+00
9.982876700000000270e+00
9.982876700000000270e+00
9.997925499999999133e+00
9.997925499999999133e+00
9.997925499999999133e+00
1.000517800000000079e+01
1.000517800000000079e+01
1.000900799999999968e+01
1.000900799999999968e+01
1.000959899999999969e+01
1.000959899999999969e+01
1.001727900000000027e+01
1.001727900000000027e+01
1.002308099999999946e+01
1.002308099999999946e+01
1.009565699999999921e+01
1.009565699999999921e+01
1.011957300000000082e+01
1.011957300000000082e+01
1.012493699999999919e+01
1.012493699999999919e+01
1.012493699999999919e+01
1.012581899999999990e+01
1.012581899999999990e+01
1.017805300000000024e+01
1.017805300000000024e+01
1.021106499999999961e+01
1.021106499999999961e+01
1.021166999999999980e+01
1.021166999999999980e+01
1.022774800000000006e+01
1.022774800000000006e+01
1.027425500000000014e+01
1.027425500000000014e+01
1.027801499999999990e+01
1.027801499999999990e+01
1.029324500000000064e+01
1.029324500000000064e+01
1.030781999999999954e+01
1.030781999999999954e+01
1.031471900000000019e+01
1.031471900000000019e+01
1.033040699999999923e+01
1.033040699999999923e+01
1.035999400000000037e+01
1.035999400000000037e+01
1.038384600000000013e+01
1.038384600000000013e+01
1.038835599999999992e+01
1.038835599999999992e+01
1.040375799999999984e+01
1.040375799999999984e+01
1.040375799999999984e+01
1.040375799999999984e+01
1.040375799999999984e+01
1.040582999999999991e+01
1.040582999999999991e+01
1.041050500000000056e+01
1.041050500000000056e+01
1.041050500000000056e+01
1.045504000000000033e+01
1.045504000000000033e+01
1.053191499999999969e+01
1.053191499999999969e+01
1.053191499999999969e+01
1.053191499999999969e+01
1.055310500000000040e+01
1.055310500000000040e+01
1.057371599999999923e+01
1.057371599999999923e+01
1.057504100000000058e+01
1.057504100000000058e+01
1.057717500000000044e+01
1.057717500000000044e+01
1.058471899999999977e+01
1.058471899999999977e+01
1.063838999999999935e+01
1.063838999999999935e+01
1.063838999999999935e+01
1.063851200000000041e+01
1.063851200000000041e+01
1.063851200000000041e+01
1.067041399999999918e+01
1.067041399999999918e+01
1.067499100000000034e+01
1.067499100000000034e+01
1.068639699999999948e+01
1.068639699999999948e+01
1.069678000000000040e+01
1.069678000000000040e+01
1.069678000000000040e+01
1.069678000000000040e+01
1.070251200000000047e+01
1.070251200000000047e+01
1.072755599999999987e+01
1.072755599999999987e+01
1.073814300000000088e+01
1.073814300000000088e+01
1.073904300000000056e+01
1.073904300000000056e+01
1.073904300000000056e+01
1.075138699999999936e+01
1.075138699999999936e+01
1.075583999999999918e+01
1.075583999999999918e+01
1.076408400000000043e+01
1.076408400000000043e+01
1.076409199999999977e+01
1.076409199999999977e+01
1.079254599999999975e+01
1.079254599999999975e+01
1.080257399999999990e+01
1.080257399999999990e+01
1.080257399999999990e+01
1.081828100000000070e+01
1.081828100000000070e+01
1.083939499999999967e+01
1.083939499999999967e+01
1.086674099999999932e+01
1.086674099999999932e+01
1.087619100000000039e+01
1.087619100000000039e+01
1.088085700000000067e+01
1.088085700000000067e+01
1.091173500000000018e+01
1.091173500000000018e+01
1.091173500000000018e+01
1.093595200000000034e+01
1.093595200000000034e+01
1.093863699999999994e+01
1.093863699999999994e+01
1.097476299999999938e+01
1.097476299999999938e+01
1.097476299999999938e+01
1.097725600000000057e+01
1.097725600000000057e+01
1.100085299999999933e+01
1.100085299999999933e+01
1.100315800000000088e+01
1.100315800000000088e+01
1.100580800000000004e+01
1.100580800000000004e+01
1.100580800000000004e+01
1.100948099999999918e+01
1.100948099999999918e+01
1.100948099999999918e+01
1.102780899999999953e+01
1.102780899999999953e+01
1.102780899999999953e+01
1.104233400000000032e+01
1.104233400000000032e+01
1.110804100000000005e+01
1.110804100000000005e+01
1.111282899999999962e+01
1.111282899999999962e+01
1.111282899999999962e+01
1.112444200000000016e+01
1.112444200000000016e+01
1.112591100000000033e+01
1.112591100000000033e+01
1.112591100000000033e+01
1.113780500000000018e+01
1.113780500000000018e+01
1.114237999999999928e+01
1.114237999999999928e+01
1.114971399999999946e+01
1.114971399999999946e+01
1.114971399999999946e+01
1.117620900000000006e+01
1.117620900000000006e+01
1.117669000000000068e+01
1.117669000000000068e+01
1.123807599999999951e+01
1.123807599999999951e+01
1.124260699999999957e+01
1.124260699999999957e+01
1.126559600000000039e+01
1.126559600000000039e+01
1.127594200000000058e+01
1.127594200000000058e+01
1.128120700000000021e+01
1.128120700000000021e+01
1.128120700000000021e+01
1.128184300000000029e+01
1.128184300000000029e+01
1.130877100000000013e+01
1.130877100000000013e+01
1.133098500000000008e+01
1.133098500000000008e+01
1.133448699999999931e+01
1.133448699999999931e+01
1.139201199999999936e+01
1.139201199999999936e+01
1.142408499999999982e+01
1.142408499999999982e+01
1.143711700000000064e+01
1.143711700000000064e+01
1.144363199999999914e+01
1.144363199999999914e+01
1.145422800000000052e+01
1.145422800000000052e+01
1.145422800000000052e+01
1.146023800000000037e+01
1.146023800000000037e+01
1.149077300000000079e+01
1.149077300000000079e+01
1.149984899999999932e+01
1.149984899999999932e+01
1.150517900000000004e+01
1.150517900000000004e+01
1.150517900000000004e+01
1.150621399999999994e+01
1.150621399999999994e+01
1.150621399999999994e+01
1.152191400000000066e+01
1.152191400000000066e+01
1.152191400000000066e+01
1.155605500000000063e+01
1.155605500000000063e+01
1.156221299999999985e+01
1.156221299999999985e+01
1.156468199999999946e+01
1.156468199999999946e+01
1.156468199999999946e+01
1.156489099999999937e+01
1.156489099999999937e+01
1.159230400000000039e+01
1.159230400000000039e+01
1.159874100000000041e+01
1.159874100000000041e+01
1.160042900000000010e+01
1.160042900000000010e+01
1.160999600000000065e+01
1.160999600000000065e+01
1.162756700000000087e+01
1.162756700000000087e+01
1.164635099999999923e+01
1.164635099999999923e+01
1.168201299999999954e+01
1.168201299999999954e+01
1.168201299999999954e+01
1.168975900000000046e+01
1.168975900000000046e+01
1.169315300000000057e+01
1.169315300000000057e+01
1.169941200000000059e+01
1.169941200000000059e+01
1.169941200000000059e+01
1.169941200000000059e+01
1.170447399999999938e+01
1.170447399999999938e+01
1.170645500000000006e+01
1.170645500000000006e+01
1.170745199999999997e+01
1.170745199999999997e+01
1.172462400000000038e+01
1.172462400000000038e+01
1.175421900000000086e+01
1.175421900000000086e+01
1.178134900000000052e+01
1.178134900000000052e+01
1.178406799999999954e+01
1.178406799999999954e+01
1.180415600000000076e+01
1.180415600000000076e+01
1.180693899999999985e+01
1.180693899999999985e+01
1.181808900000000051e+01
1.181808900000000051e+01
1.182414999999999949e+01
1.182414999999999949e+01
1.182996299999999934e+01
1.182996299999999934e+01
1.184634999999999927e+01
1.184634999999999927e+01
1.186566099999999935e+01
1.186566099999999935e+01
1.186756600000000006e+01
1.186756600000000006e+01
1.190865499999999955e+01
1.190865499999999955e+01
1.195783300000000082e+01
1.195783300000000082e+01
1.196600300000000061e+01
1.196600300000000061e+01
1.198899499999999918e+01
1.198899499999999918e+01
1.198899499999999918e+01
1.200010800000000089e+01
1.200010800000000089e+01
1.203300899999999984e+01
1.203300899999999984e+01
1.203300899999999984e+01
1.205501499999999915e+01
1.205501499999999915e+01
1.206460900000000080e+01
1.206460900000000080e+01
1.209206799999999937e+01
1.209206799999999937e+01
1.209206799999999937e+01
1.212171400000000077e+01
1.212171400000000077e+01
1.212221399999999960e+01
1.212221399999999960e+01
1.215615299999999976e+01
1.215615299999999976e+01
1.216672499999999957e+01
1.216672499999999957e+01
1.217731200000000058e+01
1.217731200000000058e+01
1.220233999999999952e+01
1.220233999999999952e+01
1.220233999999999952e+01
1.220290100000000066e+01
1.220290100000000066e+01
1.223077999999999932e+01
1.223077999999999932e+01
1.225943799999999939e+01
1.225943799999999939e+01
1.226439500000000038e+01
1.226439500000000038e+01
1.226439500000000038e+01
1.226439500000000038e+01
1.226488799999999912e+01
1.226488799999999912e+01
1.226841199999999965e+01
1.226841199999999965e+01
1.229723199999999927e+01
1.229723199999999927e+01
1.231420100000000062e+01
1.231420100000000062e+01
1.231420100000000062e+01
1.232248000000000054e+01
1.232248000000000054e+01
1.235145100000000085e+01
1.235145100000000085e+01
1.235506200000000021e+01
1.235506200000000021e+01
1.236261499999999991e+01
1.236261499999999991e+01
1.236426299999999934e+01
1.236426299999999934e+01
1.238582099999999997e+01
1.238582099999999997e+01
1.239148999999999923e+01
1.239148999999999923e+01
1.240677100000000088e+01
1.240677100000000088e+01
1.240853099999999998e+01
1.240853099999999998e+01
1.242926100000000034e+01
1.242926100000000034e+01
1.243182000000000009e+01
1.243182000000000009e+01
1.245119700000000051e+01
1.245119700000000051e+01
1.246511699999999934e+01
1.246511699999999934e+01
1.246511699999999934e+01
1.246944200000000080e+01
1.246944200000000080e+01
1.247580199999999984e+01
1.247580199999999984e+01
1.249038600000000088e+01
1.249038600000000088e+01
1.250199899999999964e+01
1.250199899999999964e+01
1.254376599999999975e+01
1.254376599999999975e+01
1.254741500000000087e+01
1.254741500000000087e+01
1.255665399999999998e+01
1.255665399999999998e+01
1.256748600000000060e+01
1.256748600000000060e+01
1.256748600000000060e+01
1.256748600000000060e+01
1.257163500000000056e+01
1.257163500000000056e+01
1.258980599999999939e+01
1.258980599999999939e+01
1.258980599999999939e+01
1.259490699999999919e+01
1.259490699999999919e+01
1.259907699999999942e+01
1.259907699999999942e+01
1.259907699999999942e+01
1.262155500000000075e+01
1.262155500000000075e+01
1.262155500000000075e+01
1.262406999999999968e+01
1.262406999999999968e+01
1.263213099999999933e+01
1.263213099999999933e+01
1.263956300000000077e+01
1.263956300000000077e+01
1.263956300000000077e+01
1.266247899999999937e+01
1.266247899999999937e+01
1.266765799999999942e+01
1.266765799999999942e+01
1.266765799999999942e+01
1.267919099999999943e+01
1.267919099999999943e+01
1.268088099999999940e+01
1.268088099999999940e+01
1.269288500000000042e+01
1.269288500000000042e+01
1.269807499999999933e+01
1.269807499999999933e+01
1.272746700000000075e+01
1.272746700000000075e+01
1.272843100000000049e+01
1.272843100000000049e+01
1.274705600000000061e+01
1.274705600000000061e+01
1.274813600000000058e+01
1.274813600000000058e+01
1.275677300000000081e+01
1.275677300000000081e+01
1.277905699999999989e+01
1.277905699999999989e+01
1.282338700000000031e+01
1.282338700000000031e+01
1.282338700000000031e+01
1.283349499999999921e+01
1.283349499999999921e+01
1.283349499999999921e+01
1.285491299999999981e+01
1.285491299999999981e+01
1.285491299999999981e+01
1.285491299999999981e+01
1.287572699999999948e+01
1.287572699999999948e+01
1.288033800000000006e+01
1.288033800000000006e+01
1.290944700000000012e+01
1.290944700000000012e+01
1.292251500000000064e+01
1.292251500000000064e+01
1.294878100000000032e+01
1.294878100000000032e+01
1.295314199999999971e+01
1.295314199999999971e+01
1.298699900000000085e+01
1.298699900000000085e+01
1.300028000000000006e+01
1.300028000000000006e+01
1.300028000000000006e+01
1.300028000000000006e+01
1.300028000000000006e+01
1.300328900000000054e+01
1.300328900000000054e+01
1.300971999999999973e+01
1.300971999999999973e+01
1.302038100000000043e+01
1.302038100000000043e+01
1.302954599999999985e+01
1.302954599999999985e+01
1.303314899999999987e+01
1.303314899999999987e+01
1.305761299999999991e+01
1.305761299999999991e+01
1.307238800000000012e+01
1.307238800000000012e+01
1.309872400000000070e+01
1.309872400000000070e+01
1.310835100000000075e+01
1.310835100000000075e+01
1.310835100000000075e+01
1.310835100000000075e+01
1.312061300000000053e+01
1.312061300000000053e+01
1.312061300000000053e+01
1.312061300000000053e+01
1.312061300000000053e+01
1.313453999999999944e+01
1.313453999999999944e+01
1.315408799999999978e+01
1.315408799999999978e+01
1.315701699999999974e+01
1.315701699999999974e+01
1.315701699999999974e+01
1.316050399999999954e+01
1.316050399999999954e+01
1.318837699999999913e+01
1.318837699999999913e+01
1.321604199999999985e+01
1.321604199999999985e+01
1.321604199999999985e+01
1.323025499999999965e+01
1.323025499999999965e+01
1.323025499999999965e+01
1.323025499999999965e+01
1.323266500000000079e+01
1.323266500000000079e+01
1.324817099999999925e+01
1.324817099999999925e+01
1.326885799999999982e+01
1.326885799999999982e+01
1.327225999999999928e+01
1.327225999999999928e+01
1.328568600000000011e+01
1.328568600000000011e+01
1.329552900000000015e+01
1.329552900000000015e+01
1.329552900000000015e+01
1.329552900000000015e+01
1.331236200000000025e+01
1.331236200000000025e+01
1.333393300000000004e+01
1.333393300000000004e+01
1.333849700000000027e+01
1.333849700000000027e+01
1.336530100000000054e+01
1.336530100000000054e+01
1.337165000000000070e+01
1.337165000000000070e+01
1.340062099999999923e+01
1.340062099999999923e+01
1.346429999999999971e+01
1.346429999999999971e+01
1.350163000000000046e+01
1.350163000000000046e+01
1.350163000000000046e+01
1.352778400000000047e+01
1.352778400000000047e+01
1.353994499999999945e+01
1.353994499999999945e+01
1.354176000000000002e+01
1.354176000000000002e+01
1.354597099999999976e+01
1.354597099999999976e+01
1.355311999999999983e+01
1.355311999999999983e+01
1.355311999999999983e+01
1.355525599999999997e+01
1.355525599999999997e+01
1.355525599999999997e+01
1.355525599999999997e+01
1.355525599999999997e+01
1.355921700000000030e+01
1.355921700000000030e+01
1.356208099999999916e+01
1.356208099999999916e+01
1.358430500000000052e+01
1.358430500000000052e+01
1.358430500000000052e+01
1.358489499999999950e+01
1.358489499999999950e+01
1.358489499999999950e+01
1.358489499999999950e+01
1.358489499999999950e+01
1.359904900000000083e+01
1.359904900000000083e+01
1.360150400000000026e+01
1.360150400000000026e+01
1.360150400000000026e+01
1.365940299999999930e+01
1.365940299999999930e+01
1.367427799999999927e+01
1.367427799999999927e+01
1.369350500000000004e+01
1.369350500000000004e+01
1.370366699999999938e+01
1.370366699999999938e+01
1.372206599999999987e+01
1.372206599999999987e+01
1.372314000000000078e+01
1.372314000000000078e+01
1.375363899999999973e+01
1.375363899999999973e+01
1.375363899999999973e+01
1.377858200000000011e+01
1.377858200000000011e+01
1.377858200000000011e+01
1.380635599999999918e+01
1.380635599999999918e+01
1.380635599999999918e+01
1.382179299999999955e+01
1.382179299999999955e+01
1.382179299999999955e+01
1.382714400000000055e+01
1.382714400000000055e+01
1.383099499999999971e+01
1.383099499999999971e+01
1.383576799999999984e+01
1.383576799999999984e+01
1.384435399999999916e+01
1.384435399999999916e+01
1.384524000000000044e+01
1.384524000000000044e+01
1.384524000000000044e+01
1.384935399999999994e+01
1.384935399999999994e+01
1.385653699999999944e+01
1.385653699999999944e+01
1.386159699999999972e+01
1.386159699999999972e+01
1.386159699999999972e+01
1.386159699999999972e+01
1.386732499999999924e+01
1.386732499999999924e+01
1.386732499999999924e+01
1.386873300000000064e+01
1.386873300000000064e+01
1.388978900000000039e+01
1.388978900000000039e+01
1.390731899999999932e+01
1.390731899999999932e+01
1.391311900000000001e+01
1.391311900000000001e+01
1.391382199999999969e+01
1.391382199999999969e+01
1.395082099999999947e+01
1.395082099999999947e+01
1.395264500000000041e+01
1.395264500000000041e+01
1.395814999999999984e+01
1.395814999999999984e+01
1.396370399999999989e+01
1.396370399999999989e+01
1.397695399999999921e+01
1.397695399999999921e+01
1.398201399999999950e+01
1.398201399999999950e+01
1.398201399999999950e+01
1.398201399999999950e+01
1.398201399999999950e+01
1.399432200000000037e+01
1.399432200000000037e+01
1.403704300000000060e+01
1.403704300000000060e+01
1.404905699999999946e+01
1.404905699999999946e+01
1.404905699999999946e+01
1.408882700000000021e+01
1.408882700000000021e+01
1.409308599999999956e+01
1.409308599999999956e+01
1.415873099999999951e+01
1.415873099999999951e+01
1.416372100000000067e+01
1.416372100000000067e+01
1.417376600000000053e+01
1.417376600000000053e+01
1.417376600000000053e+01
1.419097799999999943e+01
1.419097799999999943e+01
1.420977399999999946e+01
1.420977399999999946e+01
1.422975199999999951e+01
1.422975199999999951e+01
1.422975199999999951e+01
1.422975199999999951e+01
1.424830500000000022e+01
1.424830500000000022e+01
1.424949200000000005e+01
1.424949200000000005e+01
1.425917199999999951e+01
1.425917199999999951e+01
1.426049599999999984e+01
1.426049599999999984e+01
1.428092499999999987e+01
1.428092499999999987e+01
1.429038599999999981e+01
1.429038599999999981e+01
1.430472100000000069e+01
1.430472100000000069e+01
1.430888900000000064e+01
1.430888900000000064e+01
1.431246800000000086e+01
1.431246800000000086e+01
1.433557000000000059e+01
1.433557000000000059e+01
1.433672499999999950e+01
1.433672499999999950e+01
1.435802900000000015e+01
1.435802900000000015e+01
1.439130300000000062e+01
1.439130300000000062e+01
1.439169500000000035e+01
1.439169500000000035e+01
1.439888000000000012e+01
1.439888000000000012e+01
1.440581700000000076e+01
1.440581700000000076e+01
1.440581700000000076e+01
1.441924299999999981e+01
1.441924299999999981e+01
1.442924799999999941e+01
1.442924799999999941e+01
1.444981699999999947e+01
1.444981699999999947e+01
1.445432899999999954e+01
1.445432899999999954e+01
1.445815499999999965e+01
1.445815499999999965e+01
1.445815499999999965e+01
1.445815499999999965e+01
1.446053500000000014e+01
1.446053500000000014e+01
1.449315200000000026e+01
1.449315200000000026e+01
1.450394099999999931e+01
1.450394099999999931e+01
1.451368500000000061e+01
1.451368500000000061e+01
1.451443399999999961e+01
1.451443399999999961e+01
1.451978599999999986e+01
1.451978599999999986e+01
1.451978599999999986e+01
1.454932799999999915e+01
1.454932799999999915e+01
1.454932799999999915e+01
1.454932799999999915e+01
1.455050699999999964e+01
1.455050699999999964e+01
1.460904500000000006e+01
1.460904500000000006e+01
1.460904500000000006e+01
1.465511000000000053e+01
1.465511000000000053e+01
1.466085200000000022e+01
1.466085200000000022e+01
1.466163700000000070e+01
1.466163700000000070e+01
1.467671299999999945e+01
1.467671299999999945e+01
1.469380800000000065e+01
1.469380800000000065e+01
1.469999499999999948e+01
1.469999499999999948e+01
1.470459800000000072e+01
1.470459800000000072e+01
1.470459800000000072e+01
1.471061500000000066e+01
1.471061500000000066e+01
1.471061500000000066e+01
1.472159300000000037e+01
1.472159300000000037e+01
1.472700500000000012e+01
1.472700500000000012e+01
1.473009300000000010e+01
1.473009300000000010e+01
1.473009300000000010e+01
1.473009300000000010e+01
1.476996800000000043e+01
1.476996800000000043e+01
1.478395399999999960e+01
1.478395399999999960e+01
1.478597300000000025e+01
1.478597300000000025e+01
1.480251200000000011e+01
1.480251200000000011e+01
1.480251200000000011e+01
1.482445399999999935e+01
1.482445399999999935e+01
1.482492200000000082e+01
1.482492200000000082e+01
1.484151800000000065e+01
1.484151800000000065e+01
1.484151800000000065e+01
1.484151800000000065e+01
1.485826800000000070e+01
1.485826800000000070e+01
1.485826800000000070e+01
1.485826800000000070e+01
1.485826800000000070e+01
1.485865699999999912e+01
1.485865699999999912e+01
1.487293500000000002e+01
1.487293500000000002e+01
1.488584299999999949e+01
1.488584299999999949e+01
1.489284900000000000e+01
1.489284900000000000e+01
1.494112200000000001e+01
1.494112200000000001e+01
1.494479899999999972e+01
1.494479899999999972e+01
1.494479899999999972e+01
1.494479899999999972e+01
1.494479899999999972e+01
1.494479899999999972e+01
1.494479899999999972e+01
1.497921400000000069e+01
1.497921400000000069e+01
1.497921400000000069e+01
1.498015799999999942e+01
1.498015799999999942e+01
1.498172699999999935e+01
1.498172699999999935e+01
1.498787300000000045e+01
1.498787300000000045e+01
1.500050399999999939e+01
1.500050399999999939e+01
1.500050399999999939e+01
1.503602799999999995e+01
1.503602799999999995e+01
1.503756300000000046e+01
1.503756300000000046e+01
1.503756300000000046e+01
1.504555000000000042e+01
1.504555000000000042e+01
1.507361000000000040e+01
1.507361000000000040e+01
1.507361000000000040e+01
1.507361000000000040e+01
1.512489099999999986e+01
1.512489099999999986e+01
1.513337199999999960e+01
1.513337199999999960e+01
1.513337199999999960e+01
1.515649900000000017e+01
1.515649900000000017e+01
1.516854799999999948e+01
1.516854799999999948e+01
1.519034599999999990e+01
1.519034599999999990e+01
1.520712600000000059e+01
1.520712600000000059e+01
1.522905800000000021e+01
1.522905800000000021e+01
1.524181500000000078e+01
1.524181500000000078e+01
1.526167399999999930e+01
1.526167399999999930e+01
1.526388099999999959e+01
1.526388099999999959e+01
1.526896799999999921e+01
1.526896799999999921e+01
1.526947000000000010e+01
1.526947000000000010e+01
1.527035799999999988e+01
1.527035799999999988e+01
1.527249800000000057e+01
1.527249800000000057e+01
1.527487700000000004e+01
1.527487700000000004e+01
1.529213999999999984e+01
1.529213999999999984e+01
1.529279400000000066e+01
1.529279400000000066e+01
1.533685999999999972e+01
1.533685999999999972e+01
1.534749500000000033e+01
1.534749500000000033e+01
1.535207800000000056e+01
1.535207800000000056e+01
1.535336900000000071e+01
1.535336900000000071e+01
1.535336900000000071e+01
1.537402799999999914e+01
1.537402799999999914e+01
1.539604399999999984e+01
1.539604399999999984e+01
1.541442799999999913e+01
1.541442799999999913e+01
1.542006300000000074e+01
1.542006300000000074e+01
1.542226900000000001e+01
1.542226900000000001e+01
1.542728400000000022e+01
1.542728400000000022e+01
1.543077300000000029e+01
1.543077300000000029e+01
1.543834799999999952e+01
1.543834799999999952e+01
1.543864600000000031e+01
1.543864600000000031e+01
1.546687099999999937e+01
1.546687099999999937e+01
1.551939499999999938e+01
1.551939499999999938e+01
1.552722900000000017e+01
1.552722900000000017e+01
1.555209400000000031e+01
1.555209400000000031e+01
1.557600700000000060e+01
1.557600700000000060e+01
1.557968299999999928e+01
1.557968299999999928e+01
1.557968299999999928e+01
1.557968299999999928e+01
1.559060599999999930e+01
1.559060599999999930e+01
1.559800000000000075e+01
1.559800000000000075e+01
1.561404600000000009e+01
1.561404600000000009e+01
1.561469899999999988e+01
1.561469899999999988e+01
1.562535199999999946e+01
1.562535199999999946e+01
1.563658599999999943e+01
1.563658599999999943e+01
1.564949299999999965e+01
1.564949299999999965e+01
1.565255400000000030e+01
1.565255400000000030e+01
1.565255400000000030e+01
1.568500300000000003e+01
1.568500300000000003e+01
1.569774199999999986e+01
1.569774199999999986e+01
1.570527799999999985e+01
1.570527799999999985e+01
1.570983000000000018e+01
1.570983000000000018e+01
1.571547299999999936e+01
1.571547299999999936e+01
1.574437999999999960e+01
1.574437999999999960e+01
1.574437999999999960e+01
1.575647599999999926e+01
1.575647599999999926e+01
1.578696500000000036e+01
1.578696500000000036e+01
1.579139100000000084e+01
1.579139100000000084e+01
1.579446300000000036e+01
1.579446300000000036e+01
1.579446300000000036e+01
1.579446300000000036e+01
1.580428400000000089e+01
1.580428400000000089e+01
1.581175200000000025e+01
1.581175200000000025e+01
1.582854799999999962e+01
1.582854799999999962e+01
1.583273299999999928e+01
1.583273299999999928e+01
1.583273299999999928e+01
1.583273299999999928e+01
1.584802099999999925e+01
1.584802099999999925e+01
1.589493599999999951e+01
1.589493599999999951e+01
1.589700500000000005e+01
1.589700500000000005e+01
1.594486700000000035e+01
1.594486700000000035e+01
1.594486700000000035e+01
1.594959599999999966e+01
1.594959599999999966e+01
1.595542900000000053e+01
1.595542900000000053e+01
1.597804600000000086e+01
1.597804600000000086e+01
1.598632300000000050e+01
1.598632300000000050e+01
1.598632300000000050e+01
1.598632300000000050e+01
1.598980700000000077e+01
1.598980700000000077e+01
1.598986299999999972e+01
1.598986299999999972e+01
1.600178299999999965e+01
1.600178299999999965e+01
1.602629500000000107e+01
1.602629500000000107e+01
1.605958400000000097e+01
1.605958400000000097e+01
1.606238799999999856e+01
1.606238799999999856e+01
1.607319000000000031e+01
1.607319000000000031e+01
1.607430300000000045e+01
1.607430300000000045e+01
1.608134400000000142e+01
1.608134400000000142e+01
1.608650599999999997e+01
1.608650599999999997e+01
1.609979600000000133e+01
1.609979600000000133e+01
1.611018400000000028e+01
1.611018400000000028e+01
1.617803299999999922e+01
1.617803299999999922e+01
1.617803299999999922e+01
1.617809000000000097e+01
1.617809000000000097e+01
1.617809000000000097e+01
1.617809000000000097e+01
1.619313400000000058e+01
1.619313400000000058e+01
1.620114699999999885e+01
1.620114699999999885e+01
1.621873000000000076e+01
1.621873000000000076e+01
1.622914199999999951e+01
1.622914199999999951e+01
1.622914199999999951e+01
1.624041100000000171e+01
1.624041100000000171e+01
1.624078700000000097e+01
1.624078700000000097e+01
1.629009900000000144e+01
1.629009900000000144e+01
1.629378699999999824e+01
1.629378699999999824e+01
1.631287899999999880e+01
1.631287899999999880e+01
1.636184300000000036e+01
1.636184300000000036e+01
1.637103099999999856e+01
1.637103099999999856e+01
1.637453899999999862e+01
1.637453899999999862e+01
1.638045999999999935e+01
1.638045999999999935e+01
1.639149300000000054e+01
1.639149300000000054e+01
1.639228699999999961e+01
1.639228699999999961e+01
1.640200700000000111e+01
1.640200700000000111e+01
1.640200700000000111e+01
1.640200700000000111e+01
1.640200700000000111e+01
1.640200700000000111e+01
1.643047800000000080e+01
1.643047800000000080e+01
1.643047800000000080e+01
1.646414299999999997e+01
1.646414299999999997e+01
1.647332400000000163e+01
1.647332400000000163e+01
1.648692799999999892e+01
1.648692799999999892e+01
1.648916499999999985e+01
1.648916499999999985e+01
1.651571500000000015e+01
1.651571500000000015e+01
1.653517599999999987e+01
1.653517599999999987e+01
1.653886899999999827e+01
1.653886899999999827e+01
1.654998099999999894e+01
1.654998099999999894e+01
1.654998099999999894e+01
1.660744800000000154e+01
1.660744800000000154e+01
1.660744800000000154e+01
1.661588400000000121e+01
1.661588400000000121e+01
1.661588400000000121e+01
1.665743600000000058e+01
1.665743600000000058e+01
1.666170299999999926e+01
1.666170299999999926e+01
1.666170299999999926e+01
1.666170299999999926e+01
1.667227199999999954e+01
1.667227199999999954e+01
1.667236799999999874e+01
1.667236799999999874e+01
1.668376999999999910e+01
1.668376999999999910e+01
1.669059599999999932e+01
1.669059599999999932e+01
1.671758900000000025e+01
1.671758900000000025e+01
1.672297800000000123e+01
1.672297800000000123e+01
1.672429899999999847e+01
1.672429899999999847e+01
1.676880399999999938e+01
1.676880399999999938e+01
1.676919900000000041e+01
1.676919900000000041e+01
1.677179500000000090e+01
1.677179500000000090e+01
1.677739400000000103e+01
1.677739400000000103e+01
1.677739400000000103e+01
1.684028500000000150e+01
1.684028500000000150e+01
1.687024299999999855e+01
1.687024299999999855e+01
1.689369699999999952e+01
1.689369699999999952e+01
1.689369699999999952e+01
1.689369699999999952e+01
1.689369699999999952e+01
1.691370200000000068e+01
1.691370200000000068e+01
1.691370200000000068e+01
1.695407600000000059e+01
1.695407600000000059e+01
1.695937699999999992e+01
1.695937699999999992e+01
1.697713900000000109e+01
1.697713900000000109e+01
1.697903300000000115e+01
1.697903300000000115e+01
1.700909499999999852e+01
1.700909499999999852e+01
1.701764700000000019e+01
1.701764700000000019e+01
1.705340599999999895e+01
1.705340599999999895e+01
1.705562700000000120e+01
1.705562700000000120e+01
1.706318200000000118e+01
1.706318200000000118e+01
1.706695699999999860e+01
1.706695699999999860e+01
1.706695699999999860e+01
1.708877599999999930e+01
1.708877599999999930e+01
1.708877599999999930e+01
1.708877599999999930e+01
1.711170299999999855e+01
1.711170299999999855e+01
1.711170299999999855e+01
1.711170299999999855e+01
1.711170299999999855e+01
1.711348399999999970e+01
1.711348399999999970e+01
1.711926400000000115e+01
1.711926400000000115e+01
1.711926400000000115e+01
1.711926400000000115e+01
1.712826899999999952e+01
1.712826899999999952e+01
1.713532999999999973e+01
1.713532999999999973e+01
1.713594799999999907e+01
1.713594799999999907e+01
1.715820000000000078e+01
1.715820000000000078e+01
1.716147199999999984e+01
1.716147199999999984e+01
1.716287499999999966e+01
1.716287499999999966e+01
1.716287499999999966e+01
1.716287499999999966e+01
1.718361399999999861e+01
1.718361399999999861e+01
1.718361399999999861e+01
1.718888899999999964e+01
1.718888899999999964e+01
1.719934200000000146e+01
1.719934200000000146e+01
1.719960999999999984e+01
1.719960999999999984e+01
1.721940000000000026e+01
1.721940000000000026e+01
1.724562200000000090e+01
1.724562200000000090e+01
1.724576499999999868e+01
1.724576499999999868e+01
1.724630099999999899e+01
1.724630099999999899e+01
1.725223400000000140e+01
1.725223400000000140e+01
1.725223400000000140e+01
1.725223400000000140e+01
1.725701300000000060e+01
1.725701300000000060e+01
1.725701300000000060e+01
1.725701300000000060e+01
1.727265200000000078e+01
1.727265200000000078e+01
1.728394799999999876e+01
1.728394799999999876e+01
1.731831700000000041e+01
1.731831700000000041e+01
1.731831700000000041e+01
1.732887600000000106e+01
1.732887600000000106e+01
1.733545499999999961e+01
1.733545499999999961e+01
1.733545499999999961e+01
1.733545499999999961e+01
1.733651800000000165e+01
1.733651800000000165e+01
1.734558300000000131e+01
1.734558300000000131e+01
1.735829800000000134e+01
1.735829800000000134e+01
1.737843099999999907e+01
1.737843099999999907e+01
1.738845900000000100e+01
1.738845900000000100e+01
1.738922399999999868e+01
1.738922399999999868e+01
1.741924900000000065e+01
1.741924900000000065e+01
1.747127599999999958e+01
1.747127599999999958e+01
1.747127599999999958e+01
1.750248600000000110e+01
1.750248600000000110e+01
1.750248600000000110e+01
1.750261000000000067e+01
1.750261000000000067e+01
1.753062399999999954e+01
1.753062399999999954e+01
1.753530500000000103e+01
1.753530500000000103e+01
1.753530500000000103e+01
1.753847700000000032e+01
1.753847700000000032e+01
1.753847700000000032e+01
1.754505599999999887e+01
1.754505599999999887e+01
1.754787800000000075e+01
1.754787800000000075e+01
1.755823200000000028e+01
1.755823200000000028e+01
1.757863800000000154e+01
1.757863800000000154e+01
1.758560200000000151e+01
1.758560200000000151e+01
1.762167900000000031e+01
1.762167900000000031e+01
1.764446900000000085e+01
1.764446900000000085e+01
1.766377699999999962e+01
1.766377699999999962e+01
1.766860399999999842e+01
1.766860399999999842e+01
1.767069599999999951e+01
1.767069599999999951e+01
1.767239700000000013e+01
1.767239700000000013e+01
1.769377599999999973e+01
1.769377599999999973e+01
1.771002700000000019e+01
1.771002700000000019e+01
1.773352699999999871e+01
1.773352699999999871e+01
1.774126300000000001e+01
1.774126300000000001e+01
1.774523399999999995e+01
1.774523399999999995e+01
1.780355199999999982e+01
1.780355199999999982e+01
1.780876100000000051e+01
1.780876100000000051e+01
1.781073500000000109e+01
1.781073500000000109e+01
1.781639399999999895e+01
1.781639399999999895e+01
1.783406300000000044e+01
1.783406300000000044e+01
1.784590599999999938e+01
1.784590599999999938e+01
1.785648700000000133e+01
1.785648700000000133e+01
1.786282200000000131e+01
1.786282200000000131e+01
1.786584600000000123e+01
1.786584600000000123e+01
1.789405199999999851e+01
1.789405199999999851e+01
1.789405199999999851e+01
1.789405199999999851e+01
1.789405199999999851e+01
1.789405199999999851e+01
1.790054699999999954e+01
1.790054699999999954e+01
1.791269700000000142e+01
1.791269700000000142e+01
1.793100499999999897e+01
1.793100499999999897e+01
1.793882899999999836e+01
1.793882899999999836e+01
1.796672799999999981e+01
1.796672799999999981e+01
1.797227399999999875e+01
1.797227399999999875e+01
1.798291299999999993e+01
1.798291299999999993e+01
1.798543799999999848e+01
1.798543799999999848e+01
1.798543799999999848e+01
1.798543799999999848e+01
1.798543799999999848e+01
1.798814899999999994e+01
1.798814899999999994e+01
1.802236100000000008e+01
1.802236100000000008e+01
1.803350800000000120e+01
1.803350800000000120e+01
1.804067900000000080e+01
1.804067900000000080e+01
1.804095399999999927e+01
1.804095399999999927e+01
1.804095399999999927e+01
1.804095399999999927e+01
1.804342799999999869e+01
1.804342799999999869e+01
1.804436099999999854e+01
1.804436099999999854e+01
1.805053500000000000e+01
1.805053500000000000e+01
1.805053500000000000e+01
1.808617599999999825e+01
1.808617599999999825e+01
1.808851299999999895e+01
1.808851299999999895e+01
1.809383700000000061e+01
1.809383700000000061e+01
1.809383700000000061e+01
1.810058599999999984e+01
1.810058599999999984e+01
1.810642500000000155e+01
1.810642500000000155e+01
1.810642500000000155e+01
1.810642500000000155e+01
1.811042000000000129e+01
1.811042000000000129e+01
1.812802100000000038e+01
1.812802100000000038e+01
1.815719700000000003e+01
1.815719700000000003e+01
1.815719700000000003e+01
1.817740600000000128e+01
1.817740600000000128e+01
1.817740600000000128e+01
1.822232999999999947e+01
1.822232999999999947e+01
1.822626100000000093e+01
1.822626100000000093e+01
1.823415800000000075e+01
1.823415800000000075e+01
1.823415800000000075e+01
1.823415800000000075e+01
1.823855199999999854e+01
1.823855199999999854e+01
1.825565999999999889e+01
1.825565999999999889e+01
1.825736600000000109e+01
1.825736600000000109e+01
1.829078700000000168e+01
1.829078700000000168e+01
1.830685199999999924e+01
1.830685199999999924e+01
1.830685199999999924e+01
1.831194100000000091e+01
1.831194100000000091e+01
1.831863999999999848e+01
1.831863999999999848e+01
1.831863999999999848e+01
1.833471099999999865e+01
1.833471099999999865e+01
1.835506499999999974e+01
1.835506499999999974e+01
1.838308899999999824e+01
1.838308899999999824e+01
1.838308899999999824e+01
1.838379899999999978e+01
1.838379899999999978e+01
1.839650400000000019e+01
1.839650400000000019e+01
1.843682499999999891e+01
1.843682499999999891e+01
1.844423600000000008e+01
1.844423600000000008e+01
1.852068600000000131e+01
1.852068600000000131e+01
1.852068600000000131e+01
1.852068600000000131e+01
1.852182099999999920e+01
1.852182099999999920e+01
1.854905600000000021e+01
1.854905600000000021e+01
1.855696700000000021e+01
1.855696700000000021e+01
1.855696700000000021e+01
1.855696700000000021e+01
1.857469999999999999e+01
1.857469999999999999e+01
1.858786299999999869e+01
1.858786299999999869e+01
1.858786299999999869e+01
1.859433500000000095e+01
1.859433500000000095e+01
1.859921699999999944e+01
1.859921699999999944e+01
1.860011599999999987e+01
1.860011599999999987e+01
1.860847499999999854e+01
1.860847499999999854e+01
1.865057600000000093e+01
1.865057600000000093e+01
1.865057600000000093e+01
1.866469599999999929e+01
1.866469599999999929e+01
1.867401100000000014e+01
1.867401100000000014e+01
1.869518499999999861e+01
1.869518499999999861e+01
1.875953499999999963e+01
1.875953499999999963e+01
1.877513099999999824e+01
1.877513099999999824e+01
1.881772600000000040e+01
1.881772600000000040e+01
1.881772600000000040e+01
1.882997999999999905e+01
1.882997999999999905e+01
1.882997999999999905e+01
1.883073100000000011e+01
1.883073100000000011e+01
1.883486500000000063e+01
1.883486500000000063e+01
1.887425700000000006e+01
1.887425700000000006e+01
1.887425700000000006e+01
1.888396799999999942e+01
1.888396799999999942e+01
1.889087699999999970e+01
1.889087699999999970e+01
1.890327500000000072e+01
1.890327500000000072e+01
1.890792199999999923e+01
1.890792199999999923e+01
1.892906899999999837e+01
1.892906899999999837e+01
1.892906899999999837e+01
1.896126500000000092e+01
1.896126500000000092e+01
1.902218200000000081e+01
1.902218200000000081e+01
1.902218200000000081e+01
1.904435399999999845e+01
1.904435399999999845e+01
1.905815399999999826e+01
1.905815399999999826e+01
1.907863899999999902e+01
1.907863899999999902e+01
1.908077099999999859e+01
1.908077099999999859e+01
1.911179999999999879e+01
1.911179999999999879e+01
1.911179999999999879e+01
1.912515700000000152e+01
1.912515700000000152e+01
1.915176900000000160e+01
1.915176900000000160e+01
1.915188300000000154e+01
1.915188300000000154e+01
1.916360200000000091e+01
1.916360200000000091e+01
1.916360200000000091e+01
1.916829999999999856e+01
1.916829999999999856e+01
1.919062699999999921e+01
1.919062699999999921e+01
1.922519700000000142e+01
1.922519700000000142e+01
1.922581500000000077e+01
1.922581500000000077e+01
1.926556100000000171e+01
1.926556100000000171e+01
1.929226099999999988e+01
1.929226099999999988e+01
1.929226099999999988e+01
1.930146299999999826e+01
1.930146299999999826e+01
1.931120900000000162e+01
1.931120900000000162e+01
1.931551400000000029e+01
1.931551400000000029e+01
1.931655200000000150e+01
1.931655200000000150e+01
1.932062600000000074e+01
1.932062600000000074e+01
1.932062600000000074e+01
1.933014599999999916e+01
1.933014599999999916e+01
1.933014599999999916e+01
1.933014599999999916e+01
1.934975800000000135e+01
1.934975800000000135e+01
1.934975800000000135e+01
1.936085200000000128e+01
1.936085200000000128e+01
1.937738200000000077e+01
1.937738200000000077e+01
1.938131600000000176e+01
1.938131600000000176e+01
1.940494599999999892e+01
1.940494599999999892e+01
1.943532499999999885e+01
1.943532499999999885e+01
1.944836499999999901e+01
1.944836499999999901e+01
1.946746100000000013e+01
1.946746100000000013e+01
1.946747999999999834e+01
1.946747999999999834e+01
1.946799599999999941e+01
1.946799599999999941e+01
1.948068599999999861e+01
1.948068599999999861e+01
1.948422100000000157e+01
1.948422100000000157e+01
1.951032100000000113e+01
1.951032100000000113e+01
1.952864900000000148e+01
1.952864900000000148e+01
1.955289099999999891e+01
1.955289099999999891e+01
1.956109199999999859e+01
1.956109199999999859e+01
1.958007399999999976e+01
1.958007399999999976e+01
1.964839699999999922e+01
1.964839699999999922e+01
1.964843899999999977e+01
1.964843899999999977e+01
1.965206900000000090e+01
1.965206900000000090e+01
1.965628399999999942e+01
1.965628399999999942e+01
1.966111300000000028e+01
1.966111300000000028e+01
1.966986299999999943e+01
1.966986299999999943e+01
1.966986299999999943e+01
1.966986299999999943e+01
1.967500599999999977e+01
1.967500599999999977e+01
1.967500599999999977e+01
1.967679899999999904e+01
1.967679899999999904e+01
1.967679899999999904e+01
1.969857800000000125e+01
1.969857800000000125e+01
1.972826200000000085e+01
1.972826200000000085e+01
1.972826200000000085e+01
1.975163399999999925e+01
1.975163399999999925e+01
1.975163399999999925e+01
1.975163399999999925e+01
1.976944299999999899e+01
1.976944299999999899e+01
1.977252199999999860e+01
1.977252199999999860e+01
1.977252199999999860e+01
1.978160099999999844e+01
1.978160099999999844e+01
1.979803599999999975e+01
1.979803599999999975e+01
1.979803599999999975e+01
1.984206400000000059e+01
1.984206400000000059e+01
1.984414200000000150e+01
1.984414200000000150e+01
1.985620000000000118e+01
1.985620000000000118e+01
1.985620000000000118e+01
1.986907799999999824e+01
1.986907799999999824e+01
1.987303999999999959e+01
1.987303999999999959e+01
1.988598999999999961e+01
1.988598999999999961e+01
1.988598999999999961e+01
1.989056400000000124e+01
1.989056400000000124e+01
1.989484799999999964e+01
1.989484799999999964e+01
1.989900000000000091e+01
1.989900000000000091e+01
1.989900000000000091e+01
1.989900000000000091e+01
1.991338899999999867e+01
1.991338899999999867e+01
1.992361700000000013e+01
1.992361700000000013e+01
1.992361700000000013e+01
1.992469399999999879e+01
1.992469399999999879e+01
1.992469399999999879e+01
1.993860300000000052e+01
1.993860300000000052e+01
1.994784900000000150e+01
1.994784900000000150e+01
1.995329200000000114e+01
1.995329200000000114e+01
1.996091600000000099e+01
1.996091600000000099e+01
1.996530699999999925e+01
1.996530699999999925e+01
1.996863700000000108e+01
1.996863700000000108e+01
1.996863700000000108e+01
1.996863700000000108e+01
1.997553100000000015e+01
1.997553100000000015e+01
1.998104800000000125e+01
1.998104800000000125e+01
1.998104800000000125e+01
1.998119900000000015e+01
1.998119900000000015e+01
1.998292400000000058e+01
1.998292400000000058e+01
2.002746000000000137e+01
