# Barrier Energy Step Time
0.000000000000000000e+00 -5.125039999999999964e+03 0.000000000000000000e+00 0.000000000000000000e+00
8.200000000000000344e-02 -5.125407000000000153e+03 5.000000000000000000e-01 7.100000000000000000e-16
0.000000000000000000e+00 -5.125488999999999578e+03 1.000000000000000000e+00 7.100000000000000000e-16
1.600000000000000033e-02 -5.125764000000000124e+03 1.500000000000000000e+00 1.411999999999999941e-13
0.000000000000000000e+00 -5.125779999999999745e+03 2.000000000000000000e+00 1.411999999999999941e-13
1.509999999999999953e-01 -5.126542999999999665e+03 2.500000000000000000e+00 5.913999999999999842e-13
0.000000000000000000e+00 -5.126694000000000415e+03 3.000000000000000000e+00 5.913999999999999842e-13
3.449999999999999734e-01 -5.128628999999999905e+03 3.500000000000000000e+00 1.493000000000000000e-12
0.000000000000000000e+00 -5.128974000000000160e+03 4.000000000000000000e+00 1.493000000000000000e-12
4.939999999999999947e-01 -5.130372999999999593e+03 4.500000000000000000e+00 4.249000000000000171e-12
0.000000000000000000e+00 -5.130867000000000189e+03 5.000000000000000000e+00 4.249000000000000171e-12
3.760000000000000009e-01 -5.132592999999999847e+03 5.500000000000000000e+00 5.264000000000000188e-12
0.000000000000000000e+00 -5.132969000000000051e+03 6.000000000000000000e+00 5.264000000000000188e-12
4.199999999999999845e-01 -5.134725999999999658e+03 6.500000000000000000e+00 7.053999999999999629e-12
0.000000000000000000e+00 -5.135145999999999731e+03 7.000000000000000000e+00 7.053999999999999629e-12
6.670000000000000373e-01 -5.135186999999999898e+03 7.500000000000000000e+00 1.932999999999999942e-10
0.000000000000000000e+00 -5.135854999999999563e+03 8.000000000000000000e+00 1.932999999999999942e-10
6.989999999999999547e-01 -5.136122000000000298e+03 8.500000000000000000e+00 3.963999999999999960e-10
0.000000000000000000e+00 -5.136820999999999913e+03 9.000000000000000000e+00 3.963999999999999960e-10
1.481999999999999984e+00 -5.134243999999999687e+03 9.500000000000000000e+00 3.005999999999999786e-07
0.000000000000000000e+00 -5.135725999999999658e+03 1.000000000000000000e+01 3.005999999999999786e-07
3.830000000000000071e-01 -5.136462000000000444e+03 1.050000000000000000e+01 3.005999999999999786e-07
0.000000000000000000e+00 -5.136844000000000051e+03 1.100000000000000000e+01 3.005999999999999786e-07
1.403999999999999915e+00 -5.134474000000000160e+03 1.150000000000000000e+01 8.161000000000000087e-07
0.000000000000000000e+00 -5.135877999999999702e+03 1.200000000000000000e+01 8.161000000000000087e-07
4.319999999999999951e-01 -5.136421000000000276e+03 1.250000000000000000e+01 8.161000000000000087e-07
0.000000000000000000e+00 -5.136853000000000065e+03 1.300000000000000000e+01 8.161000000000000087e-07
1.417000000000000037e+00 -5.134457000000000335e+03 1.350000000000000000e+01 8.421999999999999579e-07
0.000000000000000000e+00 -5.135873999999999796e+03 1.400000000000000000e+01 8.421999999999999579e-07
4.380000000000000004e-01 -5.136414999999999964e+03 1.450000000000000000e+01 8.421999999999999579e-07
0.000000000000000000e+00 -5.136853000000000065e+03 1.500000000000000000e+01 8.421999999999999579e-07
1.417000000000000037e+00 -5.134457000000000335e+03 1.550000000000000000e+01 2.157999999999999921e-06
0.000000000000000000e+00 -5.135873999999999796e+03 1.600000000000000000e+01 2.157999999999999921e-06
4.380000000000000004e-01 -5.136414999999999964e+03 1.650000000000000000e+01 2.157999999999999921e-06
0.000000000000000000e+00 -5.136853000000000065e+03 1.700000000000000000e+01 2.157999999999999921e-06
1.520999999999999908e+00 -5.134198000000000320e+03 1.750000000000000000e+01 2.624000000000000203e-06
0.000000000000000000e+00 -5.135720000000000255e+03 1.800000000000000000e+01 2.624000000000000203e-06
3.880000000000000115e-01 -5.136465000000000146e+03 1.850000000000000000e+01 2.624000000000000203e-06
0.000000000000000000e+00 -5.136853000000000065e+03 1.900000000000000000e+01 2.624000000000000203e-06
1.443999999999999950e+00 -5.134240999999999985e+03 1.950000000000000000e+01 3.143999999999999883e-06
0.000000000000000000e+00 -5.135685000000000400e+03 2.000000000000000000e+01 3.143999999999999883e-06
4.599999999999999922e-02 -5.137733000000000175e+03 2.050000000000000000e+01 3.143999999999999883e-06
0.000000000000000000e+00 -5.137779000000000451e+03 2.100000000000000000e+01 3.143999999999999883e-06
2.120000000000000107e+00 -5.134029000000000451e+03 2.150000000000000000e+01 3.528000000000000103e-05
0.000000000000000000e+00 -5.136148000000000138e+03 2.200000000000000000e+01 3.528000000000000103e-05
4.889999999999999902e-01 -5.137288999999999760e+03 2.250000000000000000e+01 3.528000000000000103e-05
0.000000000000000000e+00 -5.137779000000000451e+03 2.300000000000000000e+01 3.528000000000000103e-05
2.166999999999999815e+00 -5.133983000000000175e+03 2.350000000000000000e+01 2.321000000000000038e-04
0.000000000000000000e+00 -5.136149999999999636e+03 2.400000000000000000e+01 2.321000000000000038e-04
5.380000000000000338e-01 -5.137240999999999985e+03 2.450000000000000000e+01 2.321000000000000038e-04
0.000000000000000000e+00 -5.137779000000000451e+03 2.500000000000000000e+01 2.321000000000000038e-04
2.024999999999999911e+00 -5.134296999999999571e+03 2.550000000000000000e+01 2.392999999999999891e-04
0.000000000000000000e+00 -5.136322000000000116e+03 2.600000000000000000e+01 2.392999999999999891e-04
4.390000000000000013e-01 -5.137739999999999782e+03 2.650000000000000000e+01 2.392999999999999891e-04
0.000000000000000000e+00 -5.138177999999999884e+03 2.700000000000000000e+01 2.392999999999999891e-04
2.169999999999999929e+00 -5.134778000000000247e+03 2.750000000000000000e+01 6.382000000000000086e-04
0.000000000000000000e+00 -5.136948000000000320e+03 2.800000000000000000e+01 6.382000000000000086e-04
7.510000000000000009e-01 -5.137679000000000087e+03 2.850000000000000000e+01 6.382000000000000086e-04
0.000000000000000000e+00 -5.138430999999999585e+03 2.900000000000000000e+01 6.382000000000000086e-04
2.032000000000000028e+00 -5.134949999999999818e+03 2.950000000000000000e+01 4.174999999999999892e-03
0.000000000000000000e+00 -5.136981999999999971e+03 3.000000000000000000e+01 4.174999999999999892e-03
5.829999999999999627e-01 -5.137847999999999956e+03 3.050000000000000000e+01 4.174999999999999892e-03
0.000000000000000000e+00 -5.138430999999999585e+03 3.100000000000000000e+01 4.174999999999999892e-03
2.302000000000000046e+00 -5.134270999999999731e+03 3.150000000000000000e+01 4.465000000000000219e-03
0.000000000000000000e+00 -5.136573000000000320e+03 3.200000000000000000e+01 4.465000000000000219e-03
4.380000000000000004e-01 -5.136331000000000131e+03 3.250000000000000000e+01 4.465000000000000219e-03
0.000000000000000000e+00 -5.136768000000000029e+03 3.300000000000000000e+01 4.465000000000000219e-03
6.330000000000000071e-01 -5.135940999999999804e+03 3.350000000000000000e+01 4.465000000000000219e-03
0.000000000000000000e+00 -5.136573000000000320e+03 3.400000000000000000e+01 4.465000000000000219e-03
3.270000000000000129e-01 -5.136643000000000029e+03 3.450000000000000000e+01 4.465000000000000219e-03
0.000000000000000000e+00 -5.136970000000000255e+03 3.500000000000000000e+01 4.465000000000000219e-03
5.739999999999999547e-01 -5.137837999999999738e+03 3.550000000000000000e+01 4.465000000000000219e-03
0.000000000000000000e+00 -5.138411000000000058e+03 3.600000000000000000e+01 4.465000000000000219e-03
2.013999999999999790e+00 -5.134956000000000131e+03 3.650000000000000000e+01 4.985999999999999981e-03
0.000000000000000000e+00 -5.136970000000000255e+03 3.700000000000000000e+01 4.985999999999999981e-03
7.319999999999999840e-01 -5.137676999999999680e+03 3.750000000000000000e+01 4.985999999999999981e-03
0.000000000000000000e+00 -5.138408999999999651e+03 3.800000000000000000e+01 4.985999999999999981e-03
2.269000000000000128e+00 -5.134689000000000306e+03 3.850000000000000000e+01 5.117000000000000021e-03
0.000000000000000000e+00 -5.136957999999999629e+03 3.900000000000000000e+01 5.117000000000000021e-03
6.939999999999999503e-01 -5.137832999999999629e+03 3.950000000000000000e+01 5.117000000000000021e-03
0.000000000000000000e+00 -5.138527000000000044e+03 4.000000000000000000e+01 5.117000000000000021e-03
2.474000000000000199e+00 -5.133966999999999643e+03 4.050000000000000000e+01 5.199999999999999761e-03
0.000000000000000000e+00 -5.136442000000000007e+03 4.100000000000000000e+01 5.199999999999999761e-03
4.069999999999999729e-01 -5.138122999999999593e+03 4.150000000000000000e+01 5.199999999999999761e-03
0.000000000000000000e+00 -5.138529999999999745e+03 4.200000000000000000e+01 5.199999999999999761e-03
2.371999999999999886e+00 -5.133847999999999956e+03 4.250000000000000000e+01 5.913999999999999986e-03
0.000000000000000000e+00 -5.136220000000000255e+03 4.300000000000000000e+01 5.913999999999999986e-03
6.199999999999999956e-02 -5.138467999999999847e+03 4.350000000000000000e+01 5.913999999999999986e-03
0.000000000000000000e+00 -5.138529999999999745e+03 4.400000000000000000e+01 5.913999999999999986e-03
2.132000000000000117e+00 -5.135841999999999643e+03 4.450000000000000000e+01 6.279999999999999992e-03
0.000000000000000000e+00 -5.137974000000000160e+03 4.500000000000000000e+01 6.279999999999999992e-03
2.056999999999999940e+00 -5.135175000000000182e+03 4.550000000000000000e+01 6.433999999999999615e-03
0.000000000000000000e+00 -5.137231999999999971e+03 4.600000000000000000e+01 6.433999999999999615e-03
7.209999999999999742e-01 -5.138042999999999665e+03 4.650000000000000000e+01 6.433999999999999615e-03
0.000000000000000000e+00 -5.138764000000000124e+03 4.700000000000000000e+01 6.433999999999999615e-03
2.326999999999999957e+00 -5.134685999999999694e+03 4.750000000000000000e+01 8.108000000000000623e-03
0.000000000000000000e+00 -5.137012999999999920e+03 4.800000000000000000e+01 8.108000000000000623e-03
4.500000000000000111e-01 -5.138317000000000007e+03 4.850000000000000000e+01 8.108000000000000623e-03
0.000000000000000000e+00 -5.138766999999999825e+03 4.900000000000000000e+01 8.108000000000000623e-03
2.245000000000000107e+00 -5.134936999999999898e+03 4.950000000000000000e+01 9.183999999999999456e-03
0.000000000000000000e+00 -5.137181999999999789e+03 5.000000000000000000e+01 9.183999999999999456e-03
6.380000000000000115e-01 -5.138128999999999905e+03 5.050000000000000000e+01 9.183999999999999456e-03
0.000000000000000000e+00 -5.138766999999999825e+03 5.100000000000000000e+01 9.183999999999999456e-03
2.250000000000000000e+00 -5.134676999999999680e+03 5.150000000000000000e+01 1.361000000000000057e-02
0.000000000000000000e+00 -5.136926999999999680e+03 5.200000000000000000e+01 1.361000000000000057e-02
4.089999999999999747e-01 -5.138358000000000175e+03 5.250000000000000000e+01 1.361000000000000057e-02
0.000000000000000000e+00 -5.138766999999999825e+03 5.300000000000000000e+01 1.361000000000000057e-02
2.245000000000000107e+00 -5.134985999999999876e+03 5.350000000000000000e+01 1.499999999999999944e-02
0.000000000000000000e+00 -5.137230999999999767e+03 5.400000000000000000e+01 1.499999999999999944e-02
7.089999999999999636e-01 -5.138057999999999993e+03 5.450000000000000000e+01 1.499999999999999944e-02
0.000000000000000000e+00 -5.138766999999999825e+03 5.500000000000000000e+01 1.499999999999999944e-02
2.270000000000000018e+00 -5.134715000000000146e+03 5.550000000000000000e+01 1.740999999999999839e-02
0.000000000000000000e+00 -5.136984999999999673e+03 5.600000000000000000e+01 1.740999999999999839e-02
4.699999999999999734e-01 -5.138296999999999571e+03 5.650000000000000000e+01 1.740999999999999839e-02
0.000000000000000000e+00 -5.138765999999999622e+03 5.700000000000000000e+01 1.740999999999999839e-02
2.447000000000000064e+00 -5.134380000000000109e+03 5.750000000000000000e+01 1.833999999999999866e-02
0.000000000000000000e+00 -5.136827000000000226e+03 5.800000000000000000e+01 1.833999999999999866e-02
5.250000000000000222e-01 -5.138398000000000138e+03 5.850000000000000000e+01 1.833999999999999866e-02
0.000000000000000000e+00 -5.138922999999999774e+03 5.900000000000000000e+01 1.833999999999999866e-02
2.259999999999999787e+00 -5.134904999999999745e+03 5.950000000000000000e+01 1.864000000000000032e-02
0.000000000000000000e+00 -5.137164999999999964e+03 6.000000000000000000e+01 1.864000000000000032e-02
6.209999999999999964e-01 -5.137912999999999556e+03 6.050000000000000000e+01 1.864000000000000032e-02
0.000000000000000000e+00 -5.138533999999999651e+03 6.100000000000000000e+01 1.864000000000000032e-02
1.915999999999999925e+00 -5.135315999999999804e+03 6.150000000000000000e+01 1.864000000000000032e-02
0.000000000000000000e+00 -5.137231999999999971e+03 6.200000000000000000e+01 1.864000000000000032e-02
5.480000000000000426e-01 -5.138051999999999680e+03 6.250000000000000000e+01 1.864000000000000032e-02
0.000000000000000000e+00 -5.138599000000000160e+03 6.300000000000000000e+01 1.864000000000000032e-02
1.915000000000000036e+00 -5.135317000000000007e+03 6.350000000000000000e+01 1.878000000000000155e-02
0.000000000000000000e+00 -5.137231999999999971e+03 6.400000000000000000e+01 1.878000000000000155e-02
7.610000000000000098e-01 -5.135958999999999833e+03 6.450000000000000000e+01 1.878000000000000155e-02
0.000000000000000000e+00 -5.136720000000000255e+03 6.500000000000000000e+01 1.878000000000000155e-02
4.219999999999999862e-01 -5.138137999999999920e+03 6.550000000000000000e+01 1.878000000000000155e-02
0.000000000000000000e+00 -5.138560000000000400e+03 6.600000000000000000e+01 1.878000000000000155e-02
2.004999999999999893e+00 -5.135140000000000327e+03 6.650000000000000000e+01 1.898999999999999994e-02
0.000000000000000000e+00 -5.137145000000000437e+03 6.700000000000000000e+01 1.898999999999999994e-02
5.570000000000000506e-01 -5.138006000000000313e+03 6.750000000000000000e+01 1.898999999999999994e-02
0.000000000000000000e+00 -5.138561999999999898e+03 6.800000000000000000e+01 1.898999999999999994e-02
2.016999999999999904e+00 -5.135061999999999898e+03 6.850000000000000000e+01 1.898999999999999994e-02
0.000000000000000000e+00 -5.137079999999999927e+03 6.900000000000000000e+01 1.898999999999999994e-02
5.410000000000000364e-01 -5.138032000000000153e+03 6.950000000000000000e+01 1.898999999999999994e-02
0.000000000000000000e+00 -5.138573000000000320e+03 7.000000000000000000e+01 1.898999999999999994e-02
2.306000000000000050e+00 -5.134074999999999818e+03 7.050000000000000000e+01 1.919999999999999832e-02
0.000000000000000000e+00 -5.136381000000000313e+03 7.100000000000000000e+01 1.919999999999999832e-02
1.390000000000000124e-01 -5.138413999999999760e+03 7.150000000000000000e+01 1.919999999999999832e-02
0.000000000000000000e+00 -5.138552999999999884e+03 7.200000000000000000e+01 1.919999999999999832e-02
1.973999999999999977e+00 -5.135097999999999956e+03 7.250000000000000000e+01 2.002999999999999919e-02
0.000000000000000000e+00 -5.137072000000000116e+03 7.300000000000000000e+01 2.002999999999999919e-02
5.240000000000000213e-01 -5.138046999999999571e+03 7.350000000000000000e+01 2.002999999999999919e-02
0.000000000000000000e+00 -5.138572000000000116e+03 7.400000000000000000e+01 2.002999999999999919e-02
2.363999999999999879e+00 -5.133932999999999993e+03 7.450000000000000000e+01 2.086999999999999966e-02
0.000000000000000000e+00 -5.136296000000000276e+03 7.500000000000000000e+01 2.086999999999999966e-02
3.099999999999999978e-02 -5.138538999999999760e+03 7.550000000000000000e+01 2.086999999999999966e-02
0.000000000000000000e+00 -5.138569999999999709e+03 7.600000000000000000e+01 2.086999999999999966e-02
2.447000000000000064e+00 -5.134291000000000167e+03 7.650000000000000000e+01 2.091000000000000150e-02
0.000000000000000000e+00 -5.136738000000000284e+03 7.700000000000000000e+01 2.091000000000000150e-02
2.160000000000000142e+00 -5.132470000000000255e+03 7.750000000000000000e+01 2.154000000000000012e-02
0.000000000000000000e+00 -5.134630000000000109e+03 7.800000000000000000e+01 2.154000000000000012e-02
5.199999999999999761e-02 -5.136692000000000007e+03 7.850000000000000000e+01 2.154000000000000012e-02
0.000000000000000000e+00 -5.136743000000000393e+03 7.900000000000000000e+01 2.154000000000000012e-02
6.139999999999999902e-01 -5.137957999999999629e+03 7.950000000000000000e+01 2.154000000000000012e-02
0.000000000000000000e+00 -5.138572000000000116e+03 8.000000000000000000e+01 2.154000000000000012e-02
2.214999999999999858e+00 -5.134198999999999614e+03 8.050000000000000000e+01 2.154999999999999971e-02
0.000000000000000000e+00 -5.136413999999999760e+03 8.100000000000000000e+01 2.154999999999999971e-02
5.099999999999999672e-02 -5.138542999999999665e+03 8.150000000000000000e+01 2.154999999999999971e-02
0.000000000000000000e+00 -5.138594000000000051e+03 8.200000000000000000e+01 2.154999999999999971e-02
2.016000000000000014e+00 -5.135123999999999796e+03 8.250000000000000000e+01 2.312000000000000166e-02
0.000000000000000000e+00 -5.137140000000000327e+03 8.300000000000000000e+01 2.312000000000000166e-02
5.590000000000000524e-01 -5.138034999999999854e+03 8.350000000000000000e+01 2.312000000000000166e-02
0.000000000000000000e+00 -5.138592999999999847e+03 8.400000000000000000e+01 2.312000000000000166e-02
2.012000000000000011e+00 -5.135127999999999702e+03 8.450000000000000000e+01 2.386999999999999886e-02
0.000000000000000000e+00 -5.137140000000000327e+03 8.500000000000000000e+01 2.386999999999999886e-02
5.590000000000000524e-01 -5.138034999999999854e+03 8.550000000000000000e+01 2.386999999999999886e-02
0.000000000000000000e+00 -5.138592999999999847e+03 8.600000000000000000e+01 2.386999999999999886e-02
2.250000000000000000e+00 -5.134630000000000109e+03 8.650000000000000000e+01 2.435000000000000012e-02
0.000000000000000000e+00 -5.136881000000000313e+03 8.700000000000000000e+01 2.435000000000000012e-02
5.739999999999999547e-01 -5.138019000000000233e+03 8.750000000000000000e+01 2.435000000000000012e-02
0.000000000000000000e+00 -5.138594000000000051e+03 8.800000000000000000e+01 2.435000000000000012e-02
2.056999999999999940e+00 -5.135055000000000291e+03 8.850000000000000000e+01 2.455999999999999850e-02
0.000000000000000000e+00 -5.137112000000000080e+03 8.900000000000000000e+01 2.455999999999999850e-02
5.190000000000000169e-01 -5.138082000000000335e+03 8.950000000000000000e+01 2.455999999999999850e-02
0.000000000000000000e+00 -5.138600999999999658e+03 9.000000000000000000e+01 2.455999999999999850e-02
2.033999999999999808e+00 -5.135095000000000255e+03 9.050000000000000000e+01 2.504999999999999935e-02
0.000000000000000000e+00 -5.137127999999999702e+03 9.100000000000000000e+01 2.504999999999999935e-02
5.540000000000000480e-01 -5.138048999999999978e+03 9.150000000000000000e+01 2.504999999999999935e-02
0.000000000000000000e+00 -5.138601999999999862e+03 9.200000000000000000e+01 2.504999999999999935e-02
2.229000000000000092e+00 -5.134524000000000342e+03 9.250000000000000000e+01 2.604000000000000065e-02
0.000000000000000000e+00 -5.136752999999999702e+03 9.300000000000000000e+01 2.604000000000000065e-02
2.500000000000000000e-01 -5.138351999999999862e+03 9.350000000000000000e+01 2.604000000000000065e-02
0.000000000000000000e+00 -5.138601999999999862e+03 9.400000000000000000e+01 2.604000000000000065e-02
1.929999999999999938e+00 -5.135320999999999913e+03 9.450000000000000000e+01 2.616999999999999882e-02
0.000000000000000000e+00 -5.137251000000000204e+03 9.500000000000000000e+01 2.616999999999999882e-02
5.959999999999999742e-01 -5.137996000000000095e+03 9.550000000000000000e+01 2.616999999999999882e-02
0.000000000000000000e+00 -5.138591999999999643e+03 9.600000000000000000e+01 2.616999999999999882e-02
1.937000000000000055e+00 -5.135328000000000429e+03 9.650000000000000000e+01 2.640999999999999945e-02
0.000000000000000000e+00 -5.137264000000000124e+03 9.700000000000000000e+01 2.640999999999999945e-02
8.129999999999999449e-01 -5.135935000000000400e+03 9.750000000000000000e+01 2.640999999999999945e-02
0.000000000000000000e+00 -5.136747000000000298e+03 9.800000000000000000e+01 2.640999999999999945e-02
2.849999999999999756e-01 -5.136976999999999862e+03 9.850000000000000000e+01 2.640999999999999945e-02
0.000000000000000000e+00 -5.137261999999999716e+03 9.900000000000000000e+01 2.640999999999999945e-02
6.099999999999999867e-01 -5.137981999999999971e+03 9.950000000000000000e+01 2.640999999999999945e-02
0.000000000000000000e+00 -5.138591999999999643e+03 1.000000000000000000e+02 2.640999999999999945e-02
1.939999999999999947e+00 -5.135326000000000022e+03 1.005000000000000000e+02 2.661000000000000171e-02
0.000000000000000000e+00 -5.137265999999999622e+03 1.010000000000000000e+02 2.661000000000000171e-02
8.169999999999999485e-01 -5.135929000000000087e+03 1.015000000000000000e+02 2.661000000000000171e-02
0.000000000000000000e+00 -5.136746000000000095e+03 1.020000000000000000e+02 2.661000000000000171e-02
2.899999999999999800e-01 -5.136971999999999753e+03 1.025000000000000000e+02 2.661000000000000171e-02
0.000000000000000000e+00 -5.137262999999999920e+03 1.030000000000000000e+02 2.661000000000000171e-02
6.119999999999999885e-01 -5.137979000000000269e+03 1.035000000000000000e+02 2.661000000000000171e-02
0.000000000000000000e+00 -5.138591000000000349e+03 1.040000000000000000e+02 2.661000000000000171e-02
2.178999999999999826e+00 -5.136731999999999971e+03 1.045000000000000000e+02 2.699000000000000010e-02
0.000000000000000000e+00 -5.138911000000000058e+03 1.050000000000000000e+02 2.699000000000000010e-02
2.338000000000000078e+00 -5.134309000000000196e+03 1.055000000000000000e+02 3.116999999999999979e-02
0.000000000000000000e+00 -5.136648000000000138e+03 1.060000000000000000e+02 3.116999999999999979e-02
3.099999999999999978e-02 -5.138889000000000124e+03 1.065000000000000000e+02 3.116999999999999979e-02
0.000000000000000000e+00 -5.138920000000000073e+03 1.070000000000000000e+02 3.116999999999999979e-02
2.242999999999999883e+00 -5.134929000000000087e+03 1.075000000000000000e+02 3.316999999999999810e-02
0.000000000000000000e+00 -5.137171000000000276e+03 1.080000000000000000e+02 3.316999999999999810e-02
6.510000000000000231e-01 -5.138271999999999935e+03 1.085000000000000000e+02 3.316999999999999810e-02
0.000000000000000000e+00 -5.138922999999999774e+03 1.090000000000000000e+02 3.316999999999999810e-02
2.248000000000000220e+00 -5.134921999999999571e+03 1.095000000000000000e+02 3.345000000000000057e-02
0.000000000000000000e+00 -5.137170000000000073e+03 1.100000000000000000e+02 3.345000000000000057e-02
4.949999999999999956e-01 -5.138427999999999884e+03 1.105000000000000000e+02 3.345000000000000057e-02
0.000000000000000000e+00 -5.138922999999999774e+03 1.110000000000000000e+02 3.345000000000000057e-02
2.282999999999999918e+00 -5.135145999999999731e+03 1.115000000000000000e+02 4.019999999999999962e-02
0.000000000000000000e+00 -5.137429000000000087e+03 1.120000000000000000e+02 4.019999999999999962e-02
7.890000000000000346e-01 -5.138135000000000218e+03 1.125000000000000000e+02 4.019999999999999962e-02
0.000000000000000000e+00 -5.138923999999999978e+03 1.130000000000000000e+02 4.019999999999999962e-02
2.250999999999999890e+00 -5.135083999999999833e+03 1.135000000000000000e+02 4.320000000000000229e-02
0.000000000000000000e+00 -5.137333999999999833e+03 1.140000000000000000e+02 4.320000000000000229e-02
6.610000000000000320e-01 -5.138262999999999920e+03 1.145000000000000000e+02 4.320000000000000229e-02
0.000000000000000000e+00 -5.138923999999999978e+03 1.150000000000000000e+02 4.320000000000000229e-02
2.363999999999999879e+00 -5.134282000000000153e+03 1.155000000000000000e+02 4.336000000000000271e-02
0.000000000000000000e+00 -5.136645999999999731e+03 1.160000000000000000e+02 4.336000000000000271e-02
2.999999999999999889e-02 -5.138891999999999825e+03 1.165000000000000000e+02 4.336000000000000271e-02
0.000000000000000000e+00 -5.138921999999999571e+03 1.170000000000000000e+02 4.336000000000000271e-02
2.305000000000000160e+00 -5.134659999999999854e+03 1.175000000000000000e+02 4.726000000000000340e-02
0.000000000000000000e+00 -5.136965000000000146e+03 1.180000000000000000e+02 4.726000000000000340e-02
5.190000000000000169e-01 -5.138310000000000400e+03 1.185000000000000000e+02 4.726000000000000340e-02
0.000000000000000000e+00 -5.138828999999999724e+03 1.190000000000000000e+02 4.726000000000000340e-02
2.154999999999999805e+00 -5.135018000000000029e+03 1.195000000000000000e+02 5.120000000000000245e-02
0.000000000000000000e+00 -5.137172999999999774e+03 1.200000000000000000e+02 5.120000000000000245e-02
6.560000000000000275e-01 -5.137795000000000073e+03 1.205000000000000000e+02 5.120000000000000245e-02
0.000000000000000000e+00 -5.138451000000000022e+03 1.210000000000000000e+02 5.120000000000000245e-02
1.977000000000000091e+00 -5.135078000000000429e+03 1.215000000000000000e+02 5.122000000000000164e-02
0.000000000000000000e+00 -5.137055000000000291e+03 1.220000000000000000e+02 5.122000000000000164e-02
6.179999999999999938e-01 -5.137832999999999629e+03 1.225000000000000000e+02 5.122000000000000164e-02
0.000000000000000000e+00 -5.138451000000000022e+03 1.230000000000000000e+02 5.122000000000000164e-02
2.279999999999999805e+00 -5.134384000000000015e+03 1.235000000000000000e+02 5.127999999999999919e-02
0.000000000000000000e+00 -5.136663999999999760e+03 1.240000000000000000e+02 5.127999999999999919e-02
3.089999999999999969e-01 -5.136792999999999665e+03 1.245000000000000000e+02 5.127999999999999919e-02
0.000000000000000000e+00 -5.137100999999999658e+03 1.250000000000000000e+02 5.127999999999999919e-02
7.399999999999999911e-01 -5.135925000000000182e+03 1.255000000000000000e+02 5.127999999999999919e-02
0.000000000000000000e+00 -5.136663999999999760e+03 1.260000000000000000e+02 5.127999999999999919e-02
3.029999999999999916e-01 -5.136798999999999978e+03 1.265000000000000000e+02 5.127999999999999919e-02
0.000000000000000000e+00 -5.137100999999999658e+03 1.270000000000000000e+02 5.127999999999999919e-02
5.620000000000000551e-01 -5.137917999999999665e+03 1.275000000000000000e+02 5.127999999999999919e-02
0.000000000000000000e+00 -5.138479999999999563e+03 1.280000000000000000e+02 5.127999999999999919e-02
1.939999999999999947e+00 -5.135161000000000058e+03 1.285000000000000000e+02 5.129999999999999838e-02
0.000000000000000000e+00 -5.137100999999999658e+03 1.290000000000000000e+02 5.129999999999999838e-02
5.719999999999999529e-01 -5.137909999999999854e+03 1.295000000000000000e+02 5.129999999999999838e-02
0.000000000000000000e+00 -5.138481999999999971e+03 1.300000000000000000e+02 5.129999999999999838e-02
1.828000000000000069e+00 -5.135494999999999891e+03 1.305000000000000000e+02 5.136000000000000287e-02
0.000000000000000000e+00 -5.137323000000000320e+03 1.310000000000000000e+02 5.136000000000000287e-02
6.919999999999999485e-01 -5.137784999999999854e+03 1.315000000000000000e+02 5.136000000000000287e-02
0.000000000000000000e+00 -5.138476999999999862e+03 1.320000000000000000e+02 5.136000000000000287e-02
1.846000000000000085e+00 -5.135476999999999862e+03 1.325000000000000000e+02 5.154000000000000248e-02
0.000000000000000000e+00 -5.137323000000000320e+03 1.330000000000000000e+02 5.154000000000000248e-02
8.990000000000000213e-01 -5.135756000000000313e+03 1.335000000000000000e+02 5.154000000000000248e-02
0.000000000000000000e+00 -5.136654999999999745e+03 1.340000000000000000e+02 5.154000000000000248e-02
2.320000000000000118e-01 -5.137091000000000349e+03 1.345000000000000000e+02 5.154000000000000248e-02
0.000000000000000000e+00 -5.137323000000000320e+03 1.350000000000000000e+02 5.154000000000000248e-02
6.800000000000000488e-01 -5.137881999999999607e+03 1.355000000000000000e+02 5.154000000000000248e-02
0.000000000000000000e+00 -5.138561999999999898e+03 1.360000000000000000e+02 5.154000000000000248e-02
1.983999999999999986e+00 -5.135118000000000393e+03 1.365000000000000000e+02 5.186999999999999944e-02
0.000000000000000000e+00 -5.137101999999999862e+03 1.370000000000000000e+02 5.186999999999999944e-02
5.230000000000000204e-01 -5.138038999999999760e+03 1.375000000000000000e+02 5.186999999999999944e-02
0.000000000000000000e+00 -5.138561999999999898e+03 1.380000000000000000e+02 5.186999999999999944e-02
1.983999999999999986e+00 -5.135117000000000189e+03 1.385000000000000000e+02 5.192999999999999700e-02
0.000000000000000000e+00 -5.137101999999999862e+03 1.390000000000000000e+02 5.192999999999999700e-02
5.500000000000000444e-01 -5.137984999999999673e+03 1.395000000000000000e+02 5.192999999999999700e-02
0.000000000000000000e+00 -5.138534999999999854e+03 1.400000000000000000e+02 5.192999999999999700e-02
1.983000000000000096e+00 -5.135118000000000393e+03 1.405000000000000000e+02 5.210999999999999660e-02
0.000000000000000000e+00 -5.137101999999999862e+03 1.410000000000000000e+02 5.210999999999999660e-02
5.560000000000000497e-01 -5.138006000000000313e+03 1.415000000000000000e+02 5.210999999999999660e-02
0.000000000000000000e+00 -5.138561999999999898e+03 1.420000000000000000e+02 5.210999999999999660e-02
2.153000000000000025e+00 -5.134319999999999709e+03 1.425000000000000000e+02 5.245999999999999969e-02
0.000000000000000000e+00 -5.136472999999999956e+03 1.430000000000000000e+02 5.245999999999999969e-02
7.399999999999999634e-02 -5.138801999999999680e+03 1.435000000000000000e+02 5.245999999999999969e-02
0.000000000000000000e+00 -5.138876000000000204e+03 1.440000000000000000e+02 5.245999999999999969e-02
2.250000000000000000e+00 -5.135148000000000138e+03 1.445000000000000000e+02 5.623000000000000220e-02
0.000000000000000000e+00 -5.137396999999999935e+03 1.450000000000000000e+02 5.623000000000000220e-02
7.700000000000000178e-01 -5.138106999999999971e+03 1.455000000000000000e+02 5.623000000000000220e-02
0.000000000000000000e+00 -5.138877000000000407e+03 1.460000000000000000e+02 5.623000000000000220e-02
2.051000000000000156e+00 -5.135326000000000022e+03 1.465000000000000000e+02 5.657000000000000223e-02
0.000000000000000000e+00 -5.137377000000000407e+03 1.470000000000000000e+02 5.657000000000000223e-02
5.230000000000000204e-01 -5.138354999999999563e+03 1.475000000000000000e+02 5.657000000000000223e-02
0.000000000000000000e+00 -5.138877999999999702e+03 1.480000000000000000e+02 5.657000000000000223e-02
2.281000000000000139e+00 -5.134899000000000342e+03 1.485000000000000000e+02 5.718999999999999778e-02
0.000000000000000000e+00 -5.137180000000000291e+03 1.490000000000000000e+02 5.718999999999999778e-02
5.829999999999999627e-01 -5.138295000000000073e+03 1.495000000000000000e+02 5.718999999999999778e-02
0.000000000000000000e+00 -5.138877999999999702e+03 1.500000000000000000e+02 5.718999999999999778e-02
2.480999999999999872e+00 -5.134274999999999636e+03 1.505000000000000000e+02 5.979999999999999899e-02
0.000000000000000000e+00 -5.136756000000000313e+03 1.510000000000000000e+02 5.979999999999999899e-02
4.209999999999999853e-01 -5.136318000000000211e+03 1.515000000000000000e+02 5.979999999999999899e-02
0.000000000000000000e+00 -5.136738999999999578e+03 1.520000000000000000e+02 5.979999999999999899e-02
3.960000000000000187e-01 -5.138489999999999782e+03 1.525000000000000000e+02 5.979999999999999899e-02
0.000000000000000000e+00 -5.138886000000000422e+03 1.530000000000000000e+02 5.979999999999999899e-02
2.051000000000000156e+00 -5.135333999999999833e+03 1.535000000000000000e+02 6.171999999999999709e-02
0.000000000000000000e+00 -5.137385000000000218e+03 1.540000000000000000e+02 6.171999999999999709e-02
5.230000000000000204e-01 -5.138363000000000284e+03 1.545000000000000000e+02 6.171999999999999709e-02
0.000000000000000000e+00 -5.138886000000000422e+03 1.550000000000000000e+02 6.171999999999999709e-02
2.024000000000000021e+00 -5.135360999999999876e+03 1.555000000000000000e+02 6.241000000000000020e-02
0.000000000000000000e+00 -5.137385000000000218e+03 1.560000000000000000e+02 6.241000000000000020e-02
5.230000000000000204e-01 -5.138363000000000284e+03 1.565000000000000000e+02 6.241000000000000020e-02
0.000000000000000000e+00 -5.138886000000000422e+03 1.570000000000000000e+02 6.241000000000000020e-02
2.024000000000000021e+00 -5.135360999999999876e+03 1.575000000000000000e+02 6.567000000000000615e-02
0.000000000000000000e+00 -5.137385000000000218e+03 1.580000000000000000e+02 6.567000000000000615e-02
5.500000000000000444e-01 -5.138336000000000240e+03 1.585000000000000000e+02 6.567000000000000615e-02
0.000000000000000000e+00 -5.138886000000000422e+03 1.590000000000000000e+02 6.567000000000000615e-02
2.051000000000000156e+00 -5.135333999999999833e+03 1.595000000000000000e+02 6.601999999999999535e-02
0.000000000000000000e+00 -5.137385000000000218e+03 1.600000000000000000e+02 6.601999999999999535e-02
5.500000000000000444e-01 -5.138336000000000240e+03 1.605000000000000000e+02 6.601999999999999535e-02
0.000000000000000000e+00 -5.138886000000000422e+03 1.610000000000000000e+02 6.601999999999999535e-02
2.216000000000000192e+00 -5.134505000000000109e+03 1.615000000000000000e+02 6.682000000000000439e-02
0.000000000000000000e+00 -5.136720000000000255e+03 1.620000000000000000e+02 6.682000000000000439e-02
4.800000000000000100e-02 -5.138832999999999629e+03 1.625000000000000000e+02 6.682000000000000439e-02
0.000000000000000000e+00 -5.138881000000000313e+03 1.630000000000000000e+02 6.682000000000000439e-02
2.016000000000000014e+00 -5.135395999999999731e+03 1.635000000000000000e+02 6.711999999999999911e-02
0.000000000000000000e+00 -5.137412000000000262e+03 1.640000000000000000e+02 6.711999999999999911e-02
7.009999999999999565e-01 -5.138179000000000087e+03 1.645000000000000000e+02 6.711999999999999911e-02
0.000000000000000000e+00 -5.138880000000000109e+03 1.650000000000000000e+02 6.711999999999999911e-02
2.290999999999999925e+00 -5.134957000000000335e+03 1.655000000000000000e+02 6.718999999999999972e-02
0.000000000000000000e+00 -5.137247999999999593e+03 1.660000000000000000e+02 6.718999999999999972e-02
4.729999999999999760e-01 -5.138411000000000058e+03 1.665000000000000000e+02 6.718999999999999972e-02
0.000000000000000000e+00 -5.138884000000000015e+03 1.670000000000000000e+02 6.718999999999999972e-02
1.709000000000000075e+00 -5.137193000000000211e+03 1.675000000000000000e+02 6.725000000000000422e-02
0.000000000000000000e+00 -5.138903000000000247e+03 1.680000000000000000e+02 6.725000000000000422e-02
1.727999999999999980e+00 -5.137155999999999949e+03 1.685000000000000000e+02 6.726000000000000034e-02
0.000000000000000000e+00 -5.138884000000000015e+03 1.690000000000000000e+02 6.726000000000000034e-02
2.278000000000000025e+00 -5.134904999999999745e+03 1.695000000000000000e+02 6.865999999999999881e-02
0.000000000000000000e+00 -5.137182999999999993e+03 1.700000000000000000e+02 6.865999999999999881e-02
5.769999999999999574e-01 -5.138306999999999789e+03 1.705000000000000000e+02 6.865999999999999881e-02
0.000000000000000000e+00 -5.138884000000000015e+03 1.710000000000000000e+02 6.865999999999999881e-02
1.703999999999999959e+00 -5.137198999999999614e+03 1.715000000000000000e+02 6.870999999999999330e-02
0.000000000000000000e+00 -5.138903000000000247e+03 1.720000000000000000e+02 6.870999999999999330e-02
1.822999999999999954e+00 -5.137060999999999694e+03 1.725000000000000000e+02 6.872000000000000330e-02
0.000000000000000000e+00 -5.138884000000000015e+03 1.730000000000000000e+02 6.872000000000000330e-02
1.693999999999999950e+00 -5.137208999999999833e+03 1.735000000000000000e+02 6.877999999999999392e-02
0.000000000000000000e+00 -5.138903000000000247e+03 1.740000000000000000e+02 6.877999999999999392e-02
1.743999999999999995e+00 -5.137171999999999571e+03 1.745000000000000000e+02 6.879000000000000392e-02
0.000000000000000000e+00 -5.138916000000000167e+03 1.750000000000000000e+02 6.879000000000000392e-02
2.314000000000000057e+00 -5.134645999999999731e+03 1.755000000000000000e+02 6.882000000000000617e-02
0.000000000000000000e+00 -5.136961000000000240e+03 1.760000000000000000e+02 6.882000000000000617e-02
3.579999999999999849e-01 -5.138554000000000087e+03 1.765000000000000000e+02 6.882000000000000617e-02
0.000000000000000000e+00 -5.138912000000000262e+03 1.770000000000000000e+02 6.882000000000000617e-02
1.985000000000000098e+00 -5.136917999999999665e+03 1.775000000000000000e+02 6.922000000000000375e-02
0.000000000000000000e+00 -5.138903000000000247e+03 1.780000000000000000e+02 6.922000000000000375e-02
1.739999999999999991e+00 -5.137176000000000386e+03 1.785000000000000000e+02 6.922999999999999987e-02
0.000000000000000000e+00 -5.138916000000000167e+03 1.790000000000000000e+02 6.922999999999999987e-02
1.752999999999999892e+00 -5.137149999999999636e+03 1.795000000000000000e+02 6.925000000000000600e-02
0.000000000000000000e+00 -5.138903000000000247e+03 1.800000000000000000e+02 6.925000000000000600e-02
2.209000000000000075e+00 -5.134543999999999869e+03 1.805000000000000000e+02 6.952999999999999459e-02
0.000000000000000000e+00 -5.136752999999999702e+03 1.810000000000000000e+02 6.952999999999999459e-02
1.660000000000000087e-01 -5.138738999999999578e+03 1.815000000000000000e+02 6.952999999999999459e-02
0.000000000000000000e+00 -5.138905999999999949e+03 1.820000000000000000e+02 6.952999999999999459e-02
2.012999999999999901e+00 -5.135435999999999694e+03 1.825000000000000000e+02 6.955999999999999683e-02
0.000000000000000000e+00 -5.137448999999999614e+03 1.830000000000000000e+02 6.955999999999999683e-02
5.570000000000000506e-01 -5.138349000000000160e+03 1.835000000000000000e+02 6.955999999999999683e-02
0.000000000000000000e+00 -5.138905999999999949e+03 1.840000000000000000e+02 6.955999999999999683e-02
1.745000000000000107e+00 -5.137152000000000044e+03 1.845000000000000000e+02 6.955999999999999683e-02
0.000000000000000000e+00 -5.138896999999999935e+03 1.850000000000000000e+02 6.955999999999999683e-02
1.953000000000000069e+00 -5.136372000000000298e+03 1.855000000000000000e+02 6.957000000000000683e-02
0.000000000000000000e+00 -5.138324999999999818e+03 1.860000000000000000e+02 6.957000000000000683e-02
1.330999999999999961e+00 -5.137568000000000211e+03 1.865000000000000000e+02 6.957000000000000683e-02
0.000000000000000000e+00 -5.138898000000000138e+03 1.870000000000000000e+02 6.957000000000000683e-02
1.923000000000000043e+00 -5.136981999999999971e+03 1.875000000000000000e+02 6.969000000000000195e-02
0.000000000000000000e+00 -5.138904999999999745e+03 1.880000000000000000e+02 6.969000000000000195e-02
1.747999999999999998e+00 -5.137149999999999636e+03 1.885000000000000000e+02 6.969000000000000195e-02
0.000000000000000000e+00 -5.138898000000000138e+03 1.890000000000000000e+02 6.969000000000000195e-02
1.739999999999999991e+00 -5.137166000000000167e+03 1.895000000000000000e+02 6.969999999999999807e-02
0.000000000000000000e+00 -5.138904999999999745e+03 1.900000000000000000e+02 6.969999999999999807e-02
1.834999999999999964e+00 -5.137034999999999854e+03 1.905000000000000000e+02 6.976999999999999869e-02
0.000000000000000000e+00 -5.138868999999999687e+03 1.910000000000000000e+02 6.976999999999999869e-02
1.689999999999999947e+00 -5.137215000000000146e+03 1.915000000000000000e+02 6.979000000000000481e-02
0.000000000000000000e+00 -5.138904999999999745e+03 1.920000000000000000e+02 6.979000000000000481e-02
1.747999999999999998e+00 -5.137149000000000342e+03 1.925000000000000000e+02 6.983000000000000318e-02
0.000000000000000000e+00 -5.138898000000000138e+03 1.930000000000000000e+02 6.983000000000000318e-02
2.013999999999999790e+00 -5.135525999999999840e+03 1.935000000000000000e+02 6.986000000000000543e-02
0.000000000000000000e+00 -5.137539999999999964e+03 1.940000000000000000e+02 6.986000000000000543e-02
5.460000000000000409e-01 -5.138386000000000422e+03 1.945000000000000000e+02 6.986000000000000543e-02
0.000000000000000000e+00 -5.138931999999999789e+03 1.950000000000000000e+02 6.986000000000000543e-02
1.919999999999999929e+00 -5.135893000000000029e+03 1.955000000000000000e+02 7.008999999999999952e-02
0.000000000000000000e+00 -5.137813000000000102e+03 1.960000000000000000e+02 7.008999999999999952e-02
9.350000000000000533e-01 -5.136533999999999651e+03 1.965000000000000000e+02 7.008999999999999952e-02
0.000000000000000000e+00 -5.137469000000000051e+03 1.970000000000000000e+02 7.008999999999999952e-02
3.000000000000000062e-03 -5.138957000000000335e+03 1.975000000000000000e+02 7.008999999999999952e-02
0.000000000000000000e+00 -5.138961000000000240e+03 1.980000000000000000e+02 7.008999999999999952e-02
1.495000000000000107e+00 -5.135975000000000364e+03 1.985000000000000000e+02 7.009999999999999565e-02
0.000000000000000000e+00 -5.137469000000000051e+03 1.990000000000000000e+02 7.009999999999999565e-02
1.590000000000000024e-01 -5.138015000000000327e+03 1.995000000000000000e+02 7.009999999999999565e-02
0.000000000000000000e+00 -5.138175000000000182e+03 2.000000000000000000e+02 7.009999999999999565e-02
2.091000000000000192e+00 -5.134487000000000080e+03 2.005000000000000000e+02 7.012000000000000177e-02
0.000000000000000000e+00 -5.136578000000000429e+03 2.010000000000000000e+02 7.012000000000000177e-02
7.129999999999999671e-01 -5.136940999999999804e+03 2.015000000000000000e+02 7.012000000000000177e-02
0.000000000000000000e+00 -5.137654000000000451e+03 2.020000000000000000e+02 7.012000000000000177e-02
1.066999999999999948e+00 -5.137894000000000233e+03 2.025000000000000000e+02 7.012000000000000177e-02
0.000000000000000000e+00 -5.138961000000000240e+03 2.030000000000000000e+02 7.012000000000000177e-02
2.202999999999999847e+00 -5.135291000000000167e+03 2.035000000000000000e+02 7.015000000000000402e-02
0.000000000000000000e+00 -5.137493999999999687e+03 2.040000000000000000e+02 7.015000000000000402e-02
7.419999999999999929e-01 -5.137993999999999687e+03 2.045000000000000000e+02 7.015000000000000402e-02
0.000000000000000000e+00 -5.138735999999999876e+03 2.050000000000000000e+02 7.015000000000000402e-02
2.012000000000000011e+00 -5.135284999999999854e+03 2.055000000000000000e+02 7.080999999999999794e-02
0.000000000000000000e+00 -5.137296999999999571e+03 2.060000000000000000e+02 7.080999999999999794e-02
5.669999999999999485e-01 -5.138176999999999680e+03 2.065000000000000000e+02 7.080999999999999794e-02
0.000000000000000000e+00 -5.138743999999999687e+03 2.070000000000000000e+02 7.080999999999999794e-02
2.255999999999999783e+00 -5.135020999999999731e+03 2.075000000000000000e+02 7.109999999999999654e-02
0.000000000000000000e+00 -5.137277000000000044e+03 2.080000000000000000e+02 7.109999999999999654e-02
1.058000000000000052e+00 -5.137502999999999702e+03 2.085000000000000000e+02 7.109999999999999654e-02
0.000000000000000000e+00 -5.138560999999999694e+03 2.090000000000000000e+02 7.109999999999999654e-02
1.651999999999999913e+00 -5.135900999999999840e+03 2.095000000000000000e+02 7.111000000000000654e-02
0.000000000000000000e+00 -5.137552999999999884e+03 2.100000000000000000e+02 7.111000000000000654e-02
7.640000000000000124e-01 -5.137904999999999745e+03 2.105000000000000000e+02 7.111000000000000654e-02
0.000000000000000000e+00 -5.138668999999999869e+03 2.110000000000000000e+02 7.111000000000000654e-02
1.899000000000000021e+00 -5.135661000000000058e+03 2.115000000000000000e+02 7.116000000000000103e-02
0.000000000000000000e+00 -5.137560000000000400e+03 2.120000000000000000e+02 7.116000000000000103e-02
6.520000000000000240e-01 -5.137908999999999651e+03 2.125000000000000000e+02 7.116000000000000103e-02
0.000000000000000000e+00 -5.138560999999999694e+03 2.130000000000000000e+02 7.116000000000000103e-02
1.653000000000000025e+00 -5.135907000000000153e+03 2.135000000000000000e+02 7.116000000000000103e-02
0.000000000000000000e+00 -5.137559000000000196e+03 2.140000000000000000e+02 7.116000000000000103e-02
7.830000000000000293e-01 -5.137886000000000422e+03 2.145000000000000000e+02 7.116000000000000103e-02
0.000000000000000000e+00 -5.138668999999999869e+03 2.150000000000000000e+02 7.116000000000000103e-02
2.218999999999999861e+00 -5.134867000000000189e+03 2.155000000000000000e+02 7.119999999999999940e-02
0.000000000000000000e+00 -5.137086000000000240e+03 2.160000000000000000e+02 7.119999999999999940e-02
6.360000000000000098e-01 -5.138052999999999884e+03 2.165000000000000000e+02 7.119999999999999940e-02
0.000000000000000000e+00 -5.138689000000000306e+03 2.170000000000000000e+02 7.119999999999999940e-02
1.915999999999999925e+00 -5.135605999999999767e+03 2.175000000000000000e+02 7.134000000000000064e-02
0.000000000000000000e+00 -5.137520999999999731e+03 2.180000000000000000e+02 7.134000000000000064e-02
6.450000000000000178e-01 -5.137893000000000029e+03 2.185000000000000000e+02 7.134000000000000064e-02
0.000000000000000000e+00 -5.138537999999999556e+03 2.190000000000000000e+02 7.134000000000000064e-02
2.495000000000000107e+00 -5.133908999999999651e+03 2.195000000000000000e+02 7.134000000000000064e-02
0.000000000000000000e+00 -5.136404999999999745e+03 2.200000000000000000e+02 7.134000000000000064e-02
3.649999999999999911e-01 -5.138171000000000276e+03 2.205000000000000000e+02 7.134000000000000064e-02
0.000000000000000000e+00 -5.138536000000000058e+03 2.210000000000000000e+02 7.134000000000000064e-02
1.661000000000000032e+00 -5.135845000000000255e+03 2.215000000000000000e+02 7.137999999999999901e-02
0.000000000000000000e+00 -5.137506000000000313e+03 2.220000000000000000e+02 7.137999999999999901e-02
6.310000000000000053e-01 -5.137904999999999745e+03 2.225000000000000000e+02 7.137999999999999901e-02
0.000000000000000000e+00 -5.138536000000000058e+03 2.230000000000000000e+02 7.137999999999999901e-02
1.661000000000000032e+00 -5.135845000000000255e+03 2.235000000000000000e+02 7.142999999999999350e-02
0.000000000000000000e+00 -5.137506000000000313e+03 2.240000000000000000e+02 7.142999999999999350e-02
6.310000000000000053e-01 -5.137904999999999745e+03 2.245000000000000000e+02 7.142999999999999350e-02
0.000000000000000000e+00 -5.138536000000000058e+03 2.250000000000000000e+02 7.142999999999999350e-02
1.661000000000000032e+00 -5.135845000000000255e+03 2.255000000000000000e+02 7.144000000000000350e-02
0.000000000000000000e+00 -5.137506000000000313e+03 2.260000000000000000e+02 7.144000000000000350e-02
6.310000000000000053e-01 -5.137904999999999745e+03 2.265000000000000000e+02 7.144000000000000350e-02
0.000000000000000000e+00 -5.138536000000000058e+03 2.270000000000000000e+02 7.144000000000000350e-02
1.661000000000000032e+00 -5.135845000000000255e+03 2.275000000000000000e+02 7.144000000000000350e-02
0.000000000000000000e+00 -5.137506000000000313e+03 2.280000000000000000e+02 7.144000000000000350e-02
6.310000000000000053e-01 -5.137904999999999745e+03 2.285000000000000000e+02 7.144000000000000350e-02
0.000000000000000000e+00 -5.138536000000000058e+03 2.290000000000000000e+02 7.144000000000000350e-02
1.661000000000000032e+00 -5.135845000000000255e+03 2.295000000000000000e+02 7.144999999999999962e-02
0.000000000000000000e+00 -5.137506000000000313e+03 2.300000000000000000e+02 7.144999999999999962e-02
7.399999999999999911e-01 -5.137944000000000415e+03 2.305000000000000000e+02 7.144999999999999962e-02
0.000000000000000000e+00 -5.138684000000000196e+03 2.310000000000000000e+02 7.144999999999999962e-02
1.911999999999999922e+00 -5.135597999999999956e+03 2.315000000000000000e+02 7.180999999999999883e-02
0.000000000000000000e+00 -5.137510000000000218e+03 2.320000000000000000e+02 7.180999999999999883e-02
6.430000000000000160e-01 -5.137887999999999920e+03 2.325000000000000000e+02 7.180999999999999883e-02
0.000000000000000000e+00 -5.138529999999999745e+03 2.330000000000000000e+02 7.180999999999999883e-02
1.663000000000000034e+00 -5.135846999999999753e+03 2.335000000000000000e+02 7.181999999999999496e-02
0.000000000000000000e+00 -5.137510000000000218e+03 2.340000000000000000e+02 7.181999999999999496e-02
7.670000000000000151e-01 -5.137918999999999869e+03 2.345000000000000000e+02 7.181999999999999496e-02
0.000000000000000000e+00 -5.138685999999999694e+03 2.350000000000000000e+02 7.181999999999999496e-02
2.166999999999999815e+00 -5.135514000000000124e+03 2.355000000000000000e+02 7.198999999999999844e-02
0.000000000000000000e+00 -5.137680999999999585e+03 2.360000000000000000e+02 7.198999999999999844e-02
1.195999999999999952e+00 -5.137430000000000291e+03 2.365000000000000000e+02 7.198999999999999844e-02
0.000000000000000000e+00 -5.138625000000000000e+03 2.370000000000000000e+02 7.198999999999999844e-02
1.881999999999999895e+00 -5.136237000000000080e+03 2.375000000000000000e+02 7.234999999999999765e-02
0.000000000000000000e+00 -5.138119999999999891e+03 2.380000000000000000e+02 7.234999999999999765e-02
1.794999999999999929e+00 -5.136829999999999927e+03 2.385000000000000000e+02 7.237000000000000377e-02
0.000000000000000000e+00 -5.138625000000000000e+03 2.390000000000000000e+02 7.237000000000000377e-02
1.941000000000000059e+00 -5.136265000000000327e+03 2.395000000000000000e+02 7.238999999999999602e-02
0.000000000000000000e+00 -5.138206000000000131e+03 2.400000000000000000e+02 7.238999999999999602e-02
1.451000000000000068e+00 -5.137149000000000342e+03 2.405000000000000000e+02 7.238999999999999602e-02
0.000000000000000000e+00 -5.138600000000000364e+03 2.410000000000000000e+02 7.238999999999999602e-02
1.752999999999999892e+00 -5.136978000000000065e+03 2.415000000000000000e+02 7.249999999999999500e-02
0.000000000000000000e+00 -5.138731999999999971e+03 2.420000000000000000e+02 7.249999999999999500e-02
1.919000000000000039e+00 -5.136680999999999585e+03 2.425000000000000000e+02 7.266999999999999849e-02
0.000000000000000000e+00 -5.138600000000000364e+03 2.430000000000000000e+02 7.266999999999999849e-02
1.754000000000000004e+00 -5.136978000000000065e+03 2.435000000000000000e+02 7.270000000000000073e-02
0.000000000000000000e+00 -5.138731999999999971e+03 2.440000000000000000e+02 7.270000000000000073e-02
1.885000000000000009e+00 -5.136715000000000146e+03 2.445000000000000000e+02 7.272000000000000686e-02
0.000000000000000000e+00 -5.138600000000000364e+03 2.450000000000000000e+02 7.272000000000000686e-02
1.850000000000000089e+00 -5.136358000000000175e+03 2.455000000000000000e+02 7.273999999999999910e-02
0.000000000000000000e+00 -5.138207999999999629e+03 2.460000000000000000e+02 7.273999999999999910e-02
1.500000000000000000e+00 -5.137125000000000000e+03 2.465000000000000000e+02 7.273999999999999910e-02
0.000000000000000000e+00 -5.138625000000000000e+03 2.470000000000000000e+02 7.273999999999999910e-02
1.889000000000000012e+00 -5.136230999999999767e+03 2.475000000000000000e+02 7.277000000000000135e-02
0.000000000000000000e+00 -5.138119999999999891e+03 2.480000000000000000e+02 7.277000000000000135e-02
1.673999999999999932e+00 -5.136997999999999593e+03 2.485000000000000000e+02 7.278999999999999360e-02
0.000000000000000000e+00 -5.138671000000000276e+03 2.490000000000000000e+02 7.278999999999999360e-02
1.993000000000000105e+00 -5.136020000000000437e+03 2.495000000000000000e+02 7.305000000000000382e-02
0.000000000000000000e+00 -5.138012999999999920e+03 2.500000000000000000e+02 7.305000000000000382e-02
1.610000000000000098e+00 -5.137082999999999629e+03 2.505000000000000000e+02 7.305000000000000382e-02
0.000000000000000000e+00 -5.138693000000000211e+03 2.510000000000000000e+02 7.305000000000000382e-02
2.177999999999999936e+00 -5.135115999999999985e+03 2.515000000000000000e+02 7.363999999999999713e-02
0.000000000000000000e+00 -5.137293999999999869e+03 2.520000000000000000e+02 7.363999999999999713e-02
7.079999999999999627e-01 -5.138110999999999876e+03 2.525000000000000000e+02 7.363999999999999713e-02
0.000000000000000000e+00 -5.138819000000000415e+03 2.530000000000000000e+02 7.363999999999999713e-02
1.707000000000000073e+00 -5.136653000000000247e+03 2.535000000000000000e+02 7.364999999999999325e-02
0.000000000000000000e+00 -5.138359999999999673e+03 2.540000000000000000e+02 7.364999999999999325e-02
1.356999999999999984e+00 -5.137572000000000116e+03 2.545000000000000000e+02 7.364999999999999325e-02
0.000000000000000000e+00 -5.138929000000000087e+03 2.550000000000000000e+02 7.364999999999999325e-02
1.858000000000000096e+00 -5.136345999999999549e+03 2.555000000000000000e+02 7.389999999999999347e-02
0.000000000000000000e+00 -5.138203999999999724e+03 2.560000000000000000e+02 7.389999999999999347e-02
1.300000000000000044e+00 -5.137681999999999789e+03 2.565000000000000000e+02 7.391000000000000347e-02
0.000000000000000000e+00 -5.138981999999999971e+03 2.570000000000000000e+02 7.391000000000000347e-02
2.027000000000000135e+00 -5.135483000000000175e+03 2.575000000000000000e+02 7.406999999999999695e-02
0.000000000000000000e+00 -5.137510000000000218e+03 2.580000000000000000e+02 7.406999999999999695e-02
5.390000000000000346e-01 -5.138435999999999694e+03 2.585000000000000000e+02 7.406999999999999695e-02
0.000000000000000000e+00 -5.138975000000000364e+03 2.590000000000000000e+02 7.406999999999999695e-02
2.398000000000000131e+00 -5.134943000000000211e+03 2.595000000000000000e+02 7.427999999999999881e-02
0.000000000000000000e+00 -5.137341000000000349e+03 2.600000000000000000e+02 7.427999999999999881e-02
7.379999999999999893e-01 -5.138217999999999847e+03 2.605000000000000000e+02 7.427999999999999881e-02
0.000000000000000000e+00 -5.138956000000000131e+03 2.610000000000000000e+02 7.427999999999999881e-02
2.057999999999999829e+00 -5.135349000000000160e+03 2.615000000000000000e+02 7.502999999999999947e-02
0.000000000000000000e+00 -5.137405999999999949e+03 2.620000000000000000e+02 7.502999999999999947e-02
7.299999999999999822e-01 -5.138235999999999876e+03 2.625000000000000000e+02 7.502999999999999947e-02
0.000000000000000000e+00 -5.138966000000000349e+03 2.630000000000000000e+02 7.502999999999999947e-02
2.496999999999999886e+00 -5.134573999999999614e+03 2.635000000000000000e+02 7.559000000000000441e-02
0.000000000000000000e+00 -5.137070999999999913e+03 2.640000000000000000e+02 7.559000000000000441e-02
7.349999999999999867e-01 -5.138229999999999563e+03 2.645000000000000000e+02 7.559000000000000441e-02
0.000000000000000000e+00 -5.138966000000000349e+03 2.650000000000000000e+02 7.559000000000000441e-02
2.130999999999999783e+00 -5.135462999999999738e+03 2.655000000000000000e+02 7.617999999999999772e-02
0.000000000000000000e+00 -5.137594000000000051e+03 2.660000000000000000e+02 7.617999999999999772e-02
6.650000000000000355e-01 -5.138480999999999767e+03 2.665000000000000000e+02 7.617999999999999772e-02
0.000000000000000000e+00 -5.139145999999999731e+03 2.670000000000000000e+02 7.617999999999999772e-02
2.047000000000000153e+00 -5.135614999999999782e+03 2.675000000000000000e+02 7.760999999999999843e-02
0.000000000000000000e+00 -5.137662000000000262e+03 2.680000000000000000e+02 7.760999999999999843e-02
6.780000000000000471e-01 -5.138484000000000378e+03 2.685000000000000000e+02 7.760999999999999843e-02
0.000000000000000000e+00 -5.139162999999999556e+03 2.690000000000000000e+02 7.760999999999999843e-02
2.096999999999999975e+00 -5.135451000000000022e+03 2.695000000000000000e+02 7.907999999999999752e-02
0.000000000000000000e+00 -5.137548999999999978e+03 2.700000000000000000e+02 7.907999999999999752e-02
4.949999999999999956e-01 -5.138662000000000262e+03 2.705000000000000000e+02 7.907999999999999752e-02
0.000000000000000000e+00 -5.139157000000000153e+03 2.710000000000000000e+02 7.907999999999999752e-02
2.440999999999999837e+00 -5.135019000000000233e+03 2.715000000000000000e+02 8.053000000000000436e-02
0.000000000000000000e+00 -5.137461000000000240e+03 2.720000000000000000e+02 8.053000000000000436e-02
7.209999999999999742e-01 -5.138407000000000153e+03 2.725000000000000000e+02 8.053000000000000436e-02
0.000000000000000000e+00 -5.139127999999999702e+03 2.730000000000000000e+02 8.053000000000000436e-02
2.220000000000000195e+00 -5.135435000000000400e+03 2.735000000000000000e+02 8.065999999999999559e-02
0.000000000000000000e+00 -5.137654999999999745e+03 2.740000000000000000e+02 8.065999999999999559e-02
7.459999999999999964e-01 -5.138408000000000357e+03 2.745000000000000000e+02 8.065999999999999559e-02
0.000000000000000000e+00 -5.139154000000000451e+03 2.750000000000000000e+02 8.065999999999999559e-02
2.096999999999999975e+00 -5.135457999999999629e+03 2.755000000000000000e+02 8.111999999999999766e-02
0.000000000000000000e+00 -5.137555000000000291e+03 2.760000000000000000e+02 8.111999999999999766e-02
4.849999999999999867e-01 -5.138675000000000182e+03 2.765000000000000000e+02 8.111999999999999766e-02
0.000000000000000000e+00 -5.139159999999999854e+03 2.770000000000000000e+02 8.111999999999999766e-02
2.041999999999999815e+00 -5.135627000000000407e+03 2.775000000000000000e+02 8.276999999999999635e-02
0.000000000000000000e+00 -5.137668999999999869e+03 2.780000000000000000e+02 8.276999999999999635e-02
5.320000000000000284e-01 -5.138621000000000095e+03 2.785000000000000000e+02 8.276999999999999635e-02
0.000000000000000000e+00 -5.139152000000000044e+03 2.790000000000000000e+02 8.276999999999999635e-02
2.089999999999999858e+00 -5.135457000000000335e+03 2.795000000000000000e+02 8.319999999999999618e-02
0.000000000000000000e+00 -5.137546000000000276e+03 2.800000000000000000e+02 8.319999999999999618e-02
4.839999999999999858e-01 -5.138667999999999665e+03 2.805000000000000000e+02 8.319999999999999618e-02
0.000000000000000000e+00 -5.139152000000000044e+03 2.810000000000000000e+02 8.319999999999999618e-02
2.056000000000000050e+00 -5.135612000000000080e+03 2.815000000000000000e+02 8.423999999999999544e-02
0.000000000000000000e+00 -5.137668999999999869e+03 2.820000000000000000e+02 8.423999999999999544e-02
5.530000000000000471e-01 -5.138608000000000175e+03 2.825000000000000000e+02 8.423999999999999544e-02
0.000000000000000000e+00 -5.139159999999999854e+03 2.830000000000000000e+02 8.423999999999999544e-02
2.044000000000000039e+00 -5.135623999999999796e+03 2.835000000000000000e+02 8.515999999999999959e-02
0.000000000000000000e+00 -5.137668999999999869e+03 2.840000000000000000e+02 8.515999999999999959e-02
6.929999999999999494e-01 -5.136631999999999607e+03 2.845000000000000000e+02 8.515999999999999959e-02
0.000000000000000000e+00 -5.137324999999999818e+03 2.850000000000000000e+02 8.515999999999999959e-02
3.499999999999999778e-01 -5.137319000000000415e+03 2.855000000000000000e+02 8.515999999999999959e-02
0.000000000000000000e+00 -5.137668999999999869e+03 2.860000000000000000e+02 8.515999999999999959e-02
7.049999999999999600e-01 -5.138447000000000116e+03 2.865000000000000000e+02 8.515999999999999959e-02
0.000000000000000000e+00 -5.139152000000000044e+03 2.870000000000000000e+02 8.515999999999999959e-02
2.056000000000000050e+00 -5.135613000000000284e+03 2.875000000000000000e+02 8.519000000000000183e-02
0.000000000000000000e+00 -5.137667999999999665e+03 2.880000000000000000e+02 8.519000000000000183e-02
5.380000000000000338e-01 -5.138622000000000298e+03 2.885000000000000000e+02 8.519000000000000183e-02
0.000000000000000000e+00 -5.139159999999999854e+03 2.890000000000000000e+02 8.519000000000000183e-02
2.430000000000000160e+00 -5.135011999999999716e+03 2.895000000000000000e+02 8.573999999999999677e-02
0.000000000000000000e+00 -5.137442000000000007e+03 2.900000000000000000e+02 8.573999999999999677e-02
7.119999999999999662e-01 -5.138436999999999898e+03 2.905000000000000000e+02 8.573999999999999677e-02
0.000000000000000000e+00 -5.139149000000000342e+03 2.910000000000000000e+02 8.573999999999999677e-02
2.125999999999999890e+00 -5.135430999999999585e+03 2.915000000000000000e+02 8.594000000000000250e-02
0.000000000000000000e+00 -5.137556999999999789e+03 2.920000000000000000e+02 8.594000000000000250e-02
5.290000000000000258e-01 -5.138627000000000407e+03 2.925000000000000000e+02 8.594000000000000250e-02
0.000000000000000000e+00 -5.139155999999999949e+03 2.930000000000000000e+02 8.594000000000000250e-02
2.037999999999999812e+00 -5.135630000000000109e+03 2.935000000000000000e+02 8.694000000000000339e-02
0.000000000000000000e+00 -5.137667999999999665e+03 2.940000000000000000e+02 8.694000000000000339e-02
5.320000000000000284e-01 -5.138617000000000189e+03 2.945000000000000000e+02 8.694000000000000339e-02
0.000000000000000000e+00 -5.139149000000000342e+03 2.950000000000000000e+02 8.694000000000000339e-02
2.012000000000000011e+00 -5.135655999999999949e+03 2.955000000000000000e+02 8.802999999999999714e-02
0.000000000000000000e+00 -5.137667999999999665e+03 2.960000000000000000e+02 8.802999999999999714e-02
5.570000000000000506e-01 -5.138591999999999643e+03 2.965000000000000000e+02 8.802999999999999714e-02
0.000000000000000000e+00 -5.139149000000000342e+03 2.970000000000000000e+02 8.802999999999999714e-02
2.297000000000000153e+00 -5.135250000000000000e+03 2.975000000000000000e+02 8.865000000000000657e-02
0.000000000000000000e+00 -5.137546999999999571e+03 2.980000000000000000e+02 8.865000000000000657e-02
4.849999999999999867e-01 -5.138664999999999964e+03 2.985000000000000000e+02 8.865000000000000657e-02
0.000000000000000000e+00 -5.139149999999999636e+03 2.990000000000000000e+02 8.865000000000000657e-02
2.033999999999999808e+00 -5.135634000000000015e+03 2.995000000000000000e+02 8.870999999999999719e-02
0.000000000000000000e+00 -5.137668999999999869e+03 3.000000000000000000e+02 8.870999999999999719e-02
5.530000000000000471e-01 -5.138595999999999549e+03 3.005000000000000000e+02 8.870999999999999719e-02
0.000000000000000000e+00 -5.139149999999999636e+03 3.010000000000000000e+02 8.870999999999999719e-02
2.290000000000000036e+00 -5.135073999999999614e+03 3.015000000000000000e+02 8.912000000000000477e-02
0.000000000000000000e+00 -5.137363999999999578e+03 3.020000000000000000e+02 8.912000000000000477e-02
5.050000000000000044e-01 -5.138645000000000437e+03 3.025000000000000000e+02 8.912000000000000477e-02
0.000000000000000000e+00 -5.139149999999999636e+03 3.030000000000000000e+02 8.912000000000000477e-02
2.232000000000000206e+00 -5.135438000000000102e+03 3.035000000000000000e+02 8.945000000000000173e-02
0.000000000000000000e+00 -5.137670000000000073e+03 3.040000000000000000e+02 8.945000000000000173e-02
7.530000000000000027e-01 -5.138396999999999935e+03 3.045000000000000000e+02 8.945000000000000173e-02
0.000000000000000000e+00 -5.139149999999999636e+03 3.050000000000000000e+02 8.945000000000000173e-02
2.035000000000000142e+00 -5.135634000000000015e+03 3.055000000000000000e+02 9.138999999999999901e-02
0.000000000000000000e+00 -5.137668999999999869e+03 3.060000000000000000e+02 9.138999999999999901e-02
5.540000000000000480e-01 -5.138595999999999549e+03 3.065000000000000000e+02 9.138999999999999901e-02
0.000000000000000000e+00 -5.139149999999999636e+03 3.070000000000000000e+02 9.138999999999999901e-02
2.217999999999999972e+00 -5.135074999999999818e+03 3.075000000000000000e+02 9.205000000000000682e-02
0.000000000000000000e+00 -5.137292999999999665e+03 3.080000000000000000e+02 9.205000000000000682e-02
2.770000000000000240e-01 -5.138989999999999782e+03 3.085000000000000000e+02 9.205000000000000682e-02
0.000000000000000000e+00 -5.139266999999999825e+03 3.090000000000000000e+02 9.205000000000000682e-02
2.036000000000000032e+00 -5.135747000000000298e+03 3.095000000000000000e+02 9.217999999999999805e-02
0.000000000000000000e+00 -5.137783000000000357e+03 3.100000000000000000e+02 9.217999999999999805e-02
6.810000000000000497e-01 -5.138592999999999847e+03 3.105000000000000000e+02 9.217999999999999805e-02
0.000000000000000000e+00 -5.139274999999999636e+03 3.110000000000000000e+02 9.217999999999999805e-02
2.230999999999999872e+00 -5.135479000000000269e+03 3.115000000000000000e+02 9.364000000000000101e-02
0.000000000000000000e+00 -5.137710000000000036e+03 3.120000000000000000e+02 9.364000000000000101e-02
6.510000000000000231e-01 -5.138626000000000204e+03 3.125000000000000000e+02 9.364000000000000101e-02
0.000000000000000000e+00 -5.139277000000000044e+03 3.130000000000000000e+02 9.364000000000000101e-02
2.047000000000000153e+00 -5.135729999999999563e+03 3.135000000000000000e+02 9.674000000000000654e-02
0.000000000000000000e+00 -5.137777000000000044e+03 3.140000000000000000e+02 9.674000000000000654e-02
6.440000000000000169e-01 -5.138627999999999702e+03 3.145000000000000000e+02 9.674000000000000654e-02
0.000000000000000000e+00 -5.139271999999999935e+03 3.150000000000000000e+02 9.674000000000000654e-02
2.217999999999999972e+00 -5.135488999999999578e+03 3.155000000000000000e+02 9.808999999999999664e-02
0.000000000000000000e+00 -5.137707000000000335e+03 3.160000000000000000e+02 9.808999999999999664e-02
7.269999999999999796e-01 -5.138347999999999956e+03 3.165000000000000000e+02 9.808999999999999664e-02
0.000000000000000000e+00 -5.139076000000000022e+03 3.170000000000000000e+02 9.808999999999999664e-02
1.965000000000000080e+00 -5.136188000000000102e+03 3.175000000000000000e+02 9.816999999999999338e-02
0.000000000000000000e+00 -5.138153000000000247e+03 3.180000000000000000e+02 9.816999999999999338e-02
1.366000000000000103e+00 -5.137735999999999876e+03 3.185000000000000000e+02 9.816999999999999338e-02
0.000000000000000000e+00 -5.139101999999999862e+03 3.190000000000000000e+02 9.816999999999999338e-02
2.025999999999999801e+00 -5.135604999999999563e+03 3.195000000000000000e+02 9.891999999999999404e-02
0.000000000000000000e+00 -5.137631000000000313e+03 3.200000000000000000e+02 9.891999999999999404e-02
6.999999999999999556e-01 -5.136576000000000022e+03 3.205000000000000000e+02 9.891999999999999404e-02
0.000000000000000000e+00 -5.137275999999999840e+03 3.210000000000000000e+02 9.891999999999999404e-02
3.449999999999999734e-01 -5.137286000000000058e+03 3.215000000000000000e+02 9.891999999999999404e-02
0.000000000000000000e+00 -5.137631000000000313e+03 3.220000000000000000e+02 9.891999999999999404e-02
6.790000000000000480e-01 -5.138429000000000087e+03 3.225000000000000000e+02 9.891999999999999404e-02
0.000000000000000000e+00 -5.139108000000000175e+03 3.230000000000000000e+02 9.891999999999999404e-02
2.028000000000000025e+00 -5.135604000000000269e+03 3.235000000000000000e+02 9.962000000000000022e-02
0.000000000000000000e+00 -5.137631000000000313e+03 3.240000000000000000e+02 9.962000000000000022e-02
5.510000000000000453e-01 -5.138556999999999789e+03 3.245000000000000000e+02 9.962000000000000022e-02
0.000000000000000000e+00 -5.139108000000000175e+03 3.250000000000000000e+02 9.962000000000000022e-02
2.028000000000000025e+00 -5.135604000000000269e+03 3.255000000000000000e+02 9.989000000000000656e-02
0.000000000000000000e+00 -5.137631000000000313e+03 3.260000000000000000e+02 9.989000000000000656e-02
5.510000000000000453e-01 -5.138557999999999993e+03 3.265000000000000000e+02 9.989000000000000656e-02
0.000000000000000000e+00 -5.139108000000000175e+03 3.270000000000000000e+02 9.989000000000000656e-02
2.028000000000000025e+00 -5.135604000000000269e+03 3.275000000000000000e+02 1.005999999999999950e-01
0.000000000000000000e+00 -5.137631000000000313e+03 3.280000000000000000e+02 1.005999999999999950e-01
5.380000000000000338e-01 -5.138564000000000306e+03 3.285000000000000000e+02 1.005999999999999950e-01
0.000000000000000000e+00 -5.139101999999999862e+03 3.290000000000000000e+02 1.005999999999999950e-01
2.165000000000000036e+00 -5.135405999999999949e+03 3.295000000000000000e+02 1.008000000000000007e-01
0.000000000000000000e+00 -5.137572000000000116e+03 3.300000000000000000e+02 1.008000000000000007e-01
6.290000000000000036e-01 -5.138587000000000444e+03 3.305000000000000000e+02 1.008000000000000007e-01
0.000000000000000000e+00 -5.139216000000000349e+03 3.310000000000000000e+02 1.008000000000000007e-01
2.283999999999999808e+00 -5.135104000000000269e+03 3.315000000000000000e+02 1.015999999999999959e-01
0.000000000000000000e+00 -5.137387999999999920e+03 3.320000000000000000e+02 1.015999999999999959e-01
4.510000000000000120e-01 -5.137104999999999563e+03 3.325000000000000000e+02 1.015999999999999959e-01
0.000000000000000000e+00 -5.137555999999999585e+03 3.330000000000000000e+02 1.015999999999999959e-01
5.669999999999999485e-01 -5.138640999999999622e+03 3.335000000000000000e+02 1.015999999999999959e-01
0.000000000000000000e+00 -5.139207000000000335e+03 3.340000000000000000e+02 1.015999999999999959e-01
1.915000000000000036e+00 -5.135952000000000226e+03 3.345000000000000000e+02 1.019000000000000045e-01
0.000000000000000000e+00 -5.137865999999999985e+03 3.350000000000000000e+02 1.019000000000000045e-01
5.739999999999999547e-01 -5.138634000000000015e+03 3.355000000000000000e+02 1.019000000000000045e-01
0.000000000000000000e+00 -5.139207999999999629e+03 3.360000000000000000e+02 1.019000000000000045e-01
2.564999999999999947e+00 -5.134586000000000240e+03 3.365000000000000000e+02 1.023000000000000020e-01
0.000000000000000000e+00 -5.137150999999999840e+03 3.370000000000000000e+02 1.023000000000000020e-01
5.360000000000000320e-01 -5.136453999999999724e+03 3.375000000000000000e+02 1.023000000000000020e-01
0.000000000000000000e+00 -5.136989999999999782e+03 3.380000000000000000e+02 1.023000000000000020e-01
5.030000000000000027e-01 -5.136395000000000437e+03 3.385000000000000000e+02 1.023000000000000020e-01
0.000000000000000000e+00 -5.136898000000000138e+03 3.390000000000000000e+02 1.023000000000000020e-01
3.190000000000000058e-01 -5.138890000000000327e+03 3.395000000000000000e+02 1.023000000000000020e-01
0.000000000000000000e+00 -5.139208999999999833e+03 3.400000000000000000e+02 1.023000000000000020e-01
1.915000000000000036e+00 -5.135953000000000429e+03 3.405000000000000000e+02 1.028000000000000025e-01
0.000000000000000000e+00 -5.137867000000000189e+03 3.410000000000000000e+02 1.028000000000000025e-01
7.750000000000000222e-01 -5.136591000000000349e+03 3.415000000000000000e+02 1.028000000000000025e-01
0.000000000000000000e+00 -5.137365999999999985e+03 3.420000000000000000e+02 1.028000000000000025e-01
2.730000000000000204e-01 -5.137594000000000051e+03 3.425000000000000000e+02 1.028000000000000025e-01
0.000000000000000000e+00 -5.137867000000000189e+03 3.430000000000000000e+02 1.028000000000000025e-01
5.749999999999999556e-01 -5.138634000000000015e+03 3.435000000000000000e+02 1.028000000000000025e-01
0.000000000000000000e+00 -5.139210000000000036e+03 3.440000000000000000e+02 1.028000000000000025e-01
