# t	msd	err
1.000000000000024307e-07 2.445361436163643321e-01 3.955929585349891864e-02
2.470588235294177824e-07 3.538689548259626450e-01 7.188741345656970982e-02
4.521739130434750894e-07 4.047972391326384867e-01 7.836251080097021704e-02
8.591088550479100864e-07 4.068571558231519059e-01 9.113834371709013740e-03
1.432511556240345639e-06 1.040899198148206972e+00 9.406892182717337819e-03
2.354715447154399183e-06 1.099734429760357735e+00 6.393338244402730838e-03
4.391557669440987467e-06 1.138595848843969804e+00 3.723520097832950203e-03
7.224154956324052662e-06 1.487243938791403597e+00 8.283076398970861884e-03
1.065369918115321180e-05 8.205996134575127554e-01 9.463958508720416232e-03
2.403257731958807346e-05 1.260955336682477945e+00 6.136092058349795070e-02
4.336530837004403402e-05 1.238280302077183759e+00 1.532725348703114533e-02
7.511077158136076509e-05 1.691140166384701882e+00 3.769232736339932915e-02
1.269216487189001041e-04 1.490532986952370242e+00 3.157280153599093669e-02
2.418437814280898737e-04 2.624766829440365878e+00 4.717421699860267770e-02
3.888102741884428507e-04 2.492383602875491988e+00 3.338872805462034937e-02
6.945758693360648420e-04 5.673601950300839469e+00 4.242209560412352892e-02
1.235223474543433115e-03 6.231347730540276686e+00 5.100756231624418296e-02
2.148465449922895825e-03 4.177033745608740745e+00 3.075216194161981345e-02
3.881054418044811542e-03 5.399146127935159356e+00 1.658503084141480302e-02
6.358519040461518661e-03 6.650367236034888663e+00 1.967098237841037947e-02
1.304143911662074273e-02 7.924428498510385666e+00 2.066698744419091446e-02
2.409580206173177544e-02 1.051568736430020046e+01 8.637763382183475530e-03
4.324925018704825486e-02 1.107914657254533353e+01 6.354683659599012421e-03
