# t
0.000000000000000000e+00
9.125056199999999340e-02
9.125056199999999340e-02
1.402902699999999947e-01
1.402902699999999947e-01
1.496290799999999976e-01
1.496290799999999976e-01
1.519807300000000083e-01
1.519807300000000083e-01
1.878362899999999891e-01
1.878362899999999891e-01
2.963991799999999843e-01
2.963991799999999843e-01
3.054193499999999784e-01
3.054193499999999784e-01
3.201347600000000182e-01
3.201347600000000182e-01
3.450829799999999836e-01
3.450829799999999836e-01
4.360740100000000119e-01
4.360740100000000119e-01
4.392145599999999761e-01
4.392145599999999761e-01
4.806192100000000189e-01
4.806192100000000189e-01
5.267827800000000060e-01
5.267827800000000060e-01
5.502631100000000552e-01
5.502631100000000552e-01
6.106663900000000034e-01
6.106663900000000034e-01
6.349726599999999666e-01
6.349726599999999666e-01
6.791919100000000098e-01
6.791919100000000098e-01
7.874087699999999801e-01
7.874087699999999801e-01
7.974413700000000382e-01
7.974413700000000382e-01
8.024604800000000315e-01
8.024604800000000315e-01
9.132353800000000410e-01
9.132353800000000410e-01
9.314313300000000018e-01
9.314313300000000018e-01
9.489855499999999555e-01
9.489855499999999555e-01
1.041306300000000018e+00
1.041306300000000018e+00
1.062559299999999984e+00
1.062559299999999984e+00
1.106057800000000091e+00
1.106057800000000091e+00
1.142884599999999917e+00
1.142884599999999917e+00
1.154545799999999955e+00
1.154545799999999955e+00
1.204819199999999979e+00
1.204819199999999979e+00
1.209472399999999892e+00
1.209472399999999892e+00
1.218234299999999992e+00
1.218234299999999992e+00
1.242611099999999968e+00
1.242611099999999968e+00
1.308447200000000032e+00
1.308447200000000032e+00
1.308971200000000001e+00
1.308971200000000001e+00
1.325334199999999907e+00
1.325334199999999907e+00
1.386646599999999951e+00
1.386646599999999951e+00
1.407149500000000053e+00
1.407149500000000053e+00
1.419546500000000044e+00
1.419546500000000044e+00
1.527592499999999909e+00
1.527592499999999909e+00
1.640215100000000037e+00
1.640215100000000037e+00
1.679578800000000038e+00
1.679578800000000038e+00
1.680085899999999910e+00
1.680085899999999910e+00
1.687075199999999997e+00
1.687075199999999997e+00
1.718339499999999909e+00
1.718339499999999909e+00
1.750031899999999974e+00
1.750031899999999974e+00
1.815359200000000062e+00
1.815359200000000062e+00
1.846305599999999991e+00
1.846305599999999991e+00
1.860729199999999972e+00
1.860729199999999972e+00
1.870143600000000017e+00
1.870143600000000017e+00
1.896398999999999946e+00
1.896398999999999946e+00
1.896965599999999919e+00
1.896965599999999919e+00
1.907030000000000003e+00
1.907030000000000003e+00
1.907705599999999890e+00
1.907705599999999890e+00
1.937323200000000023e+00
1.937323200000000023e+00
1.975944499999999993e+00
1.975944499999999993e+00
1.987586800000000098e+00
1.987586800000000098e+00
2.013263900000000106e+00
2.013263900000000106e+00
2.025756499999999960e+00
2.025756499999999960e+00
2.072327899999999890e+00
2.072327899999999890e+00
2.141913399999999967e+00
2.141913399999999967e+00
2.150109300000000001e+00
2.150109300000000001e+00
2.152736500000000053e+00
2.152736500000000053e+00
2.175939000000000068e+00
2.175939000000000068e+00
2.176220199999999938e+00
2.176220199999999938e+00
2.199823400000000095e+00
2.199823400000000095e+00
2.205405799999999861e+00
2.205405799999999861e+00
2.223776200000000092e+00
2.223776200000000092e+00
2.228256399999999804e+00
2.228256399999999804e+00
2.231267599999999796e+00
2.231267599999999796e+00
2.234517499999999934e+00
2.234517499999999934e+00
2.249698700000000162e+00
2.249698700000000162e+00
2.264409600000000022e+00
2.264409600000000022e+00
2.276540999999999926e+00
2.276540999999999926e+00
2.290232500000000115e+00
2.290232500000000115e+00
2.398709000000000202e+00
2.398709000000000202e+00
2.402125100000000124e+00
2.402125100000000124e+00
2.412388800000000000e+00
2.412388800000000000e+00
2.413508399999999998e+00
2.413508399999999998e+00
2.446429600000000093e+00
2.446429600000000093e+00
2.463596900000000200e+00
2.463596900000000200e+00
2.493153299999999906e+00
2.493153299999999906e+00
2.494464100000000073e+00
2.494464100000000073e+00
2.557227099999999975e+00
2.557227099999999975e+00
2.655885899999999911e+00
2.655885899999999911e+00
2.702848900000000221e+00
2.702848900000000221e+00
2.722074899999999964e+00
2.722074899999999964e+00
2.749959599999999948e+00
2.749959599999999948e+00
2.829263500000000153e+00
2.829263500000000153e+00
2.994236599999999804e+00
2.994236599999999804e+00
3.015335599999999783e+00
3.015335599999999783e+00
3.031658399999999975e+00
3.031658399999999975e+00
3.032716600000000096e+00
3.032716600000000096e+00
3.051351299999999878e+00
3.051351299999999878e+00
3.072922099999999990e+00
3.072922099999999990e+00
3.123667900000000053e+00
3.123667900000000053e+00
3.143184999999999896e+00
3.143184999999999896e+00
3.152338199999999979e+00
3.152338199999999979e+00
3.297408400000000128e+00
3.297408400000000128e+00
3.314967600000000125e+00
3.314967600000000125e+00
3.359519500000000214e+00
3.359519500000000214e+00
3.394242100000000040e+00
3.394242100000000040e+00
3.397808700000000126e+00
3.397808700000000126e+00
3.412368400000000079e+00
3.412368400000000079e+00
3.451249999999999929e+00
3.451249999999999929e+00
3.476837499999999803e+00
3.476837499999999803e+00
3.554403799999999780e+00
3.554403799999999780e+00
3.613878099999999982e+00
3.613878099999999982e+00
3.617404800000000087e+00
3.617404800000000087e+00
3.629388800000000082e+00
3.629388800000000082e+00
3.632767799999999880e+00
3.632767799999999880e+00
3.642107699999999948e+00
3.642107699999999948e+00
3.642990999999999868e+00
3.642990999999999868e+00
3.643905999999999867e+00
3.643905999999999867e+00
3.650838999999999945e+00
3.650838999999999945e+00
3.657033100000000037e+00
3.657033100000000037e+00
3.666956900000000186e+00
3.666956900000000186e+00
3.677238399999999796e+00
3.677238399999999796e+00
3.691746000000000194e+00
3.691746000000000194e+00
3.698208999999999858e+00
3.698208999999999858e+00
3.829276999999999820e+00
3.829276999999999820e+00
3.858710199999999979e+00
3.858710199999999979e+00
3.864851400000000048e+00
3.864851400000000048e+00
3.876283499999999993e+00
3.876283499999999993e+00
3.930308500000000205e+00
3.930308500000000205e+00
3.930511000000000088e+00
3.930511000000000088e+00
3.945991600000000155e+00
3.945991600000000155e+00
3.981060300000000218e+00
3.981060300000000218e+00
4.013118099999999799e+00
4.013118099999999799e+00
4.071002599999999916e+00
4.071002599999999916e+00
4.096798899999999577e+00
4.096798899999999577e+00
4.120743799999999624e+00
4.120743799999999624e+00
4.125737499999999613e+00
4.125737499999999613e+00
4.154967799999999656e+00
4.154967799999999656e+00
4.297470599999999585e+00
4.297470599999999585e+00
4.442408099999999749e+00
4.442408099999999749e+00
4.445652100000000218e+00
4.445652100000000218e+00
4.455426700000000295e+00
4.455426700000000295e+00
4.476554100000000425e+00
4.476554100000000425e+00
4.492058499999999732e+00
4.492058499999999732e+00
4.495759999999999756e+00
4.495759999999999756e+00
4.639046399999999792e+00
4.639046399999999792e+00
4.734262000000000192e+00
4.734262000000000192e+00
4.744641699999999851e+00
4.744641699999999851e+00
4.789901600000000315e+00
4.789901600000000315e+00
4.820074899999999829e+00
4.820074899999999829e+00
4.866621000000000308e+00
4.866621000000000308e+00
4.884279699999999558e+00
4.884279699999999558e+00
4.890241099999999896e+00
4.890241099999999896e+00
4.926959899999999948e+00
4.926959899999999948e+00
4.928736100000000064e+00
4.928736100000000064e+00
4.959749799999999986e+00
4.959749799999999986e+00
4.976244200000000006e+00
4.976244200000000006e+00
4.996699600000000352e+00
4.996699600000000352e+00
5.009025300000000236e+00
5.009025300000000236e+00
5.058909100000000159e+00
5.058909100000000159e+00
5.085935799999999674e+00
5.085935799999999674e+00
5.087228699999999826e+00
5.087228699999999826e+00
5.103703799999999902e+00
5.103703799999999902e+00
5.128014399999999640e+00
5.128014399999999640e+00
5.200693799999999811e+00
5.200693799999999811e+00
5.236397199999999863e+00
5.236397199999999863e+00
5.293269600000000352e+00
5.293269600000000352e+00
5.314299000000000106e+00
5.314299000000000106e+00
5.325667400000000384e+00
5.325667400000000384e+00
5.370466799999999985e+00
5.370466799999999985e+00
5.377048699999999570e+00
5.377048699999999570e+00
5.395327100000000264e+00
5.395327100000000264e+00
5.400233599999999967e+00
5.400233599999999967e+00
5.404481200000000207e+00
5.404481200000000207e+00
5.477846099999999829e+00
5.477846099999999829e+00
5.513042699999999741e+00
5.513042699999999741e+00
5.543158100000000310e+00
5.543158100000000310e+00
5.555860700000000207e+00
5.555860700000000207e+00
5.584962100000000262e+00
5.584962100000000262e+00
5.611948899999999796e+00
5.611948899999999796e+00
5.613423300000000005e+00
5.613423300000000005e+00
5.627164399999999844e+00
5.627164399999999844e+00
5.643757500000000427e+00
5.643757500000000427e+00
5.644648400000000343e+00
5.644648400000000343e+00
5.672869600000000290e+00
5.672869600000000290e+00
5.709997699999999732e+00
5.709997699999999732e+00
5.718696900000000305e+00
5.718696900000000305e+00
5.722296700000000236e+00
5.722296700000000236e+00
5.723613000000000284e+00
5.723613000000000284e+00
5.729677699999999874e+00
5.729677699999999874e+00
5.746636900000000381e+00
5.746636900000000381e+00
5.748074299999999859e+00
5.748074299999999859e+00
5.753172199999999847e+00
5.753172199999999847e+00
5.777936500000000031e+00
5.777936500000000031e+00
5.812172300000000291e+00
5.812172300000000291e+00
5.872504000000000168e+00
5.872504000000000168e+00
5.876132300000000086e+00
5.876132300000000086e+00
5.883205900000000099e+00
5.883205900000000099e+00
5.883480200000000160e+00
5.883480200000000160e+00
5.924054700000000118e+00
5.924054700000000118e+00
5.937903399999999721e+00
5.937903399999999721e+00
5.996061899999999945e+00
5.996061899999999945e+00
6.012790100000000137e+00
6.012790100000000137e+00
6.018383700000000225e+00
6.018383700000000225e+00
6.020881499999999775e+00
6.020881499999999775e+00
6.028359899999999882e+00
6.028359899999999882e+00
6.036145699999999614e+00
6.036145699999999614e+00
6.044870799999999988e+00
6.044870799999999988e+00
6.074726599999999976e+00
6.074726599999999976e+00
6.123226899999999695e+00
6.123226899999999695e+00
6.164812099999999795e+00
6.164812099999999795e+00
6.219649099999999819e+00
6.219649099999999819e+00
6.258285800000000343e+00
6.258285800000000343e+00
6.266375899999999888e+00
6.266375899999999888e+00
6.269762100000000338e+00
6.269762100000000338e+00
6.350579699999999939e+00
6.350579699999999939e+00
6.395114500000000035e+00
6.395114500000000035e+00
6.458937899999999566e+00
6.458937899999999566e+00
6.510413100000000064e+00
6.510413100000000064e+00
6.576696700000000284e+00
6.576696700000000284e+00
6.596567300000000245e+00
6.596567300000000245e+00
6.630019800000000352e+00
6.630019800000000352e+00
6.681794199999999684e+00
6.681794199999999684e+00
6.691603599999999652e+00
6.691603599999999652e+00
6.778166599999999598e+00
6.778166599999999598e+00
6.798045700000000302e+00
6.798045700000000302e+00
6.812709700000000090e+00
6.812709700000000090e+00
6.824696099999999710e+00
6.824696099999999710e+00
6.851365300000000325e+00
6.851365300000000325e+00
6.862225699999999762e+00
6.862225699999999762e+00
6.866234399999999738e+00
6.866234399999999738e+00
6.867934599999999890e+00
6.867934599999999890e+00
6.875413799999999576e+00
6.875413799999999576e+00
6.878817800000000204e+00
6.878817800000000204e+00
6.903181599999999918e+00
6.903181599999999918e+00
6.936630899999999933e+00
6.936630899999999933e+00
6.943453800000000342e+00
6.943453800000000342e+00
7.019377900000000281e+00
7.019377900000000281e+00
7.022101000000000148e+00
7.022101000000000148e+00
7.050506600000000290e+00
7.050506600000000290e+00
7.070944700000000083e+00
7.070944700000000083e+00
7.073884600000000411e+00
7.073884600000000411e+00
7.099140199999999901e+00
7.099140199999999901e+00
7.121142599999999767e+00
7.121142599999999767e+00
7.179425199999999840e+00
7.179425199999999840e+00
7.181304100000000190e+00
7.181304100000000190e+00
7.185248900000000383e+00
7.185248900000000383e+00
7.240001399999999698e+00
7.240001399999999698e+00
7.255231600000000114e+00
7.255231600000000114e+00
7.293864499999999751e+00
7.293864499999999751e+00
7.328031499999999809e+00
7.328031499999999809e+00
7.411483200000000160e+00
7.411483200000000160e+00
7.413912599999999742e+00
7.413912599999999742e+00
7.453098500000000293e+00
7.453098500000000293e+00
7.550776400000000166e+00
7.550776400000000166e+00
7.602900700000000178e+00
7.602900700000000178e+00
7.656690399999999563e+00
7.656690399999999563e+00
7.672777499999999584e+00
7.672777499999999584e+00
7.683417500000000011e+00
7.683417500000000011e+00
7.694635100000000172e+00
7.694635100000000172e+00
7.722834599999999661e+00
7.722834599999999661e+00
7.723383199999999782e+00
7.723383199999999782e+00
7.725088399999999744e+00
7.725088399999999744e+00
7.755348399999999920e+00
7.755348399999999920e+00
7.780318300000000242e+00
7.780318300000000242e+00
7.848069299999999693e+00
7.848069299999999693e+00
7.864195999999999742e+00
7.864195999999999742e+00
7.887952799999999876e+00
7.887952799999999876e+00
7.956756300000000337e+00
7.956756300000000337e+00
7.963176999999999950e+00
7.963176999999999950e+00
8.082085799999999765e+00
8.082085799999999765e+00
8.111817099999999670e+00
8.111817099999999670e+00
8.114753800000000794e+00
8.114753800000000794e+00
8.191575399999999618e+00
8.191575399999999618e+00
8.193286399999999858e+00
8.193286399999999858e+00
8.218753599999999437e+00
8.218753599999999437e+00
8.232229300000000194e+00
8.232229300000000194e+00
8.253231100000000708e+00
8.253231100000000708e+00
8.382668100000000067e+00
8.382668100000000067e+00
8.420620700000000625e+00
8.420620700000000625e+00
8.451780199999999965e+00
8.451780199999999965e+00
8.517555400000000887e+00
8.517555400000000887e+00
8.542202299999999582e+00
8.542202299999999582e+00
8.551953599999999156e+00
8.551953599999999156e+00
8.572452600000000089e+00
8.572452600000000089e+00
8.589783999999999864e+00
8.589783999999999864e+00
8.599332699999999718e+00
8.599332699999999718e+00
8.602965499999999821e+00
8.602965499999999821e+00
8.603093199999999996e+00
8.603093199999999996e+00
8.721246799999999411e+00
8.721246799999999411e+00
8.748521300000000167e+00
8.748521300000000167e+00
8.757755599999999419e+00
8.757755599999999419e+00
8.771139299999999750e+00
8.771139299999999750e+00
8.799891099999999966e+00
8.799891099999999966e+00
8.883261199999999747e+00
8.883261199999999747e+00
8.897155700000000778e+00
8.897155700000000778e+00
8.932783799999999275e+00
8.932783799999999275e+00
8.933316400000000712e+00
8.933316400000000712e+00
8.933319900000000757e+00
8.933319900000000757e+00
8.969663999999999859e+00
8.969663999999999859e+00
8.980704299999999307e+00
8.980704299999999307e+00
8.988463499999999939e+00
8.988463499999999939e+00
8.996000300000000394e+00
8.996000300000000394e+00
9.004467099999999391e+00
9.004467099999999391e+00
9.038053599999999577e+00
9.038053599999999577e+00
9.044506800000000624e+00
9.044506800000000624e+00
9.050817099999999726e+00
9.050817099999999726e+00
9.053456399999999960e+00
9.053456399999999960e+00
9.056335999999999942e+00
9.056335999999999942e+00
9.061995400000000700e+00
9.061995400000000700e+00
9.067544800000000293e+00
9.067544800000000293e+00
9.174505800000000377e+00
9.174505800000000377e+00
9.181692800000000432e+00
9.181692800000000432e+00
9.216385300000000669e+00
9.216385300000000669e+00
9.276798599999999340e+00
9.276798599999999340e+00
9.287440300000000093e+00
9.287440300000000093e+00
9.292922499999999530e+00
9.292922499999999530e+00
9.346351300000000251e+00
9.346351300000000251e+00
9.347889399999999682e+00
9.347889399999999682e+00
9.375791400000000664e+00
9.375791400000000664e+00
9.376119600000000887e+00
9.376119600000000887e+00
9.377670000000000172e+00
9.377670000000000172e+00
9.401697699999999713e+00
9.401697699999999713e+00
9.402823299999999662e+00
9.402823299999999662e+00
9.417057899999999648e+00
9.417057899999999648e+00
9.446252100000000596e+00
9.446252100000000596e+00
9.450682199999999256e+00
9.450682199999999256e+00
9.460442900000000321e+00
9.460442900000000321e+00
9.479861200000000210e+00
9.479861200000000210e+00
9.486938900000000174e+00
9.486938900000000174e+00
9.515867500000000589e+00
9.515867500000000589e+00
9.559861099999999112e+00
9.559861099999999112e+00
9.646987599999999219e+00
9.646987599999999219e+00
9.669967400000000879e+00
9.669967400000000879e+00
9.704217399999999216e+00
9.704217399999999216e+00
9.762907600000000130e+00
9.762907600000000130e+00
9.785788399999999498e+00
9.785788399999999498e+00
9.793476300000000023e+00
9.793476300000000023e+00
9.852154399999999868e+00
9.852154399999999868e+00
9.904894499999999269e+00
9.904894499999999269e+00
9.968745200000000750e+00
9.968745200000000750e+00
9.990091299999999563e+00
9.990091299999999563e+00
9.997911800000000682e+00
9.997911800000000682e+00
1.005522400000000083e+01
1.005522400000000083e+01
1.007327000000000083e+01
1.007327000000000083e+01
1.013222999999999985e+01
1.013222999999999985e+01
1.013920300000000019e+01
1.013920300000000019e+01
1.017685900000000032e+01
1.017685900000000032e+01
1.020875500000000002e+01
1.020875500000000002e+01
1.021063799999999944e+01
1.021063799999999944e+01
1.022106400000000015e+01
1.022106400000000015e+01
1.024047000000000018e+01
1.024047000000000018e+01
1.024827800000000089e+01
1.024827800000000089e+01
1.025498299999999929e+01
1.025498299999999929e+01
1.025835299999999961e+01
1.025835299999999961e+01
1.028172900000000034e+01
1.028172900000000034e+01
1.030769899999999950e+01
1.030769899999999950e+01
1.031675599999999982e+01
1.031675599999999982e+01
1.035183100000000067e+01
1.035183100000000067e+01
1.036447199999999924e+01
1.036447199999999924e+01
1.040125500000000081e+01
1.040125500000000081e+01
1.040848199999999935e+01
1.040848199999999935e+01
1.041308000000000078e+01
1.041308000000000078e+01
1.041455200000000048e+01
1.041455200000000048e+01
1.043038499999999935e+01
1.043038499999999935e+01
1.043362800000000057e+01
1.043362800000000057e+01
1.046514900000000026e+01
1.046514900000000026e+01
1.049028000000000027e+01
1.049028000000000027e+01
1.052648499999999920e+01
1.052648499999999920e+01
1.058633299999999977e+01
1.058633299999999977e+01
1.060040599999999955e+01
1.060040599999999955e+01
1.060228200000000065e+01
1.060228200000000065e+01
1.063848100000000052e+01
1.063848100000000052e+01
1.064249099999999970e+01
1.064249099999999970e+01
1.070395800000000008e+01
1.070395800000000008e+01
1.075982800000000061e+01
1.075982800000000061e+01
1.079086999999999996e+01
1.079086999999999996e+01
1.080417800000000028e+01
1.080417800000000028e+01
1.085184800000000038e+01
1.085184800000000038e+01
1.086143200000000064e+01
1.086143200000000064e+01
1.089317899999999995e+01
1.089317899999999995e+01
1.093632299999999979e+01
1.093632299999999979e+01
1.095131199999999971e+01
1.095131199999999971e+01
1.102546700000000079e+01
1.102546700000000079e+01
1.103025099999999981e+01
1.103025099999999981e+01
1.104394199999999948e+01
1.104394199999999948e+01
1.106967099999999959e+01
1.106967099999999959e+01
1.110217699999999930e+01
1.110217699999999930e+01
1.110576999999999970e+01
1.110576999999999970e+01
1.117167899999999925e+01
1.117167899999999925e+01
1.119702900000000056e+01
1.119702900000000056e+01
1.123907400000000045e+01
1.123907400000000045e+01
1.124708000000000041e+01
1.124708000000000041e+01
1.127598799999999990e+01
1.127598799999999990e+01
1.133722599999999936e+01
1.133722599999999936e+01
1.135069499999999998e+01
1.135069499999999998e+01
1.139733999999999980e+01
1.139733999999999980e+01
1.142679799999999979e+01
1.142679799999999979e+01
1.148909800000000025e+01
1.148909800000000025e+01
1.149990299999999976e+01
1.149990299999999976e+01
1.150697699999999912e+01
1.150697699999999912e+01
1.152389600000000058e+01
1.152389600000000058e+01
1.161090800000000023e+01
1.161090800000000023e+01
1.162250700000000059e+01
1.162250700000000059e+01
1.162874099999999977e+01
1.162874099999999977e+01
1.169756100000000032e+01
1.169756100000000032e+01
1.170023800000000058e+01
1.170023800000000058e+01
1.172776499999999977e+01
1.172776499999999977e+01
1.175039699999999954e+01
1.175039699999999954e+01
1.180165299999999995e+01
1.180165299999999995e+01
1.180751399999999940e+01
1.180751399999999940e+01
1.182462899999999983e+01
1.182462899999999983e+01
1.185962499999999942e+01
1.185962499999999942e+01
1.189955400000000019e+01
1.189955400000000019e+01
1.192533000000000065e+01
1.192533000000000065e+01
1.193106599999999951e+01
1.193106599999999951e+01
1.193981999999999921e+01
1.193981999999999921e+01
1.194142800000000015e+01
1.194142800000000015e+01
1.198605300000000007e+01
1.198605300000000007e+01
1.199002600000000029e+01
1.199002600000000029e+01
1.206239199999999911e+01
1.206239199999999911e+01
1.210058599999999984e+01
1.210058599999999984e+01
1.219528599999999940e+01
1.219528599999999940e+01
1.220446300000000051e+01
1.220446300000000051e+01
1.226395100000000049e+01
1.226395100000000049e+01
1.231623199999999940e+01
1.231623199999999940e+01
1.232048200000000016e+01
1.232048200000000016e+01
1.232229799999999997e+01
1.232229799999999997e+01
1.232282700000000020e+01
1.232282700000000020e+01
1.237006200000000078e+01
1.237006200000000078e+01
1.240192399999999928e+01
1.240192399999999928e+01
1.243056900000000020e+01
1.243056900000000020e+01
1.245656199999999991e+01
1.245656199999999991e+01
1.246632699999999971e+01
1.246632699999999971e+01
1.251893100000000025e+01
1.251893100000000025e+01
1.252543900000000043e+01
1.252543900000000043e+01
1.255923199999999973e+01
1.255923199999999973e+01
1.258797599999999939e+01
1.258797599999999939e+01
1.260322500000000012e+01
1.260322500000000012e+01
1.262973599999999941e+01
1.262973599999999941e+01
1.263113899999999923e+01
1.263113899999999923e+01
1.263316499999999998e+01
1.263316499999999998e+01
1.263747299999999996e+01
1.263747299999999996e+01
1.268359099999999984e+01
1.268359099999999984e+01
1.269177799999999934e+01
1.269177799999999934e+01
1.269723800000000047e+01
1.269723800000000047e+01
1.274907600000000052e+01
1.274907600000000052e+01
1.276855300000000071e+01
1.276855300000000071e+01
1.278706099999999957e+01
1.278706099999999957e+01
1.279777999999999949e+01
1.279777999999999949e+01
1.283205000000000062e+01
1.283205000000000062e+01
1.285838399999999915e+01
1.285838399999999915e+01
1.294377899999999926e+01
1.294377899999999926e+01
1.296052000000000071e+01
1.296052000000000071e+01
1.298579600000000056e+01
1.298579600000000056e+01
1.298807500000000026e+01
1.298807500000000026e+01
1.299826900000000052e+01
1.299826900000000052e+01
1.300383500000000048e+01
1.300383500000000048e+01
1.300822699999999976e+01
1.300822699999999976e+01
1.305859300000000012e+01
1.305859300000000012e+01
1.312248899999999985e+01
1.312248899999999985e+01
1.316690099999999930e+01
1.316690099999999930e+01
1.317792099999999955e+01
1.317792099999999955e+01
1.318139599999999945e+01
1.318139599999999945e+01
1.320226800000000011e+01
1.320226800000000011e+01
1.326344500000000082e+01
1.326344500000000082e+01
1.329063200000000045e+01
1.329063200000000045e+01
1.329174899999999937e+01
1.329174899999999937e+01
1.329736699999999949e+01
1.329736699999999949e+01
1.329818200000000061e+01
1.329818200000000061e+01
1.330645699999999998e+01
1.330645699999999998e+01
1.333453800000000022e+01
1.333453800000000022e+01
1.341106100000000012e+01
1.341106100000000012e+01
1.342988300000000024e+01
1.342988300000000024e+01
1.343165199999999970e+01
1.343165199999999970e+01
1.344599700000000020e+01
1.344599700000000020e+01
1.345725099999999941e+01
1.345725099999999941e+01
1.347264200000000045e+01
1.347264200000000045e+01
1.350850900000000010e+01
1.350850900000000010e+01
1.354925300000000021e+01
1.354925300000000021e+01
1.355078400000000016e+01
1.355078400000000016e+01
1.355369499999999938e+01
1.355369499999999938e+01
1.360181200000000068e+01
1.360181200000000068e+01
1.364109999999999978e+01
1.364109999999999978e+01
1.364486800000000066e+01
1.364486800000000066e+01
1.374289100000000019e+01
1.374289100000000019e+01
1.376919700000000013e+01
1.376919700000000013e+01
1.376924499999999973e+01
1.376924499999999973e+01
1.383115399999999973e+01
1.383115399999999973e+01
1.384054800000000007e+01
1.384054800000000007e+01
1.387531300000000023e+01
1.387531300000000023e+01
1.388911099999999976e+01
1.388911099999999976e+01
1.392599799999999988e+01
1.392599799999999988e+01
1.395346900000000012e+01
1.395346900000000012e+01
1.401421900000000065e+01
1.401421900000000065e+01
1.402951299999999968e+01
1.402951299999999968e+01
1.407232999999999912e+01
1.407232999999999912e+01
1.408107299999999995e+01
1.408107299999999995e+01
1.409492400000000067e+01
1.409492400000000067e+01
1.414964799999999912e+01
1.414964799999999912e+01
1.417885799999999996e+01
1.417885799999999996e+01
1.418841899999999967e+01
1.418841899999999967e+01
1.419085699999999939e+01
1.419085699999999939e+01
1.424773599999999973e+01
1.424773599999999973e+01
1.424908399999999986e+01
1.424908399999999986e+01
