# AtomId eventId barrier
2.570000000000000000e+02 6.053900000000000000e+05 1.261029999999999929e-01
2.580000000000000000e+02 1.250048000000000000e+06 5.806799999999999740e-01
2.580000000000000000e+02 9.072010000000000000e+05 9.882649999999999491e-01
2.580000000000000000e+02 1.063561000000000000e+06 9.800050000000000150e-01
2.580000000000000000e+02 1.227974000000000000e+06 8.931489999999999707e-01
2.590000000000000000e+02 7.303970000000000000e+05 4.635079999999999756e-01
2.590000000000000000e+02 8.422700000000000000e+04 4.369790000000000063e-01
2.590000000000000000e+02 1.222700000000000000e+04 4.032160000000000188e-01
2.600000000000000000e+02 1.242542000000000000e+06 5.230960000000000054e-01
2.610000000000000000e+02 4.326910000000000000e+05 5.756240000000000245e-01
2.620000000000000000e+02 8.234970000000000000e+05 1.721179999999999932e-01
2.630000000000000000e+02 1.258885000000000000e+06 8.481389999999999763e-01
2.630000000000000000e+02 2.312150000000000000e+05 9.131660000000000332e-01
2.630000000000000000e+02 4.157610000000000000e+05 8.946479999999999988e-01
2.640000000000000000e+02 1.222700000000000000e+04 4.233080000000000176e-01
2.640000000000000000e+02 1.132357000000000000e+06 4.133879999999999777e-01
2.640000000000000000e+02 8.422700000000000000e+04 4.137440000000000007e-01
2.650000000000000000e+02 2.622410000000000000e+05 5.052000000000000240e-02
2.650000000000000000e+02 1.266945000000000000e+06 1.775090000000000001e-01
2.650000000000000000e+02 5.066070000000000000e+05 1.029729999999999951e-01
2.660000000000000000e+02 9.291230000000000000e+05 3.459909999999999930e-01
2.570000000000000000e+02 5.512970000000000000e+05 6.534099999999999631e-02
2.580000000000000000e+02 1.250048000000000000e+06 5.946360000000000534e-01
2.580000000000000000e+02 1.063561000000000000e+06 8.789709999999999468e-01
2.580000000000000000e+02 9.072010000000000000e+05 1.005077999999999916e+00
2.580000000000000000e+02 1.227974000000000000e+06 8.993120000000000003e-01
2.590000000000000000e+02 1.222700000000000000e+04 4.219330000000000025e-01
2.590000000000000000e+02 8.422700000000000000e+04 4.355010000000000270e-01
2.600000000000000000e+02 1.242542000000000000e+06 5.329639999999999933e-01
2.610000000000000000e+02 4.326910000000000000e+05 5.775919999999999943e-01
2.620000000000000000e+02 8.234970000000000000e+05 1.721999999999999920e-01
2.620000000000000000e+02 4.994480000000000000e+05 4.134559999999999902e-01
2.630000000000000000e+02 1.258885000000000000e+06 8.649489999999999679e-01
2.630000000000000000e+02 2.312150000000000000e+05 9.343639999999999723e-01
2.630000000000000000e+02 4.157610000000000000e+05 9.135229999999999739e-01
2.640000000000000000e+02 1.222700000000000000e+04 4.252619999999999734e-01
2.640000000000000000e+02 8.422700000000000000e+04 4.220130000000000270e-01
2.650000000000000000e+02 1.014941000000000000e+06 5.095600000000000129e-02
2.650000000000000000e+02 7.337350000000000000e+05 7.264700000000000324e-02
2.650000000000000000e+02 1.058470000000000000e+06 8.962100000000000621e-02
2.660000000000000000e+02 9.291230000000000000e+05 3.471020000000000216e-01
2.570000000000000000e+02 6.053900000000000000e+05 1.261230000000000129e-01
2.580000000000000000e+02 1.250048000000000000e+06 5.806789999999999452e-01
2.580000000000000000e+02 9.072010000000000000e+05 9.882659999999999778e-01
2.580000000000000000e+02 1.063561000000000000e+06 9.800050000000000150e-01
2.580000000000000000e+02 1.227974000000000000e+06 8.931320000000000370e-01
2.590000000000000000e+02 1.222700000000000000e+04 4.031669999999999976e-01
2.590000000000000000e+02 8.422700000000000000e+04 4.369779999999999776e-01
2.590000000000000000e+02 7.303970000000000000e+05 4.635110000000000063e-01
2.600000000000000000e+02 1.242542000000000000e+06 5.231949999999999656e-01
2.610000000000000000e+02 4.326910000000000000e+05 5.756240000000000245e-01
2.620000000000000000e+02 8.234970000000000000e+05 1.721060000000000090e-01
2.630000000000000000e+02 1.258885000000000000e+06 8.481389999999999763e-01
2.630000000000000000e+02 2.312150000000000000e+05 9.131650000000000045e-01
2.630000000000000000e+02 4.157610000000000000e+05 8.946469999999999700e-01
2.640000000000000000e+02 1.222700000000000000e+04 4.233080000000000176e-01
2.640000000000000000e+02 1.132357000000000000e+06 4.136600000000000277e-01
2.640000000000000000e+02 8.422700000000000000e+04 4.137359999999999927e-01
2.650000000000000000e+02 9.640100000000000000e+05 1.029729999999999951e-01
2.650000000000000000e+02 1.266945000000000000e+06 1.775090000000000001e-01
2.650000000000000000e+02 2.622410000000000000e+05 5.052000000000000240e-02
2.660000000000000000e+02 9.291230000000000000e+05 3.459909999999999930e-01
2.570000000000000000e+02 6.053900000000000000e+05 1.210809999999999942e-01
2.580000000000000000e+02 1.250048000000000000e+06 5.947569999999999801e-01
2.580000000000000000e+02 1.063561000000000000e+06 9.852750000000000119e-01
2.580000000000000000e+02 9.072010000000000000e+05 9.807420000000000027e-01
2.580000000000000000e+02 1.227974000000000000e+06 8.869029999999999969e-01
2.590000000000000000e+02 1.222700000000000000e+04 4.008269999999999889e-01
2.590000000000000000e+02 1.132357000000000000e+06 4.340680000000000094e-01
2.590000000000000000e+02 8.422700000000000000e+04 4.329359999999999875e-01
2.590000000000000000e+02 7.303970000000000000e+05 4.623079999999999967e-01
2.600000000000000000e+02 1.242542000000000000e+06 5.277610000000000356e-01
2.610000000000000000e+02 4.326910000000000000e+05 5.769370000000000331e-01
2.620000000000000000e+02 2.759270000000000000e+05 3.550999999999999903e-03
2.630000000000000000e+02 1.258885000000000000e+06 8.456409999999999760e-01
2.630000000000000000e+02 2.312150000000000000e+05 9.266849999999999810e-01
2.630000000000000000e+02 4.157610000000000000e+05 8.742379999999999596e-01
2.640000000000000000e+02 1.222700000000000000e+04 4.224289999999999989e-01
2.640000000000000000e+02 1.132357000000000000e+06 4.396979999999999777e-01
2.640000000000000000e+02 8.422700000000000000e+04 4.195619999999999905e-01
2.650000000000000000e+02 2.622410000000000000e+05 4.971300000000000024e-02
2.650000000000000000e+02 1.266945000000000000e+06 1.793069999999999942e-01
2.650000000000000000e+02 5.066070000000000000e+05 1.031630000000000047e-01
2.580000000000000000e+02 1.250048000000000000e+06 5.773099999999999898e-01
2.580000000000000000e+02 1.070978000000000000e+06 1.170595000000000052e+00
2.580000000000000000e+02 1.063561000000000000e+06 9.667360000000000397e-01
2.580000000000000000e+02 9.072010000000000000e+05 9.673800000000000177e-01
2.580000000000000000e+02 1.227974000000000000e+06 8.742779999999999996e-01
2.590000000000000000e+02 1.222700000000000000e+04 3.995159999999999823e-01
2.590000000000000000e+02 8.422700000000000000e+04 4.482010000000000161e-01
2.600000000000000000e+02 1.242542000000000000e+06 5.254879999999999551e-01
2.610000000000000000e+02 4.326910000000000000e+05 5.680950000000000166e-01
2.620000000000000000e+02 2.759270000000000000e+05 4.315000000000000259e-03
2.630000000000000000e+02 1.250048000000000000e+06 7.221739999999999826e-01
2.630000000000000000e+02 9.072010000000000000e+05 9.144949999999999468e-01
2.630000000000000000e+02 1.227974000000000000e+06 9.138169999999999904e-01
2.640000000000000000e+02 1.222700000000000000e+04 4.226070000000000104e-01
2.640000000000000000e+02 1.132357000000000000e+06 4.335849999999999982e-01
2.640000000000000000e+02 8.422700000000000000e+04 4.298440000000000039e-01
2.650000000000000000e+02 9.216560000000000000e+05 3.006199999999999845e-02
2.650000000000000000e+02 1.058470000000000000e+06 3.325800000000000284e-02
2.650000000000000000e+02 7.337350000000000000e+05 5.056800000000000184e-02
2.570000000000000000e+02 6.053900000000000000e+05 2.849600000000000050e-02
2.580000000000000000e+02 1.250048000000000000e+06 5.636550000000000171e-01
2.580000000000000000e+02 1.070978000000000000e+06 1.168535000000000101e+00
2.580000000000000000e+02 9.072010000000000000e+05 9.738909999999999512e-01
2.580000000000000000e+02 1.063561000000000000e+06 9.620199999999999863e-01
2.580000000000000000e+02 1.227974000000000000e+06 8.797209999999999752e-01
2.590000000000000000e+02 1.222700000000000000e+04 4.015599999999999725e-01
2.590000000000000000e+02 8.422700000000000000e+04 4.523039999999999838e-01
2.600000000000000000e+02 1.242542000000000000e+06 5.214239999999999986e-01
2.610000000000000000e+02 4.326910000000000000e+05 5.670020000000000060e-01
2.620000000000000000e+02 8.234970000000000000e+05 1.764199999999999935e-01
2.630000000000000000e+02 1.250048000000000000e+06 7.157400000000000428e-01
2.630000000000000000e+02 9.072010000000000000e+05 9.023189999999999822e-01
2.630000000000000000e+02 1.227974000000000000e+06 9.545270000000000143e-01
2.640000000000000000e+02 1.222700000000000000e+04 4.234820000000000251e-01
2.640000000000000000e+02 1.132357000000000000e+06 4.346340000000000203e-01
2.640000000000000000e+02 8.422700000000000000e+04 4.235880000000000201e-01
2.650000000000000000e+02 9.216560000000000000e+05 3.169099999999999695e-02
2.650000000000000000e+02 7.337350000000000000e+05 4.850800000000000251e-02
2.650000000000000000e+02 1.058470000000000000e+06 3.359600000000000086e-02
2.570000000000000000e+02 7.758430000000000000e+05 4.151050000000000018e-01
2.570000000000000000e+02 2.303240000000000000e+05 8.987960000000000393e-01
2.570000000000000000e+02 4.644010000000000000e+05 4.466910000000000047e-01
2.570000000000000000e+02 8.411800000000000000e+05 3.807229999999999781e-01
2.580000000000000000e+02 9.920100000000000000e+05 7.302300000000000457e-01
2.580000000000000000e+02 4.482360000000000000e+05 9.501180000000000181e-01
2.580000000000000000e+02 9.854850000000000000e+05 8.852100000000000524e-01
2.590000000000000000e+02 1.222700000000000000e+04 3.976439999999999975e-01
2.590000000000000000e+02 8.422700000000000000e+04 4.543519999999999781e-01
2.600000000000000000e+02 1.242542000000000000e+06 5.303050000000000264e-01
2.610000000000000000e+02 1.242542000000000000e+06 5.956639999999999713e-01
2.620000000000000000e+02 8.234970000000000000e+05 1.781389999999999918e-01
2.620000000000000000e+02 4.994480000000000000e+05 4.431849999999999956e-01
2.630000000000000000e+02 9.920100000000000000e+05 7.036759999999999682e-01
2.630000000000000000e+02 4.482360000000000000e+05 9.156090000000000062e-01
2.630000000000000000e+02 9.854850000000000000e+05 8.803010000000000002e-01
2.640000000000000000e+02 1.222700000000000000e+04 4.160599999999999854e-01
2.640000000000000000e+02 8.422700000000000000e+04 4.181300000000000017e-01
2.650000000000000000e+02 5.512970000000000000e+05 4.548399999999999666e-02
2.660000000000000000e+02 9.291230000000000000e+05 3.424369999999999914e-01
2.570000000000000000e+02 3.453740000000000000e+05 4.287489999999999912e-01
2.570000000000000000e+02 2.249940000000000000e+05 4.145869999999999833e-01
2.570000000000000000e+02 1.926960000000000000e+05 4.399759999999999782e-01
2.580000000000000000e+02 9.920100000000000000e+05 7.252849999999999575e-01
2.580000000000000000e+02 4.482360000000000000e+05 9.503859999999999530e-01
2.580000000000000000e+02 9.854850000000000000e+05 8.899470000000000436e-01
2.590000000000000000e+02 1.222700000000000000e+04 4.119950000000000001e-01
2.590000000000000000e+02 8.422700000000000000e+04 4.289760000000000240e-01
2.600000000000000000e+02 1.242542000000000000e+06 5.335950000000000415e-01
2.610000000000000000e+02 1.242542000000000000e+06 5.881939999999999946e-01
2.620000000000000000e+02 8.234970000000000000e+05 1.742799999999999905e-01
2.620000000000000000e+02 4.994480000000000000e+05 4.329129999999999923e-01
2.630000000000000000e+02 9.920100000000000000e+05 7.120699999999999807e-01
2.630000000000000000e+02 4.482360000000000000e+05 9.169110000000000316e-01
2.630000000000000000e+02 9.854850000000000000e+05 8.841229999999999922e-01
2.640000000000000000e+02 8.422700000000000000e+04 4.268520000000000092e-01
2.640000000000000000e+02 1.132357000000000000e+06 4.355740000000000167e-01
2.640000000000000000e+02 1.222700000000000000e+04 4.177069999999999950e-01
2.650000000000000000e+02 1.118241000000000000e+06 4.852690000000000059e-01
2.650000000000000000e+02 5.467120000000000000e+05 4.904020000000000046e-01
2.650000000000000000e+02 1.117927000000000000e+06 3.495730000000000226e-01
2.660000000000000000e+02 9.291230000000000000e+05 3.407800000000000273e-01
2.570000000000000000e+02 1.926960000000000000e+05 4.390379999999999838e-01
2.570000000000000000e+02 3.453740000000000000e+05 4.322940000000000116e-01
2.570000000000000000e+02 2.249940000000000000e+05 4.198390000000000177e-01
2.580000000000000000e+02 9.920100000000000000e+05 7.254260000000000153e-01
2.580000000000000000e+02 4.482360000000000000e+05 9.419729999999999492e-01
2.580000000000000000e+02 9.854850000000000000e+05 8.818740000000000467e-01
2.590000000000000000e+02 8.422700000000000000e+04 4.260010000000000185e-01
2.590000000000000000e+02 1.222700000000000000e+04 4.154740000000000100e-01
2.600000000000000000e+02 1.242542000000000000e+06 5.354889999999999928e-01
2.610000000000000000e+02 1.242542000000000000e+06 5.824230000000000240e-01
2.620000000000000000e+02 1.250048000000000000e+06 7.655920000000000503e-01
2.620000000000000000e+02 1.070978000000000000e+06 1.026191000000000075e+00
2.620000000000000000e+02 1.092600000000000000e+05 1.031373000000000095e+00
2.620000000000000000e+02 1.063561000000000000e+06 1.009805999999999981e+00
2.620000000000000000e+02 9.072010000000000000e+05 9.114700000000000024e-01
2.620000000000000000e+02 1.227974000000000000e+06 8.491459999999999564e-01
2.630000000000000000e+02 9.920100000000000000e+05 7.313190000000000524e-01
2.630000000000000000e+02 4.482360000000000000e+05 9.265400000000000302e-01
2.630000000000000000e+02 9.854850000000000000e+05 8.663440000000000030e-01
2.640000000000000000e+02 8.422700000000000000e+04 4.220979999999999732e-01
2.640000000000000000e+02 1.132357000000000000e+06 4.340629999999999766e-01
2.640000000000000000e+02 1.222700000000000000e+04 4.169849999999999945e-01
2.650000000000000000e+02 1.117927000000000000e+06 3.484789999999999832e-01
2.650000000000000000e+02 5.467120000000000000e+05 4.892889999999999739e-01
2.650000000000000000e+02 1.118241000000000000e+06 4.900780000000000136e-01
2.660000000000000000e+02 2.801230000000000000e+05 8.921489999999999698e-01
2.660000000000000000e+02 1.070978000000000000e+06 9.943119999999999736e-01
2.660000000000000000e+02 1.092600000000000000e+05 1.040939000000000059e+00
2.660000000000000000e+02 1.063561000000000000e+06 1.079865000000000075e+00
2.660000000000000000e+02 9.072010000000000000e+05 9.095339999999999536e-01
2.570000000000000000e+02 3.453740000000000000e+05 4.290370000000000017e-01
2.570000000000000000e+02 2.249940000000000000e+05 4.190539999999999821e-01
2.570000000000000000e+02 1.926960000000000000e+05 4.389489999999999781e-01
2.580000000000000000e+02 9.920100000000000000e+05 7.373429999999999707e-01
2.580000000000000000e+02 9.854850000000000000e+05 8.827390000000000514e-01
2.590000000000000000e+02 8.422700000000000000e+04 4.196320000000000050e-01
2.590000000000000000e+02 1.222700000000000000e+04 4.232969999999999788e-01
2.600000000000000000e+02 1.242542000000000000e+06 5.369829999999999881e-01
2.610000000000000000e+02 1.242542000000000000e+06 5.691270000000000495e-01
2.630000000000000000e+02 9.920100000000000000e+05 7.526239999999999597e-01
2.630000000000000000e+02 4.482360000000000000e+05 8.922480000000000411e-01
2.630000000000000000e+02 9.854850000000000000e+05 8.443410000000000082e-01
2.640000000000000000e+02 8.422700000000000000e+04 4.139439999999999786e-01
2.640000000000000000e+02 1.222700000000000000e+04 4.173120000000000163e-01
2.650000000000000000e+02 1.117927000000000000e+06 3.532870000000000177e-01
2.650000000000000000e+02 5.467120000000000000e+05 4.934060000000000112e-01
2.650000000000000000e+02 1.118241000000000000e+06 4.886539999999999773e-01
2.660000000000000000e+02 5.301700000000000000e+04 6.990539999999999532e-01
2.660000000000000000e+02 9.601130000000000000e+05 9.844589999999999730e-01
2.570000000000000000e+02 2.249940000000000000e+05 4.218870000000000120e-01
2.570000000000000000e+02 3.453740000000000000e+05 4.286320000000000130e-01
2.570000000000000000e+02 1.926960000000000000e+05 4.373250000000000193e-01
2.580000000000000000e+02 9.920100000000000000e+05 7.461299999999999599e-01
2.580000000000000000e+02 9.854850000000000000e+05 8.692779999999999951e-01
2.590000000000000000e+02 1.222700000000000000e+04 4.179459999999999842e-01
2.590000000000000000e+02 8.422700000000000000e+04 4.167759999999999798e-01
2.600000000000000000e+02 1.242542000000000000e+06 5.366309999999999691e-01
2.610000000000000000e+02 1.242542000000000000e+06 5.735740000000000283e-01
2.620000000000000000e+02 5.301700000000000000e+04 5.409260000000000179e-01
2.620000000000000000e+02 9.601130000000000000e+05 8.590619999999999923e-01
2.630000000000000000e+02 9.920100000000000000e+05 7.502630000000000132e-01
2.630000000000000000e+02 9.854850000000000000e+05 8.113580000000000236e-01
2.640000000000000000e+02 1.117927000000000000e+06 3.327039999999999997e-01
2.640000000000000000e+02 5.467120000000000000e+05 5.113400000000000167e-01
2.650000000000000000e+02 1.117927000000000000e+06 3.525260000000000060e-01
2.650000000000000000e+02 5.467120000000000000e+05 4.884109999999999840e-01
2.650000000000000000e+02 1.118241000000000000e+06 4.843029999999999835e-01
2.660000000000000000e+02 8.180920000000000000e+05 8.769519999999999538e-01
2.570000000000000000e+02 2.249940000000000000e+05 4.224910000000000054e-01
2.570000000000000000e+02 1.926960000000000000e+05 4.367039999999999811e-01
2.570000000000000000e+02 3.453740000000000000e+05 4.339180000000000259e-01
2.580000000000000000e+02 9.920100000000000000e+05 7.181349999999999678e-01
2.580000000000000000e+02 4.482360000000000000e+05 9.043879999999999697e-01
2.580000000000000000e+02 9.854850000000000000e+05 8.567780000000000395e-01
2.590000000000000000e+02 1.222700000000000000e+04 4.147710000000000008e-01
2.590000000000000000e+02 8.422700000000000000e+04 4.201699999999999879e-01
2.600000000000000000e+02 1.242542000000000000e+06 5.313639999999999475e-01
2.610000000000000000e+02 1.242542000000000000e+06 5.858649999999999691e-01
2.620000000000000000e+02 1.258885000000000000e+06 7.851249999999999618e-01
2.620000000000000000e+02 2.312150000000000000e+05 8.995570000000000510e-01
2.620000000000000000e+02 9.544920000000000000e+05 8.847239999999999549e-01
2.620000000000000000e+02 4.157610000000000000e+05 1.004202999999999957e+00
2.630000000000000000e+02 9.920100000000000000e+05 6.234260000000000357e-01
2.630000000000000000e+02 9.854850000000000000e+05 8.793100000000000360e-01
2.640000000000000000e+02 1.117927000000000000e+06 3.657230000000000203e-01
2.640000000000000000e+02 5.467120000000000000e+05 5.273510000000000142e-01
2.640000000000000000e+02 1.118241000000000000e+06 5.221029999999999838e-01
2.650000000000000000e+02 1.117927000000000000e+06 3.661030000000000117e-01
2.650000000000000000e+02 1.118241000000000000e+06 4.872980000000000089e-01
2.650000000000000000e+02 5.467120000000000000e+05 4.955089999999999772e-01
2.660000000000000000e+02 1.227974000000000000e+06 8.418320000000000247e-01
2.660000000000000000e+02 1.070978000000000000e+06 9.284170000000000478e-01
2.660000000000000000e+02 1.092600000000000000e+05 1.028091000000000088e+00
2.660000000000000000e+02 1.063561000000000000e+06 1.009357999999999977e+00
2.660000000000000000e+02 9.072010000000000000e+05 9.160970000000000502e-01
2.570000000000000000e+02 8.411800000000000000e+05 3.934699999999999864e-01
2.570000000000000000e+02 2.303240000000000000e+05 9.264970000000000150e-01
2.570000000000000000e+02 4.644010000000000000e+05 4.368270000000000208e-01
2.570000000000000000e+02 7.758430000000000000e+05 3.741530000000000133e-01
2.580000000000000000e+02 9.920100000000000000e+05 7.463189999999999547e-01
2.580000000000000000e+02 9.854850000000000000e+05 8.693450000000000344e-01
2.590000000000000000e+02 1.222700000000000000e+04 4.179780000000000162e-01
2.590000000000000000e+02 8.422700000000000000e+04 4.169729999999999825e-01
2.600000000000000000e+02 1.242542000000000000e+06 5.364569999999999617e-01
2.610000000000000000e+02 1.242542000000000000e+06 5.796649999999999858e-01
2.620000000000000000e+02 5.301700000000000000e+04 5.410009999999999541e-01
2.620000000000000000e+02 9.601130000000000000e+05 8.581400000000000139e-01
2.630000000000000000e+02 9.920100000000000000e+05 7.503779999999999895e-01
2.630000000000000000e+02 9.854850000000000000e+05 8.112580000000000346e-01
2.640000000000000000e+02 1.117927000000000000e+06 3.337289999999999979e-01
2.640000000000000000e+02 5.467120000000000000e+05 5.109369999999999745e-01
2.650000000000000000e+02 1.117927000000000000e+06 3.524990000000000068e-01
2.650000000000000000e+02 5.467120000000000000e+05 4.883399999999999963e-01
2.650000000000000000e+02 1.118241000000000000e+06 4.843450000000000255e-01
2.660000000000000000e+02 8.180920000000000000e+05 8.769869999999999610e-01
2.570000000000000000e+02 3.453740000000000000e+05 4.291200000000000014e-01
2.570000000000000000e+02 2.249940000000000000e+05 4.190380000000000216e-01
2.570000000000000000e+02 1.926960000000000000e+05 4.387690000000000201e-01
2.580000000000000000e+02 9.920100000000000000e+05 7.373819999999999819e-01
2.580000000000000000e+02 9.854850000000000000e+05 8.817080000000000473e-01
2.590000000000000000e+02 8.422700000000000000e+04 4.196699999999999875e-01
2.590000000000000000e+02 1.222700000000000000e+04 4.231849999999999778e-01
2.600000000000000000e+02 1.242542000000000000e+06 5.369909999999999961e-01
2.610000000000000000e+02 1.242542000000000000e+06 5.689689999999999470e-01
2.620000000000000000e+02 1.083048000000000000e+06 4.352440000000000198e-01
2.630000000000000000e+02 9.920100000000000000e+05 7.524450000000000305e-01
2.630000000000000000e+02 4.482360000000000000e+05 8.919310000000000294e-01
2.630000000000000000e+02 9.854850000000000000e+05 8.441739999999999799e-01
2.640000000000000000e+02 1.222700000000000000e+04 4.181699999999999862e-01
2.640000000000000000e+02 1.132357000000000000e+06 4.366889999999999938e-01
2.640000000000000000e+02 8.422700000000000000e+04 4.139309999999999934e-01
2.650000000000000000e+02 1.117927000000000000e+06 3.533000000000000029e-01
2.650000000000000000e+02 1.118241000000000000e+06 4.885880000000000223e-01
2.650000000000000000e+02 5.467120000000000000e+05 5.148179999999999978e-01
2.660000000000000000e+02 5.301700000000000000e+04 6.989779999999999882e-01
2.660000000000000000e+02 9.601130000000000000e+05 9.843300000000000383e-01
2.570000000000000000e+02 3.453740000000000000e+05 4.414319999999999911e-01
2.570000000000000000e+02 2.249940000000000000e+05 4.239439999999999875e-01
2.570000000000000000e+02 1.926960000000000000e+05 4.292400000000000104e-01
2.580000000000000000e+02 9.920100000000000000e+05 6.795689999999999786e-01
2.580000000000000000e+02 9.854850000000000000e+05 8.830909999999999593e-01
2.590000000000000000e+02 6.180800000000000000e+04 4.516809999999999992e-01
2.590000000000000000e+02 1.222700000000000000e+04 4.408219999999999916e-01
2.590000000000000000e+02 8.422700000000000000e+04 4.277380000000000071e-01
2.600000000000000000e+02 8.602370000000000000e+05 4.271079999999999877e-01
2.600000000000000000e+02 1.222700000000000000e+04 4.524099999999999788e-01
2.600000000000000000e+02 8.422700000000000000e+04 4.158990000000000187e-01
2.620000000000000000e+02 1.083048000000000000e+06 4.349810000000000065e-01
2.630000000000000000e+02 9.920100000000000000e+05 7.489029999999999854e-01
2.630000000000000000e+02 4.482360000000000000e+05 8.976150000000000517e-01
2.630000000000000000e+02 9.854850000000000000e+05 8.502549999999999830e-01
2.640000000000000000e+02 6.180800000000000000e+04 4.348520000000000163e-01
2.640000000000000000e+02 1.132357000000000000e+06 4.569920000000000093e-01
2.640000000000000000e+02 1.222700000000000000e+04 4.172290000000000165e-01
2.640000000000000000e+02 8.422700000000000000e+04 4.196540000000000270e-01
2.650000000000000000e+02 1.117927000000000000e+06 3.577529999999999877e-01
2.650000000000000000e+02 5.467120000000000000e+05 4.975749999999999895e-01
2.650000000000000000e+02 1.118241000000000000e+06 4.931729999999999725e-01
2.660000000000000000e+02 5.301700000000000000e+04 7.073450000000000015e-01
2.660000000000000000e+02 9.601130000000000000e+05 9.739609999999999657e-01
2.570000000000000000e+02 3.453740000000000000e+05 4.424170000000000047e-01
2.570000000000000000e+02 2.249940000000000000e+05 4.243310000000000137e-01
2.570000000000000000e+02 1.926960000000000000e+05 4.286380000000000190e-01
2.580000000000000000e+02 9.920100000000000000e+05 7.402779999999999916e-01
2.580000000000000000e+02 4.482360000000000000e+05 9.416189999999999838e-01
2.580000000000000000e+02 9.854850000000000000e+05 8.825539999999999496e-01
2.590000000000000000e+02 6.180800000000000000e+04 4.398540000000000227e-01
2.590000000000000000e+02 1.222700000000000000e+04 4.338420000000000054e-01
2.590000000000000000e+02 8.422700000000000000e+04 4.330720000000000125e-01
2.600000000000000000e+02 6.180800000000000000e+04 4.291059999999999874e-01
2.600000000000000000e+02 1.132357000000000000e+06 4.563420000000000254e-01
2.600000000000000000e+02 1.222700000000000000e+04 4.546250000000000013e-01
2.600000000000000000e+02 8.422700000000000000e+04 4.106500000000000150e-01
2.620000000000000000e+02 1.250048000000000000e+06 7.708589999999999609e-01
2.620000000000000000e+02 1.070978000000000000e+06 1.015492999999999979e+00
2.620000000000000000e+02 1.092600000000000000e+05 1.030885999999999969e+00
2.620000000000000000e+02 1.063561000000000000e+06 1.013551000000000091e+00
2.620000000000000000e+02 9.072010000000000000e+05 9.113120000000000109e-01
2.620000000000000000e+02 1.227974000000000000e+06 8.504500000000000393e-01
2.630000000000000000e+02 9.920100000000000000e+05 7.280879999999999574e-01
2.630000000000000000e+02 4.482360000000000000e+05 9.102099999999999635e-01
2.630000000000000000e+02 9.854850000000000000e+05 8.737230000000000274e-01
2.640000000000000000e+02 6.180800000000000000e+04 4.365669999999999829e-01
2.640000000000000000e+02 1.132357000000000000e+06 4.453730000000000189e-01
2.640000000000000000e+02 1.222700000000000000e+04 4.167520000000000113e-01
2.640000000000000000e+02 8.422700000000000000e+04 4.281139999999999946e-01
2.650000000000000000e+02 1.117927000000000000e+06 3.526779999999999915e-01
2.650000000000000000e+02 5.467120000000000000e+05 4.932670000000000110e-01
2.650000000000000000e+02 1.118241000000000000e+06 4.945140000000000091e-01
2.660000000000000000e+02 1.250048000000000000e+06 8.294989999999999863e-01
2.660000000000000000e+02 1.070978000000000000e+06 9.880290000000000461e-01
2.660000000000000000e+02 1.092600000000000000e+05 1.046564999999999968e+00
2.660000000000000000e+02 1.063561000000000000e+06 1.079129000000000005e+00
2.660000000000000000e+02 9.072010000000000000e+05 9.040080000000000338e-01
2.660000000000000000e+02 1.227974000000000000e+06 8.732779999999999987e-01
2.570000000000000000e+02 7.530200000000000000e+04 4.285700000000000065e-01
2.580000000000000000e+02 1.258885000000000000e+06 8.839580000000000215e-01
2.580000000000000000e+02 2.312150000000000000e+05 1.005128999999999939e+00
2.580000000000000000e+02 9.544920000000000000e+05 6.358489999999999975e-01
2.590000000000000000e+02 6.180800000000000000e+04 4.386519999999999864e-01
2.590000000000000000e+02 1.222700000000000000e+04 4.295300000000000229e-01
2.590000000000000000e+02 8.422700000000000000e+04 4.322550000000000003e-01
2.600000000000000000e+02 6.180800000000000000e+04 4.345200000000000173e-01
2.600000000000000000e+02 1.222700000000000000e+04 4.546830000000000038e-01
2.600000000000000000e+02 8.422700000000000000e+04 4.116440000000000099e-01
2.620000000000000000e+02 1.250048000000000000e+06 7.405960000000000321e-01
2.620000000000000000e+02 1.070978000000000000e+06 1.032291000000000070e+00
2.620000000000000000e+02 1.092600000000000000e+05 1.032786999999999900e+00
2.620000000000000000e+02 1.063561000000000000e+06 1.003624000000000072e+00
2.620000000000000000e+02 9.072010000000000000e+05 9.205849999999999866e-01
2.620000000000000000e+02 1.227974000000000000e+06 8.607219999999999871e-01
2.630000000000000000e+02 8.539630000000000000e+05 8.980860000000000509e-01
2.640000000000000000e+02 6.180800000000000000e+04 4.342530000000000001e-01
2.640000000000000000e+02 1.222700000000000000e+04 4.157239999999999824e-01
2.640000000000000000e+02 8.422700000000000000e+04 4.297429999999999861e-01
2.640000000000000000e+02 8.602370000000000000e+05 4.340680000000000094e-01
2.650000000000000000e+02 1.117927000000000000e+06 3.410440000000000138e-01
2.650000000000000000e+02 5.467120000000000000e+05 4.977130000000000165e-01
2.650000000000000000e+02 1.118241000000000000e+06 4.923370000000000246e-01
2.660000000000000000e+02 1.227974000000000000e+06 8.872139999999999471e-01
2.660000000000000000e+02 1.070978000000000000e+06 1.023579000000000017e+00
2.660000000000000000e+02 1.092600000000000000e+05 1.048831999999999987e+00
2.660000000000000000e+02 1.063561000000000000e+06 1.066726999999999981e+00
2.660000000000000000e+02 9.072010000000000000e+05 9.125039999999999818e-01
2.570000000000000000e+02 5.906300000000000000e+04 4.870570000000000177e-01
2.580000000000000000e+02 2.118410000000000000e+05 3.975899999999999990e-01
2.590000000000000000e+02 6.180800000000000000e+04 4.349560000000000093e-01
2.590000000000000000e+02 1.222700000000000000e+04 4.344580000000000108e-01
2.590000000000000000e+02 8.422700000000000000e+04 4.282219999999999915e-01
2.600000000000000000e+02 6.180800000000000000e+04 4.294390000000000152e-01
2.600000000000000000e+02 1.132357000000000000e+06 4.325089999999999768e-01
2.600000000000000000e+02 1.222700000000000000e+04 4.586160000000000236e-01
2.600000000000000000e+02 8.422700000000000000e+04 4.241920000000000135e-01
2.620000000000000000e+02 1.250048000000000000e+06 7.897509999999999808e-01
2.620000000000000000e+02 1.070978000000000000e+06 1.041071999999999997e+00
2.620000000000000000e+02 1.063561000000000000e+06 1.056419999999999915e+00
2.620000000000000000e+02 9.072010000000000000e+05 9.326799999999999535e-01
2.620000000000000000e+02 1.227974000000000000e+06 8.782330000000000414e-01
2.630000000000000000e+02 3.768180000000000000e+05 1.089900000000000070e-02
2.640000000000000000e+02 6.180800000000000000e+04 4.320680000000000076e-01
2.640000000000000000e+02 1.132357000000000000e+06 4.234450000000000158e-01
2.640000000000000000e+02 1.222700000000000000e+04 4.061339999999999950e-01
2.640000000000000000e+02 8.422700000000000000e+04 4.238540000000000085e-01
2.650000000000000000e+02 1.117927000000000000e+06 3.449599999999999889e-01
2.650000000000000000e+02 5.467120000000000000e+05 4.944859999999999811e-01
2.650000000000000000e+02 1.118241000000000000e+06 4.850490000000000079e-01
2.660000000000000000e+02 1.250048000000000000e+06 8.058319999999999927e-01
2.660000000000000000e+02 1.070978000000000000e+06 9.601269999999999527e-01
2.660000000000000000e+02 1.092600000000000000e+05 1.020783999999999914e+00
2.660000000000000000e+02 1.063561000000000000e+06 1.037185999999999941e+00
2.660000000000000000e+02 9.072010000000000000e+05 9.188859999999999806e-01
2.660000000000000000e+02 1.227974000000000000e+06 8.691719999999999446e-01
2.580000000000000000e+02 9.388020000000000000e+05 4.360789999999999944e-01
2.580000000000000000e+02 7.207960000000000000e+05 4.985870000000000024e-01
2.580000000000000000e+02 1.216941000000000000e+06 1.866500000000000103e-02
2.580000000000000000e+02 1.216941000000000000e+06 1.866500000000000103e-02
2.590000000000000000e+02 8.602370000000000000e+05 4.283339999999999925e-01
2.620000000000000000e+02 1.092600000000000000e+05 1.033646999999999982e+00
2.640000000000000000e+02 8.602370000000000000e+05 4.339529999999999776e-01
2.650000000000000000e+02 5.467120000000000000e+05 5.194790000000000241e-01
2.660000000000000000e+02 1.063561000000000000e+06 1.061989000000000072e+00
2.570000000000000000e+02 1.772220000000000000e+05 4.020929999999999782e-01
2.580000000000000000e+02 1.258885000000000000e+06 8.835229999999999473e-01
2.580000000000000000e+02 2.312150000000000000e+05 1.004866999999999955e+00
2.580000000000000000e+02 9.544920000000000000e+05 4.734309999999999907e-01
2.590000000000000000e+02 6.180800000000000000e+04 4.386490000000000111e-01
2.590000000000000000e+02 1.222700000000000000e+04 4.295340000000000269e-01
2.590000000000000000e+02 8.422700000000000000e+04 4.322500000000000231e-01
2.590000000000000000e+02 8.602370000000000000e+05 4.385020000000000029e-01
2.600000000000000000e+02 6.180800000000000000e+04 4.345169999999999866e-01
2.600000000000000000e+02 1.132357000000000000e+06 4.555359999999999965e-01
2.600000000000000000e+02 1.222700000000000000e+04 4.546799999999999731e-01
2.600000000000000000e+02 8.422700000000000000e+04 4.116540000000000199e-01
2.620000000000000000e+02 1.250048000000000000e+06 7.406249999999999778e-01
2.620000000000000000e+02 1.070978000000000000e+06 1.032329000000000052e+00
2.620000000000000000e+02 1.092600000000000000e+05 1.032794999999999908e+00
2.620000000000000000e+02 1.063561000000000000e+06 1.003484999999999960e+00
2.620000000000000000e+02 9.072010000000000000e+05 9.205630000000000202e-01
2.620000000000000000e+02 1.227974000000000000e+06 8.607390000000000319e-01
2.630000000000000000e+02 8.539630000000000000e+05 8.980850000000000222e-01
2.640000000000000000e+02 6.180800000000000000e+04 4.342550000000000021e-01
2.640000000000000000e+02 1.132357000000000000e+06 4.428150000000000142e-01
2.640000000000000000e+02 1.222700000000000000e+04 4.157259999999999844e-01
2.640000000000000000e+02 8.422700000000000000e+04 4.297389999999999821e-01
2.650000000000000000e+02 1.117927000000000000e+06 3.410500000000000198e-01
2.650000000000000000e+02 5.467120000000000000e+05 4.974469999999999725e-01
2.650000000000000000e+02 1.118241000000000000e+06 4.923350000000000226e-01
2.660000000000000000e+02 1.250048000000000000e+06 8.080580000000000540e-01
2.660000000000000000e+02 1.070978000000000000e+06 1.023562000000000083e+00
2.660000000000000000e+02 1.092600000000000000e+05 1.048832999999999904e+00
2.660000000000000000e+02 1.063561000000000000e+06 1.066662999999999917e+00
2.660000000000000000e+02 9.072010000000000000e+05 9.124820000000000153e-01
2.660000000000000000e+02 1.227974000000000000e+06 8.872120000000000006e-01
2.570000000000000000e+02 1.772220000000000000e+05 4.214310000000000000e-01
2.580000000000000000e+02 1.258885000000000000e+06 8.915809999999999569e-01
2.580000000000000000e+02 2.312150000000000000e+05 1.009355000000000002e+00
2.590000000000000000e+02 6.180800000000000000e+04 4.421410000000000062e-01
2.590000000000000000e+02 8.422700000000000000e+04 4.417639999999999900e-01
2.590000000000000000e+02 1.222700000000000000e+04 4.209530000000000216e-01
2.600000000000000000e+02 6.180800000000000000e+04 4.300329999999999986e-01
2.600000000000000000e+02 1.132357000000000000e+06 4.577359999999999762e-01
2.600000000000000000e+02 1.222700000000000000e+04 4.476990000000000136e-01
2.600000000000000000e+02 8.422700000000000000e+04 4.128820000000000268e-01
2.620000000000000000e+02 1.250048000000000000e+06 7.494610000000000438e-01
2.620000000000000000e+02 1.070978000000000000e+06 1.036575999999999942e+00
2.620000000000000000e+02 1.063561000000000000e+06 1.010437999999999947e+00
2.620000000000000000e+02 9.072010000000000000e+05 9.416369999999999463e-01
2.620000000000000000e+02 1.227974000000000000e+06 8.790879999999999805e-01
2.630000000000000000e+02 8.539630000000000000e+05 9.002459999999999907e-01
2.640000000000000000e+02 6.180800000000000000e+04 4.346110000000000251e-01
2.640000000000000000e+02 1.132357000000000000e+06 4.460259999999999780e-01
2.640000000000000000e+02 1.222700000000000000e+04 4.141529999999999934e-01
2.640000000000000000e+02 8.422700000000000000e+04 4.328259999999999885e-01
2.650000000000000000e+02 1.102792000000000000e+06 4.255880000000000218e-01
2.650000000000000000e+02 8.422700000000000000e+04 4.291869999999999852e-01
2.650000000000000000e+02 6.180800000000000000e+04 4.506419999999999870e-01
2.660000000000000000e+02 1.250048000000000000e+06 8.068100000000000271e-01
2.660000000000000000e+02 1.070978000000000000e+06 1.023962999999999957e+00
2.660000000000000000e+02 1.092600000000000000e+05 1.062797999999999909e+00
2.660000000000000000e+02 1.063561000000000000e+06 1.070354999999999945e+00
2.660000000000000000e+02 9.072010000000000000e+05 9.267320000000000002e-01
2.660000000000000000e+02 1.227974000000000000e+06 8.851419999999999844e-01
2.570000000000000000e+02 5.906300000000000000e+04 4.880630000000000246e-01
2.580000000000000000e+02 2.118410000000000000e+05 3.970759999999999845e-01
2.590000000000000000e+02 6.180800000000000000e+04 4.386180000000000079e-01
2.590000000000000000e+02 1.222700000000000000e+04 4.259069999999999800e-01
2.590000000000000000e+02 8.422700000000000000e+04 4.378409999999999802e-01
2.600000000000000000e+02 6.180800000000000000e+04 4.250849999999999906e-01
2.600000000000000000e+02 1.132357000000000000e+06 4.347860000000000058e-01
2.600000000000000000e+02 1.222700000000000000e+04 4.518630000000000146e-01
2.600000000000000000e+02 8.422700000000000000e+04 4.257190000000000141e-01
2.620000000000000000e+02 1.250048000000000000e+06 8.024019999999999486e-01
2.620000000000000000e+02 1.070978000000000000e+06 1.049981999999999971e+00
2.620000000000000000e+02 1.063561000000000000e+06 1.065379999999999994e+00
2.620000000000000000e+02 9.072010000000000000e+05 9.556869999999999532e-01
2.620000000000000000e+02 1.227974000000000000e+06 9.015079999999999760e-01
2.630000000000000000e+02 3.201510000000000000e+05 1.089900000000000070e-02
2.630000000000000000e+02 3.768180000000000000e+05 2.142099999999999907e-02
2.640000000000000000e+02 6.180800000000000000e+04 4.322889999999999788e-01
2.640000000000000000e+02 1.132357000000000000e+06 4.713709999999999845e-01
2.640000000000000000e+02 1.222700000000000000e+04 4.042350000000000110e-01
2.640000000000000000e+02 8.422700000000000000e+04 4.268259999999999832e-01
2.650000000000000000e+02 6.180800000000000000e+04 4.478360000000000118e-01
2.650000000000000000e+02 1.222700000000000000e+04 4.445250000000000035e-01
2.650000000000000000e+02 8.422700000000000000e+04 4.251260000000000039e-01
2.660000000000000000e+02 1.250048000000000000e+06 8.033000000000000140e-01
2.660000000000000000e+02 1.070978000000000000e+06 9.784810000000000452e-01
2.660000000000000000e+02 1.063561000000000000e+06 1.046459999999999946e+00
2.660000000000000000e+02 9.072010000000000000e+05 9.360209999999999919e-01
2.660000000000000000e+02 1.227974000000000000e+06 8.694830000000000059e-01
2.570000000000000000e+02 5.906300000000000000e+04 4.909160000000000190e-01
2.590000000000000000e+02 6.180800000000000000e+04 4.398139999999999827e-01
2.590000000000000000e+02 1.222700000000000000e+04 4.262560000000000238e-01
2.590000000000000000e+02 8.422700000000000000e+04 4.365530000000000244e-01
2.600000000000000000e+02 6.180800000000000000e+04 4.270280000000000187e-01
2.600000000000000000e+02 1.132357000000000000e+06 4.357269999999999754e-01
2.600000000000000000e+02 1.222700000000000000e+04 4.570000000000000173e-01
2.600000000000000000e+02 8.422700000000000000e+04 4.206460000000000199e-01
2.620000000000000000e+02 1.250048000000000000e+06 8.038490000000000357e-01
2.620000000000000000e+02 1.070978000000000000e+06 1.052240999999999982e+00
2.620000000000000000e+02 1.063561000000000000e+06 1.061353999999999909e+00
2.620000000000000000e+02 9.072010000000000000e+05 9.529170000000000140e-01
2.620000000000000000e+02 1.227974000000000000e+06 9.000660000000000327e-01
2.640000000000000000e+02 6.376610000000000000e+05 3.825500000000000012e-01
2.640000000000000000e+02 5.467120000000000000e+05 4.819539999999999935e-01
2.640000000000000000e+02 1.295068000000000000e+06 4.733970000000000122e-01
2.650000000000000000e+02 6.180800000000000000e+04 4.492369999999999974e-01
2.650000000000000000e+02 1.222700000000000000e+04 4.428630000000000067e-01
2.650000000000000000e+02 8.422700000000000000e+04 4.266199999999999992e-01
2.660000000000000000e+02 1.250048000000000000e+06 8.020469999999999544e-01
2.660000000000000000e+02 1.070978000000000000e+06 9.849280000000000257e-01
2.660000000000000000e+02 1.092600000000000000e+05 1.036556999999999951e+00
2.660000000000000000e+02 1.063561000000000000e+06 1.048818999999999946e+00
2.660000000000000000e+02 9.072010000000000000e+05 9.330880000000000285e-01
2.660000000000000000e+02 1.227974000000000000e+06 8.758129999999999526e-01
2.570000000000000000e+02 7.207960000000000000e+05 4.242099999999999760e-01
2.570000000000000000e+02 9.388020000000000000e+05 4.101730000000000098e-01
2.580000000000000000e+02 1.258885000000000000e+06 1.065226000000000006e+00
2.580000000000000000e+02 2.312150000000000000e+05 9.900449999999999529e-01
2.580000000000000000e+02 9.544920000000000000e+05 4.416149999999999798e-01
2.590000000000000000e+02 6.180800000000000000e+04 4.438469999999999915e-01
2.590000000000000000e+02 1.132357000000000000e+06 4.085670000000000135e-01
2.590000000000000000e+02 8.422700000000000000e+04 4.407369999999999899e-01
2.590000000000000000e+02 1.222700000000000000e+04 4.214089999999999780e-01
2.600000000000000000e+02 6.180800000000000000e+04 4.323299999999999921e-01
2.600000000000000000e+02 1.132357000000000000e+06 4.081529999999999880e-01
2.600000000000000000e+02 1.222700000000000000e+04 4.528479999999999728e-01
2.600000000000000000e+02 8.422700000000000000e+04 4.081029999999999935e-01
2.620000000000000000e+02 1.250048000000000000e+06 7.499059999999999615e-01
2.620000000000000000e+02 1.070978000000000000e+06 1.039965999999999946e+00
2.620000000000000000e+02 1.063561000000000000e+06 1.006577000000000055e+00
2.620000000000000000e+02 9.072010000000000000e+05 9.390840000000000298e-01
2.620000000000000000e+02 1.227974000000000000e+06 8.773459999999999592e-01
2.630000000000000000e+02 8.539630000000000000e+05 8.876570000000000293e-01
2.640000000000000000e+02 1.117927000000000000e+06 3.704219999999999735e-01
2.640000000000000000e+02 1.118241000000000000e+06 4.933569999999999900e-01
2.640000000000000000e+02 5.467120000000000000e+05 4.785300000000000109e-01
2.640000000000000000e+02 1.295068000000000000e+06 4.692580000000000084e-01
2.650000000000000000e+02 6.180800000000000000e+04 4.520000000000000129e-01
2.650000000000000000e+02 1.222700000000000000e+04 4.408360000000000056e-01
2.650000000000000000e+02 8.422700000000000000e+04 4.306289999999999840e-01
2.660000000000000000e+02 1.250048000000000000e+06 8.066579999999999862e-01
2.660000000000000000e+02 1.070978000000000000e+06 1.026478000000000002e+00
2.660000000000000000e+02 1.092600000000000000e+05 1.065534999999999899e+00
2.660000000000000000e+02 1.063561000000000000e+06 1.071984000000000048e+00
2.660000000000000000e+02 9.072010000000000000e+05 9.257290000000000241e-01
2.660000000000000000e+02 1.227974000000000000e+06 8.908500000000000307e-01
2.570000000000000000e+02 6.741140000000000000e+05 1.081949999999999995e-01
2.570000000000000000e+02 1.129307000000000000e+06 5.481300000000000061e-01
2.570000000000000000e+02 1.024816000000000000e+06 5.422299999999999898e-01
2.580000000000000000e+02 1.250732000000000000e+06 9.224040000000000017e-01
2.590000000000000000e+02 6.180800000000000000e+04 4.395490000000000230e-01
2.590000000000000000e+02 1.222700000000000000e+04 4.288069999999999937e-01
2.590000000000000000e+02 8.422700000000000000e+04 4.366949999999999998e-01
2.600000000000000000e+02 6.180800000000000000e+04 4.326650000000000218e-01
2.600000000000000000e+02 1.222700000000000000e+04 4.568309999999999871e-01
2.600000000000000000e+02 8.422700000000000000e+04 4.031040000000000179e-01
2.620000000000000000e+02 1.250048000000000000e+06 7.393429999999999724e-01
2.620000000000000000e+02 1.092600000000000000e+05 1.041577999999999893e+00
2.620000000000000000e+02 1.063561000000000000e+06 1.001042999999999905e+00
2.620000000000000000e+02 9.072010000000000000e+05 9.362209999999999699e-01
2.620000000000000000e+02 1.227974000000000000e+06 8.651900000000000146e-01
2.630000000000000000e+02 8.539630000000000000e+05 8.981799999999999784e-01
2.640000000000000000e+02 1.117927000000000000e+06 3.743239999999999901e-01
2.640000000000000000e+02 1.118241000000000000e+06 5.032320000000000126e-01
2.640000000000000000e+02 5.467120000000000000e+05 4.967909999999999826e-01
2.640000000000000000e+02 1.295068000000000000e+06 4.821360000000000090e-01
2.650000000000000000e+02 6.180800000000000000e+04 4.466609999999999747e-01
2.650000000000000000e+02 1.222700000000000000e+04 4.414350000000000218e-01
2.650000000000000000e+02 8.422700000000000000e+04 4.320189999999999864e-01
2.660000000000000000e+02 1.227974000000000000e+06 8.886070000000000357e-01
2.660000000000000000e+02 1.070978000000000000e+06 1.006054999999999922e+00
2.660000000000000000e+02 1.092600000000000000e+05 1.070926999999999962e+00
2.660000000000000000e+02 1.063561000000000000e+06 1.079444000000000070e+00
2.660000000000000000e+02 9.072010000000000000e+05 9.236649999999999583e-01
2.570000000000000000e+02 7.207960000000000000e+05 4.242150000000000087e-01
2.570000000000000000e+02 9.388020000000000000e+05 4.102890000000000148e-01
2.580000000000000000e+02 1.258885000000000000e+06 8.703089999999999993e-01
2.580000000000000000e+02 2.312150000000000000e+05 9.900889999999999969e-01
2.580000000000000000e+02 9.544920000000000000e+05 4.905390000000000028e-01
2.590000000000000000e+02 6.180800000000000000e+04 4.438619999999999788e-01
2.590000000000000000e+02 1.132357000000000000e+06 4.083160000000000123e-01
2.590000000000000000e+02 8.422700000000000000e+04 4.407389999999999919e-01
2.590000000000000000e+02 1.222700000000000000e+04 4.214100000000000068e-01
2.600000000000000000e+02 6.180800000000000000e+04 4.323589999999999933e-01
2.600000000000000000e+02 1.132357000000000000e+06 4.077979999999999938e-01
2.600000000000000000e+02 1.222700000000000000e+04 4.528679999999999928e-01
2.600000000000000000e+02 8.422700000000000000e+04 4.081080000000000263e-01
2.620000000000000000e+02 1.250048000000000000e+06 7.498930000000000318e-01
2.620000000000000000e+02 1.070978000000000000e+06 1.039959999999999996e+00
2.620000000000000000e+02 1.063561000000000000e+06 1.006475999999999926e+00
2.620000000000000000e+02 9.072010000000000000e+05 9.390410000000000146e-01
2.620000000000000000e+02 1.227974000000000000e+06 8.773429999999999840e-01
2.630000000000000000e+02 8.539630000000000000e+05 8.876420000000000421e-01
2.640000000000000000e+02 1.117927000000000000e+06 3.704419999999999935e-01
2.640000000000000000e+02 1.118241000000000000e+06 4.933540000000000147e-01
2.640000000000000000e+02 1.295068000000000000e+06 4.692589999999999817e-01
2.640000000000000000e+02 5.467120000000000000e+05 4.962949999999999862e-01
2.650000000000000000e+02 6.180800000000000000e+04 4.519920000000000049e-01
2.650000000000000000e+02 1.222700000000000000e+04 4.408369999999999789e-01
2.650000000000000000e+02 8.422700000000000000e+04 4.306409999999999960e-01
2.660000000000000000e+02 1.250048000000000000e+06 8.058629999999999960e-01
2.660000000000000000e+02 1.070978000000000000e+06 1.026405999999999930e+00
2.660000000000000000e+02 1.092600000000000000e+05 1.065536999999999956e+00
2.660000000000000000e+02 1.063561000000000000e+06 1.071989999999999998e+00
2.660000000000000000e+02 9.072010000000000000e+05 9.250180000000000069e-01
2.660000000000000000e+02 1.227974000000000000e+06 8.908500000000000307e-01
2.570000000000000000e+02 1.926960000000000000e+05 4.348750000000000115e-01
2.570000000000000000e+02 1.926960000000000000e+05 4.335539999999999949e-01
2.570000000000000000e+02 2.249940000000000000e+05 4.124959999999999738e-01
2.580000000000000000e+02 9.920100000000000000e+05 7.117959999999999843e-01
2.580000000000000000e+02 4.482360000000000000e+05 9.376179999999999515e-01
2.580000000000000000e+02 9.854850000000000000e+05 8.567820000000000435e-01
2.590000000000000000e+02 6.180800000000000000e+04 4.450350000000000139e-01
2.590000000000000000e+02 1.222700000000000000e+04 4.252690000000000081e-01
2.590000000000000000e+02 8.422700000000000000e+04 4.418139999999999845e-01
2.600000000000000000e+02 6.180800000000000000e+04 4.270189999999999819e-01
2.600000000000000000e+02 1.132357000000000000e+06 4.066850000000000187e-01
2.600000000000000000e+02 1.222700000000000000e+04 4.530629999999999935e-01
2.600000000000000000e+02 8.422700000000000000e+04 4.069880000000000164e-01
2.620000000000000000e+02 1.250048000000000000e+06 7.816260000000000430e-01
2.620000000000000000e+02 1.070978000000000000e+06 1.024636000000000102e+00
2.620000000000000000e+02 1.092600000000000000e+05 1.035690999999999917e+00
2.620000000000000000e+02 1.063561000000000000e+06 1.018696000000000046e+00
2.620000000000000000e+02 9.072010000000000000e+05 9.307400000000000118e-01
2.620000000000000000e+02 1.227974000000000000e+06 8.676989999999999981e-01
2.630000000000000000e+02 9.920100000000000000e+05 7.195059999999999789e-01
2.630000000000000000e+02 4.482360000000000000e+05 8.950310000000000210e-01
2.630000000000000000e+02 9.854850000000000000e+05 8.627719999999999834e-01
2.640000000000000000e+02 1.117927000000000000e+06 3.705470000000000153e-01
2.640000000000000000e+02 1.118241000000000000e+06 4.972590000000000066e-01
2.640000000000000000e+02 5.467120000000000000e+05 4.802089999999999970e-01
2.640000000000000000e+02 1.295068000000000000e+06 4.707999999999999963e-01
2.650000000000000000e+02 6.180800000000000000e+04 4.513349999999999862e-01
2.650000000000000000e+02 1.222700000000000000e+04 4.464910000000000267e-01
2.650000000000000000e+02 8.422700000000000000e+04 4.334509999999999752e-01
2.660000000000000000e+02 1.250048000000000000e+06 8.280729999999999480e-01
2.660000000000000000e+02 1.070978000000000000e+06 1.006664999999999921e+00
2.660000000000000000e+02 1.092600000000000000e+05 1.063441000000000081e+00
2.660000000000000000e+02 1.063561000000000000e+06 1.086864000000000052e+00
2.660000000000000000e+02 9.072010000000000000e+05 9.175259999999999527e-01
2.660000000000000000e+02 1.227974000000000000e+06 8.780639999999999556e-01
2.570000000000000000e+02 1.926960000000000000e+05 4.035860000000000003e-01
2.570000000000000000e+02 3.453740000000000000e+05 3.988110000000000266e-01
2.570000000000000000e+02 2.249940000000000000e+05 3.999759999999999982e-01
2.590000000000000000e+02 6.180800000000000000e+04 4.433250000000000246e-01
2.590000000000000000e+02 8.422700000000000000e+04 4.401709999999999789e-01
2.590000000000000000e+02 1.222700000000000000e+04 4.280570000000000208e-01
2.600000000000000000e+02 6.180800000000000000e+04 4.226230000000000264e-01
2.600000000000000000e+02 1.132357000000000000e+06 4.392539999999999778e-01
2.600000000000000000e+02 1.222700000000000000e+04 4.576109999999999900e-01
2.600000000000000000e+02 8.422700000000000000e+04 4.172270000000000145e-01
2.620000000000000000e+02 1.250048000000000000e+06 8.189929999999999710e-01
2.620000000000000000e+02 1.070978000000000000e+06 1.037927999999999962e+00
2.620000000000000000e+02 1.063561000000000000e+06 1.075998000000000010e+00
2.620000000000000000e+02 9.072010000000000000e+05 9.459689999999999488e-01
2.620000000000000000e+02 1.227974000000000000e+06 8.879960000000000075e-01
2.630000000000000000e+02 2.511060000000000000e+05 6.814449999999999674e-01
2.630000000000000000e+02 1.117716000000000000e+06 8.927509999999999613e-01
2.640000000000000000e+02 1.117927000000000000e+06 3.611429999999999918e-01
2.640000000000000000e+02 1.295068000000000000e+06 4.734240000000000115e-01
2.640000000000000000e+02 5.467120000000000000e+05 5.045049999999999812e-01
2.650000000000000000e+02 6.180800000000000000e+04 4.467519999999999825e-01
2.650000000000000000e+02 1.222700000000000000e+04 4.471049999999999747e-01
2.650000000000000000e+02 8.422700000000000000e+04 4.281530000000000058e-01
2.660000000000000000e+02 1.250048000000000000e+06 8.212429999999999453e-01
2.660000000000000000e+02 1.070978000000000000e+06 9.521030000000000326e-01
2.660000000000000000e+02 1.092600000000000000e+05 1.035312999999999928e+00
2.660000000000000000e+02 1.063561000000000000e+06 1.056270000000000042e+00
2.660000000000000000e+02 9.072010000000000000e+05 9.254559999999999453e-01
2.660000000000000000e+02 1.227974000000000000e+06 8.612340000000000551e-01
2.570000000000000000e+02 1.926960000000000000e+05 4.029179999999999984e-01
2.570000000000000000e+02 3.453740000000000000e+05 4.001520000000000077e-01
2.570000000000000000e+02 2.249940000000000000e+05 3.979519999999999724e-01
2.590000000000000000e+02 8.199000000000000000e+03 3.553979999999999917e-01
2.590000000000000000e+02 1.118241000000000000e+06 4.755349999999999855e-01
2.590000000000000000e+02 5.467120000000000000e+05 5.083750000000000213e-01
2.600000000000000000e+02 6.180800000000000000e+04 4.237009999999999943e-01
2.600000000000000000e+02 1.132357000000000000e+06 4.039980000000000238e-01
2.600000000000000000e+02 1.222700000000000000e+04 4.685309999999999753e-01
2.600000000000000000e+02 8.422700000000000000e+04 4.042609999999999815e-01
2.620000000000000000e+02 1.250048000000000000e+06 8.277229999999999865e-01
2.620000000000000000e+02 1.070978000000000000e+06 1.034623000000000070e+00
2.620000000000000000e+02 1.063561000000000000e+06 1.076959000000000000e+00
2.620000000000000000e+02 9.072010000000000000e+05 9.403280000000000527e-01
2.620000000000000000e+02 1.227974000000000000e+06 8.888779999999999459e-01
2.630000000000000000e+02 2.511060000000000000e+05 6.751019999999999799e-01
2.630000000000000000e+02 1.117716000000000000e+06 8.907570000000000210e-01
2.640000000000000000e+02 1.117927000000000000e+06 3.588230000000000031e-01
2.640000000000000000e+02 1.295068000000000000e+06 4.743290000000000006e-01
2.640000000000000000e+02 5.467120000000000000e+05 4.957230000000000247e-01
2.650000000000000000e+02 6.180800000000000000e+04 4.474210000000000131e-01
2.650000000000000000e+02 1.222700000000000000e+04 4.468420000000000170e-01
2.650000000000000000e+02 8.422700000000000000e+04 4.219620000000000037e-01
2.660000000000000000e+02 1.250048000000000000e+06 8.192260000000000097e-01
2.660000000000000000e+02 1.070978000000000000e+06 9.527409999999999490e-01
2.660000000000000000e+02 1.092600000000000000e+05 1.045139000000000040e+00
2.660000000000000000e+02 1.063561000000000000e+06 1.063336000000000059e+00
2.660000000000000000e+02 9.072010000000000000e+05 9.203480000000000549e-01
2.660000000000000000e+02 1.227974000000000000e+06 8.507689999999999975e-01
2.570000000000000000e+02 3.453740000000000000e+05 4.359319999999999862e-01
2.570000000000000000e+02 1.926960000000000000e+05 4.325470000000000148e-01
2.570000000000000000e+02 2.249940000000000000e+05 4.083220000000000183e-01
2.580000000000000000e+02 9.920100000000000000e+05 7.203739999999999588e-01
2.580000000000000000e+02 9.854850000000000000e+05 8.650799999999999601e-01
2.590000000000000000e+02 1.117927000000000000e+06 3.835689999999999933e-01
2.590000000000000000e+02 1.118241000000000000e+06 4.791610000000000036e-01
2.590000000000000000e+02 5.467120000000000000e+05 5.303499999999999881e-01
2.600000000000000000e+02 6.180800000000000000e+04 4.283339999999999925e-01
2.600000000000000000e+02 1.132357000000000000e+06 3.939429999999999876e-01
2.600000000000000000e+02 1.222700000000000000e+04 4.641640000000000210e-01
2.600000000000000000e+02 8.422700000000000000e+04 3.936930000000000152e-01
2.620000000000000000e+02 1.250048000000000000e+06 7.907600000000000184e-01
2.620000000000000000e+02 1.070978000000000000e+06 1.021072999999999897e+00
2.620000000000000000e+02 1.092600000000000000e+05 1.028555000000000108e+00
2.620000000000000000e+02 1.063561000000000000e+06 1.019195999999999991e+00
2.620000000000000000e+02 9.072010000000000000e+05 9.241390000000000438e-01
2.620000000000000000e+02 1.227974000000000000e+06 8.685720000000000107e-01
2.630000000000000000e+02 9.920100000000000000e+05 7.286930000000000351e-01
2.630000000000000000e+02 4.482360000000000000e+05 9.011010000000000408e-01
2.630000000000000000e+02 9.854850000000000000e+05 8.710090000000000332e-01
2.640000000000000000e+02 1.117927000000000000e+06 3.683020000000000183e-01
2.640000000000000000e+02 1.118241000000000000e+06 4.995120000000000116e-01
2.640000000000000000e+02 5.467120000000000000e+05 4.884129999999999860e-01
2.640000000000000000e+02 1.295068000000000000e+06 4.708470000000000155e-01
2.650000000000000000e+02 6.180800000000000000e+04 4.521450000000000191e-01
2.650000000000000000e+02 1.132357000000000000e+06 4.265149999999999775e-01
2.650000000000000000e+02 1.222700000000000000e+04 4.461280000000000245e-01
2.650000000000000000e+02 8.422700000000000000e+04 4.271400000000000197e-01
2.660000000000000000e+02 1.250048000000000000e+06 8.265949999999999687e-01
2.660000000000000000e+02 1.070978000000000000e+06 1.004383999999999943e+00
2.660000000000000000e+02 1.063561000000000000e+06 1.095908000000000104e+00
2.660000000000000000e+02 9.072010000000000000e+05 9.110319999999999530e-01
2.660000000000000000e+02 1.227974000000000000e+06 8.683189999999999520e-01
2.570000000000000000e+02 3.453740000000000000e+05 4.341869999999999896e-01
2.570000000000000000e+02 1.926960000000000000e+05 4.322039999999999771e-01
2.570000000000000000e+02 2.249940000000000000e+05 4.075630000000000086e-01
2.580000000000000000e+02 9.920100000000000000e+05 7.318729999999999958e-01
2.580000000000000000e+02 9.854850000000000000e+05 8.656599999999999850e-01
2.590000000000000000e+02 1.117927000000000000e+06 3.830009999999999803e-01
2.590000000000000000e+02 1.118241000000000000e+06 4.684400000000000230e-01
2.590000000000000000e+02 5.467120000000000000e+05 5.041269999999999918e-01
2.590000000000000000e+02 1.295068000000000000e+06 4.914640000000000120e-01
2.600000000000000000e+02 8.422700000000000000e+04 3.999110000000000165e-01
2.600000000000000000e+02 1.132357000000000000e+06 3.998439999999999772e-01
2.600000000000000000e+02 1.222700000000000000e+04 4.616890000000000160e-01
2.600000000000000000e+02 6.180800000000000000e+04 4.277290000000000258e-01
2.620000000000000000e+02 5.301700000000000000e+04 7.239349999999999952e-01
2.620000000000000000e+02 9.601130000000000000e+05 9.169850000000000501e-01
2.630000000000000000e+02 9.920100000000000000e+05 7.499190000000000023e-01
2.630000000000000000e+02 4.482360000000000000e+05 8.872980000000000311e-01
2.630000000000000000e+02 9.854850000000000000e+05 8.493180000000000174e-01
2.640000000000000000e+02 1.117927000000000000e+06 3.724560000000000093e-01
2.640000000000000000e+02 1.118241000000000000e+06 4.965840000000000254e-01
2.640000000000000000e+02 5.467120000000000000e+05 4.845340000000000202e-01
2.640000000000000000e+02 1.295068000000000000e+06 4.644269999999999787e-01
2.650000000000000000e+02 6.180800000000000000e+04 4.529850000000000265e-01
2.650000000000000000e+02 1.222700000000000000e+04 4.446370000000000045e-01
2.650000000000000000e+02 8.422700000000000000e+04 4.299339999999999828e-01
2.660000000000000000e+02 1.083048000000000000e+06 4.329910000000000148e-01
2.570000000000000000e+02 3.453740000000000000e+05 4.358540000000000192e-01
2.570000000000000000e+02 2.249940000000000000e+05 4.083189999999999875e-01
2.570000000000000000e+02 1.926960000000000000e+05 4.325649999999999773e-01
2.580000000000000000e+02 9.920100000000000000e+05 7.203869999999999996e-01
2.580000000000000000e+02 9.854850000000000000e+05 8.647890000000000299e-01
2.590000000000000000e+02 1.117927000000000000e+06 3.835689999999999933e-01
2.590000000000000000e+02 1.118241000000000000e+06 4.791659999999999808e-01
2.590000000000000000e+02 5.467120000000000000e+05 5.294830000000000370e-01
2.600000000000000000e+02 6.180800000000000000e+04 4.283410000000000273e-01
2.600000000000000000e+02 1.132357000000000000e+06 3.938599999999999879e-01
2.600000000000000000e+02 1.222700000000000000e+04 4.641819999999999835e-01
2.600000000000000000e+02 8.422700000000000000e+04 3.936890000000000112e-01
2.620000000000000000e+02 1.250048000000000000e+06 7.907600000000000184e-01
2.620000000000000000e+02 1.070978000000000000e+06 1.021064999999999889e+00
2.620000000000000000e+02 1.092600000000000000e+05 1.029517999999999933e+00
2.620000000000000000e+02 1.063561000000000000e+06 1.019187999999999983e+00
2.620000000000000000e+02 9.072010000000000000e+05 9.242669999999999497e-01
2.620000000000000000e+02 1.227974000000000000e+06 8.685929999999999485e-01
2.630000000000000000e+02 9.920100000000000000e+05 7.286989999999999856e-01
2.630000000000000000e+02 4.482360000000000000e+05 9.005779999999999896e-01
2.630000000000000000e+02 9.854850000000000000e+05 8.710350000000000037e-01
2.640000000000000000e+02 1.117927000000000000e+06 3.683290000000000175e-01
2.640000000000000000e+02 1.118241000000000000e+06 4.995269999999999988e-01
2.640000000000000000e+02 1.295068000000000000e+06 4.708419999999999828e-01
2.640000000000000000e+02 5.467120000000000000e+05 4.890950000000000020e-01
2.650000000000000000e+02 6.180800000000000000e+04 4.521510000000000251e-01
2.650000000000000000e+02 1.222700000000000000e+04 4.461240000000000205e-01
2.650000000000000000e+02 8.422700000000000000e+04 4.271699999999999942e-01
2.660000000000000000e+02 1.250048000000000000e+06 8.266149999999999887e-01
2.660000000000000000e+02 1.070978000000000000e+06 1.004372000000000043e+00
2.660000000000000000e+02 1.063561000000000000e+06 1.095949999999999980e+00
2.660000000000000000e+02 9.072010000000000000e+05 9.113229999999999942e-01
2.660000000000000000e+02 1.227974000000000000e+06 8.683119999999999727e-01
2.570000000000000000e+02 3.453740000000000000e+05 4.370809999999999973e-01
2.570000000000000000e+02 1.926960000000000000e+05 4.370040000000000036e-01
2.570000000000000000e+02 2.249940000000000000e+05 4.140559999999999796e-01
2.580000000000000000e+02 9.920100000000000000e+05 6.818199999999999816e-01
2.580000000000000000e+02 4.482360000000000000e+05 9.575019999999999643e-01
2.580000000000000000e+02 9.854850000000000000e+05 8.978739999999999499e-01
2.590000000000000000e+02 1.117927000000000000e+06 3.842610000000000192e-01
2.590000000000000000e+02 1.118241000000000000e+06 4.814979999999999816e-01
2.600000000000000000e+02 6.180800000000000000e+04 4.262679999999999803e-01
2.600000000000000000e+02 6.418300000000000000e+04 4.351410000000000000e-01
2.600000000000000000e+02 8.422700000000000000e+04 3.985630000000000006e-01
2.600000000000000000e+02 1.222700000000000000e+04 4.590759999999999841e-01
2.620000000000000000e+02 1.250048000000000000e+06 7.900179999999999980e-01
2.620000000000000000e+02 1.070978000000000000e+06 1.018253999999999992e+00
2.620000000000000000e+02 1.092600000000000000e+05 1.034029000000000087e+00
2.620000000000000000e+02 1.063561000000000000e+06 1.023241999999999985e+00
2.620000000000000000e+02 9.072010000000000000e+05 9.265989999999999505e-01
2.620000000000000000e+02 1.227974000000000000e+06 8.714229999999999476e-01
2.630000000000000000e+02 9.920100000000000000e+05 7.448500000000000121e-01
2.630000000000000000e+02 4.482360000000000000e+05 9.149939999999999740e-01
2.630000000000000000e+02 9.854850000000000000e+05 8.896020000000000039e-01
2.640000000000000000e+02 6.418300000000000000e+04 4.605859999999999954e-01
2.640000000000000000e+02 1.222700000000000000e+04 4.069820000000000104e-01
2.640000000000000000e+02 8.422700000000000000e+04 4.363650000000000029e-01
2.640000000000000000e+02 6.180800000000000000e+04 4.335309999999999997e-01
2.650000000000000000e+02 6.180800000000000000e+04 4.507920000000000260e-01
2.650000000000000000e+02 6.418300000000000000e+04 4.335180000000000144e-01
2.650000000000000000e+02 1.222700000000000000e+04 4.478059999999999818e-01
2.650000000000000000e+02 8.422700000000000000e+04 4.258830000000000116e-01
2.660000000000000000e+02 1.250048000000000000e+06 8.272040000000000504e-01
2.660000000000000000e+02 1.070978000000000000e+06 1.000790999999999986e+00
2.660000000000000000e+02 1.092600000000000000e+05 1.071757999999999988e+00
2.660000000000000000e+02 1.063561000000000000e+06 1.094319999999999959e+00
2.660000000000000000e+02 9.072010000000000000e+05 9.129429999999999490e-01
2.660000000000000000e+02 1.227974000000000000e+06 8.617540000000000200e-01
2.570000000000000000e+02 2.249940000000000000e+05 4.134149999999999769e-01
2.570000000000000000e+02 3.453740000000000000e+05 4.360399999999999832e-01
2.570000000000000000e+02 1.926960000000000000e+05 4.363819999999999921e-01
2.580000000000000000e+02 9.920100000000000000e+05 6.842059999999999809e-01
2.580000000000000000e+02 9.854850000000000000e+05 8.985699999999999799e-01
2.590000000000000000e+02 1.117927000000000000e+06 3.835230000000000028e-01
2.590000000000000000e+02 5.467120000000000000e+05 5.108190000000000230e-01
2.590000000000000000e+02 1.118241000000000000e+06 4.704380000000000228e-01
2.600000000000000000e+02 6.180800000000000000e+04 4.255869999999999931e-01
2.600000000000000000e+02 6.418300000000000000e+04 4.284009999999999763e-01
2.600000000000000000e+02 8.422700000000000000e+04 4.048340000000000272e-01
2.600000000000000000e+02 1.222700000000000000e+04 4.566470000000000251e-01
2.620000000000000000e+02 8.639400000000000000e+05 4.373429999999999818e-01
2.620000000000000000e+02 9.601130000000000000e+05 9.229410000000000114e-01
2.620000000000000000e+02 3.768180000000000000e+05 4.291889999999999872e-01
2.620000000000000000e+02 5.301700000000000000e+04 7.203209999999999891e-01
2.630000000000000000e+02 9.920100000000000000e+05 7.659859999999999447e-01
2.630000000000000000e+02 4.482360000000000000e+05 9.017979999999999885e-01
2.630000000000000000e+02 9.854850000000000000e+05 8.679949999999999610e-01
2.640000000000000000e+02 6.180800000000000000e+04 4.321929999999999938e-01
2.640000000000000000e+02 6.418300000000000000e+04 4.632910000000000084e-01
2.640000000000000000e+02 1.222700000000000000e+04 4.080980000000000163e-01
2.640000000000000000e+02 8.422700000000000000e+04 4.277969999999999828e-01
2.650000000000000000e+02 6.180800000000000000e+04 4.514650000000000052e-01
2.650000000000000000e+02 6.418300000000000000e+04 4.355600000000000027e-01
2.650000000000000000e+02 1.222700000000000000e+04 4.462749999999999773e-01
2.650000000000000000e+02 8.422700000000000000e+04 4.288190000000000057e-01
2.570000000000000000e+02 2.249940000000000000e+05 4.140570000000000084e-01
2.570000000000000000e+02 3.453740000000000000e+05 4.371110000000000273e-01
2.570000000000000000e+02 1.926960000000000000e+05 4.369279999999999831e-01
2.580000000000000000e+02 9.920100000000000000e+05 6.818699999999999761e-01
2.580000000000000000e+02 4.482360000000000000e+05 9.581619999999999582e-01
2.580000000000000000e+02 9.854850000000000000e+05 8.979540000000000299e-01
2.590000000000000000e+02 1.117927000000000000e+06 3.842340000000000200e-01
2.590000000000000000e+02 1.118241000000000000e+06 4.814899999999999736e-01
2.590000000000000000e+02 5.467120000000000000e+05 5.359019999999999895e-01
2.600000000000000000e+02 6.180800000000000000e+04 4.262679999999999803e-01
2.600000000000000000e+02 6.418300000000000000e+04 4.351410000000000000e-01
2.600000000000000000e+02 1.222700000000000000e+04 4.590640000000000276e-01
2.600000000000000000e+02 8.422700000000000000e+04 3.985639999999999739e-01
2.620000000000000000e+02 1.250048000000000000e+06 7.900169999999999693e-01
2.620000000000000000e+02 1.070978000000000000e+06 1.018281999999999909e+00
2.620000000000000000e+02 1.092600000000000000e+05 1.034025999999999890e+00
2.620000000000000000e+02 1.063561000000000000e+06 1.023261999999999894e+00
2.620000000000000000e+02 9.072010000000000000e+05 9.264890000000000070e-01
2.620000000000000000e+02 1.227974000000000000e+06 8.714469999999999716e-01
2.620000000000000000e+02 5.188640000000000000e+05 6.859530000000000349e-01
2.620000000000000000e+02 5.188640000000000000e+05 6.557929999999999593e-01
2.630000000000000000e+02 9.920100000000000000e+05 7.448599999999999666e-01
2.630000000000000000e+02 4.482360000000000000e+05 9.392639999999999878e-01
2.630000000000000000e+02 9.854850000000000000e+05 8.896100000000000119e-01
2.640000000000000000e+02 6.180800000000000000e+04 4.335269999999999957e-01
2.640000000000000000e+02 6.418300000000000000e+04 4.604480000000000239e-01
2.640000000000000000e+02 1.222700000000000000e+04 4.069820000000000104e-01
2.640000000000000000e+02 8.422700000000000000e+04 4.363600000000000256e-01
2.650000000000000000e+02 6.180800000000000000e+04 4.507900000000000240e-01
2.650000000000000000e+02 1.222700000000000000e+04 4.478159999999999918e-01
2.650000000000000000e+02 8.422700000000000000e+04 4.258779999999999788e-01
2.660000000000000000e+02 1.227974000000000000e+06 8.617500000000000160e-01
2.660000000000000000e+02 1.070978000000000000e+06 1.000769000000000020e+00
2.660000000000000000e+02 1.092600000000000000e+05 1.071738999999999997e+00
2.660000000000000000e+02 1.063561000000000000e+06 1.094330999999999943e+00
2.660000000000000000e+02 9.072010000000000000e+05 9.128180000000000183e-01
2.570000000000000000e+02 2.249940000000000000e+05 4.133450000000000180e-01
2.570000000000000000e+02 3.453740000000000000e+05 4.212139999999999773e-01
2.570000000000000000e+02 1.926960000000000000e+05 4.487940000000000262e-01
2.580000000000000000e+02 9.920100000000000000e+05 6.821390000000000509e-01
2.580000000000000000e+02 4.482360000000000000e+05 9.566700000000000204e-01
2.580000000000000000e+02 9.854850000000000000e+05 8.985009999999999941e-01
2.590000000000000000e+02 1.117927000000000000e+06 3.787670000000000203e-01
2.590000000000000000e+02 1.118241000000000000e+06 4.584090000000000109e-01
2.590000000000000000e+02 5.467120000000000000e+05 5.079919999999999991e-01
2.590000000000000000e+02 1.295068000000000000e+06 4.897119999999999806e-01
2.600000000000000000e+02 7.027210000000000000e+05 3.741800000000000126e-01
2.600000000000000000e+02 5.467120000000000000e+05 4.587209999999999899e-01
2.600000000000000000e+02 1.118241000000000000e+06 5.419270000000000476e-01
2.600000000000000000e+02 1.295068000000000000e+06 4.846249999999999725e-01
2.620000000000000000e+02 1.250048000000000000e+06 7.823959999999999804e-01
2.620000000000000000e+02 1.070978000000000000e+06 1.024645000000000028e+00
2.620000000000000000e+02 1.092600000000000000e+05 1.035341000000000067e+00
2.620000000000000000e+02 1.063561000000000000e+06 1.018777000000000044e+00
2.620000000000000000e+02 9.072010000000000000e+05 9.305259999999999643e-01
2.620000000000000000e+02 1.227974000000000000e+06 8.760130000000000416e-01
2.620000000000000000e+02 9.404300000000000000e+04 6.590500000000000247e-01
2.620000000000000000e+02 5.188640000000000000e+05 6.631920000000000037e-01
2.630000000000000000e+02 9.920100000000000000e+05 7.480769999999999920e-01
2.630000000000000000e+02 4.482360000000000000e+05 9.167149999999999466e-01
2.630000000000000000e+02 9.854850000000000000e+05 8.892139999999999489e-01
2.640000000000000000e+02 6.180800000000000000e+04 4.322650000000000103e-01
2.640000000000000000e+02 6.418300000000000000e+04 4.644639999999999880e-01
2.640000000000000000e+02 1.222700000000000000e+04 4.017339999999999800e-01
2.640000000000000000e+02 8.422700000000000000e+04 4.380279999999999729e-01
2.650000000000000000e+02 6.180800000000000000e+04 4.523119999999999918e-01
2.650000000000000000e+02 1.222700000000000000e+04 4.482940000000000258e-01
2.650000000000000000e+02 8.422700000000000000e+04 4.208620000000000139e-01
2.650000000000000000e+02 8.602370000000000000e+05 4.520779999999999799e-01
2.660000000000000000e+02 9.404300000000000000e+04 6.638540000000000552e-01
2.660000000000000000e+02 1.070978000000000000e+06 1.007271000000000027e+00
2.660000000000000000e+02 1.092600000000000000e+05 1.069558999999999926e+00
2.660000000000000000e+02 1.063561000000000000e+06 1.089687000000000072e+00
2.660000000000000000e+02 9.072010000000000000e+05 9.154109999999999747e-01
2.660000000000000000e+02 1.227974000000000000e+06 8.665439999999999809e-01
2.570000000000000000e+02 1.926960000000000000e+05 4.200260000000000105e-01
2.570000000000000000e+02 3.453740000000000000e+05 3.887889999999999957e-01
2.570000000000000000e+02 2.249940000000000000e+05 4.049170000000000269e-01
2.580000000000000000e+02 2.511060000000000000e+05 6.650760000000000005e-01
2.580000000000000000e+02 1.117716000000000000e+06 9.364700000000000246e-01
2.590000000000000000e+02 1.117927000000000000e+06 3.760419999999999874e-01
2.590000000000000000e+02 1.118241000000000000e+06 4.542410000000000059e-01
2.590000000000000000e+02 5.467120000000000000e+05 5.028010000000000534e-01
2.590000000000000000e+02 1.295068000000000000e+06 4.845519999999999827e-01
2.600000000000000000e+02 1.117927000000000000e+06 3.807989999999999986e-01
2.600000000000000000e+02 5.467120000000000000e+05 4.708260000000000223e-01
2.600000000000000000e+02 1.295068000000000000e+06 4.832859999999999934e-01
2.620000000000000000e+02 1.250048000000000000e+06 8.186520000000000463e-01
2.620000000000000000e+02 1.070978000000000000e+06 1.040054999999999952e+00
2.620000000000000000e+02 1.063561000000000000e+06 1.076821000000000028e+00
2.620000000000000000e+02 9.072010000000000000e+05 9.475900000000000434e-01
2.620000000000000000e+02 1.227974000000000000e+06 8.975549999999999917e-01
2.620000000000000000e+02 1.034754000000000000e+06 6.088130000000000486e-01
2.630000000000000000e+02 2.511060000000000000e+05 6.777809999999999668e-01
2.630000000000000000e+02 1.117716000000000000e+06 9.333650000000000002e-01
2.640000000000000000e+02 6.180800000000000000e+04 4.310610000000000275e-01
2.640000000000000000e+02 6.418300000000000000e+04 4.592510000000000203e-01
2.640000000000000000e+02 1.222700000000000000e+04 3.928570000000000118e-01
2.640000000000000000e+02 8.422700000000000000e+04 4.340669999999999806e-01
2.650000000000000000e+02 6.180800000000000000e+04 4.475839999999999819e-01
2.650000000000000000e+02 1.222700000000000000e+04 4.486240000000000228e-01
2.650000000000000000e+02 8.422700000000000000e+04 4.157739999999999769e-01
2.660000000000000000e+02 1.250048000000000000e+06 8.151540000000000452e-01
2.660000000000000000e+02 1.070978000000000000e+06 9.481950000000000101e-01
2.660000000000000000e+02 1.092600000000000000e+05 1.039911999999999948e+00
2.660000000000000000e+02 1.063561000000000000e+06 1.057037000000000004e+00
2.660000000000000000e+02 9.072010000000000000e+05 9.241439999999999655e-01
2.660000000000000000e+02 1.227974000000000000e+06 8.481999999999999540e-01
2.660000000000000000e+02 5.188640000000000000e+05 5.975139999999999896e-01
2.570000000000000000e+02 2.249940000000000000e+05 4.133809999999999985e-01
2.570000000000000000e+02 3.453740000000000000e+05 4.212049999999999961e-01
2.570000000000000000e+02 1.926960000000000000e+05 4.488420000000000187e-01
2.580000000000000000e+02 9.920100000000000000e+05 6.825039999999999996e-01
2.580000000000000000e+02 1.188760000000000000e+05 1.003290999999999933e+00
2.580000000000000000e+02 4.482360000000000000e+05 9.567259999999999653e-01
2.580000000000000000e+02 9.854850000000000000e+05 8.985410000000000341e-01
2.590000000000000000e+02 1.117927000000000000e+06 3.787220000000000031e-01
2.590000000000000000e+02 1.118241000000000000e+06 4.584610000000000074e-01
2.590000000000000000e+02 5.467120000000000000e+05 5.079960000000000031e-01
2.590000000000000000e+02 1.295068000000000000e+06 4.897029999999999994e-01
2.600000000000000000e+02 1.117927000000000000e+06 3.773590000000000000e-01
2.600000000000000000e+02 1.118241000000000000e+06 5.410770000000000302e-01
2.600000000000000000e+02 5.467120000000000000e+05 4.588949999999999974e-01
2.600000000000000000e+02 1.295068000000000000e+06 4.847090000000000010e-01
2.620000000000000000e+02 1.250048000000000000e+06 7.824349999999999916e-01
2.620000000000000000e+02 1.070978000000000000e+06 1.024779000000000106e+00
2.620000000000000000e+02 1.092600000000000000e+05 1.035384000000000082e+00
2.620000000000000000e+02 1.063561000000000000e+06 1.018909000000000065e+00
2.620000000000000000e+02 9.072010000000000000e+05 9.306090000000000195e-01
2.620000000000000000e+02 1.227974000000000000e+06 8.760809999999999986e-01
2.620000000000000000e+02 9.404300000000000000e+04 6.591280000000000472e-01
2.620000000000000000e+02 5.188640000000000000e+05 6.632649999999999935e-01
2.630000000000000000e+02 9.920100000000000000e+05 7.481370000000000520e-01
2.630000000000000000e+02 1.188760000000000000e+05 9.862450000000000383e-01
2.630000000000000000e+02 4.482360000000000000e+05 9.167049999999999921e-01
2.630000000000000000e+02 9.854850000000000000e+05 8.891210000000000502e-01
2.640000000000000000e+02 6.180800000000000000e+04 4.322980000000000156e-01
2.640000000000000000e+02 6.418300000000000000e+04 4.645589999999999997e-01
2.640000000000000000e+02 1.222700000000000000e+04 4.017160000000000175e-01
2.640000000000000000e+02 8.422700000000000000e+04 4.381200000000000094e-01
2.650000000000000000e+02 6.180800000000000000e+04 4.524719999999999853e-01
2.650000000000000000e+02 1.222700000000000000e+04 4.483679999999999888e-01
2.650000000000000000e+02 8.422700000000000000e+04 4.208720000000000239e-01
2.660000000000000000e+02 1.250048000000000000e+06 8.251089999999999813e-01
2.660000000000000000e+02 1.070978000000000000e+06 1.007339999999999902e+00
2.660000000000000000e+02 1.092600000000000000e+05 1.069485999999999937e+00
2.660000000000000000e+02 1.063561000000000000e+06 1.089660999999999991e+00
2.660000000000000000e+02 9.072010000000000000e+05 9.154240000000000155e-01
2.660000000000000000e+02 1.227974000000000000e+06 8.666249999999999787e-01
2.660000000000000000e+02 9.404300000000000000e+04 6.642369999999999663e-01
2.570000000000000000e+02 2.249940000000000000e+05 4.112540000000000084e-01
2.570000000000000000e+02 1.926960000000000000e+05 4.424580000000000179e-01
2.570000000000000000e+02 3.453740000000000000e+05 4.303250000000000131e-01
2.580000000000000000e+02 9.920100000000000000e+05 7.524579999999999602e-01
2.580000000000000000e+02 1.188760000000000000e+05 9.988449999999999829e-01
2.580000000000000000e+02 4.482360000000000000e+05 9.614669999999999606e-01
2.580000000000000000e+02 9.854850000000000000e+05 8.935490000000000377e-01
2.590000000000000000e+02 1.117927000000000000e+06 3.957959999999999812e-01
2.590000000000000000e+02 5.467120000000000000e+05 5.075910000000000144e-01
2.590000000000000000e+02 1.118241000000000000e+06 5.035330000000000084e-01
2.600000000000000000e+02 1.058470000000000000e+06 7.343600000000000128e-02
2.600000000000000000e+02 1.058470000000000000e+06 7.198100000000000331e-02
2.600000000000000000e+02 9.216560000000000000e+05 5.446700000000000153e-02
2.620000000000000000e+02 1.250048000000000000e+06 7.725020000000000220e-01
2.620000000000000000e+02 1.070978000000000000e+06 1.023814000000000002e+00
2.620000000000000000e+02 1.092600000000000000e+05 1.035401999999999934e+00
2.620000000000000000e+02 1.063561000000000000e+06 1.011980000000000102e+00
2.620000000000000000e+02 9.072010000000000000e+05 9.188889999999999558e-01
2.620000000000000000e+02 1.227974000000000000e+06 8.610219999999999541e-01
2.620000000000000000e+02 9.404300000000000000e+04 6.435699999999999754e-01
2.620000000000000000e+02 5.188640000000000000e+05 6.611949999999999772e-01
2.630000000000000000e+02 1.034754000000000000e+06 6.981380000000000363e-01
2.630000000000000000e+02 1.188760000000000000e+05 9.908369999999999678e-01
2.630000000000000000e+02 4.482360000000000000e+05 9.200709999999999722e-01
2.630000000000000000e+02 9.854850000000000000e+05 8.833220000000000516e-01
2.630000000000000000e+02 9.920100000000000000e+05 7.503189999999999582e-01
2.640000000000000000e+02 6.180800000000000000e+04 4.392490000000000006e-01
2.640000000000000000e+02 6.418300000000000000e+04 4.579460000000000197e-01
2.640000000000000000e+02 1.222700000000000000e+04 4.087169999999999970e-01
2.640000000000000000e+02 8.422700000000000000e+04 4.350800000000000223e-01
2.640000000000000000e+02 8.602370000000000000e+05 4.390769999999999951e-01
2.650000000000000000e+02 6.180800000000000000e+04 4.490129999999999955e-01
2.650000000000000000e+02 1.222700000000000000e+04 4.513960000000000194e-01
2.650000000000000000e+02 8.422700000000000000e+04 4.220760000000000067e-01
2.660000000000000000e+02 9.404300000000000000e+04 6.595699999999999896e-01
2.660000000000000000e+02 1.070978000000000000e+06 1.002278999999999920e+00
2.660000000000000000e+02 1.092600000000000000e+05 1.064699000000000062e+00
2.660000000000000000e+02 1.063561000000000000e+06 1.072519999999999918e+00
2.660000000000000000e+02 9.072010000000000000e+05 8.950590000000000490e-01
2.660000000000000000e+02 1.227974000000000000e+06 8.375270000000000215e-01
2.570000000000000000e+02 2.249940000000000000e+05 4.133089999999999820e-01
2.570000000000000000e+02 3.453740000000000000e+05 4.211280000000000023e-01
2.570000000000000000e+02 1.926960000000000000e+05 4.489199999999999857e-01
2.580000000000000000e+02 1.142903000000000000e+06 5.334240000000000093e-01
2.580000000000000000e+02 1.188760000000000000e+05 1.003751999999999978e+00
2.580000000000000000e+02 4.482360000000000000e+05 9.566820000000000324e-01
2.580000000000000000e+02 9.854850000000000000e+05 8.984309999999999796e-01
2.580000000000000000e+02 9.920100000000000000e+05 6.823820000000000441e-01
2.590000000000000000e+02 1.117927000000000000e+06 3.786109999999999753e-01
2.590000000000000000e+02 1.118241000000000000e+06 4.583820000000000117e-01
2.590000000000000000e+02 5.467120000000000000e+05 5.079369999999999719e-01
2.600000000000000000e+02 1.295068000000000000e+06 4.846230000000000260e-01
2.600000000000000000e+02 5.467120000000000000e+05 4.584929999999999839e-01
2.600000000000000000e+02 1.118241000000000000e+06 5.410449999999999982e-01
2.600000000000000000e+02 1.117927000000000000e+06 3.774600000000000177e-01
2.620000000000000000e+02 1.250048000000000000e+06 7.822869999999999546e-01
2.620000000000000000e+02 1.070978000000000000e+06 1.024502999999999941e+00
2.620000000000000000e+02 1.092600000000000000e+05 1.035323999999999911e+00
2.620000000000000000e+02 1.063561000000000000e+06 1.018863999999999992e+00
2.620000000000000000e+02 9.072010000000000000e+05 9.305639999999999468e-01
2.620000000000000000e+02 1.227974000000000000e+06 8.750839999999999730e-01
2.620000000000000000e+02 9.404300000000000000e+04 6.590709999999999624e-01
2.620000000000000000e+02 5.188640000000000000e+05 6.632329999999999615e-01
2.630000000000000000e+02 9.920100000000000000e+05 7.480879999999999752e-01
2.630000000000000000e+02 1.188760000000000000e+05 9.855810000000000404e-01
2.630000000000000000e+02 4.482360000000000000e+05 9.162050000000000471e-01
2.630000000000000000e+02 9.854850000000000000e+05 8.891919999999999824e-01
2.640000000000000000e+02 6.180800000000000000e+04 4.321650000000000214e-01
2.640000000000000000e+02 6.418300000000000000e+04 4.645509999999999917e-01
2.640000000000000000e+02 1.222700000000000000e+04 4.015670000000000073e-01
2.640000000000000000e+02 8.422700000000000000e+04 4.380729999999999902e-01
2.640000000000000000e+02 8.602370000000000000e+05 4.320169999999999844e-01
2.650000000000000000e+02 6.180800000000000000e+04 4.523460000000000258e-01
2.650000000000000000e+02 1.222700000000000000e+04 4.483380000000000143e-01
2.650000000000000000e+02 8.422700000000000000e+04 4.207810000000000161e-01
2.650000000000000000e+02 8.602370000000000000e+05 4.521129999999999871e-01
2.660000000000000000e+02 1.250048000000000000e+06 8.249969999999999803e-01
2.660000000000000000e+02 1.070978000000000000e+06 1.007198999999999955e+00
2.660000000000000000e+02 1.092600000000000000e+05 1.069409999999999972e+00
2.660000000000000000e+02 1.063561000000000000e+06 1.089453000000000005e+00
2.660000000000000000e+02 9.072010000000000000e+05 9.154619999999999980e-01
2.660000000000000000e+02 1.227974000000000000e+06 8.665960000000000329e-01
2.660000000000000000e+02 9.404300000000000000e+04 6.643200000000000216e-01
2.570000000000000000e+02 2.249940000000000000e+05 4.184700000000000086e-01
2.570000000000000000e+02 3.453740000000000000e+05 4.156150000000000122e-01
2.570000000000000000e+02 1.926960000000000000e+05 4.449719999999999787e-01
2.580000000000000000e+02 1.142903000000000000e+06 5.293740000000000112e-01
2.580000000000000000e+02 1.188760000000000000e+05 1.011748000000000092e+00
2.580000000000000000e+02 4.482360000000000000e+05 9.560530000000000417e-01
2.580000000000000000e+02 9.854850000000000000e+05 8.983060000000000489e-01
2.580000000000000000e+02 9.920100000000000000e+05 6.848859999999999948e-01
2.590000000000000000e+02 8.639300000000000000e+04 1.278390000000000082e-01
2.600000000000000000e+02 1.117927000000000000e+06 3.807300000000000129e-01
2.600000000000000000e+02 1.118241000000000000e+06 4.774490000000000123e-01
2.600000000000000000e+02 1.295068000000000000e+06 5.058850000000000291e-01
2.600000000000000000e+02 5.467120000000000000e+05 5.407039999999999624e-01
2.620000000000000000e+02 1.250048000000000000e+06 7.811249999999999583e-01
2.620000000000000000e+02 1.070978000000000000e+06 1.026966000000000045e+00
2.620000000000000000e+02 1.092600000000000000e+05 1.036493000000000109e+00
2.620000000000000000e+02 1.063561000000000000e+06 1.017001999999999962e+00
2.620000000000000000e+02 9.072010000000000000e+05 9.362080000000000402e-01
2.620000000000000000e+02 1.227974000000000000e+06 8.789599999999999635e-01
2.620000000000000000e+02 9.404300000000000000e+04 6.572550000000000336e-01
2.620000000000000000e+02 5.188640000000000000e+05 6.635870000000000379e-01
2.630000000000000000e+02 9.920100000000000000e+05 7.495610000000000328e-01
2.630000000000000000e+02 1.188760000000000000e+05 9.863889999999999603e-01
2.630000000000000000e+02 4.482360000000000000e+05 9.182160000000000322e-01
2.630000000000000000e+02 9.854850000000000000e+05 8.917450000000000099e-01
2.640000000000000000e+02 6.180800000000000000e+04 4.331860000000000155e-01
2.640000000000000000e+02 6.418300000000000000e+04 4.659940000000000193e-01
2.640000000000000000e+02 1.222700000000000000e+04 4.047359999999999847e-01
2.640000000000000000e+02 8.422700000000000000e+04 4.200180000000000025e-01
2.650000000000000000e+02 6.180800000000000000e+04 4.523130000000000206e-01
2.650000000000000000e+02 1.222700000000000000e+04 4.451419999999999821e-01
2.650000000000000000e+02 8.422700000000000000e+04 4.285889999999999977e-01
2.650000000000000000e+02 8.602370000000000000e+05 4.520390000000000241e-01
2.660000000000000000e+02 9.404300000000000000e+04 6.644959999999999756e-01
2.660000000000000000e+02 1.070978000000000000e+06 1.008898999999999990e+00
2.660000000000000000e+02 1.092600000000000000e+05 1.066856999999999944e+00
2.660000000000000000e+02 1.063561000000000000e+06 1.086937000000000042e+00
2.660000000000000000e+02 9.072010000000000000e+05 9.229260000000000241e-01
2.660000000000000000e+02 1.227974000000000000e+06 8.736099999999999977e-01
2.570000000000000000e+02 2.249940000000000000e+05 4.197549999999999892e-01
2.570000000000000000e+02 1.926960000000000000e+05 4.195420000000000260e-01
2.570000000000000000e+02 3.453740000000000000e+05 4.197250000000000147e-01
2.580000000000000000e+02 1.142903000000000000e+06 5.195899999999999963e-01
2.580000000000000000e+02 9.854850000000000000e+05 8.998800000000000132e-01
2.580000000000000000e+02 9.920100000000000000e+05 6.893249999999999655e-01
2.590000000000000000e+02 8.639300000000000000e+04 1.229689999999999950e-01
2.600000000000000000e+02 1.117927000000000000e+06 3.889900000000000024e-01
2.600000000000000000e+02 1.118241000000000000e+06 4.940309999999999979e-01
2.600000000000000000e+02 1.295068000000000000e+06 4.968920000000000003e-01
2.600000000000000000e+02 5.467120000000000000e+05 5.422000000000000153e-01
2.620000000000000000e+02 1.083048000000000000e+06 4.557269999999999932e-01
2.630000000000000000e+02 9.920100000000000000e+05 7.718070000000000208e-01
2.630000000000000000e+02 1.188760000000000000e+05 1.005891000000000091e+00
2.630000000000000000e+02 4.482360000000000000e+05 9.077929999999999611e-01
2.630000000000000000e+02 9.854850000000000000e+05 8.721729999999999761e-01
2.640000000000000000e+02 6.180800000000000000e+04 4.334069999999999867e-01
2.640000000000000000e+02 6.418300000000000000e+04 4.709269999999999845e-01
2.640000000000000000e+02 1.222700000000000000e+04 4.070500000000000229e-01
2.640000000000000000e+02 8.422700000000000000e+04 4.133229999999999960e-01
2.650000000000000000e+02 6.180800000000000000e+04 4.545899999999999941e-01
2.650000000000000000e+02 1.222700000000000000e+04 4.455939999999999901e-01
2.650000000000000000e+02 8.422700000000000000e+04 4.326699999999999990e-01
2.660000000000000000e+02 9.676990000000000000e+05 4.488730000000000220e-01
