# t	msd	err
2.824999999999940000e-15 8.580304320501536131e-02 4.222112228633403963e-02
1.100000000000005410e-14 1.410307191733445320e-01 1.862645149230957031e-09
1.975999999999989195e-14 4.263114643422646205e-02 9.909477543932735527e-03
3.222499999999997124e-14 1.623302412323000821e-01 7.402816375999086984e-02
5.313100000000008809e-14 8.446373669409530660e-02 2.213946395072230455e-02
9.285062500000001059e-14 5.729017827166058008e-02 1.367858826287427984e-02
1.535553333333332940e-13 2.104740303087864750e-01 4.282837323905266946e-02
2.804603703703702909e-13 1.536429081884390646e-01 2.750596138353025161e-02
4.784612195121948921e-13 3.027999806588919096e-01 3.408719902731414259e-02
8.599990909090909516e-13 4.953621489842157111e-01 2.914451729572793345e-02
1.423868205128204800e-12 6.440471000294321069e-01 4.165923250247084014e-02
2.485105846153846964e-12 6.026913474614736810e-01 3.055949806378721600e-02
4.183645258964142096e-12 8.120783366001593784e-01 2.358433302509517840e-02
7.352272352941167367e-12 9.472307241993965787e-01 2.170449146233365337e-02
