# t	msd	err
6.275997264999999426e-06 2.328257154531115924e-01 5.453048281408815617e-02
1.999999999999224620e-05 1.077272923249915082e-01 3.806831857198064717e-02
4.094999999999917933e-05 1.194265574764528104e-01 2.771877933520715612e-02
6.332114246642861369e-05 4.376759172852452973e-01 4.856687548121892822e-02
1.012407010027342128e-04 3.921668040634422425e+00 5.584849359451506956e-01
1.975529551830640276e-04 2.734865841823977295e+00 5.593711717767013702e-01
2.988262372417772503e-04 3.442688900961665244e+00 6.751278332471188914e-01
4.903626943005201175e-04 1.920228618227062700e+00 2.803335082488571106e-01
8.446963562753013934e-04 2.906374288698759134e+00 3.056339251292768955e-01
1.451960435212682919e-03 2.653049678129384414e+00 2.052249246559915696e-01
2.408246899076316606e-03 2.323456594921601059e+00 1.443223515347053509e-01
4.094741267690126842e-03 2.392614341415299606e+00 1.183846794922629037e-01
6.785377420626493260e-03 2.730171490347245822e+00 9.390171496260957262e-02
1.130825636120969327e-02 3.268835572804019041e+00 7.525491792955672776e-02
1.892068492292700924e-02 3.980695166800583884e+00 6.225533847219091171e-02
3.176031355077129498e-02 4.633087205389168517e+00 4.951571428500881750e-02
5.328727266456286665e-02 5.993710334038090615e+00 4.103954349386269851e-02
8.889241403752240478e-02 7.844678422644225435e+00 3.389648116164029057e-02
1.487065102127341498e-01 1.011610185951195007e+01 2.763180506241198764e-02
2.482495177375191875e-01 1.391758111942619180e+01 2.352027656984929244e-02
4.009829689744851544e-01 1.943296124451917350e+01 2.360490984535415851e-02
6.373997617069168120e-01 2.811766306014740380e+01 2.652698082687826586e-02
