# Barrier Energy Step Time
0.000000000000000000e+00 -2.140677000000000135e+03 0.000000000000000000e+00 0.000000000000000000e+00
3.300000000000000155e-01 -2.140737000000000080e+03 5.000000000000000000e-01 9.354000000000000734e-12
0.000000000000000000e+00 -2.141067000000000007e+03 1.000000000000000000e+00 9.354000000000000734e-12
5.000000000000000000e-01 -2.142536999999999807e+03 1.500000000000000000e+00 1.459000000000000145e-11
0.000000000000000000e+00 -2.143036999999999807e+03 2.000000000000000000e+00 1.459000000000000145e-11
6.870000000000000551e-01 -2.141931999999999789e+03 2.500000000000000000e+00 6.670999999999999504e-11
0.000000000000000000e+00 -2.142619000000000142e+03 3.000000000000000000e+00 6.670999999999999504e-11
2.690000000000000169e-01 -2.142768000000000029e+03 3.500000000000000000e+00 6.678999999999999632e-11
0.000000000000000000e+00 -2.143036999999999807e+03 4.000000000000000000e+00 6.678999999999999632e-11
6.870000000000000551e-01 -2.141931999999999789e+03 4.500000000000000000e+00 1.019000000000000048e-10
0.000000000000000000e+00 -2.142619000000000142e+03 5.000000000000000000e+00 1.019000000000000048e-10
2.690000000000000169e-01 -2.142768000000000029e+03 5.500000000000000000e+00 1.038000000000000060e-10
0.000000000000000000e+00 -2.143036999999999807e+03 6.000000000000000000e+00 1.038000000000000060e-10
7.169999999999999707e-01 -2.141864000000000033e+03 6.500000000000000000e+00 2.021000000000000052e-10
0.000000000000000000e+00 -2.142581000000000131e+03 7.000000000000000000e+00 2.021000000000000052e-10
2.610000000000000098e-01 -2.142775999999999840e+03 7.500000000000000000e+00 2.038000000000000097e-10
0.000000000000000000e+00 -2.143036999999999807e+03 8.000000000000000000e+00 2.038000000000000097e-10
6.879999999999999449e-01 -2.141931999999999789e+03 8.500000000000000000e+00 3.075000000000000238e-10
0.000000000000000000e+00 -2.142619000000000142e+03 9.000000000000000000e+00 3.075000000000000238e-10
2.700000000000000178e-01 -2.142766999999999825e+03 9.500000000000000000e+00 3.091999999999999766e-10
0.000000000000000000e+00 -2.143036999999999807e+03 1.000000000000000000e+01 3.091999999999999766e-10
7.169999999999999707e-01 -2.141864000000000033e+03 1.050000000000000000e+01 3.125000000000000065e-10
0.000000000000000000e+00 -2.142581000000000131e+03 1.100000000000000000e+01 3.125000000000000065e-10
2.610000000000000098e-01 -2.142777000000000044e+03 1.150000000000000000e+01 3.142000000000000110e-10
0.000000000000000000e+00 -2.143036999999999807e+03 1.200000000000000000e+01 3.142000000000000110e-10
7.119999999999999662e-01 -2.143695000000000164e+03 1.250000000000000000e+01 3.172000000000000006e-10
0.000000000000000000e+00 -2.144407000000000153e+03 1.300000000000000000e+01 3.172000000000000006e-10
2.124000000000000110e+00 -2.140496000000000095e+03 1.350000000000000000e+01 3.308000000000000176e-04
0.000000000000000000e+00 -2.142619999999999891e+03 1.400000000000000000e+01 3.308000000000000176e-04
2.660000000000000142e-01 -2.142777999999999793e+03 1.450000000000000000e+01 3.308000000000000176e-04
0.000000000000000000e+00 -2.143043999999999869e+03 1.500000000000000000e+01 3.308000000000000176e-04
7.229999999999999760e-01 -2.143690999999999804e+03 1.550000000000000000e+01 3.308000000000000176e-04
0.000000000000000000e+00 -2.144414000000000215e+03 1.600000000000000000e+01 3.308000000000000176e-04
2.012000000000000011e+00 -2.140851999999999862e+03 1.650000000000000000e+01 6.832999999999999664e-04
0.000000000000000000e+00 -2.142864000000000033e+03 1.700000000000000000e+01 6.832999999999999664e-04
5.240000000000000213e-01 -2.143889000000000124e+03 1.750000000000000000e+01 6.832999999999999664e-04
0.000000000000000000e+00 -2.144414000000000215e+03 1.800000000000000000e+01 6.832999999999999664e-04
2.015000000000000124e+00 -2.140965999999999894e+03 1.850000000000000000e+01 9.682999999999999550e-04
0.000000000000000000e+00 -2.142981000000000222e+03 1.900000000000000000e+01 9.682999999999999550e-04
5.120000000000000107e-01 -2.143862000000000080e+03 1.950000000000000000e+01 9.682999999999999550e-04
0.000000000000000000e+00 -2.144373999999999796e+03 2.000000000000000000e+01 9.682999999999999550e-04
1.957999999999999963e+00 -2.140722999999999956e+03 2.050000000000000000e+01 9.909999999999999105e-04
0.000000000000000000e+00 -2.142681000000000040e+03 2.100000000000000000e+01 9.909999999999999105e-04
2.650000000000000133e-01 -2.144103999999999814e+03 2.150000000000000000e+01 9.909999999999999105e-04
0.000000000000000000e+00 -2.144369000000000142e+03 2.200000000000000000e+01 9.909999999999999105e-04
2.113999999999999879e+00 -2.140467999999999847e+03 2.250000000000000000e+01 1.036999999999999944e-03
0.000000000000000000e+00 -2.142583000000000084e+03 2.300000000000000000e+01 1.036999999999999944e-03
2.690000000000000169e-01 -2.142739999999999782e+03 2.350000000000000000e+01 1.036999999999999944e-03
0.000000000000000000e+00 -2.143009000000000015e+03 2.400000000000000000e+01 1.036999999999999944e-03
5.180000000000000160e-01 -2.143737999999999829e+03 2.450000000000000000e+01 1.036999999999999944e-03
0.000000000000000000e+00 -2.144255999999999858e+03 2.500000000000000000e+01 1.036999999999999944e-03
1.766000000000000014e+00 -2.141244999999999891e+03 2.550000000000000000e+01 1.075999999999999917e-03
0.000000000000000000e+00 -2.143010999999999967e+03 2.600000000000000000e+01 1.075999999999999917e-03
5.160000000000000142e-01 -2.143858000000000175e+03 2.650000000000000000e+01 1.075999999999999917e-03
0.000000000000000000e+00 -2.144373999999999796e+03 2.700000000000000000e+01 1.075999999999999917e-03
1.879999999999999893e+00 -2.141130999999999858e+03 2.750000000000000000e+01 1.108999999999999960e-03
0.000000000000000000e+00 -2.143010999999999967e+03 2.800000000000000000e+01 1.108999999999999960e-03
5.160000000000000142e-01 -2.143858000000000175e+03 2.850000000000000000e+01 1.108999999999999960e-03
0.000000000000000000e+00 -2.144373999999999796e+03 2.900000000000000000e+01 1.108999999999999960e-03
1.919999999999999929e+00 -2.141059999999999945e+03 2.950000000000000000e+01 1.167000000000000069e-03
0.000000000000000000e+00 -2.142978999999999814e+03 3.000000000000000000e+01 1.167000000000000069e-03
5.010000000000000009e-01 -2.143873000000000047e+03 3.050000000000000000e+01 1.167000000000000069e-03
0.000000000000000000e+00 -2.144373999999999796e+03 3.100000000000000000e+01 1.167000000000000069e-03
2.115000000000000213e+00 -2.140672000000000025e+03 3.150000000000000000e+01 1.173999999999999913e-03
0.000000000000000000e+00 -2.142786999999999807e+03 3.200000000000000000e+01 1.173999999999999913e-03
5.270000000000000240e-01 -2.143844999999999800e+03 3.250000000000000000e+01 1.173999999999999913e-03
0.000000000000000000e+00 -2.144373000000000047e+03 3.300000000000000000e+01 1.173999999999999913e-03
2.270999999999999908e+00 -2.140315999999999804e+03 3.350000000000000000e+01 1.263999999999999933e-03
0.000000000000000000e+00 -2.142588000000000193e+03 3.400000000000000000e+01 1.263999999999999933e-03
4.859999999999999876e-01 -2.143887999999999920e+03 3.450000000000000000e+01 1.263999999999999933e-03
0.000000000000000000e+00 -2.144373999999999796e+03 3.500000000000000000e+01 1.263999999999999933e-03
1.957000000000000073e+00 -2.140721000000000004e+03 3.550000000000000000e+01 1.397999999999999937e-03
0.000000000000000000e+00 -2.142677999999999884e+03 3.600000000000000000e+01 1.397999999999999937e-03
2.660000000000000142e-01 -2.144152000000000044e+03 3.650000000000000000e+01 1.397999999999999937e-03
0.000000000000000000e+00 -2.144418000000000120e+03 3.700000000000000000e+01 1.397999999999999937e-03
1.903000000000000025e+00 -2.141152000000000044e+03 3.750000000000000000e+01 1.459999999999999926e-03
0.000000000000000000e+00 -2.143054000000000087e+03 3.800000000000000000e+01 1.459999999999999926e-03
5.390000000000000346e-01 -2.143880000000000109e+03 3.850000000000000000e+01 1.459999999999999926e-03
0.000000000000000000e+00 -2.144418000000000120e+03 3.900000000000000000e+01 1.459999999999999926e-03
1.903000000000000025e+00 -2.141152000000000044e+03 3.950000000000000000e+01 1.492999999999999969e-03
0.000000000000000000e+00 -2.143054000000000087e+03 4.000000000000000000e+01 1.492999999999999969e-03
5.390000000000000346e-01 -2.143880000000000109e+03 4.050000000000000000e+01 1.492999999999999969e-03
0.000000000000000000e+00 -2.144418000000000120e+03 4.100000000000000000e+01 1.492999999999999969e-03
1.903000000000000025e+00 -2.141152000000000044e+03 4.150000000000000000e+01 1.683000000000000034e-03
0.000000000000000000e+00 -2.143054000000000087e+03 4.200000000000000000e+01 1.683000000000000034e-03
7.259999999999999787e-01 -2.143692000000000007e+03 4.250000000000000000e+01 1.683000000000000034e-03
0.000000000000000000e+00 -2.144418000000000120e+03 4.300000000000000000e+01 1.683000000000000034e-03
1.903000000000000025e+00 -2.141152000000000044e+03 4.350000000000000000e+01 1.936000000000000004e-03
0.000000000000000000e+00 -2.143054000000000087e+03 4.400000000000000000e+01 1.936000000000000004e-03
5.320000000000000284e-01 -2.143768999999999778e+03 4.450000000000000000e+01 1.936000000000000004e-03
0.000000000000000000e+00 -2.144300999999999931e+03 4.500000000000000000e+01 1.936000000000000004e-03
1.778999999999999915e+00 -2.141275999999999840e+03 4.550000000000000000e+01 1.951999999999999959e-03
0.000000000000000000e+00 -2.143054000000000087e+03 4.600000000000000000e+01 1.951999999999999959e-03
5.220000000000000195e-01 -2.143777999999999793e+03 4.650000000000000000e+01 1.951999999999999959e-03
0.000000000000000000e+00 -2.144300999999999931e+03 4.700000000000000000e+01 1.951999999999999959e-03
1.768999999999999906e+00 -2.141286000000000058e+03 4.750000000000000000e+01 2.024999999999999890e-03
0.000000000000000000e+00 -2.143054000000000087e+03 4.800000000000000000e+01 2.024999999999999890e-03
5.160000000000000142e-01 -2.143902000000000044e+03 4.850000000000000000e+01 2.024999999999999890e-03
0.000000000000000000e+00 -2.144418000000000120e+03 4.900000000000000000e+01 2.024999999999999890e-03
1.879999999999999893e+00 -2.141173999999999978e+03 4.950000000000000000e+01 2.090999999999999977e-03
0.000000000000000000e+00 -2.143054000000000087e+03 5.000000000000000000e+01 2.090999999999999977e-03
5.210000000000000187e-01 -2.143780000000000200e+03 5.050000000000000000e+01 2.090999999999999977e-03
0.000000000000000000e+00 -2.144300999999999931e+03 5.100000000000000000e+01 2.090999999999999977e-03
1.768000000000000016e+00 -2.141286999999999807e+03 5.150000000000000000e+01 2.115999999999999825e-03
0.000000000000000000e+00 -2.143054000000000087e+03 5.200000000000000000e+01 2.115999999999999825e-03
5.210000000000000187e-01 -2.143780000000000200e+03 5.250000000000000000e+01 2.115999999999999825e-03
0.000000000000000000e+00 -2.144300999999999931e+03 5.300000000000000000e+01 2.115999999999999825e-03
2.095000000000000195e+00 -2.140590999999999894e+03 5.350000000000000000e+01 2.161000000000000160e-03
0.000000000000000000e+00 -2.142686000000000149e+03 5.400000000000000000e+01 2.161000000000000160e-03
5.090000000000000080e-01 -2.143789999999999964e+03 5.450000000000000000e+01 2.161000000000000160e-03
0.000000000000000000e+00 -2.144298999999999978e+03 5.500000000000000000e+01 2.161000000000000160e-03
1.780000000000000027e+00 -2.141273999999999887e+03 5.550000000000000000e+01 2.196000000000000035e-03
0.000000000000000000e+00 -2.143054000000000087e+03 5.600000000000000000e+01 2.196000000000000035e-03
5.300000000000000266e-01 -2.143769999999999982e+03 5.650000000000000000e+01 2.196000000000000035e-03
0.000000000000000000e+00 -2.144300999999999931e+03 5.700000000000000000e+01 2.196000000000000035e-03
1.776999999999999913e+00 -2.141277000000000044e+03 5.750000000000000000e+01 2.299999999999999961e-03
0.000000000000000000e+00 -2.143054000000000087e+03 5.800000000000000000e+01 2.299999999999999961e-03
5.300000000000000266e-01 -2.143769999999999982e+03 5.850000000000000000e+01 2.299999999999999961e-03
0.000000000000000000e+00 -2.144300999999999931e+03 5.900000000000000000e+01 2.299999999999999961e-03
2.101999999999999869e+00 -2.140628999999999905e+03 5.950000000000000000e+01 2.338999999999999933e-03
0.000000000000000000e+00 -2.142731000000000222e+03 6.000000000000000000e+01 2.338999999999999933e-03
5.160000000000000142e-01 -2.143806000000000040e+03 6.050000000000000000e+01 2.338999999999999933e-03
0.000000000000000000e+00 -2.144322000000000116e+03 6.100000000000000000e+01 2.338999999999999933e-03
2.322000000000000064e+00 -2.139981999999999971e+03 6.150000000000000000e+01 2.341000000000000199e-03
0.000000000000000000e+00 -2.142304000000000087e+03 6.200000000000000000e+01 2.341000000000000199e-03
2.290000000000000091e-01 -2.144099999999999909e+03 6.250000000000000000e+01 2.341000000000000199e-03
0.000000000000000000e+00 -2.144329000000000178e+03 6.300000000000000000e+01 2.341000000000000199e-03
2.017999999999999794e+00 -2.140862000000000080e+03 6.350000000000000000e+01 2.605000000000000111e-03
0.000000000000000000e+00 -2.142878999999999905e+03 6.400000000000000000e+01 2.605000000000000111e-03
5.679999999999999494e-01 -2.143730000000000018e+03 6.450000000000000000e+01 2.605000000000000111e-03
0.000000000000000000e+00 -2.144297999999999774e+03 6.500000000000000000e+01 2.605000000000000111e-03
1.987999999999999989e+00 -2.140891999999999825e+03 6.550000000000000000e+01 2.811000000000000131e-03
0.000000000000000000e+00 -2.142880000000000109e+03 6.600000000000000000e+01 2.811000000000000131e-03
5.689999999999999503e-01 -2.143730000000000018e+03 6.650000000000000000e+01 2.811000000000000131e-03
0.000000000000000000e+00 -2.144298999999999978e+03 6.700000000000000000e+01 2.811000000000000131e-03
2.084999999999999964e+00 -2.140608000000000175e+03 6.750000000000000000e+01 3.131000000000000102e-03
0.000000000000000000e+00 -2.142693000000000211e+03 6.800000000000000000e+01 3.131000000000000102e-03
4.979999999999999982e-01 -2.143820999999999913e+03 6.850000000000000000e+01 3.131000000000000102e-03
0.000000000000000000e+00 -2.144318999999999960e+03 6.900000000000000000e+01 3.131000000000000102e-03
1.947000000000000064e+00 -2.140931000000000040e+03 6.950000000000000000e+01 3.364999999999999936e-03
0.000000000000000000e+00 -2.142878000000000156e+03 7.000000000000000000e+01 3.364999999999999936e-03
6.430000000000000160e-01 -2.143664999999999964e+03 7.050000000000000000e+01 3.364999999999999936e-03
0.000000000000000000e+00 -2.144307999999999993e+03 7.100000000000000000e+01 3.364999999999999936e-03
2.460999999999999854e+00 -2.139686999999999898e+03 7.150000000000000000e+01 3.651999999999999864e-03
0.000000000000000000e+00 -2.142148000000000138e+03 7.200000000000000000e+01 3.651999999999999864e-03
2.650000000000000133e-01 -2.144063000000000102e+03 7.250000000000000000e+01 3.651999999999999864e-03
0.000000000000000000e+00 -2.144329000000000178e+03 7.300000000000000000e+01 3.651999999999999864e-03
2.161999999999999922e+00 -2.140574000000000069e+03 7.350000000000000000e+01 4.573999999999999941e-03
0.000000000000000000e+00 -2.142735999999999876e+03 7.400000000000000000e+01 4.573999999999999941e-03
5.689999999999999503e-01 -2.143760000000000218e+03 7.450000000000000000e+01 4.573999999999999941e-03
0.000000000000000000e+00 -2.144329000000000178e+03 7.500000000000000000e+01 4.573999999999999941e-03
2.116000000000000103e+00 -2.140983999999999924e+03 7.550000000000000000e+01 4.606999999999999984e-03
0.000000000000000000e+00 -2.143099999999999909e+03 7.600000000000000000e+01 4.606999999999999984e-03
8.870000000000000107e-01 -2.143440000000000055e+03 7.650000000000000000e+01 4.606999999999999984e-03
0.000000000000000000e+00 -2.144327000000000226e+03 7.700000000000000000e+01 4.606999999999999984e-03
1.975000000000000089e+00 -2.140903999999999996e+03 7.750000000000000000e+01 4.658999999999999947e-03
0.000000000000000000e+00 -2.142878999999999905e+03 7.800000000000000000e+01 4.658999999999999947e-03
4.640000000000000235e-01 -2.143842999999999847e+03 7.850000000000000000e+01 4.658999999999999947e-03
0.000000000000000000e+00 -2.144306999999999789e+03 7.900000000000000000e+01 4.658999999999999947e-03
1.891000000000000014e+00 -2.140987999999999829e+03 7.950000000000000000e+01 4.666000000000000009e-03
0.000000000000000000e+00 -2.142878999999999905e+03 8.000000000000000000e+01 4.666000000000000009e-03
4.640000000000000235e-01 -2.143842999999999847e+03 8.050000000000000000e+01 4.666000000000000009e-03
0.000000000000000000e+00 -2.144306999999999789e+03 8.100000000000000000e+01 4.666000000000000009e-03
1.891000000000000014e+00 -2.140987999999999829e+03 8.150000000000000000e+01 4.776999999999999996e-03
0.000000000000000000e+00 -2.142878999999999905e+03 8.200000000000000000e+01 4.776999999999999996e-03
4.719999999999999751e-01 -2.143835000000000036e+03 8.250000000000000000e+01 4.776999999999999996e-03
0.000000000000000000e+00 -2.144306999999999789e+03 8.300000000000000000e+01 4.776999999999999996e-03
2.184000000000000163e+00 -2.140338999999999942e+03 8.350000000000000000e+01 5.011999999999999962e-03
0.000000000000000000e+00 -2.142523000000000138e+03 8.400000000000000000e+01 5.011999999999999962e-03
4.010000000000000231e-01 -2.143913000000000011e+03 8.450000000000000000e+01 5.011999999999999962e-03
0.000000000000000000e+00 -2.144313000000000102e+03 8.500000000000000000e+01 5.011999999999999962e-03
1.895000000000000018e+00 -2.141356999999999971e+03 8.550000000000000000e+01 5.257000000000000388e-03
0.000000000000000000e+00 -2.143251000000000204e+03 8.600000000000000000e+01 5.257000000000000388e-03
6.300000000000000044e-01 -2.144000000000000000e+03 8.650000000000000000e+01 5.257000000000000388e-03
0.000000000000000000e+00 -2.144630000000000109e+03 8.700000000000000000e+01 5.257000000000000388e-03
2.166999999999999815e+00 -2.140807999999999993e+03 8.750000000000000000e+01 5.295000000000000227e-03
0.000000000000000000e+00 -2.142976000000000113e+03 8.800000000000000000e+01 5.295000000000000227e-03
5.050000000000000044e-01 -2.144126999999999953e+03 8.850000000000000000e+01 5.295000000000000227e-03
0.000000000000000000e+00 -2.144630999999999858e+03 8.900000000000000000e+01 5.295000000000000227e-03
2.258000000000000007e+00 -2.140278999999999996e+03 8.950000000000000000e+01 5.364999999999999977e-03
0.000000000000000000e+00 -2.142536999999999807e+03 9.000000000000000000e+01 5.364999999999999977e-03
1.179999999999999938e-01 -2.144530000000000200e+03 9.050000000000000000e+01 5.364999999999999977e-03
0.000000000000000000e+00 -2.144648000000000138e+03 9.100000000000000000e+01 5.364999999999999977e-03
2.216000000000000192e+00 -2.140586999999999989e+03 9.150000000000000000e+01 5.629999999999999588e-03
0.000000000000000000e+00 -2.142802999999999884e+03 9.200000000000000000e+01 5.629999999999999588e-03
3.709999999999999964e-01 -2.144277000000000044e+03 9.250000000000000000e+01 5.629999999999999588e-03
0.000000000000000000e+00 -2.144648000000000138e+03 9.300000000000000000e+01 5.629999999999999588e-03
2.039000000000000146e+00 -2.141143999999999778e+03 9.350000000000000000e+01 5.802999999999999999e-03
0.000000000000000000e+00 -2.143182999999999993e+03 9.400000000000000000e+01 5.802999999999999999e-03
4.620000000000000218e-01 -2.144157999999999902e+03 9.450000000000000000e+01 5.802999999999999999e-03
0.000000000000000000e+00 -2.144619999999999891e+03 9.500000000000000000e+01 5.802999999999999999e-03
1.899999999999999911e+00 -2.141284000000000106e+03 9.550000000000000000e+01 5.806000000000000397e-03
0.000000000000000000e+00 -2.143182999999999993e+03 9.600000000000000000e+01 5.806000000000000397e-03
4.660000000000000253e-01 -2.144157000000000153e+03 9.650000000000000000e+01 5.806000000000000397e-03
0.000000000000000000e+00 -2.144623000000000047e+03 9.700000000000000000e+01 5.806000000000000397e-03
1.905999999999999917e+00 -2.141277000000000044e+03 9.750000000000000000e+01 5.994000000000000196e-03
0.000000000000000000e+00 -2.143182999999999993e+03 9.800000000000000000e+01 5.994000000000000196e-03
6.049999999999999822e-01 -2.142300999999999931e+03 9.850000000000000000e+01 5.994000000000000196e-03
0.000000000000000000e+00 -2.142905999999999949e+03 9.900000000000000000e+01 5.994000000000000196e-03
1.789999999999999925e-01 -2.144436000000000149e+03 9.950000000000000000e+01 5.994000000000000196e-03
0.000000000000000000e+00 -2.144614999999999782e+03 1.000000000000000000e+02 5.994000000000000196e-03
2.369000000000000217e+00 -2.140277000000000044e+03 1.005000000000000000e+02 5.997999999999999859e-03
0.000000000000000000e+00 -2.142646000000000186e+03 1.010000000000000000e+02 5.997999999999999859e-03
3.639999999999999902e-01 -2.144309000000000196e+03 1.015000000000000000e+02 5.997999999999999859e-03
0.000000000000000000e+00 -2.144672999999999774e+03 1.020000000000000000e+02 5.997999999999999859e-03
1.987999999999999989e+00 -2.141313999999999851e+03 1.025000000000000000e+02 6.093999999999999591e-03
0.000000000000000000e+00 -2.143302000000000135e+03 1.030000000000000000e+02 6.093999999999999591e-03
7.029999999999999583e-01 -2.143958000000000084e+03 1.035000000000000000e+02 6.093999999999999591e-03
0.000000000000000000e+00 -2.144661000000000058e+03 1.040000000000000000e+02 6.093999999999999591e-03
1.639999999999999902e+00 -2.142827999999999975e+03 1.045000000000000000e+02 6.094999999999999724e-03
0.000000000000000000e+00 -2.144467999999999847e+03 1.050000000000000000e+02 6.094999999999999724e-03
1.447000000000000064e+00 -2.143213999999999942e+03 1.055000000000000000e+02 6.100000000000000387e-03
0.000000000000000000e+00 -2.144661000000000058e+03 1.060000000000000000e+02 6.100000000000000387e-03
1.639999999999999902e+00 -2.142827999999999975e+03 1.065000000000000000e+02 6.102999999999999918e-03
0.000000000000000000e+00 -2.144467999999999847e+03 1.070000000000000000e+02 6.102999999999999918e-03
1.447000000000000064e+00 -2.143213999999999942e+03 1.075000000000000000e+02 6.106000000000000316e-03
0.000000000000000000e+00 -2.144661000000000058e+03 1.080000000000000000e+02 6.106000000000000316e-03
1.639999999999999902e+00 -2.142827999999999975e+03 1.085000000000000000e+02 6.114999999999999776e-03
0.000000000000000000e+00 -2.144467999999999847e+03 1.090000000000000000e+02 6.114999999999999776e-03
1.447000000000000064e+00 -2.143213999999999942e+03 1.095000000000000000e+02 6.115999999999999909e-03
0.000000000000000000e+00 -2.144661000000000058e+03 1.100000000000000000e+02 6.115999999999999909e-03
1.639999999999999902e+00 -2.142827999999999975e+03 1.105000000000000000e+02 6.117000000000000041e-03
0.000000000000000000e+00 -2.144467999999999847e+03 1.110000000000000000e+02 6.117000000000000041e-03
1.447000000000000064e+00 -2.143213999999999942e+03 1.115000000000000000e+02 6.119000000000000307e-03
0.000000000000000000e+00 -2.144661000000000058e+03 1.120000000000000000e+02 6.119000000000000307e-03
1.639999999999999902e+00 -2.142827999999999975e+03 1.125000000000000000e+02 6.133999999999999696e-03
0.000000000000000000e+00 -2.144467999999999847e+03 1.130000000000000000e+02 6.133999999999999696e-03
1.447000000000000064e+00 -2.143213999999999942e+03 1.135000000000000000e+02 6.135999999999999961e-03
0.000000000000000000e+00 -2.144661000000000058e+03 1.140000000000000000e+02 6.135999999999999961e-03
1.639999999999999902e+00 -2.142827999999999975e+03 1.145000000000000000e+02 6.143000000000000023e-03
0.000000000000000000e+00 -2.144467999999999847e+03 1.150000000000000000e+02 6.143000000000000023e-03
1.447000000000000064e+00 -2.143213999999999942e+03 1.155000000000000000e+02 6.144000000000000156e-03
0.000000000000000000e+00 -2.144661000000000058e+03 1.160000000000000000e+02 6.144000000000000156e-03
1.639999999999999902e+00 -2.142827999999999975e+03 1.165000000000000000e+02 6.151000000000000217e-03
0.000000000000000000e+00 -2.144467999999999847e+03 1.170000000000000000e+02 6.151000000000000217e-03
1.447000000000000064e+00 -2.143213999999999942e+03 1.175000000000000000e+02 6.152999999999999615e-03
0.000000000000000000e+00 -2.144661000000000058e+03 1.180000000000000000e+02 6.152999999999999615e-03
1.639999999999999902e+00 -2.142827999999999975e+03 1.185000000000000000e+02 6.163000000000000075e-03
0.000000000000000000e+00 -2.144467999999999847e+03 1.190000000000000000e+02 6.163000000000000075e-03
1.447000000000000064e+00 -2.143213999999999942e+03 1.195000000000000000e+02 6.163000000000000075e-03
0.000000000000000000e+00 -2.144661000000000058e+03 1.200000000000000000e+02 6.163000000000000075e-03
1.639999999999999902e+00 -2.142827999999999975e+03 1.205000000000000000e+02 6.202000000000000048e-03
0.000000000000000000e+00 -2.144467999999999847e+03 1.210000000000000000e+02 6.202000000000000048e-03
1.447000000000000064e+00 -2.143213999999999942e+03 1.215000000000000000e+02 6.210000000000000242e-03
0.000000000000000000e+00 -2.144661000000000058e+03 1.220000000000000000e+02 6.210000000000000242e-03
1.639999999999999902e+00 -2.142827999999999975e+03 1.225000000000000000e+02 6.251999999999999745e-03
0.000000000000000000e+00 -2.144467999999999847e+03 1.230000000000000000e+02 6.251999999999999745e-03
1.447000000000000064e+00 -2.143213999999999942e+03 1.235000000000000000e+02 6.259999999999999939e-03
0.000000000000000000e+00 -2.144661000000000058e+03 1.240000000000000000e+02 6.259999999999999939e-03
1.639999999999999902e+00 -2.142827999999999975e+03 1.245000000000000000e+02 6.265999999999999868e-03
0.000000000000000000e+00 -2.144467999999999847e+03 1.250000000000000000e+02 6.265999999999999868e-03
1.447000000000000064e+00 -2.143213999999999942e+03 1.255000000000000000e+02 6.265999999999999868e-03
0.000000000000000000e+00 -2.144661000000000058e+03 1.260000000000000000e+02 6.265999999999999868e-03
1.639999999999999902e+00 -2.142827999999999975e+03 1.265000000000000000e+02 6.283000000000000390e-03
0.000000000000000000e+00 -2.144467999999999847e+03 1.270000000000000000e+02 6.283000000000000390e-03
1.447000000000000064e+00 -2.143213999999999942e+03 1.275000000000000000e+02 6.283999999999999655e-03
0.000000000000000000e+00 -2.144661000000000058e+03 1.280000000000000000e+02 6.283999999999999655e-03
1.639999999999999902e+00 -2.142827999999999975e+03 1.285000000000000000e+02 6.285999999999999921e-03
0.000000000000000000e+00 -2.144467999999999847e+03 1.290000000000000000e+02 6.285999999999999921e-03
1.447000000000000064e+00 -2.143213999999999942e+03 1.295000000000000000e+02 6.287000000000000054e-03
0.000000000000000000e+00 -2.144661000000000058e+03 1.300000000000000000e+02 6.287000000000000054e-03
1.639999999999999902e+00 -2.142827999999999975e+03 1.305000000000000000e+02 6.296999999999999646e-03
0.000000000000000000e+00 -2.144467999999999847e+03 1.310000000000000000e+02 6.296999999999999646e-03
1.447000000000000064e+00 -2.143213999999999942e+03 1.315000000000000000e+02 6.302000000000000310e-03
0.000000000000000000e+00 -2.144661000000000058e+03 1.320000000000000000e+02 6.302000000000000310e-03
1.639999999999999902e+00 -2.142827999999999975e+03 1.325000000000000000e+02 6.316999999999999699e-03
0.000000000000000000e+00 -2.144467999999999847e+03 1.330000000000000000e+02 6.316999999999999699e-03
1.447000000000000064e+00 -2.143213999999999942e+03 1.335000000000000000e+02 6.316999999999999699e-03
0.000000000000000000e+00 -2.144661000000000058e+03 1.340000000000000000e+02 6.316999999999999699e-03
1.639999999999999902e+00 -2.142827999999999975e+03 1.345000000000000000e+02 6.355999999999999671e-03
0.000000000000000000e+00 -2.144467999999999847e+03 1.350000000000000000e+02 6.355999999999999671e-03
1.447000000000000064e+00 -2.143213999999999942e+03 1.355000000000000000e+02 6.355999999999999671e-03
0.000000000000000000e+00 -2.144661000000000058e+03 1.360000000000000000e+02 6.355999999999999671e-03
1.639999999999999902e+00 -2.142827999999999975e+03 1.365000000000000000e+02 6.363999999999999865e-03
0.000000000000000000e+00 -2.144467999999999847e+03 1.370000000000000000e+02 6.363999999999999865e-03
1.447000000000000064e+00 -2.143213999999999942e+03 1.375000000000000000e+02 6.368000000000000396e-03
0.000000000000000000e+00 -2.144661000000000058e+03 1.380000000000000000e+02 6.368000000000000396e-03
1.639999999999999902e+00 -2.142827999999999975e+03 1.385000000000000000e+02 6.372000000000000060e-03
0.000000000000000000e+00 -2.144467999999999847e+03 1.390000000000000000e+02 6.372000000000000060e-03
1.447000000000000064e+00 -2.143213999999999942e+03 1.395000000000000000e+02 6.373000000000000193e-03
0.000000000000000000e+00 -2.144661000000000058e+03 1.400000000000000000e+02 6.373000000000000193e-03
1.639999999999999902e+00 -2.142827999999999975e+03 1.405000000000000000e+02 6.419000000000000226e-03
0.000000000000000000e+00 -2.144467999999999847e+03 1.410000000000000000e+02 6.419000000000000226e-03
1.447000000000000064e+00 -2.143213999999999942e+03 1.415000000000000000e+02 6.419000000000000226e-03
0.000000000000000000e+00 -2.144661000000000058e+03 1.420000000000000000e+02 6.419000000000000226e-03
1.639999999999999902e+00 -2.142827999999999975e+03 1.425000000000000000e+02 6.424000000000000023e-03
0.000000000000000000e+00 -2.144467999999999847e+03 1.430000000000000000e+02 6.424000000000000023e-03
1.447000000000000064e+00 -2.143213999999999942e+03 1.435000000000000000e+02 6.424000000000000023e-03
0.000000000000000000e+00 -2.144661000000000058e+03 1.440000000000000000e+02 6.424000000000000023e-03
1.639999999999999902e+00 -2.142827999999999975e+03 1.445000000000000000e+02 6.465000000000000260e-03
0.000000000000000000e+00 -2.144467999999999847e+03 1.450000000000000000e+02 6.465000000000000260e-03
1.447000000000000064e+00 -2.143213999999999942e+03 1.455000000000000000e+02 6.468999999999999924e-03
0.000000000000000000e+00 -2.144661000000000058e+03 1.460000000000000000e+02 6.468999999999999924e-03
2.004999999999999893e+00 -2.141250000000000000e+03 1.465000000000000000e+02 6.480999999999999782e-03
0.000000000000000000e+00 -2.143255000000000109e+03 1.470000000000000000e+02 6.480999999999999782e-03
5.989999999999999769e-01 -2.144061999999999898e+03 1.475000000000000000e+02 6.480999999999999782e-03
0.000000000000000000e+00 -2.144661000000000058e+03 1.480000000000000000e+02 6.480999999999999782e-03
1.639999999999999902e+00 -2.142827999999999975e+03 1.485000000000000000e+02 6.498999999999999569e-03
0.000000000000000000e+00 -2.144467999999999847e+03 1.490000000000000000e+02 6.498999999999999569e-03
1.447000000000000064e+00 -2.143213999999999942e+03 1.495000000000000000e+02 6.499999999999999702e-03
0.000000000000000000e+00 -2.144661000000000058e+03 1.500000000000000000e+02 6.499999999999999702e-03
1.639999999999999902e+00 -2.142827999999999975e+03 1.505000000000000000e+02 6.505999999999999631e-03
0.000000000000000000e+00 -2.144467999999999847e+03 1.510000000000000000e+02 6.505999999999999631e-03
1.447000000000000064e+00 -2.143213999999999942e+03 1.515000000000000000e+02 6.506999999999999763e-03
0.000000000000000000e+00 -2.144661000000000058e+03 1.520000000000000000e+02 6.506999999999999763e-03
1.639999999999999902e+00 -2.142827999999999975e+03 1.525000000000000000e+02 6.529000000000000081e-03
0.000000000000000000e+00 -2.144467999999999847e+03 1.530000000000000000e+02 6.529000000000000081e-03
1.447000000000000064e+00 -2.143213999999999942e+03 1.535000000000000000e+02 6.529000000000000081e-03
0.000000000000000000e+00 -2.144661000000000058e+03 1.540000000000000000e+02 6.529000000000000081e-03
1.639999999999999902e+00 -2.142827999999999975e+03 1.545000000000000000e+02 6.545999999999999736e-03
0.000000000000000000e+00 -2.144467999999999847e+03 1.550000000000000000e+02 6.545999999999999736e-03
1.447000000000000064e+00 -2.143213999999999942e+03 1.555000000000000000e+02 6.546999999999999868e-03
0.000000000000000000e+00 -2.144661000000000058e+03 1.560000000000000000e+02 6.546999999999999868e-03
1.639999999999999902e+00 -2.142827999999999975e+03 1.565000000000000000e+02 6.559999999999999859e-03
0.000000000000000000e+00 -2.144467999999999847e+03 1.570000000000000000e+02 6.559999999999999859e-03
1.447000000000000064e+00 -2.143213999999999942e+03 1.575000000000000000e+02 6.564000000000000390e-03
0.000000000000000000e+00 -2.144661000000000058e+03 1.580000000000000000e+02 6.564000000000000390e-03
1.639999999999999902e+00 -2.142827999999999975e+03 1.585000000000000000e+02 6.577999999999999646e-03
0.000000000000000000e+00 -2.144467999999999847e+03 1.590000000000000000e+02 6.577999999999999646e-03
1.447000000000000064e+00 -2.143213999999999942e+03 1.595000000000000000e+02 6.579999999999999911e-03
0.000000000000000000e+00 -2.144661000000000058e+03 1.600000000000000000e+02 6.579999999999999911e-03
1.639999999999999902e+00 -2.142827999999999975e+03 1.605000000000000000e+02 6.617999999999999751e-03
0.000000000000000000e+00 -2.144467999999999847e+03 1.610000000000000000e+02 6.617999999999999751e-03
2.077999999999999847e+00 -2.140686999999999898e+03 1.615000000000000000e+02 6.620000000000000016e-03
0.000000000000000000e+00 -2.142764000000000124e+03 1.620000000000000000e+02 6.620000000000000016e-03
3.739999999999999991e-01 -2.144094000000000051e+03 1.625000000000000000e+02 6.620000000000000016e-03
0.000000000000000000e+00 -2.144467999999999847e+03 1.630000000000000000e+02 6.620000000000000016e-03
2.015000000000000124e+00 -2.140931999999999789e+03 1.635000000000000000e+02 7.480999999999999803e-03
0.000000000000000000e+00 -2.142947000000000116e+03 1.640000000000000000e+02 7.480999999999999803e-03
4.500000000000000111e-01 -2.144014000000000124e+03 1.645000000000000000e+02 7.480999999999999803e-03
0.000000000000000000e+00 -2.144463999999999942e+03 1.650000000000000000e+02 7.480999999999999803e-03
1.808999999999999941e+00 -2.141440999999999804e+03 1.655000000000000000e+02 7.552999999999999818e-03
0.000000000000000000e+00 -2.143250000000000000e+03 1.660000000000000000e+02 7.552999999999999818e-03
6.039999999999999813e-01 -2.144054999999999836e+03 1.665000000000000000e+02 7.552999999999999818e-03
0.000000000000000000e+00 -2.144659999999999854e+03 1.670000000000000000e+02 7.552999999999999818e-03
1.637999999999999901e+00 -2.142831999999999880e+03 1.675000000000000000e+02 7.557999999999999614e-03
0.000000000000000000e+00 -2.144469999999999800e+03 1.680000000000000000e+02 7.557999999999999614e-03
1.449000000000000066e+00 -2.143210999999999785e+03 1.685000000000000000e+02 7.561000000000000013e-03
0.000000000000000000e+00 -2.144659999999999854e+03 1.690000000000000000e+02 7.561000000000000013e-03
2.157999999999999918e+00 -2.141041000000000167e+03 1.695000000000000000e+02 7.576000000000000269e-03
0.000000000000000000e+00 -2.143199000000000069e+03 1.700000000000000000e+02 7.576000000000000269e-03
4.580000000000000182e-01 -2.144173999999999978e+03 1.705000000000000000e+02 7.576000000000000269e-03
0.000000000000000000e+00 -2.144632000000000062e+03 1.710000000000000000e+02 7.576000000000000269e-03
2.037999999999999812e+00 -2.141393000000000029e+03 1.715000000000000000e+02 7.680000000000000195e-03
0.000000000000000000e+00 -2.143431000000000040e+03 1.720000000000000000e+02 7.680000000000000195e-03
7.389999999999999902e-01 -2.143920999999999822e+03 1.725000000000000000e+02 7.680000000000000195e-03
0.000000000000000000e+00 -2.144659999999999854e+03 1.730000000000000000e+02 7.680000000000000195e-03
1.639000000000000012e+00 -2.142831000000000131e+03 1.735000000000000000e+02 7.695999999999999716e-03
0.000000000000000000e+00 -2.144469999999999800e+03 1.740000000000000000e+02 7.695999999999999716e-03
1.449000000000000066e+00 -2.143210999999999785e+03 1.745000000000000000e+02 7.696999999999999849e-03
0.000000000000000000e+00 -2.144659999999999854e+03 1.750000000000000000e+02 7.696999999999999849e-03
2.036000000000000032e+00 -2.141161999999999807e+03 1.755000000000000000e+02 7.726000000000000228e-03
0.000000000000000000e+00 -2.143197999999999865e+03 1.760000000000000000e+02 7.726000000000000228e-03
4.680000000000000271e-01 -2.144166000000000167e+03 1.765000000000000000e+02 7.726000000000000228e-03
0.000000000000000000e+00 -2.144635000000000218e+03 1.770000000000000000e+02 7.726000000000000228e-03
2.282000000000000028e+00 -2.140489000000000033e+03 1.775000000000000000e+02 7.779999999999999589e-03
0.000000000000000000e+00 -2.142771000000000186e+03 1.780000000000000000e+02 7.779999999999999589e-03
4.179999999999999827e-01 -2.144237999999999829e+03 1.785000000000000000e+02 7.779999999999999589e-03
0.000000000000000000e+00 -2.144655999999999949e+03 1.790000000000000000e+02 7.779999999999999589e-03
2.228000000000000203e+00 -2.140626999999999953e+03 1.795000000000000000e+02 8.033999999999999475e-03
0.000000000000000000e+00 -2.142855000000000018e+03 1.800000000000000000e+02 8.033999999999999475e-03
3.449999999999999734e-01 -2.144278999999999996e+03 1.805000000000000000e+02 8.033999999999999475e-03
0.000000000000000000e+00 -2.144623999999999796e+03 1.810000000000000000e+02 8.033999999999999475e-03
2.013999999999999790e+00 -2.141197999999999865e+03 1.815000000000000000e+02 8.118999999999999481e-03
0.000000000000000000e+00 -2.143211999999999989e+03 1.820000000000000000e+02 8.118999999999999481e-03
6.019999999999999796e-01 -2.144021999999999935e+03 1.825000000000000000e+02 8.118999999999999481e-03
0.000000000000000000e+00 -2.144623999999999796e+03 1.830000000000000000e+02 8.118999999999999481e-03
2.009999999999999787e+00 -2.141155999999999949e+03 1.835000000000000000e+02 8.193000000000000629e-03
0.000000000000000000e+00 -2.143166000000000167e+03 1.840000000000000000e+02 8.193000000000000629e-03
4.560000000000000164e-01 -2.144146999999999935e+03 1.845000000000000000e+02 8.193000000000000629e-03
0.000000000000000000e+00 -2.144603000000000065e+03 1.850000000000000000e+02 8.193000000000000629e-03
2.193000000000000060e+00 -2.140780999999999949e+03 1.855000000000000000e+02 8.335000000000000395e-03
0.000000000000000000e+00 -2.142972999999999956e+03 1.860000000000000000e+02 8.335000000000000395e-03
5.779999999999999583e-01 -2.144036000000000058e+03 1.865000000000000000e+02 8.335000000000000395e-03
0.000000000000000000e+00 -2.144614000000000033e+03 1.870000000000000000e+02 8.335000000000000395e-03
2.232000000000000206e+00 -2.140311999999999898e+03 1.875000000000000000e+02 8.519000000000000530e-03
0.000000000000000000e+00 -2.142545000000000073e+03 1.880000000000000000e+02 8.519000000000000530e-03
3.200000000000000067e-02 -2.144596000000000004e+03 1.885000000000000000e+02 8.519000000000000530e-03
0.000000000000000000e+00 -2.144628000000000156e+03 1.890000000000000000e+02 8.519000000000000530e-03
2.185999999999999943e+00 -2.140483999999999924e+03 1.895000000000000000e+02 8.812000000000000388e-03
0.000000000000000000e+00 -2.142670000000000073e+03 1.900000000000000000e+02 8.812000000000000388e-03
1.849999999999999978e-01 -2.144492000000000189e+03 1.905000000000000000e+02 8.812000000000000388e-03
0.000000000000000000e+00 -2.144675999999999931e+03 1.910000000000000000e+02 8.812000000000000388e-03
1.631999999999999895e+00 -2.142871999999999844e+03 1.915000000000000000e+02 8.819000000000000450e-03
0.000000000000000000e+00 -2.144503999999999905e+03 1.920000000000000000e+02 8.819000000000000450e-03
2.325000000000000178e+00 -2.140101000000000113e+03 1.925000000000000000e+02 9.067999999999999672e-03
0.000000000000000000e+00 -2.142425999999999931e+03 1.930000000000000000e+02 9.067999999999999672e-03
2.359999999999999876e-01 -2.144250000000000000e+03 1.935000000000000000e+02 9.067999999999999672e-03
0.000000000000000000e+00 -2.144487000000000080e+03 1.940000000000000000e+02 9.067999999999999672e-03
2.129000000000000004e+00 -2.141219000000000051e+03 1.945000000000000000e+02 9.258000000000000604e-03
0.000000000000000000e+00 -2.143347999999999956e+03 1.950000000000000000e+02 9.258000000000000604e-03
5.110000000000000098e-01 -2.144139999999999873e+03 1.955000000000000000e+02 9.258000000000000604e-03
0.000000000000000000e+00 -2.144650999999999840e+03 1.960000000000000000e+02 9.258000000000000604e-03
2.088000000000000078e+00 -2.141114000000000033e+03 1.965000000000000000e+02 9.266999999999999196e-03
0.000000000000000000e+00 -2.143202000000000226e+03 1.970000000000000000e+02 9.266999999999999196e-03
4.510000000000000120e-01 -2.144199999999999818e+03 1.975000000000000000e+02 9.266999999999999196e-03
0.000000000000000000e+00 -2.144650999999999840e+03 1.980000000000000000e+02 9.266999999999999196e-03
1.907000000000000028e+00 -2.141039000000000215e+03 1.985000000000000000e+02 9.331000000000000752e-03
0.000000000000000000e+00 -2.142947000000000116e+03 1.990000000000000000e+02 9.331000000000000752e-03
3.420000000000000262e-01 -2.142860000000000127e+03 1.995000000000000000e+02 9.331000000000000752e-03
0.000000000000000000e+00 -2.143202000000000226e+03 2.000000000000000000e+02 9.331000000000000752e-03
4.620000000000000218e-01 -2.144190000000000055e+03 2.005000000000000000e+02 9.331000000000000752e-03
0.000000000000000000e+00 -2.144652000000000044e+03 2.010000000000000000e+02 9.331000000000000752e-03
2.100999999999999979e+00 -2.140847000000000207e+03 2.015000000000000000e+02 9.419000000000000289e-03
0.000000000000000000e+00 -2.142949000000000069e+03 2.020000000000000000e+02 9.419000000000000289e-03
3.900000000000000133e-01 -2.144266000000000076e+03 2.025000000000000000e+02 9.419000000000000289e-03
0.000000000000000000e+00 -2.144655999999999949e+03 2.030000000000000000e+02 9.419000000000000289e-03
2.112999999999999989e+00 -2.140942000000000007e+03 2.035000000000000000e+02 9.429999999999999147e-03
0.000000000000000000e+00 -2.143054999999999836e+03 2.040000000000000000e+02 9.429999999999999147e-03
5.090000000000000080e-01 -2.144146000000000186e+03 2.045000000000000000e+02 9.429999999999999147e-03
0.000000000000000000e+00 -2.144655000000000200e+03 2.050000000000000000e+02 9.429999999999999147e-03
2.160000000000000142e+00 -2.140737000000000080e+03 2.055000000000000000e+02 9.513999999999999888e-03
0.000000000000000000e+00 -2.142896999999999935e+03 2.060000000000000000e+02 9.513999999999999888e-03
3.990000000000000213e-01 -2.144255999999999858e+03 2.065000000000000000e+02 9.513999999999999888e-03
0.000000000000000000e+00 -2.144655999999999949e+03 2.070000000000000000e+02 9.513999999999999888e-03
1.826999999999999957e+00 -2.141523999999999887e+03 2.075000000000000000e+02 9.520000000000000684e-03
0.000000000000000000e+00 -2.143351000000000113e+03 2.080000000000000000e+02 9.520000000000000684e-03
5.120000000000000107e-01 -2.144264000000000124e+03 2.085000000000000000e+02 9.520000000000000684e-03
0.000000000000000000e+00 -2.144775999999999840e+03 2.090000000000000000e+02 9.520000000000000684e-03
2.125999999999999890e+00 -2.140585000000000036e+03 2.095000000000000000e+02 9.546999999999999931e-03
0.000000000000000000e+00 -2.142710999999999785e+03 2.100000000000000000e+02 9.546999999999999931e-03
6.099999999999999867e-02 -2.144715000000000146e+03 2.105000000000000000e+02 9.546999999999999931e-03
0.000000000000000000e+00 -2.144775999999999840e+03 2.110000000000000000e+02 9.546999999999999931e-03
2.063000000000000167e+00 -2.141268999999999778e+03 2.115000000000000000e+02 9.620000000000000079e-03
0.000000000000000000e+00 -2.143331999999999880e+03 2.120000000000000000e+02 9.620000000000000079e-03
6.189999999999999947e-01 -2.144157000000000153e+03 2.125000000000000000e+02 9.620000000000000079e-03
0.000000000000000000e+00 -2.144775999999999840e+03 2.130000000000000000e+02 9.620000000000000079e-03
1.955999999999999961e+00 -2.141394999999999982e+03 2.135000000000000000e+02 9.766999999999999640e-03
0.000000000000000000e+00 -2.143351000000000113e+03 2.140000000000000000e+02 9.766999999999999640e-03
5.040000000000000036e-01 -2.144271999999999935e+03 2.145000000000000000e+02 9.766999999999999640e-03
0.000000000000000000e+00 -2.144775999999999840e+03 2.150000000000000000e+02 9.766999999999999640e-03
1.903999999999999915e+00 -2.141358999999999924e+03 2.155000000000000000e+02 9.771999999999999437e-03
0.000000000000000000e+00 -2.143262000000000171e+03 2.160000000000000000e+02 9.771999999999999437e-03
3.900000000000000133e-01 -2.144385000000000218e+03 2.165000000000000000e+02 9.771999999999999437e-03
0.000000000000000000e+00 -2.144775000000000091e+03 2.170000000000000000e+02 9.771999999999999437e-03
2.048999999999999932e+00 -2.141005999999999858e+03 2.175000000000000000e+02 9.775000000000000702e-03
0.000000000000000000e+00 -2.143054999999999836e+03 2.180000000000000000e+02 9.775000000000000702e-03
2.000000000000000111e-01 -2.144574999999999818e+03 2.185000000000000000e+02 9.775000000000000702e-03
0.000000000000000000e+00 -2.144775999999999840e+03 2.190000000000000000e+02 9.775000000000000702e-03
2.134999999999999787e+00 -2.140867999999999938e+03 2.195000000000000000e+02 9.792999999999999622e-03
0.000000000000000000e+00 -2.143003000000000156e+03 2.200000000000000000e+02 9.792999999999999622e-03
3.629999999999999893e-01 -2.144411999999999807e+03 2.205000000000000000e+02 9.792999999999999622e-03
0.000000000000000000e+00 -2.144775000000000091e+03 2.210000000000000000e+02 9.792999999999999622e-03
1.895000000000000018e+00 -2.141367999999999938e+03 2.215000000000000000e+02 9.879999999999999893e-03
0.000000000000000000e+00 -2.143262999999999920e+03 2.220000000000000000e+02 9.879999999999999893e-03
5.430000000000000382e-01 -2.144233000000000175e+03 2.225000000000000000e+02 9.879999999999999893e-03
0.000000000000000000e+00 -2.144775999999999840e+03 2.230000000000000000e+02 9.879999999999999893e-03
2.032000000000000028e+00 -2.140771999999999935e+03 2.235000000000000000e+02 9.884000000000000424e-03
0.000000000000000000e+00 -2.142802999999999884e+03 2.240000000000000000e+02 9.884000000000000424e-03
5.899999999999999689e-02 -2.144715999999999894e+03 2.245000000000000000e+02 9.884000000000000424e-03
0.000000000000000000e+00 -2.144775999999999840e+03 2.250000000000000000e+02 9.884000000000000424e-03
2.186999999999999833e+00 -2.140893000000000029e+03 2.255000000000000000e+02 1.000000000000000021e-02
0.000000000000000000e+00 -2.143079999999999927e+03 2.260000000000000000e+02 1.000000000000000021e-02
3.300000000000000155e-01 -2.142974000000000160e+03 2.265000000000000000e+02 1.000000000000000021e-02
0.000000000000000000e+00 -2.143304000000000087e+03 2.270000000000000000e+02 1.000000000000000021e-02
5.540000000000000480e-01 -2.142525000000000091e+03 2.275000000000000000e+02 1.000000000000000021e-02
0.000000000000000000e+00 -2.143079000000000178e+03 2.280000000000000000e+02 1.000000000000000021e-02
3.290000000000000147e-01 -2.142974000000000160e+03 2.285000000000000000e+02 1.000000000000000021e-02
0.000000000000000000e+00 -2.143302999999999884e+03 2.290000000000000000e+02 1.000000000000000021e-02
5.919999999999999707e-01 -2.144161999999999807e+03 2.295000000000000000e+02 1.000000000000000021e-02
0.000000000000000000e+00 -2.144755000000000109e+03 2.300000000000000000e+02 1.000000000000000021e-02
2.088999999999999968e+00 -2.141125000000000000e+03 2.305000000000000000e+02 1.017000000000000022e-02
0.000000000000000000e+00 -2.143213999999999942e+03 2.310000000000000000e+02 1.017000000000000022e-02
4.279999999999999916e-01 -2.144672000000000025e+03 2.315000000000000000e+02 1.017000000000000022e-02
0.000000000000000000e+00 -2.145101000000000113e+03 2.320000000000000000e+02 1.017000000000000022e-02
2.125000000000000000e+00 -2.141561999999999898e+03 2.325000000000000000e+02 1.021999999999999992e-02
0.000000000000000000e+00 -2.143686999999999898e+03 2.330000000000000000e+02 1.021999999999999992e-02
5.100000000000000089e-01 -2.144590999999999894e+03 2.335000000000000000e+02 1.021999999999999992e-02
0.000000000000000000e+00 -2.145101000000000113e+03 2.340000000000000000e+02 1.021999999999999992e-02
1.923999999999999932e+00 -2.141762999999999920e+03 2.345000000000000000e+02 1.030999999999999972e-02
0.000000000000000000e+00 -2.143686999999999898e+03 2.350000000000000000e+02 1.030999999999999972e-02
6.939999999999999503e-01 -2.142572999999999865e+03 2.355000000000000000e+02 1.030999999999999972e-02
0.000000000000000000e+00 -2.143266999999999825e+03 2.360000000000000000e+02 1.030999999999999972e-02
2.740000000000000213e-01 -2.143413000000000011e+03 2.365000000000000000e+02 1.030999999999999972e-02
0.000000000000000000e+00 -2.143686999999999898e+03 2.370000000000000000e+02 1.030999999999999972e-02
5.090000000000000080e-01 -2.144590999999999894e+03 2.375000000000000000e+02 1.030999999999999972e-02
0.000000000000000000e+00 -2.145101000000000113e+03 2.380000000000000000e+02 1.030999999999999972e-02
1.923000000000000043e+00 -2.141764000000000124e+03 2.385000000000000000e+02 1.031999999999999931e-02
0.000000000000000000e+00 -2.143686999999999898e+03 2.390000000000000000e+02 1.031999999999999931e-02
5.110000000000000098e-01 -2.144590000000000146e+03 2.395000000000000000e+02 1.031999999999999931e-02
0.000000000000000000e+00 -2.145101000000000113e+03 2.400000000000000000e+02 1.031999999999999931e-02
2.124000000000000110e+00 -2.141563999999999851e+03 2.405000000000000000e+02 1.034000000000000023e-02
0.000000000000000000e+00 -2.143686999999999898e+03 2.410000000000000000e+02 1.034000000000000023e-02
6.939999999999999503e-01 -2.142572999999999865e+03 2.415000000000000000e+02 1.034000000000000023e-02
0.000000000000000000e+00 -2.143266999999999825e+03 2.420000000000000000e+02 1.034000000000000023e-02
2.740000000000000213e-01 -2.143413000000000011e+03 2.425000000000000000e+02 1.034000000000000023e-02
0.000000000000000000e+00 -2.143686999999999898e+03 2.430000000000000000e+02 1.034000000000000023e-02
7.059999999999999609e-01 -2.144393999999999778e+03 2.435000000000000000e+02 1.034000000000000023e-02
0.000000000000000000e+00 -2.145101000000000113e+03 2.440000000000000000e+02 1.034000000000000023e-02
1.941999999999999948e+00 -2.141744999999999891e+03 2.445000000000000000e+02 1.034999999999999983e-02
0.000000000000000000e+00 -2.143686999999999898e+03 2.450000000000000000e+02 1.034999999999999983e-02
5.140000000000000124e-01 -2.144465999999999894e+03 2.455000000000000000e+02 1.034999999999999983e-02
0.000000000000000000e+00 -2.144980000000000018e+03 2.460000000000000000e+02 1.034999999999999983e-02
1.806999999999999940e+00 -2.141880000000000109e+03 2.465000000000000000e+02 1.035999999999999942e-02
0.000000000000000000e+00 -2.143686999999999898e+03 2.470000000000000000e+02 1.035999999999999942e-02
5.140000000000000124e-01 -2.144465999999999894e+03 2.475000000000000000e+02 1.035999999999999942e-02
0.000000000000000000e+00 -2.144980000000000018e+03 2.480000000000000000e+02 1.035999999999999942e-02
1.806999999999999940e+00 -2.141880000000000109e+03 2.485000000000000000e+02 1.035999999999999942e-02
0.000000000000000000e+00 -2.143686999999999898e+03 2.490000000000000000e+02 1.035999999999999942e-02
5.100000000000000089e-01 -2.144590999999999894e+03 2.495000000000000000e+02 1.035999999999999942e-02
0.000000000000000000e+00 -2.145101000000000113e+03 2.500000000000000000e+02 1.035999999999999942e-02
1.923000000000000043e+00 -2.141764000000000124e+03 2.505000000000000000e+02 1.050000000000000065e-02
0.000000000000000000e+00 -2.143686999999999898e+03 2.510000000000000000e+02 1.050000000000000065e-02
5.100000000000000089e-01 -2.144590999999999894e+03 2.515000000000000000e+02 1.050000000000000065e-02
0.000000000000000000e+00 -2.145101000000000113e+03 2.520000000000000000e+02 1.050000000000000065e-02
1.923000000000000043e+00 -2.141764000000000124e+03 2.525000000000000000e+02 1.084000000000000068e-02
0.000000000000000000e+00 -2.143686999999999898e+03 2.530000000000000000e+02 1.084000000000000068e-02
5.110000000000000098e-01 -2.144590000000000146e+03 2.535000000000000000e+02 1.084000000000000068e-02
0.000000000000000000e+00 -2.145101000000000113e+03 2.540000000000000000e+02 1.084000000000000068e-02
1.923999999999999932e+00 -2.141762999999999920e+03 2.545000000000000000e+02 1.107999999999999957e-02
0.000000000000000000e+00 -2.143686999999999898e+03 2.550000000000000000e+02 1.107999999999999957e-02
5.100000000000000089e-01 -2.144590999999999894e+03 2.555000000000000000e+02 1.107999999999999957e-02
0.000000000000000000e+00 -2.145101000000000113e+03 2.560000000000000000e+02 1.107999999999999957e-02
2.117999999999999883e+00 -2.141204000000000178e+03 2.565000000000000000e+02 1.112999999999999927e-02
0.000000000000000000e+00 -2.143320999999999913e+03 2.570000000000000000e+02 1.112999999999999927e-02
4.729999999999999760e-01 -2.144264999999999873e+03 2.575000000000000000e+02 1.112999999999999927e-02
0.000000000000000000e+00 -2.144737999999999829e+03 2.580000000000000000e+02 1.112999999999999927e-02
1.895000000000000018e+00 -2.141434999999999945e+03 2.585000000000000000e+02 1.114000000000000060e-02
0.000000000000000000e+00 -2.143329999999999927e+03 2.590000000000000000e+02 1.114000000000000060e-02
3.579999999999999849e-01 -2.144730000000000018e+03 2.595000000000000000e+02 1.114000000000000060e-02
0.000000000000000000e+00 -2.145086999999999989e+03 2.600000000000000000e+02 1.114000000000000060e-02
1.943000000000000060e+00 -2.141728999999999814e+03 2.605000000000000000e+02 1.114000000000000060e-02
0.000000000000000000e+00 -2.143672000000000025e+03 2.610000000000000000e+02 1.114000000000000060e-02
5.110000000000000098e-01 -2.144576000000000022e+03 2.615000000000000000e+02 1.114000000000000060e-02
0.000000000000000000e+00 -2.145086999999999989e+03 2.620000000000000000e+02 1.114000000000000060e-02
1.927000000000000046e+00 -2.141744999999999891e+03 2.625000000000000000e+02 1.233000000000000068e-02
0.000000000000000000e+00 -2.143672000000000025e+03 2.630000000000000000e+02 1.233000000000000068e-02
6.660000000000000364e-01 -2.142625000000000000e+03 2.635000000000000000e+02 1.233000000000000068e-02
0.000000000000000000e+00 -2.143291000000000167e+03 2.640000000000000000e+02 1.233000000000000068e-02
2.849999999999999756e-01 -2.143387000000000171e+03 2.645000000000000000e+02 1.233000000000000068e-02
0.000000000000000000e+00 -2.143672000000000025e+03 2.650000000000000000e+02 1.233000000000000068e-02
5.110000000000000098e-01 -2.144576000000000022e+03 2.655000000000000000e+02 1.233000000000000068e-02
0.000000000000000000e+00 -2.145086999999999989e+03 2.660000000000000000e+02 1.233000000000000068e-02
1.927000000000000046e+00 -2.141744999999999891e+03 2.665000000000000000e+02 1.247999999999999977e-02
0.000000000000000000e+00 -2.143672000000000025e+03 2.670000000000000000e+02 1.247999999999999977e-02
5.110000000000000098e-01 -2.144577000000000226e+03 2.675000000000000000e+02 1.247999999999999977e-02
0.000000000000000000e+00 -2.145086999999999989e+03 2.680000000000000000e+02 1.247999999999999977e-02
2.217999999999999972e+00 -2.141043000000000120e+03 2.685000000000000000e+02 1.269999999999999948e-02
0.000000000000000000e+00 -2.143260000000000218e+03 2.690000000000000000e+02 1.269999999999999948e-02
3.910000000000000142e-01 -2.144697000000000116e+03 2.695000000000000000e+02 1.269999999999999948e-02
0.000000000000000000e+00 -2.145086999999999989e+03 2.700000000000000000e+02 1.269999999999999948e-02
1.945000000000000062e+00 -2.141728000000000065e+03 2.705000000000000000e+02 1.298000000000000022e-02
0.000000000000000000e+00 -2.143672000000000025e+03 2.710000000000000000e+02 1.298000000000000022e-02
5.120000000000000107e-01 -2.144576000000000022e+03 2.715000000000000000e+02 1.298000000000000022e-02
0.000000000000000000e+00 -2.145086999999999989e+03 2.720000000000000000e+02 1.298000000000000022e-02
1.927000000000000046e+00 -2.141744999999999891e+03 2.725000000000000000e+02 1.331000000000000065e-02
0.000000000000000000e+00 -2.143672000000000025e+03 2.730000000000000000e+02 1.331000000000000065e-02
5.120000000000000107e-01 -2.144576000000000022e+03 2.735000000000000000e+02 1.331000000000000065e-02
0.000000000000000000e+00 -2.145086999999999989e+03 2.740000000000000000e+02 1.331000000000000065e-02
2.367999999999999883e+00 -2.140769999999999982e+03 2.745000000000000000e+02 1.376999999999999925e-02
0.000000000000000000e+00 -2.143137999999999920e+03 2.750000000000000000e+02 1.376999999999999925e-02
4.179999999999999827e-01 -2.144668999999999869e+03 2.755000000000000000e+02 1.376999999999999925e-02
0.000000000000000000e+00 -2.145086999999999989e+03 2.760000000000000000e+02 1.376999999999999925e-02
1.943999999999999950e+00 -2.141728000000000065e+03 2.765000000000000000e+02 1.380999999999999936e-02
0.000000000000000000e+00 -2.143672000000000025e+03 2.770000000000000000e+02 1.380999999999999936e-02
5.120000000000000107e-01 -2.144576000000000022e+03 2.775000000000000000e+02 1.380999999999999936e-02
0.000000000000000000e+00 -2.145086999999999989e+03 2.780000000000000000e+02 1.380999999999999936e-02
2.319999999999999840e+00 -2.140594000000000051e+03 2.785000000000000000e+02 1.395000000000000059e-02
0.000000000000000000e+00 -2.142913000000000011e+03 2.790000000000000000e+02 1.395000000000000059e-02
1.449999999999999900e-01 -2.144942000000000007e+03 2.795000000000000000e+02 1.395000000000000059e-02
0.000000000000000000e+00 -2.145086999999999989e+03 2.800000000000000000e+02 1.395000000000000059e-02
1.943999999999999950e+00 -2.141728000000000065e+03 2.805000000000000000e+02 1.401999999999999948e-02
0.000000000000000000e+00 -2.143672000000000025e+03 2.810000000000000000e+02 1.401999999999999948e-02
5.210000000000000187e-01 -2.144445999999999913e+03 2.815000000000000000e+02 1.401999999999999948e-02
0.000000000000000000e+00 -2.144967000000000098e+03 2.820000000000000000e+02 1.401999999999999948e-02
1.814999999999999947e+00 -2.141856999999999971e+03 2.825000000000000000e+02 1.404000000000000040e-02
0.000000000000000000e+00 -2.143672000000000025e+03 2.830000000000000000e+02 1.404000000000000040e-02
5.110000000000000098e-01 -2.144576000000000022e+03 2.835000000000000000e+02 1.404000000000000040e-02
0.000000000000000000e+00 -2.145086999999999989e+03 2.840000000000000000e+02 1.404000000000000040e-02
2.123000000000000220e+00 -2.141206999999999880e+03 2.845000000000000000e+02 1.434999999999999991e-02
0.000000000000000000e+00 -2.143329999999999927e+03 2.850000000000000000e+02 1.434999999999999991e-02
3.659999999999999920e-01 -2.144721000000000004e+03 2.855000000000000000e+02 1.434999999999999991e-02
0.000000000000000000e+00 -2.145086999999999989e+03 2.860000000000000000e+02 1.434999999999999991e-02
1.943999999999999950e+00 -2.141728000000000065e+03 2.865000000000000000e+02 1.456999999999999962e-02
0.000000000000000000e+00 -2.143672000000000025e+03 2.870000000000000000e+02 1.456999999999999962e-02
7.409999999999999920e-01 -2.144226000000000113e+03 2.875000000000000000e+02 1.456999999999999962e-02
0.000000000000000000e+00 -2.144967000000000098e+03 2.880000000000000000e+02 1.456999999999999962e-02
1.820999999999999952e+00 -2.141851000000000113e+03 2.885000000000000000e+02 1.460999999999999972e-02
0.000000000000000000e+00 -2.143672000000000025e+03 2.890000000000000000e+02 1.460999999999999972e-02
5.260000000000000231e-01 -2.144440999999999804e+03 2.895000000000000000e+02 1.460999999999999972e-02
0.000000000000000000e+00 -2.144967000000000098e+03 2.900000000000000000e+02 1.460999999999999972e-02
1.820999999999999952e+00 -2.141851000000000113e+03 2.905000000000000000e+02 1.465999999999999942e-02
0.000000000000000000e+00 -2.143672000000000025e+03 2.910000000000000000e+02 1.465999999999999942e-02
5.110000000000000098e-01 -2.144576000000000022e+03 2.915000000000000000e+02 1.465999999999999942e-02
0.000000000000000000e+00 -2.145086999999999989e+03 2.920000000000000000e+02 1.465999999999999942e-02
2.319999999999999840e+00 -2.140592999999999847e+03 2.925000000000000000e+02 1.528999999999999977e-02
0.000000000000000000e+00 -2.142913000000000011e+03 2.930000000000000000e+02 1.528999999999999977e-02
1.449999999999999900e-01 -2.144942000000000007e+03 2.935000000000000000e+02 1.528999999999999977e-02
0.000000000000000000e+00 -2.145086999999999989e+03 2.940000000000000000e+02 1.528999999999999977e-02
2.123000000000000220e+00 -2.141206999999999880e+03 2.945000000000000000e+02 1.545000000000000019e-02
0.000000000000000000e+00 -2.143329999999999927e+03 2.950000000000000000e+02 1.545000000000000019e-02
3.659999999999999920e-01 -2.144722000000000207e+03 2.955000000000000000e+02 1.545000000000000019e-02
0.000000000000000000e+00 -2.145088000000000193e+03 2.960000000000000000e+02 1.545000000000000019e-02
2.123000000000000220e+00 -2.141550000000000182e+03 2.965000000000000000e+02 1.575999999999999970e-02
0.000000000000000000e+00 -2.143672000000000025e+03 2.970000000000000000e+02 1.575999999999999970e-02
5.110000000000000098e-01 -2.144577000000000226e+03 2.975000000000000000e+02 1.575999999999999970e-02
0.000000000000000000e+00 -2.145086999999999989e+03 2.980000000000000000e+02 1.575999999999999970e-02
1.925999999999999934e+00 -2.141746000000000095e+03 2.985000000000000000e+02 1.595999999999999849e-02
0.000000000000000000e+00 -2.143672000000000025e+03 2.990000000000000000e+02 1.595999999999999849e-02
5.110000000000000098e-01 -2.144576000000000022e+03 2.995000000000000000e+02 1.595999999999999849e-02
0.000000000000000000e+00 -2.145086999999999989e+03 3.000000000000000000e+02 1.595999999999999849e-02
1.927000000000000046e+00 -2.141744999999999891e+03 3.005000000000000000e+02 1.600000000000000033e-02
0.000000000000000000e+00 -2.143672000000000025e+03 3.010000000000000000e+02 1.600000000000000033e-02
5.110000000000000098e-01 -2.144576000000000022e+03 3.015000000000000000e+02 1.600000000000000033e-02
0.000000000000000000e+00 -2.145086999999999989e+03 3.020000000000000000e+02 1.600000000000000033e-02
1.927000000000000046e+00 -2.141744999999999891e+03 3.025000000000000000e+02 1.623000000000000137e-02
0.000000000000000000e+00 -2.143672000000000025e+03 3.030000000000000000e+02 1.623000000000000137e-02
5.110000000000000098e-01 -2.144577000000000226e+03 3.035000000000000000e+02 1.623000000000000137e-02
0.000000000000000000e+00 -2.145086999999999989e+03 3.040000000000000000e+02 1.623000000000000137e-02
1.925999999999999934e+00 -2.141746000000000095e+03 3.045000000000000000e+02 1.652999999999999955e-02
0.000000000000000000e+00 -2.143672000000000025e+03 3.050000000000000000e+02 1.652999999999999955e-02
5.210000000000000187e-01 -2.144445999999999913e+03 3.055000000000000000e+02 1.652999999999999955e-02
0.000000000000000000e+00 -2.144967000000000098e+03 3.060000000000000000e+02 1.652999999999999955e-02
2.032000000000000028e+00 -2.141639999999999873e+03 3.065000000000000000e+02 1.694000000000000020e-02
0.000000000000000000e+00 -2.143672000000000025e+03 3.070000000000000000e+02 1.694000000000000020e-02
5.100000000000000089e-01 -2.144577000000000226e+03 3.075000000000000000e+02 1.694000000000000020e-02
0.000000000000000000e+00 -2.145086999999999989e+03 3.080000000000000000e+02 1.694000000000000020e-02
2.128000000000000114e+00 -2.141166000000000167e+03 3.085000000000000000e+02 1.712999999999999939e-02
0.000000000000000000e+00 -2.143293000000000120e+03 3.090000000000000000e+02 1.712999999999999939e-02
3.250000000000000111e-01 -2.144762000000000171e+03 3.095000000000000000e+02 1.712999999999999939e-02
0.000000000000000000e+00 -2.145086999999999989e+03 3.100000000000000000e+02 1.712999999999999939e-02
2.120000000000000107e+00 -2.141210000000000036e+03 3.105000000000000000e+02 1.719000000000000042e-02
0.000000000000000000e+00 -2.143329999999999927e+03 3.110000000000000000e+02 1.719000000000000042e-02
4.889999999999999902e-01 -2.144248000000000047e+03 3.115000000000000000e+02 1.719000000000000042e-02
0.000000000000000000e+00 -2.144737000000000080e+03 3.120000000000000000e+02 1.719000000000000042e-02
2.230999999999999872e+00 -2.140824999999999818e+03 3.125000000000000000e+02 1.726000000000000104e-02
0.000000000000000000e+00 -2.143056000000000040e+03 3.130000000000000000e+02 1.726000000000000104e-02
3.220000000000000084e-01 -2.143005000000000109e+03 3.135000000000000000e+02 1.726000000000000104e-02
0.000000000000000000e+00 -2.143327000000000226e+03 3.140000000000000000e+02 1.726000000000000104e-02
3.760000000000000009e-01 -2.144367000000000189e+03 3.145000000000000000e+02 1.726000000000000104e-02
0.000000000000000000e+00 -2.144742999999999938e+03 3.150000000000000000e+02 1.726000000000000104e-02
1.760000000000000009e+00 -2.141757000000000062e+03 3.155000000000000000e+02 1.728000000000000022e-02
0.000000000000000000e+00 -2.143516999999999825e+03 3.160000000000000000e+02 1.728000000000000022e-02
5.340000000000000302e-01 -2.144208999999999833e+03 3.165000000000000000e+02 1.728000000000000022e-02
0.000000000000000000e+00 -2.144742999999999938e+03 3.170000000000000000e+02 1.728000000000000022e-02
1.842000000000000082e+00 -2.141456000000000131e+03 3.175000000000000000e+02 1.728000000000000022e-02
0.000000000000000000e+00 -2.143297999999999774e+03 3.180000000000000000e+02 1.728000000000000022e-02
3.970000000000000195e-01 -2.144346000000000004e+03 3.185000000000000000e+02 1.728000000000000022e-02
0.000000000000000000e+00 -2.144742999999999938e+03 3.190000000000000000e+02 1.728000000000000022e-02
1.796999999999999931e+00 -2.141530000000000200e+03 3.195000000000000000e+02 1.728000000000000022e-02
0.000000000000000000e+00 -2.143327000000000226e+03 3.200000000000000000e+02 1.728000000000000022e-02
3.260000000000000120e-01 -2.144119999999999891e+03 3.205000000000000000e+02 1.728000000000000022e-02
0.000000000000000000e+00 -2.144445999999999913e+03 3.210000000000000000e+02 1.728000000000000022e-02
1.520999999999999908e+00 -2.141710999999999785e+03 3.215000000000000000e+02 1.728999999999999981e-02
0.000000000000000000e+00 -2.143231999999999971e+03 3.220000000000000000e+02 1.728999999999999981e-02
3.069999999999999951e-01 -2.144139000000000124e+03 3.225000000000000000e+02 1.728999999999999981e-02
0.000000000000000000e+00 -2.144445999999999913e+03 3.230000000000000000e+02 1.728999999999999981e-02
1.449999999999999956e+00 -2.141876000000000204e+03 3.235000000000000000e+02 1.728999999999999981e-02
0.000000000000000000e+00 -2.143327000000000226e+03 3.240000000000000000e+02 1.728999999999999981e-02
3.310000000000000164e-01 -2.144114999999999782e+03 3.245000000000000000e+02 1.728999999999999981e-02
0.000000000000000000e+00 -2.144445999999999913e+03 3.250000000000000000e+02 1.728999999999999981e-02
1.451000000000000068e+00 -2.141876000000000204e+03 3.255000000000000000e+02 1.728999999999999981e-02
0.000000000000000000e+00 -2.143327000000000226e+03 3.260000000000000000e+02 1.728999999999999981e-02
3.310000000000000164e-01 -2.144114999999999782e+03 3.265000000000000000e+02 1.728999999999999981e-02
0.000000000000000000e+00 -2.144445999999999913e+03 3.270000000000000000e+02 1.728999999999999981e-02
1.520000000000000018e+00 -2.141711999999999989e+03 3.275000000000000000e+02 1.728999999999999981e-02
0.000000000000000000e+00 -2.143231999999999971e+03 3.280000000000000000e+02 1.728999999999999981e-02
3.059999999999999942e-01 -2.144141000000000076e+03 3.285000000000000000e+02 1.728999999999999981e-02
0.000000000000000000e+00 -2.144445999999999913e+03 3.290000000000000000e+02 1.728999999999999981e-02
1.520000000000000018e+00 -2.141711999999999989e+03 3.295000000000000000e+02 1.728999999999999981e-02
0.000000000000000000e+00 -2.143231999999999971e+03 3.300000000000000000e+02 1.728999999999999981e-02
3.059999999999999942e-01 -2.144141000000000076e+03 3.305000000000000000e+02 1.728999999999999981e-02
0.000000000000000000e+00 -2.144445999999999913e+03 3.310000000000000000e+02 1.728999999999999981e-02
1.520000000000000018e+00 -2.141711999999999989e+03 3.315000000000000000e+02 1.728999999999999981e-02
0.000000000000000000e+00 -2.143231999999999971e+03 3.320000000000000000e+02 1.728999999999999981e-02
3.059999999999999942e-01 -2.144141000000000076e+03 3.325000000000000000e+02 1.728999999999999981e-02
0.000000000000000000e+00 -2.144445999999999913e+03 3.330000000000000000e+02 1.728999999999999981e-02
1.451000000000000068e+00 -2.141876000000000204e+03 3.335000000000000000e+02 1.729999999999999941e-02
0.000000000000000000e+00 -2.143327000000000226e+03 3.340000000000000000e+02 1.729999999999999941e-02
3.310000000000000164e-01 -2.144114999999999782e+03 3.345000000000000000e+02 1.729999999999999941e-02
0.000000000000000000e+00 -2.144445999999999913e+03 3.350000000000000000e+02 1.729999999999999941e-02
1.451000000000000068e+00 -2.141876000000000204e+03 3.355000000000000000e+02 1.729999999999999941e-02
0.000000000000000000e+00 -2.143327000000000226e+03 3.360000000000000000e+02 1.729999999999999941e-02
3.310000000000000164e-01 -2.144114999999999782e+03 3.365000000000000000e+02 1.729999999999999941e-02
0.000000000000000000e+00 -2.144445999999999913e+03 3.370000000000000000e+02 1.729999999999999941e-02
1.451000000000000068e+00 -2.141876000000000204e+03 3.375000000000000000e+02 1.729999999999999941e-02
0.000000000000000000e+00 -2.143327000000000226e+03 3.380000000000000000e+02 1.729999999999999941e-02
3.310000000000000164e-01 -2.144114999999999782e+03 3.385000000000000000e+02 1.729999999999999941e-02
0.000000000000000000e+00 -2.144445999999999913e+03 3.390000000000000000e+02 1.729999999999999941e-02
1.451000000000000068e+00 -2.141876000000000204e+03 3.395000000000000000e+02 1.729999999999999941e-02
0.000000000000000000e+00 -2.143327000000000226e+03 3.400000000000000000e+02 1.729999999999999941e-02
3.760000000000000009e-01 -2.144365999999999985e+03 3.405000000000000000e+02 1.729999999999999941e-02
0.000000000000000000e+00 -2.144742999999999938e+03 3.410000000000000000e+02 1.729999999999999941e-02
1.758999999999999897e+00 -2.141757999999999811e+03 3.415000000000000000e+02 1.733000000000000165e-02
0.000000000000000000e+00 -2.143516999999999825e+03 3.420000000000000000e+02 1.733000000000000165e-02
5.330000000000000293e-01 -2.144210000000000036e+03 3.425000000000000000e+02 1.733000000000000165e-02
0.000000000000000000e+00 -2.144742999999999938e+03 3.430000000000000000e+02 1.733000000000000165e-02
1.796000000000000041e+00 -2.141530999999999949e+03 3.435000000000000000e+02 1.736000000000000043e-02
0.000000000000000000e+00 -2.143327000000000226e+03 3.440000000000000000e+02 1.736000000000000043e-02
3.260000000000000120e-01 -2.144121000000000095e+03 3.445000000000000000e+02 1.736000000000000043e-02
0.000000000000000000e+00 -2.144445999999999913e+03 3.450000000000000000e+02 1.736000000000000043e-02
1.812000000000000055e+00 -2.141036999999999807e+03 3.455000000000000000e+02 1.736000000000000043e-02
0.000000000000000000e+00 -2.142849999999999909e+03 3.460000000000000000e+02 1.736000000000000043e-02
2.159999999999999976e-01 -2.144230000000000018e+03 3.465000000000000000e+02 1.736000000000000043e-02
0.000000000000000000e+00 -2.144445999999999913e+03 3.470000000000000000e+02 1.736000000000000043e-02
1.447999999999999954e+00 -2.141878999999999905e+03 3.475000000000000000e+02 1.736000000000000043e-02
0.000000000000000000e+00 -2.143327000000000226e+03 3.480000000000000000e+02 1.736000000000000043e-02
3.770000000000000018e-01 -2.144367000000000189e+03 3.485000000000000000e+02 1.736000000000000043e-02
0.000000000000000000e+00 -2.144742999999999938e+03 3.490000000000000000e+02 1.736000000000000043e-02
1.760000000000000009e+00 -2.141757000000000062e+03 3.495000000000000000e+02 1.737000000000000002e-02
0.000000000000000000e+00 -2.143516999999999825e+03 3.500000000000000000e+02 1.737000000000000002e-02
4.939999999999999947e-01 -2.144394999999999982e+03 3.505000000000000000e+02 1.737000000000000002e-02
0.000000000000000000e+00 -2.144889999999999873e+03 3.510000000000000000e+02 1.737000000000000002e-02
2.075000000000000178e+00 -2.140789999999999964e+03 3.515000000000000000e+02 1.737000000000000002e-02
0.000000000000000000e+00 -2.142864999999999782e+03 3.520000000000000000e+02 1.737000000000000002e-02
5.000000000000000278e-02 -2.144840000000000146e+03 3.525000000000000000e+02 1.737000000000000002e-02
0.000000000000000000e+00 -2.144889999999999873e+03 3.530000000000000000e+02 1.737000000000000002e-02
1.923000000000000043e+00 -2.141570000000000164e+03 3.535000000000000000e+02 1.737999999999999962e-02
0.000000000000000000e+00 -2.143492999999999938e+03 3.540000000000000000e+02 1.737999999999999962e-02
5.140000000000000124e-01 -2.144376000000000204e+03 3.545000000000000000e+02 1.737999999999999962e-02
0.000000000000000000e+00 -2.144889999999999873e+03 3.550000000000000000e+02 1.737999999999999962e-02
2.107000000000000206e+00 -2.140983000000000175e+03 3.555000000000000000e+02 1.745999999999999983e-02
0.000000000000000000e+00 -2.143090000000000146e+03 3.560000000000000000e+02 1.745999999999999983e-02
2.949999999999999845e-01 -2.143144999999999982e+03 3.565000000000000000e+02 1.745999999999999983e-02
0.000000000000000000e+00 -2.143440000000000055e+03 3.570000000000000000e+02 1.745999999999999983e-02
6.149999999999999911e-01 -2.144224999999999909e+03 3.575000000000000000e+02 1.745999999999999983e-02
0.000000000000000000e+00 -2.144840999999999894e+03 3.580000000000000000e+02 1.745999999999999983e-02
1.917000000000000037e+00 -2.141532000000000153e+03 3.585000000000000000e+02 1.763999999999999943e-02
0.000000000000000000e+00 -2.143449000000000069e+03 3.590000000000000000e+02 1.763999999999999943e-02
5.160000000000000142e-01 -2.144206000000000131e+03 3.595000000000000000e+02 1.763999999999999943e-02
0.000000000000000000e+00 -2.144722999999999956e+03 3.600000000000000000e+02 1.763999999999999943e-02
1.790000000000000036e+00 -2.141659000000000106e+03 3.605000000000000000e+02 1.769000000000000086e-02
0.000000000000000000e+00 -2.143449000000000069e+03 3.610000000000000000e+02 1.769000000000000086e-02
5.110000000000000098e-01 -2.144329999999999927e+03 3.615000000000000000e+02 1.769000000000000086e-02
0.000000000000000000e+00 -2.144840999999999894e+03 3.620000000000000000e+02 1.769000000000000086e-02
2.044999999999999929e+00 -2.141670000000000073e+03 3.625000000000000000e+02 1.779999999999999985e-02
0.000000000000000000e+00 -2.143715999999999894e+03 3.630000000000000000e+02 1.779999999999999985e-02
6.820000000000000506e-01 -2.144353999999999814e+03 3.635000000000000000e+02 1.779999999999999985e-02
0.000000000000000000e+00 -2.145036000000000058e+03 3.640000000000000000e+02 1.779999999999999985e-02
1.915000000000000036e+00 -2.141621999999999844e+03 3.645000000000000000e+02 1.813000000000000028e-02
0.000000000000000000e+00 -2.143536999999999807e+03 3.650000000000000000e+02 1.813000000000000028e-02
4.159999999999999809e-01 -2.144619999999999891e+03 3.655000000000000000e+02 1.813000000000000028e-02
0.000000000000000000e+00 -2.145036000000000058e+03 3.660000000000000000e+02 1.813000000000000028e-02
2.150999999999999801e+00 -2.141121999999999844e+03 3.665000000000000000e+02 1.822000000000000008e-02
0.000000000000000000e+00 -2.143273000000000138e+03 3.670000000000000000e+02 1.822000000000000008e-02
4.129999999999999782e-01 -2.144621999999999844e+03 3.675000000000000000e+02 1.822000000000000008e-02
0.000000000000000000e+00 -2.145036000000000058e+03 3.680000000000000000e+02 1.822000000000000008e-02
1.913999999999999924e+00 -2.141623000000000047e+03 3.685000000000000000e+02 1.830999999999999989e-02
0.000000000000000000e+00 -2.143536999999999807e+03 3.690000000000000000e+02 1.830999999999999989e-02
4.149999999999999800e-01 -2.144619999999999891e+03 3.695000000000000000e+02 1.830999999999999989e-02
0.000000000000000000e+00 -2.145036000000000058e+03 3.700000000000000000e+02 1.830999999999999989e-02
2.232000000000000206e+00 -2.140960000000000036e+03 3.705000000000000000e+02 1.832999999999999907e-02
0.000000000000000000e+00 -2.143192000000000007e+03 3.710000000000000000e+02 1.832999999999999907e-02
4.460000000000000075e-01 -2.144590000000000146e+03 3.715000000000000000e+02 1.832999999999999907e-02
0.000000000000000000e+00 -2.145036000000000058e+03 3.720000000000000000e+02 1.832999999999999907e-02
1.967000000000000082e+00 -2.141550999999999931e+03 3.725000000000000000e+02 1.847000000000000031e-02
0.000000000000000000e+00 -2.143518000000000029e+03 3.730000000000000000e+02 1.847000000000000031e-02
4.359999999999999987e-01 -2.144601999999999862e+03 3.735000000000000000e+02 1.847000000000000031e-02
0.000000000000000000e+00 -2.145038000000000011e+03 3.740000000000000000e+02 1.847000000000000031e-02
1.913999999999999924e+00 -2.141623999999999796e+03 3.745000000000000000e+02 1.847000000000000031e-02
0.000000000000000000e+00 -2.143538000000000011e+03 3.750000000000000000e+02 1.847000000000000031e-02
4.149999999999999800e-01 -2.144623000000000047e+03 3.755000000000000000e+02 1.847000000000000031e-02
0.000000000000000000e+00 -2.145038000000000011e+03 3.760000000000000000e+02 1.847000000000000031e-02
1.907999999999999918e+00 -2.141753999999999905e+03 3.765000000000000000e+02 1.851999999999999827e-02
0.000000000000000000e+00 -2.143661999999999807e+03 3.770000000000000000e+02 1.851999999999999827e-02
5.210000000000000187e-01 -2.144518000000000029e+03 3.775000000000000000e+02 1.851999999999999827e-02
0.000000000000000000e+00 -2.145038000000000011e+03 3.780000000000000000e+02 1.851999999999999827e-02
1.897000000000000020e+00 -2.141764000000000124e+03 3.785000000000000000e+02 1.858999999999999889e-02
0.000000000000000000e+00 -2.143661999999999807e+03 3.790000000000000000e+02 1.858999999999999889e-02
5.210000000000000187e-01 -2.144518000000000029e+03 3.795000000000000000e+02 1.858999999999999889e-02
0.000000000000000000e+00 -2.145038000000000011e+03 3.800000000000000000e+02 1.858999999999999889e-02
1.959000000000000075e+00 -2.141557999999999993e+03 3.805000000000000000e+02 1.862000000000000113e-02
0.000000000000000000e+00 -2.143518000000000029e+03 3.810000000000000000e+02 1.862000000000000113e-02
4.470000000000000084e-01 -2.144590999999999894e+03 3.815000000000000000e+02 1.862000000000000113e-02
0.000000000000000000e+00 -2.145038000000000011e+03 3.820000000000000000e+02 1.862000000000000113e-02
1.915000000000000036e+00 -2.141623000000000047e+03 3.825000000000000000e+02 1.882999999999999952e-02
0.000000000000000000e+00 -2.143538000000000011e+03 3.830000000000000000e+02 1.882999999999999952e-02
5.689999999999999503e-01 -2.144387999999999920e+03 3.835000000000000000e+02 1.882999999999999952e-02
0.000000000000000000e+00 -2.144956999999999880e+03 3.840000000000000000e+02 1.882999999999999952e-02
1.518000000000000016e+00 -2.141998000000000047e+03 3.845000000000000000e+02 1.882999999999999952e-02
0.000000000000000000e+00 -2.143516999999999825e+03 3.850000000000000000e+02 1.882999999999999952e-02
4.000000000000000083e-02 -2.144916999999999916e+03 3.855000000000000000e+02 1.882999999999999952e-02
0.000000000000000000e+00 -2.144956000000000131e+03 3.860000000000000000e+02 1.882999999999999952e-02
1.479999999999999982e+00 -2.142036999999999807e+03 3.865000000000000000e+02 1.882999999999999952e-02
0.000000000000000000e+00 -2.143516999999999825e+03 3.870000000000000000e+02 1.882999999999999952e-02
4.000000000000000083e-02 -2.144916999999999916e+03 3.875000000000000000e+02 1.882999999999999952e-02
0.000000000000000000e+00 -2.144956000000000131e+03 3.880000000000000000e+02 1.882999999999999952e-02
1.479999999999999982e+00 -2.142036999999999807e+03 3.885000000000000000e+02 1.883999999999999911e-02
0.000000000000000000e+00 -2.143516999999999825e+03 3.890000000000000000e+02 1.883999999999999911e-02
4.000000000000000083e-02 -2.144916999999999916e+03 3.895000000000000000e+02 1.883999999999999911e-02
0.000000000000000000e+00 -2.144956999999999880e+03 3.900000000000000000e+02 1.883999999999999911e-02
1.479999999999999982e+00 -2.142036999999999807e+03 3.905000000000000000e+02 1.883999999999999911e-02
0.000000000000000000e+00 -2.143516999999999825e+03 3.910000000000000000e+02 1.883999999999999911e-02
4.000000000000000083e-02 -2.144916999999999916e+03 3.915000000000000000e+02 1.883999999999999911e-02
0.000000000000000000e+00 -2.144956999999999880e+03 3.920000000000000000e+02 1.883999999999999911e-02
1.479999999999999982e+00 -2.142036999999999807e+03 3.925000000000000000e+02 1.884999999999999870e-02
0.000000000000000000e+00 -2.143516999999999825e+03 3.930000000000000000e+02 1.884999999999999870e-02
4.000000000000000083e-02 -2.144916999999999916e+03 3.935000000000000000e+02 1.884999999999999870e-02
0.000000000000000000e+00 -2.144956999999999880e+03 3.940000000000000000e+02 1.884999999999999870e-02
1.479999999999999982e+00 -2.142036999999999807e+03 3.945000000000000000e+02 1.884999999999999870e-02
0.000000000000000000e+00 -2.143516999999999825e+03 3.950000000000000000e+02 1.884999999999999870e-02
4.000000000000000083e-02 -2.144916999999999916e+03 3.955000000000000000e+02 1.884999999999999870e-02
0.000000000000000000e+00 -2.144956999999999880e+03 3.960000000000000000e+02 1.884999999999999870e-02
1.479999999999999982e+00 -2.142036999999999807e+03 3.965000000000000000e+02 1.884999999999999870e-02
0.000000000000000000e+00 -2.143516999999999825e+03 3.970000000000000000e+02 1.884999999999999870e-02
