# t	msd	err
1.129999999999893201e-13 1.749707893188887642e-01 3.376217817930873138e-02
4.304000000000073850e-13 2.322933422297410178e-01 1.098368391783928200e-01
2.025000000000013687e-12 4.263109028832019476e-01 1.341776672012199578e-01
3.000000000000093038e-12 2.166849428241945930e-01 nan
1.266899999999999782e-11 1.097015601521245109e-01 3.518071329886537230e-02
4.491614000000000099e-10 6.086453475103393851e-01 6.819410991985910830e-02
6.107400700000000867e-09 9.083184179937298097e-01 1.010607377501448884e-01
4.589149999999998447e-08 1.518574725120576119e-01 4.953980707797589478e-02
5.199890070000001429e-08 8.626590923510356612e-01 9.858601610652738267e-02
8.939640003889184571e-07 8.780475959736031566e-01 9.658830122643738414e-02
2.209509500437497946e-06 1.110230998107377909e+00 9.215653263341920531e-02
1.000000000000306200e-05 3.461074391657987803e-01 1.060597304060353629e-01
2.991818181818206213e-05 4.834751213970388539e-01 4.122085765033996207e-02
6.999999999999714784e-05 3.920720379084485785e-01 5.705517521736935133e-02
9.999999999998898659e-05 8.369600927369527099e-01 1.364209203380346569e-01
2.044405797101409895e-04 8.190501151697904270e-01 7.968752630329112296e-02
3.491615384615334044e-04 7.529526992803179386e-01 6.957099926098452014e-02
6.224196708890827098e-04 1.653649697987559231e+00 6.164682112113799295e-02
1.117343026432523513e-03 3.233387357742845580e+00 2.023464653744199704e-01
1.877225482625460807e-03 1.826955584270109290e+00 2.640003279260851876e-01
3.330465466283280985e-03 2.578222017036889913e+00 2.113327959905005604e-01
5.942537651821806072e-03 2.391963188560692899e+00 2.287429084902554977e-01
1.037343721991351199e-02 2.979444487941436126e+00 1.905896084732404405e-01
1.897116133241096014e-02 4.094563311765607949e+00 1.124062906348511082e-01
3.380736283120572283e-02 4.251728934830615536e+00 9.890904890453314224e-02
5.742384819783327016e-02 5.447849455514261585e+00 1.044054766628289832e-01
1.037520641382896486e-01 6.098205999357182883e+00 8.271520553479462523e-02
1.859702923415382514e-01 8.474811787875255575e+00 6.922648060481344234e-02
3.211982063027769563e-01 1.113047922415149671e+01 7.427321132568914797e-02
5.674291855515386507e-01 1.417777431777729191e+01 8.302399982970583292e-02
1.027766116141203945e+00 2.090661153168716524e+01 6.756900248103665796e-02
1.812535176300634987e+00 2.530040924258370083e+01 4.477534440794890547e-02
3.075938468788187663e+00 2.942883266457862490e+01 3.063148380462236281e-02
