# t
0.000000000000000000e+00
5.214827200000000307e-13
6.436473499999999736e-13
6.833416999999999659e-13
7.719104199999999896e-13
1.170190000000000086e-12
1.275988299999999926e-12
1.342125500000000086e-12
1.451130600000000041e-12
2.127069300000000144e-12
2.228257400000000154e-12
2.237867400000000150e-12
2.470055499999999905e-12
2.790253799999999922e-12
2.856556400000000040e-12
3.013643500000000072e-12
3.111602500000000019e-12
3.476880499999999909e-12
3.572886500000000136e-12
4.183659799999999852e-12
4.197650000000000395e-12
5.978356500000000387e-12
6.173698900000000009e-12
7.519018899999999369e-12
7.519484299999999841e-12
8.282011100000000400e-12
8.386178200000000291e-12
8.751787399999999924e-12
8.908655000000000474e-12
8.977214300000000335e-12
9.102873999999999447e-12
9.238911500000000320e-12
9.374654999999999498e-12
9.421029499999999605e-12
9.431405100000000097e-12
9.612120400000000677e-12
9.918902899999999728e-12
1.008453699999999924e-11
1.010069199999999979e-11
1.030418199999999976e-11
1.055316600000000047e-11
1.063308200000000011e-11
1.066582799999999925e-11
1.077467299999999988e-11
1.100766299999999928e-11
1.103558099999999989e-11
1.637564100000000006e-11
1.647996299999999889e-11
1.652455000000000111e-11
1.713627100000000103e-11
1.714632199999999993e-11
1.805667600000000068e-11
1.812236399999999901e-11
1.896212500000000045e-11
1.900945200000000110e-11
1.916679799999999993e-11
1.934359300000000090e-11
1.975786399999999947e-11
1.996212799999999873e-11
2.031290200000000036e-11
2.036332500000000138e-11
2.076435599999999869e-11
2.087755500000000050e-11
2.107161999999999943e-11
2.131585200000000024e-11
2.190028200000000121e-11
2.199130100000000119e-11
2.302279999999999920e-11
2.305534500000000025e-11
2.314983500000000058e-11
2.316082499999999870e-11
2.334681499999999880e-11
2.335458700000000044e-11
2.345392400000000058e-11
2.347319299999999897e-11
2.359622600000000043e-11
2.366932999999999846e-11
2.407597599999999948e-11
2.448363500000000041e-11
2.451995100000000052e-11
2.505133499999999849e-11
2.532757699999999848e-11
2.535025500000000021e-11
2.560763099999999857e-11
2.564301399999999969e-11
2.694674100000000052e-11
2.702820399999999977e-11
2.741555500000000031e-11
2.745467399999999967e-11
2.771611900000000108e-11
2.775843600000000154e-11
2.778947100000000010e-11
2.795982699999999991e-11
2.836066099999999981e-11
2.862031599999999867e-11
2.878113499999999902e-11
2.883954399999999920e-11
2.942765499999999897e-11
2.946801900000000294e-11
2.948966099999999793e-11
2.967395700000000242e-11
3.007634799999999963e-11
3.017962699999999737e-11
3.110522099999999716e-11
3.111976100000000246e-11
3.120742700000000235e-11
3.134656500000000134e-11
3.189417000000000242e-11
3.233793499999999856e-11
3.262173600000000001e-11
3.272405700000000050e-11
3.350694000000000020e-11
3.372854899999999872e-11
3.401708499999999994e-11
3.403958499999999909e-11
3.405724500000000247e-11
3.409569299999999900e-11
3.562687100000000061e-11
3.599513700000000235e-11
3.609449699999999962e-11
3.637242499999999706e-11
3.678491800000000322e-11
3.689626800000000072e-11
3.827188200000000145e-11
3.844850300000000214e-11
3.857053900000000321e-11
3.859135900000000191e-11
3.897809400000000228e-11
3.898247200000000277e-11
3.921385899999999769e-11
3.923867100000000023e-11
3.933209600000000293e-11
3.958598200000000289e-11
4.133846400000000144e-11
4.145546000000000115e-11
4.163146600000000225e-11
4.172120999999999969e-11
4.208386600000000061e-11
4.219484000000000078e-11
4.288741999999999700e-11
4.319917800000000057e-11
4.451519999999999999e-11
4.476110399999999987e-11
4.581674499999999816e-11
4.582057700000000011e-11
4.674845199999999832e-11
4.694322600000000263e-11
4.793008900000000244e-11
4.810886199999999817e-11
4.884285400000000234e-11
4.937751099999999946e-11
4.951172800000000117e-11
4.966229600000000025e-11
4.997101099999999850e-11
5.021713300000000144e-11
5.058613700000000268e-11
5.062010100000000215e-11
5.094080199999999832e-11
5.120272499999999779e-11
5.122201100000000276e-11
5.126969600000000005e-11
5.190542800000000217e-11
5.193452799999999848e-11
5.260786799999999690e-11
5.272550699999999945e-11
5.306989700000000259e-11
5.351769700000000155e-11
5.383124100000000214e-11
5.388330399999999991e-11
5.398960100000000147e-11
5.399905299999999710e-11
5.409452100000000301e-11
5.422751400000000254e-11
5.476968600000000158e-11
5.478168800000000228e-11
5.481661899999999774e-11
5.491924800000000154e-11
5.545213699999999911e-11
5.557073600000000007e-11
5.592622600000000020e-11
5.598634099999999969e-11
5.614741799999999711e-11
5.642485099999999960e-11
5.644582899999999903e-11
5.648817400000000273e-11
5.713619200000000147e-11
5.767205499999999684e-11
5.767857000000000310e-11
5.813301700000000051e-11
5.859016000000000326e-11
5.876630999999999701e-11
5.988162399999999813e-11
5.991600999999999563e-11
6.094842600000000277e-11
6.095589900000000629e-11
6.144293700000000545e-11
6.170982600000000234e-11
6.246892999999999482e-11
6.248085600000000334e-11
6.296351099999999913e-11
6.322853400000000451e-11
6.364049699999999553e-11
6.380436299999999382e-11
6.441571499999999721e-11
6.444217600000000169e-11
6.501410799999999676e-11
6.510095500000000207e-11
6.523560500000000171e-11
6.605474400000000565e-11
6.611861699999999669e-11
6.622300500000000132e-11
6.650722500000000553e-11
6.659700700000000552e-11
6.690436500000000236e-11
6.703823399999999705e-11
6.709361699999999849e-11
6.712137100000000621e-11
6.731062900000000581e-11
6.739714600000000157e-11
6.860100500000000592e-11
6.862944299999999490e-11
6.865266299999999609e-11
6.890537299999999573e-11
6.899271299999999483e-11
6.937805699999999355e-11
6.978020900000000143e-11
6.984947200000000200e-11
7.096676300000000054e-11
7.123500800000000471e-11
7.167528599999999772e-11
7.168504199999999435e-11
7.225998199999999392e-11
7.226308299999999395e-11
7.233959900000000028e-11
7.259130999999999838e-11
7.279039900000000559e-11
7.301316400000000581e-11
7.347464399999999830e-11
7.379696599999999964e-11
7.549241699999999538e-11
7.558816799999999664e-11
7.561709199999999475e-11
7.565408599999999850e-11
7.609359100000000411e-11
7.609436499999999854e-11
7.625291300000000301e-11
7.639071599999999392e-11
7.696766499999999645e-11
7.710913700000000508e-11
7.754990899999999891e-11
7.762411799999999828e-11
7.844465100000000560e-11
7.855838999999999925e-11
7.901187299999999593e-11
7.905255600000000310e-11
7.921928800000000146e-11
7.929984699999999585e-11
7.953839700000000275e-11
7.962857200000000342e-11
7.969738999999999914e-11
7.993639900000000604e-11
7.996768299999999648e-11
8.009215700000000260e-11
8.050470700000000290e-11
8.053440699999999660e-11
8.057615899999999402e-11
8.068797200000000030e-11
8.116426400000000002e-11
8.126003299999999874e-11
8.160308999999999495e-11
8.180925700000000384e-11
8.207430500000000426e-11
8.423874199999999568e-11
8.431047599999999449e-11
8.462093799999999956e-11
8.476015500000000538e-11
8.482416399999999738e-11
8.504921000000000248e-11
8.513234400000000345e-11
8.581044799999999900e-11
8.597797600000000450e-11
8.678432100000000292e-11
8.692138299999999905e-11
8.705138700000000505e-11
8.712430999999999876e-11
8.721187899999999434e-11
8.731673999999999413e-11
8.743590599999999928e-11
8.776775399999999373e-11
8.789728599999999867e-11
8.799376699999999482e-11
8.860384799999999475e-11
8.865381400000000338e-11
9.035062100000000642e-11
9.054979100000000222e-11
9.077784200000000363e-11
9.082991899999999656e-11
9.220566600000000298e-11
9.241188399999999607e-11
9.260297900000000274e-11
9.270988799999999570e-11
9.437401900000000607e-11
9.448989999999999545e-11
9.455378699999999457e-11
9.455794199999999557e-11
9.471364300000000446e-11
9.473764199999999651e-11
9.481668600000000168e-11
9.502847499999999893e-11
9.506635400000000304e-11
9.514097300000000644e-11
9.539587800000000009e-11
9.572764899999999533e-11
9.576190800000000353e-11
9.577456799999999633e-11
9.594295999999999653e-11
9.644290699999999652e-11
9.656649299999999409e-11
9.661630799999999957e-11
9.667285200000000559e-11
9.683094599999999355e-11
9.744949499999999623e-11
9.756571199999999862e-11
9.764204200000000098e-11
9.790297999999999407e-11
9.827828100000000497e-11
9.862442399999999900e-11
9.912473399999999528e-11
9.932567900000000115e-11
9.965711799999999860e-11
9.974371799999999704e-11
1.003522399999999953e-10
1.006474400000000048e-10
1.007959999999999950e-10
1.011255099999999969e-10
1.018731300000000034e-10
1.018751799999999977e-10
1.023471600000000027e-10
1.025458000000000028e-10
1.026044200000000052e-10
1.029034799999999940e-10
1.032642299999999997e-10
1.034124600000000063e-10
1.037301200000000047e-10
1.038742099999999995e-10
1.049827099999999963e-10
1.051913300000000059e-10
1.059818300000000018e-10
1.061774399999999976e-10
1.067527599999999968e-10
1.067675199999999998e-10
1.069107700000000009e-10
1.069817300000000052e-10
1.071948800000000062e-10
1.072345399999999980e-10
1.077522699999999948e-10
1.081829099999999947e-10
1.081852800000000057e-10
1.083564799999999983e-10
1.084761299999999985e-10
1.085229600000000063e-10
1.100900400000000017e-10
1.107819500000000054e-10
1.117656700000000003e-10
1.117923000000000054e-10
1.118015400000000014e-10
1.119090300000000002e-10
1.121731499999999948e-10
1.123101400000000011e-10
1.125403899999999988e-10
1.126907700000000057e-10
1.126982999999999969e-10
1.130321899999999940e-10
1.131134400000000060e-10
1.131255799999999959e-10
1.133001299999999966e-10
1.135325799999999977e-10
1.137970300000000019e-10
1.139298399999999991e-10
1.140918600000000045e-10
1.142011699999999941e-10
1.143784000000000038e-10
1.144798000000000026e-10
1.146139800000000023e-10
1.146257199999999940e-10
1.153891300000000035e-10
1.154874900000000051e-10
1.155782500000000010e-10
1.156303899999999980e-10
1.157401100000000045e-10
1.157401300000000031e-10
1.160047100000000048e-10
1.161035199999999948e-10
1.162996599999999992e-10
1.164942699999999994e-10
1.167281999999999888e-10
1.169603500000000106e-10
1.169987199999999944e-10
1.170163000000000098e-10
1.170197100000000008e-10
1.170738699999999877e-10
1.171295400000000062e-10
1.171851099999999928e-10
1.174829500000000012e-10
1.175265799999999970e-10
1.176469699999999979e-10
1.178731400000000056e-10
1.179866600000000085e-10
1.181120899999999978e-10
1.183093899999999998e-10
1.185993999999999989e-10
1.186077499999999981e-10
1.187301699999999947e-10
1.189943299999999995e-10
1.190397100000000104e-10
1.193364199999999997e-10
1.194259800000000008e-10
1.195221900000000021e-10
1.195422500000000015e-10
1.198585300000000047e-10
1.199260400000000079e-10
1.206002500000000044e-10
1.208861599999999890e-10
1.210082300000000033e-10
1.214636600000000059e-10
1.217079299999999931e-10
1.218319500000000086e-10
1.221649800000000003e-10
1.226476900000000085e-10
1.229755699999999871e-10
1.230852599999999892e-10
1.231617999999999965e-10
1.231788400000000103e-10
1.236374600000000062e-10
1.239110499999999875e-10
1.241722300000000039e-10
1.241881399999999988e-10
1.242363000000000118e-10
1.244531399999999973e-10
1.245458799999999988e-10
1.245490200000000020e-10
1.246046899999999946e-10
1.246371199999999874e-10
1.250814000000000030e-10
1.250936299999999931e-10
1.258537200000000119e-10
1.259895399999999890e-10
1.261956300000000116e-10
1.262582899999999939e-10
1.262607000000000022e-10
1.263425500000000116e-10
1.265070100000000038e-10
1.272269499999999936e-10
1.274511600000000072e-10
1.274700200000000118e-10
1.275388000000000115e-10
1.277642000000000012e-10
1.278981000000000073e-10
1.279246899999999893e-10
1.279307800000000023e-10
1.284188899999999999e-10
1.285101199999999957e-10
1.285687300000000052e-10
1.286487400000000123e-10
1.286737200000000084e-10
1.288237500000000071e-10
1.288820900000000030e-10
1.289066600000000080e-10
1.289488199999999954e-10
1.290009200000000081e-10
1.293674000000000128e-10
1.294032399999999966e-10
1.294530899999999900e-10
1.295181200000000091e-10
1.295780400000000124e-10
1.296595500000000064e-10
1.299783499999999909e-10
1.307328899999999983e-10
1.309381600000000128e-10
1.311482600000000109e-10
1.311706100000000010e-10
1.311809000000000086e-10
1.312180900000000092e-10
1.312559899999999931e-10
1.314930899999999902e-10
1.316841299999999974e-10
1.320113999999999987e-10
1.321699100000000071e-10
1.322359599999999947e-10
1.322768500000000115e-10
1.323576199999999919e-10
1.323585599999999917e-10
1.328476699999999979e-10
1.329478400000000104e-10
1.329714800000000085e-10
1.329832499999999916e-10
1.330487299999999991e-10
1.331370600000000010e-10
1.331523499999999998e-10
1.333140999999999915e-10
1.335014000000000111e-10
1.335707700000000024e-10
1.341003399999999969e-10
1.342117999999999997e-10
1.343204499999999960e-10
1.344201699999999943e-10
1.344389299999999929e-10
1.345545300000000075e-10
1.346930000000000021e-10
1.347284800000000108e-10
1.348227100000000064e-10
1.349461700000000088e-10
1.349509199999999979e-10
1.349873499999999992e-10
1.351809299999999992e-10
1.352190999999999968e-10
1.352645699999999950e-10
1.355300799999999907e-10
1.355636799999999998e-10
1.358948699999999892e-10
1.363927200000000001e-10
1.365773700000000021e-10
1.367782900000000000e-10
1.369169699999999996e-10
1.369533600000000036e-10
1.369979900000000080e-10
1.371248299999999970e-10
1.373286700000000003e-10
1.374461600000000073e-10
1.374866100000000028e-10
1.376199599999999887e-10
1.377087100000000004e-10
1.378702399999999944e-10
1.380457499999999935e-10
1.382247299999999924e-10
1.382967700000000127e-10
1.383247500000000087e-10
1.384678100000000035e-10
1.385229600000000061e-10
1.392044099999999945e-10
1.392198499999999894e-10
1.393659500000000072e-10
1.396185900000000052e-10
1.397181200000000101e-10
1.397505800000000073e-10
1.398603400000000111e-10
1.400966100000000072e-10
1.401534099999999930e-10
1.403641300000000129e-10
1.404570900000000122e-10
1.405799599999999971e-10
1.406311700000000000e-10
1.406536000000000105e-10
1.407058300000000077e-10
1.407155799999999880e-10
1.408900999999999972e-10
1.410423600000000037e-10
1.410576400000000096e-10
1.410738499999999967e-10
1.411733100000000000e-10
1.412243700000000068e-10
1.414852999999999953e-10
1.415096500000000026e-10
1.415581699999999907e-10
1.418545999999999994e-10
1.418905699999999936e-10
1.419825199999999914e-10
1.420506399999999978e-10
1.421813699999999964e-10
1.422378199999999999e-10
1.427448099999999878e-10
1.427550200000000009e-10
1.427982999999999886e-10
1.429320300000000129e-10
1.430249099999999918e-10
1.430637000000000113e-10
1.430772099999999907e-10
1.431706299999999970e-10
1.432122500000000087e-10
1.432607500000000111e-10
1.433330199999999962e-10
1.433843600000000096e-10
1.434821300000000067e-10
1.435914600000000078e-10
1.437582099999999907e-10
1.437778500000000062e-10
1.439086699999999921e-10
1.441558099999999946e-10
1.442803599999999929e-10
1.443034499999999966e-10
1.443526200000000110e-10
1.443987400000000096e-10
1.444578300000000119e-10
1.447339000000000031e-10
1.451705400000000027e-10
1.453024500000000104e-10
1.453046900000000110e-10
1.454138400000000116e-10
1.455099299999999953e-10
1.455849199999999996e-10
1.456268000000000063e-10
1.456865100000000046e-10
1.457188500000000101e-10
1.457904200000000047e-10
1.460814899999999953e-10
1.461052799999999895e-10
1.464257499999999945e-10
1.470160999999999976e-10
1.470244300000000111e-10
1.470257599999999905e-10
1.470763000000000073e-10
1.471047800000000076e-10
1.471072299999999873e-10
1.472432000000000122e-10
1.474654399999999872e-10
1.480138899999999979e-10
1.482228500000000100e-10
1.484206399999999975e-10
1.485356199999999903e-10
1.485432200000000089e-10
1.485491200000000027e-10
1.486869399999999969e-10
1.488631099999999893e-10
1.489592300000000032e-10
1.490757800000000104e-10
1.490840099999999921e-10
1.491793499999999952e-10
1.496660600000000118e-10
1.497742899999999983e-10
1.498124199999999987e-10
1.498339399999999879e-10
1.504212000000000037e-10
1.504388300000000092e-10
1.505064500000000112e-10
1.505240600000000052e-10
1.505818699999999924e-10
1.506437300000000040e-10
1.506537199999999935e-10
1.508489599999999954e-10
1.508838500000000124e-10
1.509153700000000099e-10
1.511362000000000111e-10
1.511435400000000089e-10
1.512261199999999873e-10
1.513456999999999988e-10
1.513887300000000102e-10
1.515389400000000094e-10
1.515732899999999991e-10
1.516742300000000037e-10
1.517944800000000013e-10
1.520063000000000100e-10
1.522535699999999970e-10
1.523858499999999986e-10
1.527064600000000068e-10
1.527990500000000122e-10
1.534078800000000073e-10
1.535973400000000072e-10
1.540123000000000028e-10
1.541933300000000090e-10
1.543842000000000085e-10
1.547196699999999871e-10
1.547429600000000029e-10
1.548670899999999913e-10
1.549535200000000080e-10
1.551216600000000049e-10
1.552686900000000037e-10
1.553870600000000017e-10
1.555274899999999904e-10
1.557473799999999918e-10
1.563098500000000049e-10
1.563474899999999938e-10
1.563851300000000086e-10
1.563974300000000003e-10
1.566838500000000079e-10
1.568098900000000004e-10
1.569012399999999879e-10
1.570914199999999898e-10
1.571969799999999989e-10
1.573100799999999920e-10
1.575103799999999939e-10
1.577953200000000002e-10
1.578269899999999937e-10
1.578862699999999894e-10
1.582401500000000101e-10
1.585326300000000004e-10
1.585367199999999962e-10
1.587732699999999988e-10
1.590022399999999944e-10
1.590755699999999969e-10
1.590953399999999969e-10
1.591333900000000028e-10
1.592858899999999927e-10
1.596216300000000108e-10
1.596337999999999921e-10
1.600657399999999928e-10
1.602432399999999904e-10
1.603316600000000055e-10
1.605704699999999945e-10
1.606912000000000106e-10
1.607214099999999886e-10
1.608380900000000062e-10
1.608732099999999880e-10
1.611862999999999979e-10
1.614032800000000126e-10
1.614965599999999898e-10
1.615094599999999918e-10
1.615880299999999948e-10
1.617338699999999917e-10
1.617360600000000022e-10
1.618741399999999915e-10
1.620886300000000034e-10
1.621428400000000063e-10
1.622152199999999902e-10
1.622270399999999893e-10
1.624437399999999974e-10
1.625121100000000060e-10
1.625186800000000117e-10
1.629429899999999893e-10
1.634179200000000041e-10
1.640278399999999951e-10
1.641449799999999939e-10
1.643770300000000097e-10
1.646164699999999875e-10
1.647773900000000042e-10
1.648119999999999888e-10
1.648944399999999898e-10
1.651672200000000076e-10
1.655604799999999876e-10
1.655999900000000092e-10
1.656111900000000122e-10
1.656453600000000013e-10
1.657215599999999933e-10
1.657988900000000042e-10
1.657994399999999986e-10
1.658531000000000071e-10
1.658817799999999936e-10
1.661465500000000015e-10
1.661569200000000036e-10
1.662460899999999993e-10
1.662885900000000020e-10
1.663052400000000104e-10
1.664383600000000057e-10
1.666216599999999910e-10
1.669694199999999944e-10
1.670036899999999895e-10
1.672100700000000115e-10
1.672527600000000076e-10
1.673429999999999876e-10
1.675229200000000121e-10
1.678172100000000004e-10
1.678762900000000099e-10
1.680644900000000062e-10
1.680882099999999987e-10
1.681722099999999955e-10
1.682628599999999925e-10
1.684734000000000120e-10
1.686104099999999910e-10
1.688527300000000028e-10
1.689430199999999988e-10
1.690655799999999986e-10
1.690851399999999938e-10
1.691126499999999899e-10
1.697307899999999955e-10
1.697589499999999921e-10
1.697638199999999987e-10
1.699087700000000117e-10
1.699790400000000055e-10
1.700158400000000007e-10
1.701254800000000127e-10
1.702299100000000028e-10
1.702749800000000027e-10
1.705158700000000033e-10
1.711282399999999999e-10
1.713442600000000032e-10
1.714661000000000010e-10
1.715524300000000116e-10
1.715583099999999938e-10
1.717014799999999874e-10
1.718552299999999881e-10
1.719305799999999934e-10
1.720873599999999983e-10
1.721308499999999909e-10
1.721417699999999874e-10
1.722555200000000067e-10
1.723543400000000025e-10
1.724255499999999961e-10
1.725235900000000068e-10
1.727082699999999874e-10
1.727199500000000090e-10
1.727568900000000075e-10
1.727819400000000052e-10
1.728734600000000004e-10
1.730320299999999917e-10
1.730927399999999986e-10
1.730975599999999893e-10
1.731567700000000092e-10
1.731909600000000099e-10
1.733390999999999903e-10
1.735137399999999913e-10
1.740692400000000004e-10
1.745565299999999899e-10
1.746606899999999921e-10
1.747278600000000059e-10
1.747809699999999941e-10
1.748202599999999920e-10
1.748306200000000013e-10
1.750441800000000063e-10
1.750565499999999997e-10
1.751129900000000103e-10
1.761935399999999896e-10
1.762136299999999934e-10
1.763820300000000111e-10
1.766495300000000053e-10
1.767906600000000104e-10
1.768598899999999984e-10
1.769776600000000119e-10
1.774240899999999890e-10
1.774545599999999878e-10
1.774980500000000062e-10
1.775514899999999911e-10
1.775835200000000115e-10
1.783632400000000012e-10
1.786909899999999953e-10
1.787206800000000091e-10
1.789041599999999949e-10
1.791151299999999911e-10
1.791234200000000074e-10
1.791758499999999908e-10
1.791951899999999882e-10
1.792447699999999938e-10
1.795396199999999951e-10
1.797025199999999915e-10
1.804193999999999984e-10
1.805622600000000070e-10
1.813710099999999914e-10
1.814836999999999934e-10
1.814967899999999888e-10
1.820132899999999994e-10
1.821356499999999872e-10
1.823059300000000045e-10
1.824810800000000026e-10
1.825696099999999907e-10
1.825981800000000042e-10
1.826338500000000062e-10
1.828288400000000060e-10
1.829843099999999914e-10
1.832905099999999918e-10
1.833708000000000054e-10
1.833862199999999888e-10
1.834150400000000044e-10
1.834253300000000120e-10
1.838057100000000016e-10
1.838754399999999938e-10
1.840018999999999961e-10
1.840214199999999940e-10
1.842727000000000083e-10
1.842885000000000042e-10
1.844297100000000038e-10
1.844556200000000068e-10
1.846076300000000111e-10
1.846442299999999943e-10
1.851513300000000069e-10
1.853669900000000092e-10
1.854589999999999900e-10
1.855387500000000020e-10
1.855722299999999935e-10
1.856112100000000064e-10
1.857136499999999980e-10
1.857579800000000102e-10
1.858338400000000126e-10
1.863595699999999876e-10
1.864500999999999929e-10
1.865209799999999899e-10
1.866215100000000034e-10
1.866796300000000015e-10
1.870034200000000102e-10
1.870941800000000060e-10
1.871947600000000096e-10
1.872152600000000046e-10
1.873107900000000010e-10
1.873336900000000113e-10
1.873465899999999876e-10
1.875230599999999981e-10
1.882668600000000095e-10
1.883520600000000011e-10
1.884195199999999884e-10
1.886497300000000018e-10
1.887952700000000064e-10
1.892927000000000075e-10
1.895582199999999960e-10
1.896470999999999923e-10
1.897854199999999908e-10
1.900978200000000031e-10
1.901318900000000121e-10
1.901465700000000077e-10
1.902294900000000015e-10
1.902946400000000124e-10
1.905059000000000080e-10
1.907061799999999983e-10
1.907437900000000087e-10
1.907694100000000124e-10
1.908829100000000038e-10
1.912023700000000073e-10
1.913314300000000112e-10
1.918041699999999897e-10
1.920279000000000106e-10
1.922952399999999899e-10
1.923725300000000036e-10
1.923994999999999982e-10
1.924082400000000029e-10
1.924288300000000110e-10
1.924324299999999953e-10
1.925321499999999936e-10
1.927152300000000070e-10
1.928157199999999974e-10
1.930783399999999921e-10
1.933121899999999871e-10
1.933607599999999912e-10
1.934158500000000110e-10
1.934607900000000005e-10
1.934742799999999942e-10
1.937874000000000085e-10
1.938081400000000127e-10
1.938701599999999874e-10
1.939574299999999978e-10
1.942306600000000039e-10
1.942838699999999982e-10
1.946982300000000094e-10
1.947505300000000082e-10
1.949458999999999947e-10
1.949611099999999991e-10
1.950089299999999967e-10
1.951050500000000107e-10
1.953033599999999882e-10
1.953682900000000014e-10
1.954342699999999873e-10
1.956223300000000062e-10
1.956359299999999988e-10
1.957764599999999936e-10
1.958421999999999961e-10
1.958520100000000109e-10
1.959457000000000051e-10
1.967475099999999899e-10
1.967569099999999878e-10
1.970644799999999907e-10
1.971155600000000091e-10
1.971481200000000124e-10
1.971618099999999923e-10
1.972035300000000100e-10
1.974734900000000025e-10
1.976642999999999933e-10
1.976973299999999965e-10
1.977195699999999877e-10
1.977211799999999994e-10
1.977775600000000013e-10
1.977898599999999930e-10
1.978314100000000031e-10
1.978896300000000073e-10
1.980912800000000000e-10
1.981550600000000085e-10
1.982251000000000117e-10
1.983435599999999970e-10
1.986490600000000070e-10
1.986909699999999922e-10
1.987442399999999953e-10
1.990711499999999955e-10
1.993324599999999966e-10
1.994032399999999875e-10
1.995941099999999871e-10
1.996432599999999900e-10
1.998506300000000018e-10
1.998767799999999883e-10
1.999497399999999970e-10
1.999721400000000030e-10
2.001114899999999887e-10
2.003155399999999969e-10
2.004220499999999986e-10
2.005803899999999993e-10
2.005894100000000105e-10
2.008130799999999968e-10
2.008359400000000099e-10
2.008493900000000064e-10
2.011827599999999876e-10
2.012981800000000017e-10
2.013069500000000107e-10
2.013607000000000065e-10
2.014303900000000016e-10
2.015078800000000015e-10
2.017823100000000023e-10
2.018890599999999875e-10
2.019645499999999961e-10
2.020011400000000122e-10
2.020660900000000111e-10
2.021094899999999905e-10
2.022112699999999888e-10
2.023256899999999943e-10
2.023370399999999935e-10
2.023422600000000083e-10
2.024083199999999887e-10
2.025627899999999914e-10
2.027600199999999917e-10
