# t	msd	err
3.499999999999974989e-14 1.272844476421493010e-01 3.142461902177348600e-04
6.999999999999734146e-14 1.274619992893435694e-01 2.503376268126187350e-04
1.003292181069991010e-13 1.440792312550171483e-01 5.743855880002714763e-03
1.992310924369734365e-13 1.396977260209034954e-01 6.008102081761258761e-03
2.993846153846168624e-13 1.681786070360903329e-01 7.641952404125812275e-03
5.047552870090628214e-13 1.806850952875786176e-01 4.886301020622331112e-03
8.009077598828716157e-13 1.998843478834479159e-01 5.391324345165256042e-03
1.297313924050640304e-12 2.296650667843144200e-01 4.502661749320137005e-03
2.193711111111100527e-12 2.993972600389778194e-01 5.043855086480102459e-03
3.598322676781337376e-12 3.682277804196805171e-01 5.378957777883333451e-03
5.953453001132474839e-12 4.841587860108949593e-01 5.489978957711052349e-03
9.835111499650306711e-12 6.306944751430734186e-01 5.824694685937420631e-03
1.617527863280744451e-11 8.791484303247633081e-01 6.538058138698768854e-03
2.680669247218028363e-11 1.391175993852386439e+00 8.821790864438405766e-03
4.399574409366463545e-11 2.488849481616500547e+00 1.377813997145676921e-02
7.186690931095745718e-11 3.485216795352149344e+00 1.415748960210560896e-02
1.191710722942274061e-10 2.057074586119972182e+00 1.439487290183429774e-02
1.999323164655208543e-10 2.694470974076288883e+00 1.286014603886633141e-02
3.013702174262691026e-10 4.274580015223459206e+00 1.660079132789640463e-02
