# t
0.000000000000000000e+00
3.273997999999999839e-14
1.668201399999999900e-13
2.124199599999999997e-13
2.793011600000000248e-13
2.912661799999999858e-13
3.038327700000000227e-13
4.160130800000000124e-13
5.265206600000000196e-13
5.273532199999999702e-13
5.858618800000000046e-13
5.907820300000000338e-13
7.343205000000000314e-13
8.482597400000000341e-13
9.491865299999999735e-13
1.292853500000000091e-12
1.592484999999999954e-12
1.628029699999999908e-12
3.778236999999999747e-12
3.899427299999999730e-12
4.051968699999999805e-12
4.254617200000000302e-12
4.318521100000000292e-12
4.353440699999999674e-12
4.396252100000000377e-12
4.552409499999999697e-12
4.643129900000000172e-12
4.674145399999999597e-12
4.770596400000000233e-12
5.060491500000000036e-12
5.263165299999999790e-12
6.343511599999999609e-12
7.858133599999999413e-12
1.015236699999999977e-11
1.091898199999999993e-11
1.097792999999999945e-11
1.146861399999999983e-11
1.167669700000000000e-11
1.200578800000000074e-11
1.204719499999999934e-11
1.327981499999999979e-11
1.343104799999999986e-11
1.346690099999999927e-11
1.379914700000000051e-11
1.480362900000000104e-11
1.587681299999999979e-11
1.602733199999999967e-11
1.708217599999999993e-11
1.724149700000000149e-11
1.781457800000000067e-11
1.781812700000000082e-11
1.789699300000000018e-11
1.848635099999999925e-11
1.855022000000000090e-11
1.860843999999999861e-11
1.889196200000000056e-11
1.894064099999999973e-11
1.976557500000000143e-11
1.985385299999999917e-11
1.988806899999999871e-11
2.131830299999999986e-11
2.159031199999999905e-11
2.207479299999999879e-11
2.305531700000000024e-11
2.323064799999999942e-11
2.336205699999999899e-11
2.343865600000000154e-11
2.347468600000000134e-11
2.354440500000000018e-11
2.357674399999999864e-11
2.359285700000000079e-11
2.362473799999999982e-11
2.363919399999999864e-11
2.366247600000000008e-11
2.366413199999999960e-11
2.370670900000000151e-11
2.378145600000000125e-11
2.387528400000000072e-11
2.401519899999999912e-11
2.412977799999999945e-11
