# t	msd	err
8.999999999999254831e-16 4.238114199578800478e-02 0.000000000000000000e+00
4.900000000000009413e-15 5.014785315117363529e-02 nan
1.112499999999927102e-14 6.283788030690734550e-02 2.428406733888121075e-02
1.999999999999924267e-14 3.365711677562965853e-02 7.441476682638914833e-03
3.117714285714335113e-14 8.502258411387512982e-02 2.905525196423102904e-02
5.079130434782601058e-14 5.816458979020752013e-02 9.815639163644180806e-03
8.992580645161282061e-14 7.453243641277412790e-02 1.075943182621839737e-02
1.475536170212767637e-13 9.153778966888842517e-02 9.183392198842860871e-03
2.640447500000000700e-13 1.377388166003704340e-01 9.897505640483469230e-03
4.427721649484539839e-13 1.893008907624419979e-01 1.374762558730571044e-02
7.322302173913049792e-13 3.122157135991914800e-01 2.100477821097850029e-02
1.287803518518517299e-12 4.089404540748659000e-01 2.718485476849296506e-02
2.266548571428570011e-12 3.753487440494550631e-01 1.808549482378560280e-02
3.930973383838389393e-12 6.917158202465415462e-01 1.664351810003877538e-02
6.415814593406600421e-12 7.188415105505850944e-01 1.536565328375251276e-02
1.142309377443608992e-11 1.060554031144637532e+00 1.583726212181532297e-02
1.948002959365708326e-11 1.337211997148297637e+00 1.100939170136141544e-02
