# t	msd	err
8.999999999999563904e-04 1.749414219955214067e+00 3.125558230932244941e-01
1.399999999999956835e-03 2.821270103591339762e+01 8.679119353219244104e+00
2.409090909090908905e-03 8.675451815052907634e+00 3.562812645555821778e+00
3.985714285714271263e-03 2.586963874431830845e+00 3.791233424849826394e-01
6.378723404255317794e-03 2.757329773494677028e+01 5.083853893013368541e+00
1.010526315789471441e-02 1.251047101922332416e+01 3.106952935469866617e+00
1.566153846153844204e-02 2.168788245138017601e+01 2.729743213935574619e+00
2.482105263157888958e-02 1.373841399698297217e+01 1.878395657593985968e+00
4.096999999999997172e-02 2.625320727115495245e+01 1.677621230349799042e+00
6.588784893267636555e-02 3.179880545788015311e+01 1.449872089355090266e+00
1.080130779392341617e-01 2.952259598704570465e+01 1.161479855083481061e+00
1.722362154500357567e-01 4.052233009892933779e+01 7.925404248318592693e-01
2.781255656108621022e-01 4.790696547982057751e+01 8.486460298519014067e-01
4.344897225077109515e-01 3.926115813472431171e+01 5.954403922642848013e-01
6.611950955943587394e-01 4.677112290114212101e+01 6.118321506744824889e-01
