# t
0.000000000000000000e+00
4.618214200000000171e-13
1.895618399999999943e-06
1.895660100000000014e-06
1.912306700000000049e-06
1.915221800000000197e-06
5.424531100000000062e-06
5.424576800000000243e-06
5.487258699999999647e-06
5.487311499999999750e-06
5.487311800000000414e-06
5.664215499999999810e-06
5.664215699999999688e-06
5.686697999999999641e-06
5.686698200000000366e-06
5.693272699999999840e-06
5.693272699999999840e-06
5.785535900000000126e-06
5.785536199999999944e-06
5.868872600000000388e-06
5.868872900000000206e-06
5.870492999999999970e-06
5.870495300000000267e-06
5.903686599999999578e-06
5.903687299999999999e-06
5.979035600000000235e-06
5.979038300000000288e-06
6.008913700000000331e-06
6.008913700000000331e-06
6.082761799999999940e-06
6.082761999999999818e-06
6.093254999999999990e-06
6.093255599999999626e-06
6.146320100000000411e-06
6.146320899999999925e-06
6.250131599999999951e-06
6.250131899999999769e-06
6.285522000000000397e-06
6.285522400000000154e-06
6.288300699999999999e-06
6.288302499999999752e-06
6.411661199999999815e-06
6.411661600000000419e-06
6.505970600000000129e-06
6.505971600000000368e-06
6.574047599999999951e-06
6.574047699999999891e-06
6.752074700000000245e-06
6.752075199999999941e-06
6.770313499999999634e-06
6.770313600000000420e-06
6.975905199999999795e-06
6.975905900000000217e-06
7.010798899999999681e-06
7.010799200000000345e-06
7.059288800000000356e-06
7.059290500000000170e-06
7.097595499999999798e-06
7.097595499999999798e-06
7.177242899999999844e-06
7.177247499999999590e-06
7.179870900000000389e-06
7.179871100000000267e-06
7.209430899999999815e-06
7.209431500000000297e-06
7.233136100000000341e-06
7.233137299999999612e-06
7.571969600000000356e-06
7.571970299999999930e-06
7.603608099999999663e-06
7.603608600000000206e-06
7.728823200000000740e-06
7.728825199999999525e-06
7.756938400000000603e-06
7.756938900000000299e-06
7.768236699999999309e-06
7.768236899999999187e-06
7.956116500000000078e-06
7.956117199999999652e-06
8.027043400000000281e-06
8.027044599999999552e-06
8.129701300000000334e-06
8.129701300000000334e-06
8.394908399999999850e-06
8.394909700000000754e-06
8.577876700000000251e-06
8.577876800000000190e-06
8.666620600000000355e-06
8.666620900000000173e-06
8.704747899999999545e-06
8.704748099999999424e-06
8.733412299999999406e-06
8.733412499999999284e-06
8.949864100000000280e-06
8.949865299999999551e-06
9.010238099999999441e-06
9.010239200000000467e-06
9.117798100000000492e-06
9.117798600000000188e-06
9.154491700000000150e-06
9.154493299999999178e-06
9.563739800000000817e-06
9.563740400000000452e-06
9.820506999999999384e-06
9.820507800000000592e-06
9.963063599999999624e-06
9.963063899999999442e-06
1.016018699999999915e-05
1.016018800000000024e-05
1.017371400000000049e-05
1.017371499999999988e-05
1.020908999999999952e-05
1.020908999999999952e-05
1.023558600000000077e-05
1.023558700000000016e-05
1.030945699999999917e-05
1.030945800000000025e-05
1.032604099999999955e-05
1.032604300000000003e-05
1.042635399999999982e-05
1.042635399999999982e-05
1.046673100000000074e-05
1.046673299999999952e-05
1.052153400000000049e-05
1.052153499999999988e-05
1.052513000000000065e-05
1.052513199999999944e-05
1.058416099999999937e-05
1.058416299999999985e-05
1.059955600000000061e-05
1.059955999999999987e-05
1.066653999999999969e-05
1.066654100000000078e-05
1.067865899999999943e-05
1.067866000000000052e-05
1.083234600000000045e-05
1.083234600000000045e-05
1.104746799999999965e-05
1.104747000000000013e-05
1.106661000000000076e-05
1.106661100000000015e-05
1.109720799999999961e-05
1.109720799999999961e-05
1.115484200000000022e-05
1.115484200000000022e-05
1.129740700000000044e-05
1.129740700000000044e-05
1.129751300000000040e-05
1.129751300000000040e-05
1.131467099999999926e-05
1.131467099999999926e-05
1.137064000000000029e-05
1.137064099999999968e-05
1.142621299999999969e-05
1.142621500000000017e-05
1.145998799999999921e-05
1.145998900000000030e-05
1.164540000000000034e-05
1.164540000000000034e-05
1.165322800000000043e-05
1.165322899999999983e-05
1.166026299999999960e-05
1.166026400000000068e-05
1.169907699999999993e-05
1.169907799999999933e-05
1.174981700000000040e-05
1.174981799999999979e-05
1.177211700000000017e-05
1.177211700000000017e-05
1.185287900000000053e-05
1.185287900000000053e-05
1.185647300000000021e-05
1.185647399999999960e-05
1.187031400000000048e-05
1.187031599999999926e-05
1.196560599999999916e-05
1.196560700000000024e-05
1.198354300000000067e-05
1.198354499999999946e-05
1.206496400000000038e-05
1.206496499999999977e-05
1.206932199999999998e-05
1.206932299999999937e-05
1.216968200000000049e-05
1.216968500000000036e-05
1.219924700000000026e-05
1.219924700000000026e-05
1.223873799999999917e-05
1.223873900000000026e-05
1.226010700000000056e-05
1.226010799999999995e-05
1.229918600000000080e-05
1.229918600000000080e-05
1.250955900000000082e-05
1.250956000000000022e-05
1.253294400000000026e-05
1.253294400000000026e-05
1.272679300000000072e-05
1.272679400000000011e-05
1.282857900000000035e-05
1.282857900000000035e-05
1.290737900000000035e-05
1.290737900000000035e-05
1.302727499999999971e-05
1.302727499999999971e-05
1.309144300000000069e-05
1.309144400000000008e-05
1.310403900000000025e-05
1.310403999999999965e-05
1.314935100000000081e-05
1.314935100000000081e-05
1.315710099999999917e-05
1.315710200000000026e-05
1.316009999999999958e-05
1.316010200000000006e-05
1.322747100000000067e-05
1.322747100000000067e-05
1.324095399999999994e-05
1.324095399999999994e-05
1.327024700000000068e-05
1.327024800000000007e-05
1.332719700000000019e-05
1.332719799999999959e-05
1.333081399999999945e-05
1.333081399999999945e-05
1.338934699999999925e-05
1.338934699999999925e-05
1.356203600000000006e-05
1.356203600000000006e-05
1.364537100000000051e-05
1.364537199999999990e-05
1.376865699999999986e-05
1.376865699999999986e-05
1.382762400000000021e-05
1.382762499999999960e-05
1.384569599999999931e-05
1.384569599999999931e-05
1.386866199999999925e-05
1.386866399999999973e-05
1.396797600000000011e-05
1.396797600000000011e-05
1.412061000000000066e-05
1.412061000000000066e-05
1.443762800000000041e-05
1.443762800000000041e-05
1.449952399999999965e-05
1.449952399999999965e-05
1.462144899999999934e-05
1.462144899999999934e-05
1.469653400000000033e-05
1.469653499999999972e-05
1.471279200000000061e-05
1.471279200000000061e-05
1.472000200000000015e-05
1.472000200000000015e-05
1.475455199999999968e-05
1.475455300000000076e-05
1.475850499999999974e-05
1.475850499999999974e-05
1.486830400000000055e-05
1.486830799999999981e-05
7.362807900000000328e-05
7.362809399999999756e-05
1.460814600000000046e-04
1.460814600000000046e-04
1.542608299999999940e-04
1.542608299999999940e-04
1.603491199999999871e-04
1.603491300000000014e-04
2.056126699999999885e-04
2.056126800000000027e-04
2.252902199999999946e-04
2.252902199999999946e-04
2.338390600000000129e-04
2.338390600000000129e-04
2.779053999999999769e-04
2.779054200000000054e-04
2.779122400000000217e-04
2.779122599999999960e-04
2.779131900000000204e-04
2.779131999999999805e-04
2.779134999999999744e-04
2.779134999999999744e-04
2.988199699999999999e-04
2.988199699999999999e-04
2.992596500000000207e-04
2.992596500000000207e-04
2.996859600000000142e-04
2.996859600000000142e-04
3.253047000000000230e-04
3.253047300000000116e-04
3.598829299999999781e-04
3.598829299999999781e-04
3.894785300000000103e-04
3.894785300000000103e-04
3.894785300000000103e-04
3.894785400000000245e-04
3.894785400000000245e-04
3.894785400000000245e-04
3.894785400000000245e-04
3.894785400000000245e-04
3.894785400000000245e-04
3.894785400000000245e-04
3.894785400000000245e-04
3.894785400000000245e-04
3.894785400000000245e-04
3.894785400000000245e-04
3.894785400000000245e-04
3.894785400000000245e-04
3.894785400000000245e-04
3.894785400000000245e-04
3.894785400000000245e-04
3.894785400000000245e-04
3.894785400000000245e-04
3.894785400000000245e-04
3.894785400000000245e-04
3.894785400000000245e-04
3.894785400000000245e-04
3.894785400000000245e-04
3.894785499999999846e-04
3.894785499999999846e-04
3.894785499999999846e-04
3.907232100000000209e-04
3.907232100000000209e-04
3.908156099999999795e-04
3.908156400000000223e-04
3.916371900000000178e-04
3.916372300000000206e-04
3.931073000000000098e-04
3.931073199999999841e-04
3.935943200000000084e-04
3.935943399999999827e-04
3.958392500000000201e-04
3.958392599999999801e-04
3.965875800000000164e-04
3.965876100000000049e-04
3.987992600000000195e-04
3.987992699999999796e-04
4.008072800000000058e-04
4.008073399999999829e-04
4.035637499999999967e-04
4.035637700000000252e-04
4.039117699999999751e-04
4.039118000000000179e-04
4.045353300000000115e-04
4.045353400000000258e-04
4.052071899999999845e-04
4.052071899999999845e-04
4.069170400000000237e-04
4.069171199999999751e-04
4.069254899999999778e-04
4.069255100000000063e-04
4.080907200000000006e-04
4.080907600000000033e-04
4.081283699999999916e-04
4.081283999999999802e-04
4.090145899999999982e-04
4.090146000000000124e-04
4.090146000000000124e-04
4.090146000000000124e-04
4.090146000000000124e-04
4.090146000000000124e-04
4.090146000000000124e-04
4.090146000000000124e-04
4.092122899999999777e-04
4.092123200000000204e-04
4.107582599999999909e-04
4.107582599999999909e-04
4.116967799999999970e-04
4.116968300000000140e-04
4.123173799999999890e-04
4.123173799999999890e-04
4.140767900000000257e-04
4.140767999999999858e-04
4.151064000000000208e-04
4.151064000000000208e-04
4.152219699999999875e-04
4.152219800000000018e-04
4.167608899999999819e-04
4.167609200000000247e-04
4.201030599999999900e-04
4.201031100000000070e-04
4.201511399999999924e-04
4.201512099999999837e-04
4.208060700000000143e-04
4.208060799999999743e-04
4.244016800000000251e-04
4.244016800000000251e-04
4.252785000000000246e-04
4.252785000000000246e-04
4.255990399999999780e-04
4.255990499999999922e-04
4.271175600000000089e-04
4.271175799999999832e-04
4.278991100000000252e-04
4.278991299999999995e-04
4.279647500000000092e-04
4.279647699999999835e-04
4.288526699999999992e-04
4.288526899999999735e-04
4.290208499999999736e-04
4.290209600000000219e-04
4.310780100000000093e-04
4.310780500000000121e-04
4.345701699999999796e-04
4.345701699999999796e-04
4.347545900000000059e-04
4.347546800000000257e-04
4.366609500000000091e-04
4.366609500000000091e-04
4.379420700000000210e-04
4.379420700000000210e-04
4.393043000000000013e-04
4.393043400000000041e-04
4.398388300000000031e-04
4.398388800000000202e-04
4.414720500000000078e-04
4.414720600000000220e-04
4.423269600000000060e-04
4.423269600000000060e-04
4.430370800000000262e-04
4.430371299999999891e-04
4.446135999999999947e-04
4.446136200000000232e-04
4.456203000000000269e-04
4.456203700000000182e-04
4.473190900000000242e-04
4.473190900000000242e-04
4.473190900000000242e-04
4.473190900000000242e-04
4.473190900000000242e-04
4.473190900000000242e-04
4.473190900000000242e-04
4.473190900000000242e-04
4.473190900000000242e-04
4.473190900000000242e-04
4.473190900000000242e-04
4.473190900000000242e-04
4.473190900000000242e-04
4.473190900000000242e-04
4.473190900000000242e-04
4.473190900000000242e-04
4.473190900000000242e-04
4.473190999999999843e-04
4.473190999999999843e-04
4.473190999999999843e-04
4.473190999999999843e-04
4.473190999999999843e-04
4.473190999999999843e-04
4.473190999999999843e-04
4.473190999999999843e-04
4.473190999999999843e-04
4.473190999999999843e-04
4.473190999999999843e-04
4.473190999999999843e-04
4.473190999999999843e-04
4.473190999999999843e-04
4.473190999999999843e-04
4.473190999999999843e-04
4.473190999999999843e-04
4.473190999999999843e-04
4.473190999999999843e-04
4.473190999999999843e-04
4.473190999999999843e-04
4.473190999999999843e-04
4.473190999999999843e-04
4.473190999999999843e-04
4.473190999999999843e-04
4.473190999999999843e-04
4.473190999999999843e-04
4.473190999999999843e-04
4.473191099999999985e-04
4.473191099999999985e-04
4.473191099999999985e-04
4.473191099999999985e-04
4.473191099999999985e-04
4.473191099999999985e-04
4.490805399999999868e-04
4.490805399999999868e-04
4.811288500000000107e-04
4.811288500000000107e-04
4.811288600000000249e-04
4.811288600000000249e-04
4.811288600000000249e-04
4.811288600000000249e-04
4.811288600000000249e-04
4.811288600000000249e-04
4.811288600000000249e-04
4.811288600000000249e-04
4.811288600000000249e-04
4.811288600000000249e-04
4.811288600000000249e-04
4.811288600000000249e-04
4.811288600000000249e-04
4.811288600000000249e-04
4.811288600000000249e-04
4.811288600000000249e-04
4.811288600000000249e-04
4.811288600000000249e-04
4.811288600000000249e-04
4.811288600000000249e-04
4.811288600000000249e-04
4.811288600000000249e-04
4.811288600000000249e-04
4.811288600000000249e-04
4.811288600000000249e-04
4.811288600000000249e-04
4.811288600000000249e-04
4.811288600000000249e-04
4.811288600000000249e-04
