# t	msd	err
9.999999999996516124e-10 7.447355783337747392e-02 3.723677570578366736e-02
2.499999999999976064e-09 7.438962782270748531e-02 2.630070767917204802e-02
6.000000000000450774e-09 3.405289168818373957e-01 1.649460788325215477e-01
1.005000000000001389e-08 7.421575959980650228e-02 8.297581547758597215e-03
2.229411764705887952e-08 1.429913280020860822e-01 3.084844478594599149e-02
4.005128205128199811e-08 7.426322831167239680e-02 5.945827363664038002e-03
7.354966887417210147e-08 7.855575892961193241e-02 4.939430202717996765e-03
1.258095238095242668e-07 8.495500713605463883e-02 5.340997259394563226e-03
2.212882483370287078e-07 1.119048187166310632e-01 6.388015352158264715e-03
3.938854314002834564e-07 1.248110203304669263e-01 6.243576773372903725e-03
6.969594034797025714e-07 1.155795172636015361e-01 4.391784076500892565e-03
1.229733091239217487e-06 1.057445249858834091e-01 2.783994529733934808e-03
2.138778076983994628e-06 1.267198202856682498e-01 2.717634891442237757e-03
3.779424783861679824e-06 1.291532430698622835e-01 2.535858395178834743e-03
6.377795474137970280e-06 2.134289488668136003e-01 3.619705002706519441e-03
1.118586578947368053e-05 4.255978835391452386e-01 9.613730986027890432e-03
2.035752161383322023e-05 3.916733329802657981e-01 5.901423034644121164e-03
3.638304867634499864e-05 4.305015670990703924e-01 5.672987457646913416e-03
5.729102598064203977e-05 4.433847230465263189e-01 1.005839429811926367e-02
1.215635807127870221e-04 2.188600506729605488e+00 2.880154675328318661e-02
1.907996068796045540e-04 1.661049136440470253e+00 1.974916057192436722e-02
3.982688011764209035e-04 2.547500927550409244e+00 2.944667752137323548e-03
