# Barrier Energy Step Time
0.000000000000000000e+00 -3.756999999999999886e+02 0.000000000000000000e+00 0.000000000000000000e+00
2.300000000000000100e-01 -3.770299999999999727e+02 5.000000000000000000e-01 4.618000000000000114e-13
0.000000000000000000e+00 -3.772610000000000241e+02 1.000000000000000000e+00 4.618000000000000114e-13
1.479000000000000092e+00 -3.749340000000000259e+02 1.500000000000000000e+00 1.895999999999999931e-06
0.000000000000000000e+00 -3.764130000000000109e+02 2.000000000000000000e+00 1.895999999999999931e-06
6.310000000000000053e-01 -3.766299999999999955e+02 2.500000000000000000e+00 1.895999999999999931e-06
0.000000000000000000e+00 -3.772610000000000241e+02 3.000000000000000000e+00 1.895999999999999931e-06
1.485000000000000098e+00 -3.750880000000000223e+02 3.500000000000000000e+00 1.912000000000000074e-06
0.000000000000000000e+00 -3.765729999999999791e+02 4.000000000000000000e+00 1.912000000000000074e-06
7.960000000000000409e-01 -3.764649999999999750e+02 4.500000000000000000e+00 1.914999999999999876e-06
0.000000000000000000e+00 -3.772610000000000241e+02 5.000000000000000000e+00 1.914999999999999876e-06
1.479000000000000092e+00 -3.749340000000000259e+02 5.500000000000000000e+00 5.424999999999999728e-06
0.000000000000000000e+00 -3.764130000000000109e+02 6.000000000000000000e+00 5.424999999999999728e-06
6.310000000000000053e-01 -3.766299999999999955e+02 6.500000000000000000e+00 5.424999999999999728e-06
0.000000000000000000e+00 -3.772610000000000241e+02 7.000000000000000000e+00 5.424999999999999728e-06
1.479000000000000092e+00 -3.749340000000000259e+02 7.500000000000000000e+00 5.487000000000000151e-06
0.000000000000000000e+00 -3.764130000000000109e+02 8.000000000000000000e+00 5.487000000000000151e-06
6.209999999999999964e-01 -3.757139999999999986e+02 8.500000000000000000e+00 5.487000000000000151e-06
0.000000000000000000e+00 -3.763349999999999795e+02 9.000000000000000000e+00 5.487000000000000151e-06
1.630000000000000060e-01 -3.771610000000000014e+02 9.500000000000000000e+00 5.487000000000000151e-06
0.000000000000000000e+00 -3.773240000000000123e+02 1.000000000000000000e+01 5.487000000000000151e-06
1.151999999999999913e+00 -3.751829999999999927e+02 1.050000000000000000e+01 5.664000000000000320e-06
0.000000000000000000e+00 -3.763349999999999795e+02 1.100000000000000000e+01 5.664000000000000320e-06
1.630000000000000060e-01 -3.771610000000000014e+02 1.150000000000000000e+01 5.664000000000000320e-06
0.000000000000000000e+00 -3.773240000000000123e+02 1.200000000000000000e+01 5.664000000000000320e-06
1.151999999999999913e+00 -3.751829999999999927e+02 1.250000000000000000e+01 5.686999999999999930e-06
0.000000000000000000e+00 -3.763349999999999795e+02 1.300000000000000000e+01 5.686999999999999930e-06
1.630000000000000060e-01 -3.771610000000000014e+02 1.350000000000000000e+01 5.686999999999999930e-06
0.000000000000000000e+00 -3.773240000000000123e+02 1.400000000000000000e+01 5.686999999999999930e-06
1.151999999999999913e+00 -3.751829999999999927e+02 1.450000000000000000e+01 5.693000000000000381e-06
0.000000000000000000e+00 -3.763349999999999795e+02 1.500000000000000000e+01 5.693000000000000381e-06
1.630000000000000060e-01 -3.771610000000000014e+02 1.550000000000000000e+01 5.693000000000000381e-06
0.000000000000000000e+00 -3.773240000000000123e+02 1.600000000000000000e+01 5.693000000000000381e-06
1.151999999999999913e+00 -3.751829999999999927e+02 1.650000000000000000e+01 5.786000000000000168e-06
0.000000000000000000e+00 -3.763349999999999795e+02 1.700000000000000000e+01 5.786000000000000168e-06
1.630000000000000060e-01 -3.771610000000000014e+02 1.750000000000000000e+01 5.786000000000000168e-06
0.000000000000000000e+00 -3.773240000000000123e+02 1.800000000000000000e+01 5.786000000000000168e-06
1.151999999999999913e+00 -3.751829999999999927e+02 1.850000000000000000e+01 5.869000000000000051e-06
0.000000000000000000e+00 -3.763349999999999795e+02 1.900000000000000000e+01 5.869000000000000051e-06
1.630000000000000060e-01 -3.771610000000000014e+02 1.950000000000000000e+01 5.869000000000000051e-06
0.000000000000000000e+00 -3.773240000000000123e+02 2.000000000000000000e+01 5.869000000000000051e-06
1.151999999999999913e+00 -3.751829999999999927e+02 2.050000000000000000e+01 5.869999999999999703e-06
0.000000000000000000e+00 -3.763349999999999795e+02 2.100000000000000000e+01 5.869999999999999703e-06
1.630000000000000060e-01 -3.771610000000000014e+02 2.150000000000000000e+01 5.869999999999999703e-06
0.000000000000000000e+00 -3.773240000000000123e+02 2.200000000000000000e+01 5.869999999999999703e-06
1.151999999999999913e+00 -3.751829999999999927e+02 2.250000000000000000e+01 5.903999999999999716e-06
0.000000000000000000e+00 -3.763349999999999795e+02 2.300000000000000000e+01 5.903999999999999716e-06
1.630000000000000060e-01 -3.771610000000000014e+02 2.350000000000000000e+01 5.903999999999999716e-06
0.000000000000000000e+00 -3.773240000000000123e+02 2.400000000000000000e+01 5.903999999999999716e-06
1.151999999999999913e+00 -3.751829999999999927e+02 2.450000000000000000e+01 5.978999999999999845e-06
0.000000000000000000e+00 -3.763349999999999795e+02 2.500000000000000000e+01 5.978999999999999845e-06
1.630000000000000060e-01 -3.771610000000000014e+02 2.550000000000000000e+01 5.978999999999999845e-06
0.000000000000000000e+00 -3.773240000000000123e+02 2.600000000000000000e+01 5.978999999999999845e-06
1.151999999999999913e+00 -3.751829999999999927e+02 2.650000000000000000e+01 6.009000000000000405e-06
0.000000000000000000e+00 -3.763349999999999795e+02 2.700000000000000000e+01 6.009000000000000405e-06
1.630000000000000060e-01 -3.771610000000000014e+02 2.750000000000000000e+01 6.009000000000000405e-06
0.000000000000000000e+00 -3.773240000000000123e+02 2.800000000000000000e+01 6.009000000000000405e-06
1.151999999999999913e+00 -3.751829999999999927e+02 2.850000000000000000e+01 6.083000000000000035e-06
0.000000000000000000e+00 -3.763349999999999795e+02 2.900000000000000000e+01 6.083000000000000035e-06
1.630000000000000060e-01 -3.771610000000000014e+02 2.950000000000000000e+01 6.083000000000000035e-06
0.000000000000000000e+00 -3.773240000000000123e+02 3.000000000000000000e+01 6.083000000000000035e-06
1.151999999999999913e+00 -3.751829999999999927e+02 3.050000000000000000e+01 6.092999999999999939e-06
0.000000000000000000e+00 -3.763349999999999795e+02 3.100000000000000000e+01 6.092999999999999939e-06
1.630000000000000060e-01 -3.771610000000000014e+02 3.150000000000000000e+01 6.092999999999999939e-06
0.000000000000000000e+00 -3.773240000000000123e+02 3.200000000000000000e+01 6.092999999999999939e-06
1.151999999999999913e+00 -3.751829999999999927e+02 3.250000000000000000e+01 6.146000000000000109e-06
0.000000000000000000e+00 -3.763349999999999795e+02 3.300000000000000000e+01 6.146000000000000109e-06
1.630000000000000060e-01 -3.771610000000000014e+02 3.350000000000000000e+01 6.146000000000000109e-06
0.000000000000000000e+00 -3.773240000000000123e+02 3.400000000000000000e+01 6.146000000000000109e-06
1.151999999999999913e+00 -3.751829999999999927e+02 3.450000000000000000e+01 6.250000000000000300e-06
0.000000000000000000e+00 -3.763349999999999795e+02 3.500000000000000000e+01 6.250000000000000300e-06
1.630000000000000060e-01 -3.771610000000000014e+02 3.550000000000000000e+01 6.250000000000000300e-06
0.000000000000000000e+00 -3.773240000000000123e+02 3.600000000000000000e+01 6.250000000000000300e-06
1.151999999999999913e+00 -3.751829999999999927e+02 3.650000000000000000e+01 6.285999999999999616e-06
0.000000000000000000e+00 -3.763349999999999795e+02 3.700000000000000000e+01 6.285999999999999616e-06
1.630000000000000060e-01 -3.771610000000000014e+02 3.750000000000000000e+01 6.285999999999999616e-06
0.000000000000000000e+00 -3.773240000000000123e+02 3.800000000000000000e+01 6.285999999999999616e-06
1.151999999999999913e+00 -3.751829999999999927e+02 3.850000000000000000e+01 6.287999999999999766e-06
0.000000000000000000e+00 -3.763349999999999795e+02 3.900000000000000000e+01 6.287999999999999766e-06
1.630000000000000060e-01 -3.771610000000000014e+02 3.950000000000000000e+01 6.287999999999999766e-06
0.000000000000000000e+00 -3.773240000000000123e+02 4.000000000000000000e+01 6.287999999999999766e-06
1.151999999999999913e+00 -3.751829999999999927e+02 4.050000000000000000e+01 6.411999999999999765e-06
0.000000000000000000e+00 -3.763349999999999795e+02 4.100000000000000000e+01 6.411999999999999765e-06
1.630000000000000060e-01 -3.771610000000000014e+02 4.150000000000000000e+01 6.411999999999999765e-06
0.000000000000000000e+00 -3.773240000000000123e+02 4.200000000000000000e+01 6.411999999999999765e-06
1.151999999999999913e+00 -3.751829999999999927e+02 4.250000000000000000e+01 6.506000000000000051e-06
0.000000000000000000e+00 -3.763349999999999795e+02 4.300000000000000000e+01 6.506000000000000051e-06
1.630000000000000060e-01 -3.771610000000000014e+02 4.350000000000000000e+01 6.506000000000000051e-06
0.000000000000000000e+00 -3.773240000000000123e+02 4.400000000000000000e+01 6.506000000000000051e-06
1.151999999999999913e+00 -3.751829999999999927e+02 4.450000000000000000e+01 6.574000000000000077e-06
0.000000000000000000e+00 -3.763349999999999795e+02 4.500000000000000000e+01 6.574000000000000077e-06
1.630000000000000060e-01 -3.771610000000000014e+02 4.550000000000000000e+01 6.574000000000000077e-06
0.000000000000000000e+00 -3.773240000000000123e+02 4.600000000000000000e+01 6.574000000000000077e-06
1.151999999999999913e+00 -3.751829999999999927e+02 4.650000000000000000e+01 6.751999999999999898e-06
0.000000000000000000e+00 -3.763349999999999795e+02 4.700000000000000000e+01 6.751999999999999898e-06
1.630000000000000060e-01 -3.771610000000000014e+02 4.750000000000000000e+01 6.751999999999999898e-06
0.000000000000000000e+00 -3.773240000000000123e+02 4.800000000000000000e+01 6.751999999999999898e-06
1.151999999999999913e+00 -3.751829999999999927e+02 4.850000000000000000e+01 6.770000000000000403e-06
0.000000000000000000e+00 -3.763349999999999795e+02 4.900000000000000000e+01 6.770000000000000403e-06
1.630000000000000060e-01 -3.771610000000000014e+02 4.950000000000000000e+01 6.770000000000000403e-06
0.000000000000000000e+00 -3.773240000000000123e+02 5.000000000000000000e+01 6.770000000000000403e-06
1.151999999999999913e+00 -3.751829999999999927e+02 5.050000000000000000e+01 6.975999999999999786e-06
0.000000000000000000e+00 -3.763349999999999795e+02 5.100000000000000000e+01 6.975999999999999786e-06
1.630000000000000060e-01 -3.771610000000000014e+02 5.150000000000000000e+01 6.975999999999999786e-06
0.000000000000000000e+00 -3.773240000000000123e+02 5.200000000000000000e+01 6.975999999999999786e-06
1.151999999999999913e+00 -3.751829999999999927e+02 5.250000000000000000e+01 7.011000000000000298e-06
0.000000000000000000e+00 -3.763349999999999795e+02 5.300000000000000000e+01 7.011000000000000298e-06
1.630000000000000060e-01 -3.771610000000000014e+02 5.350000000000000000e+01 7.011000000000000298e-06
0.000000000000000000e+00 -3.773240000000000123e+02 5.400000000000000000e+01 7.011000000000000298e-06
1.151999999999999913e+00 -3.751829999999999927e+02 5.450000000000000000e+01 7.058999999999999669e-06
0.000000000000000000e+00 -3.763349999999999795e+02 5.500000000000000000e+01 7.058999999999999669e-06
1.630000000000000060e-01 -3.771610000000000014e+02 5.550000000000000000e+01 7.058999999999999669e-06
0.000000000000000000e+00 -3.773240000000000123e+02 5.600000000000000000e+01 7.058999999999999669e-06
1.151999999999999913e+00 -3.751829999999999927e+02 5.650000000000000000e+01 7.097999999999999634e-06
0.000000000000000000e+00 -3.763349999999999795e+02 5.700000000000000000e+01 7.097999999999999634e-06
1.630000000000000060e-01 -3.771610000000000014e+02 5.750000000000000000e+01 7.097999999999999634e-06
0.000000000000000000e+00 -3.773240000000000123e+02 5.800000000000000000e+01 7.097999999999999634e-06
1.151999999999999913e+00 -3.751829999999999927e+02 5.850000000000000000e+01 7.177000000000000064e-06
0.000000000000000000e+00 -3.763349999999999795e+02 5.900000000000000000e+01 7.177000000000000064e-06
1.630000000000000060e-01 -3.771610000000000014e+02 5.950000000000000000e+01 7.177000000000000064e-06
0.000000000000000000e+00 -3.773240000000000123e+02 6.000000000000000000e+01 7.177000000000000064e-06
1.151999999999999913e+00 -3.751829999999999927e+02 6.050000000000000000e+01 7.179999999999999866e-06
0.000000000000000000e+00 -3.763349999999999795e+02 6.100000000000000000e+01 7.179999999999999866e-06
1.630000000000000060e-01 -3.771610000000000014e+02 6.150000000000000000e+01 7.179999999999999866e-06
0.000000000000000000e+00 -3.773240000000000123e+02 6.200000000000000000e+01 7.179999999999999866e-06
1.151999999999999913e+00 -3.751829999999999927e+02 6.250000000000000000e+01 7.208999999999999927e-06
0.000000000000000000e+00 -3.763349999999999795e+02 6.300000000000000000e+01 7.208999999999999927e-06
1.630000000000000060e-01 -3.771610000000000014e+02 6.350000000000000000e+01 7.208999999999999927e-06
0.000000000000000000e+00 -3.773240000000000123e+02 6.400000000000000000e+01 7.208999999999999927e-06
1.151999999999999913e+00 -3.751829999999999927e+02 6.450000000000000000e+01 7.233000000000000036e-06
0.000000000000000000e+00 -3.763349999999999795e+02 6.500000000000000000e+01 7.233000000000000036e-06
1.630000000000000060e-01 -3.771610000000000014e+02 6.550000000000000000e+01 7.233000000000000036e-06
0.000000000000000000e+00 -3.773240000000000123e+02 6.600000000000000000e+01 7.233000000000000036e-06
1.151999999999999913e+00 -3.751829999999999927e+02 6.650000000000000000e+01 7.571999999999999670e-06
0.000000000000000000e+00 -3.763349999999999795e+02 6.700000000000000000e+01 7.571999999999999670e-06
1.630000000000000060e-01 -3.771610000000000014e+02 6.750000000000000000e+01 7.571999999999999670e-06
0.000000000000000000e+00 -3.773240000000000123e+02 6.800000000000000000e+01 7.571999999999999670e-06
1.151999999999999913e+00 -3.751829999999999927e+02 6.850000000000000000e+01 7.604000000000000380e-06
0.000000000000000000e+00 -3.763349999999999795e+02 6.900000000000000000e+01 7.604000000000000380e-06
1.630000000000000060e-01 -3.771610000000000014e+02 6.950000000000000000e+01 7.604000000000000380e-06
0.000000000000000000e+00 -3.773240000000000123e+02 7.000000000000000000e+01 7.604000000000000380e-06
1.151999999999999913e+00 -3.751829999999999927e+02 7.050000000000000000e+01 7.729000000000000030e-06
0.000000000000000000e+00 -3.763349999999999795e+02 7.100000000000000000e+01 7.729000000000000030e-06
1.630000000000000060e-01 -3.771610000000000014e+02 7.150000000000000000e+01 7.729000000000000030e-06
0.000000000000000000e+00 -3.773240000000000123e+02 7.200000000000000000e+01 7.729000000000000030e-06
1.151999999999999913e+00 -3.751829999999999927e+02 7.250000000000000000e+01 7.757000000000000440e-06
0.000000000000000000e+00 -3.763349999999999795e+02 7.300000000000000000e+01 7.757000000000000440e-06
1.630000000000000060e-01 -3.771610000000000014e+02 7.350000000000000000e+01 7.757000000000000440e-06
0.000000000000000000e+00 -3.773240000000000123e+02 7.400000000000000000e+01 7.757000000000000440e-06
1.151999999999999913e+00 -3.751829999999999927e+02 7.450000000000000000e+01 7.768000000000000843e-06
0.000000000000000000e+00 -3.763349999999999795e+02 7.500000000000000000e+01 7.768000000000000843e-06
1.630000000000000060e-01 -3.771610000000000014e+02 7.550000000000000000e+01 7.768000000000000843e-06
0.000000000000000000e+00 -3.773240000000000123e+02 7.600000000000000000e+01 7.768000000000000843e-06
1.151999999999999913e+00 -3.751829999999999927e+02 7.650000000000000000e+01 7.955999999999999720e-06
0.000000000000000000e+00 -3.763349999999999795e+02 7.700000000000000000e+01 7.955999999999999720e-06
1.630000000000000060e-01 -3.771610000000000014e+02 7.750000000000000000e+01 7.955999999999999720e-06
0.000000000000000000e+00 -3.773240000000000123e+02 7.800000000000000000e+01 7.955999999999999720e-06
1.151999999999999913e+00 -3.751829999999999927e+02 7.850000000000000000e+01 8.026999999999999549e-06
0.000000000000000000e+00 -3.763349999999999795e+02 7.900000000000000000e+01 8.026999999999999549e-06
1.630000000000000060e-01 -3.771610000000000014e+02 7.950000000000000000e+01 8.026999999999999549e-06
0.000000000000000000e+00 -3.773240000000000123e+02 8.000000000000000000e+01 8.026999999999999549e-06
1.151999999999999913e+00 -3.751829999999999927e+02 8.050000000000000000e+01 8.130000000000000087e-06
0.000000000000000000e+00 -3.763349999999999795e+02 8.100000000000000000e+01 8.130000000000000087e-06
1.630000000000000060e-01 -3.771610000000000014e+02 8.150000000000000000e+01 8.130000000000000087e-06
0.000000000000000000e+00 -3.773240000000000123e+02 8.200000000000000000e+01 8.130000000000000087e-06
1.151999999999999913e+00 -3.751829999999999927e+02 8.250000000000000000e+01 8.395000000000000091e-06
0.000000000000000000e+00 -3.763349999999999795e+02 8.300000000000000000e+01 8.395000000000000091e-06
1.630000000000000060e-01 -3.771610000000000014e+02 8.350000000000000000e+01 8.395000000000000091e-06
0.000000000000000000e+00 -3.773240000000000123e+02 8.400000000000000000e+01 8.395000000000000091e-06
1.151999999999999913e+00 -3.751829999999999927e+02 8.450000000000000000e+01 8.577999999999999864e-06
0.000000000000000000e+00 -3.763349999999999795e+02 8.500000000000000000e+01 8.577999999999999864e-06
1.630000000000000060e-01 -3.771610000000000014e+02 8.550000000000000000e+01 8.577999999999999864e-06
0.000000000000000000e+00 -3.773240000000000123e+02 8.600000000000000000e+01 8.577999999999999864e-06
1.151999999999999913e+00 -3.751829999999999927e+02 8.650000000000000000e+01 8.667000000000000198e-06
0.000000000000000000e+00 -3.763349999999999795e+02 8.700000000000000000e+01 8.667000000000000198e-06
1.630000000000000060e-01 -3.771610000000000014e+02 8.750000000000000000e+01 8.667000000000000198e-06
0.000000000000000000e+00 -3.773240000000000123e+02 8.800000000000000000e+01 8.667000000000000198e-06
1.151999999999999913e+00 -3.751829999999999927e+02 8.850000000000000000e+01 8.705000000000000511e-06
0.000000000000000000e+00 -3.763349999999999795e+02 8.900000000000000000e+01 8.705000000000000511e-06
1.630000000000000060e-01 -3.771610000000000014e+02 8.950000000000000000e+01 8.705000000000000511e-06
0.000000000000000000e+00 -3.773240000000000123e+02 9.000000000000000000e+01 8.705000000000000511e-06
1.151999999999999913e+00 -3.751829999999999927e+02 9.050000000000000000e+01 8.732999999999999227e-06
0.000000000000000000e+00 -3.763349999999999795e+02 9.100000000000000000e+01 8.732999999999999227e-06
1.630000000000000060e-01 -3.771610000000000014e+02 9.150000000000000000e+01 8.732999999999999227e-06
0.000000000000000000e+00 -3.773240000000000123e+02 9.200000000000000000e+01 8.732999999999999227e-06
1.151999999999999913e+00 -3.751829999999999927e+02 9.250000000000000000e+01 8.950000000000000707e-06
0.000000000000000000e+00 -3.763349999999999795e+02 9.300000000000000000e+01 8.950000000000000707e-06
1.630000000000000060e-01 -3.771610000000000014e+02 9.350000000000000000e+01 8.950000000000000707e-06
0.000000000000000000e+00 -3.773240000000000123e+02 9.400000000000000000e+01 8.950000000000000707e-06
1.151999999999999913e+00 -3.751829999999999927e+02 9.450000000000000000e+01 9.010000000000000132e-06
0.000000000000000000e+00 -3.763349999999999795e+02 9.500000000000000000e+01 9.010000000000000132e-06
1.630000000000000060e-01 -3.771610000000000014e+02 9.550000000000000000e+01 9.010000000000000132e-06
0.000000000000000000e+00 -3.773240000000000123e+02 9.600000000000000000e+01 9.010000000000000132e-06
1.151999999999999913e+00 -3.751829999999999927e+02 9.650000000000000000e+01 9.117999999999999776e-06
0.000000000000000000e+00 -3.763349999999999795e+02 9.700000000000000000e+01 9.117999999999999776e-06
1.630000000000000060e-01 -3.771610000000000014e+02 9.750000000000000000e+01 9.117999999999999776e-06
0.000000000000000000e+00 -3.773240000000000123e+02 9.800000000000000000e+01 9.117999999999999776e-06
1.151999999999999913e+00 -3.751829999999999927e+02 9.850000000000000000e+01 9.154000000000000786e-06
0.000000000000000000e+00 -3.763349999999999795e+02 9.900000000000000000e+01 9.154000000000000786e-06
1.630000000000000060e-01 -3.771610000000000014e+02 9.950000000000000000e+01 9.154000000000000786e-06
0.000000000000000000e+00 -3.773240000000000123e+02 1.000000000000000000e+02 9.154000000000000786e-06
1.151999999999999913e+00 -3.751829999999999927e+02 1.005000000000000000e+02 9.564000000000000249e-06
0.000000000000000000e+00 -3.763349999999999795e+02 1.010000000000000000e+02 9.564000000000000249e-06
1.630000000000000060e-01 -3.771610000000000014e+02 1.015000000000000000e+02 9.564000000000000249e-06
0.000000000000000000e+00 -3.773240000000000123e+02 1.020000000000000000e+02 9.564000000000000249e-06
1.151999999999999913e+00 -3.751829999999999927e+02 1.025000000000000000e+02 9.820999999999999652e-06
0.000000000000000000e+00 -3.763349999999999795e+02 1.030000000000000000e+02 9.820999999999999652e-06
1.630000000000000060e-01 -3.771610000000000014e+02 1.035000000000000000e+02 9.820999999999999652e-06
0.000000000000000000e+00 -3.773240000000000123e+02 1.040000000000000000e+02 9.820999999999999652e-06
1.151999999999999913e+00 -3.751829999999999927e+02 1.045000000000000000e+02 9.962999999999999309e-06
0.000000000000000000e+00 -3.763349999999999795e+02 1.050000000000000000e+02 9.962999999999999309e-06
1.630000000000000060e-01 -3.771610000000000014e+02 1.055000000000000000e+02 9.962999999999999309e-06
0.000000000000000000e+00 -3.773240000000000123e+02 1.060000000000000000e+02 9.962999999999999309e-06
1.151999999999999913e+00 -3.751829999999999927e+02 1.065000000000000000e+02 1.015999999999999929e-05
0.000000000000000000e+00 -3.763349999999999795e+02 1.070000000000000000e+02 1.015999999999999929e-05
1.630000000000000060e-01 -3.771610000000000014e+02 1.075000000000000000e+02 1.015999999999999929e-05
0.000000000000000000e+00 -3.773240000000000123e+02 1.080000000000000000e+02 1.015999999999999929e-05
1.151999999999999913e+00 -3.751829999999999927e+02 1.085000000000000000e+02 1.016999999999999919e-05
0.000000000000000000e+00 -3.763349999999999795e+02 1.090000000000000000e+02 1.016999999999999919e-05
1.630000000000000060e-01 -3.771610000000000014e+02 1.095000000000000000e+02 1.016999999999999919e-05
0.000000000000000000e+00 -3.773240000000000123e+02 1.100000000000000000e+02 1.016999999999999919e-05
1.151999999999999913e+00 -3.751829999999999927e+02 1.105000000000000000e+02 1.021000000000000050e-05
0.000000000000000000e+00 -3.763349999999999795e+02 1.110000000000000000e+02 1.021000000000000050e-05
1.630000000000000060e-01 -3.771610000000000014e+02 1.115000000000000000e+02 1.021000000000000050e-05
0.000000000000000000e+00 -3.773240000000000123e+02 1.120000000000000000e+02 1.021000000000000050e-05
1.151999999999999913e+00 -3.751829999999999927e+02 1.125000000000000000e+02 1.024000000000000021e-05
0.000000000000000000e+00 -3.763349999999999795e+02 1.130000000000000000e+02 1.024000000000000021e-05
1.630000000000000060e-01 -3.771610000000000014e+02 1.135000000000000000e+02 1.024000000000000021e-05
0.000000000000000000e+00 -3.773240000000000123e+02 1.140000000000000000e+02 1.024000000000000021e-05
1.151999999999999913e+00 -3.751829999999999927e+02 1.145000000000000000e+02 1.030999999999999954e-05
0.000000000000000000e+00 -3.763349999999999795e+02 1.150000000000000000e+02 1.030999999999999954e-05
1.630000000000000060e-01 -3.771610000000000014e+02 1.155000000000000000e+02 1.030999999999999954e-05
0.000000000000000000e+00 -3.773240000000000123e+02 1.160000000000000000e+02 1.030999999999999954e-05
1.151999999999999913e+00 -3.751829999999999927e+02 1.165000000000000000e+02 1.032999999999999935e-05
0.000000000000000000e+00 -3.763349999999999795e+02 1.170000000000000000e+02 1.032999999999999935e-05
1.630000000000000060e-01 -3.771610000000000014e+02 1.175000000000000000e+02 1.032999999999999935e-05
0.000000000000000000e+00 -3.773240000000000123e+02 1.180000000000000000e+02 1.032999999999999935e-05
1.151999999999999913e+00 -3.751829999999999927e+02 1.185000000000000000e+02 1.043000000000000009e-05
0.000000000000000000e+00 -3.763349999999999795e+02 1.190000000000000000e+02 1.043000000000000009e-05
1.630000000000000060e-01 -3.771610000000000014e+02 1.195000000000000000e+02 1.043000000000000009e-05
0.000000000000000000e+00 -3.773240000000000123e+02 1.200000000000000000e+02 1.043000000000000009e-05
1.151999999999999913e+00 -3.751829999999999927e+02 1.205000000000000000e+02 1.046999999999999971e-05
0.000000000000000000e+00 -3.763349999999999795e+02 1.210000000000000000e+02 1.046999999999999971e-05
1.630000000000000060e-01 -3.771610000000000014e+02 1.215000000000000000e+02 1.046999999999999971e-05
0.000000000000000000e+00 -3.773240000000000123e+02 1.220000000000000000e+02 1.046999999999999971e-05
1.151999999999999913e+00 -3.751829999999999927e+02 1.225000000000000000e+02 1.051999999999999923e-05
0.000000000000000000e+00 -3.763349999999999795e+02 1.230000000000000000e+02 1.051999999999999923e-05
1.630000000000000060e-01 -3.771610000000000014e+02 1.235000000000000000e+02 1.051999999999999923e-05
0.000000000000000000e+00 -3.773240000000000123e+02 1.240000000000000000e+02 1.051999999999999923e-05
1.151999999999999913e+00 -3.751829999999999927e+02 1.245000000000000000e+02 1.053000000000000083e-05
0.000000000000000000e+00 -3.763349999999999795e+02 1.250000000000000000e+02 1.053000000000000083e-05
1.630000000000000060e-01 -3.771610000000000014e+02 1.255000000000000000e+02 1.053000000000000083e-05
0.000000000000000000e+00 -3.773240000000000123e+02 1.260000000000000000e+02 1.053000000000000083e-05
1.151999999999999913e+00 -3.751829999999999927e+02 1.265000000000000000e+02 1.058000000000000035e-05
0.000000000000000000e+00 -3.763349999999999795e+02 1.270000000000000000e+02 1.058000000000000035e-05
1.630000000000000060e-01 -3.771610000000000014e+02 1.275000000000000000e+02 1.058000000000000035e-05
0.000000000000000000e+00 -3.773240000000000123e+02 1.280000000000000000e+02 1.058000000000000035e-05
1.151999999999999913e+00 -3.751829999999999927e+02 1.285000000000000000e+02 1.060000000000000016e-05
0.000000000000000000e+00 -3.763349999999999795e+02 1.290000000000000000e+02 1.060000000000000016e-05
1.630000000000000060e-01 -3.771610000000000014e+02 1.295000000000000000e+02 1.060000000000000016e-05
0.000000000000000000e+00 -3.773240000000000123e+02 1.300000000000000000e+02 1.060000000000000016e-05
1.151999999999999913e+00 -3.751829999999999927e+02 1.305000000000000000e+02 1.066999999999999949e-05
0.000000000000000000e+00 -3.763349999999999795e+02 1.310000000000000000e+02 1.066999999999999949e-05
1.630000000000000060e-01 -3.771610000000000014e+02 1.315000000000000000e+02 1.066999999999999949e-05
0.000000000000000000e+00 -3.773240000000000123e+02 1.320000000000000000e+02 1.066999999999999949e-05
1.151999999999999913e+00 -3.751829999999999927e+02 1.325000000000000000e+02 1.067999999999999939e-05
0.000000000000000000e+00 -3.763349999999999795e+02 1.330000000000000000e+02 1.067999999999999939e-05
1.630000000000000060e-01 -3.771610000000000014e+02 1.335000000000000000e+02 1.067999999999999939e-05
0.000000000000000000e+00 -3.773240000000000123e+02 1.340000000000000000e+02 1.067999999999999939e-05
1.151999999999999913e+00 -3.751829999999999927e+02 1.345000000000000000e+02 1.082999999999999965e-05
0.000000000000000000e+00 -3.763349999999999795e+02 1.350000000000000000e+02 1.082999999999999965e-05
1.630000000000000060e-01 -3.771610000000000014e+02 1.355000000000000000e+02 1.082999999999999965e-05
0.000000000000000000e+00 -3.773240000000000123e+02 1.360000000000000000e+02 1.082999999999999965e-05
1.151999999999999913e+00 -3.751829999999999927e+02 1.365000000000000000e+02 1.104999999999999924e-05
0.000000000000000000e+00 -3.763349999999999795e+02 1.370000000000000000e+02 1.104999999999999924e-05
1.630000000000000060e-01 -3.771610000000000014e+02 1.375000000000000000e+02 1.104999999999999924e-05
0.000000000000000000e+00 -3.773240000000000123e+02 1.380000000000000000e+02 1.104999999999999924e-05
1.151999999999999913e+00 -3.751829999999999927e+02 1.385000000000000000e+02 1.107000000000000074e-05
0.000000000000000000e+00 -3.763349999999999795e+02 1.390000000000000000e+02 1.107000000000000074e-05
1.630000000000000060e-01 -3.771610000000000014e+02 1.395000000000000000e+02 1.107000000000000074e-05
0.000000000000000000e+00 -3.773240000000000123e+02 1.400000000000000000e+02 1.107000000000000074e-05
1.151999999999999913e+00 -3.751829999999999927e+02 1.405000000000000000e+02 1.110000000000000045e-05
0.000000000000000000e+00 -3.763349999999999795e+02 1.410000000000000000e+02 1.110000000000000045e-05
1.630000000000000060e-01 -3.771610000000000014e+02 1.415000000000000000e+02 1.110000000000000045e-05
0.000000000000000000e+00 -3.773240000000000123e+02 1.420000000000000000e+02 1.110000000000000045e-05
1.151999999999999913e+00 -3.751829999999999927e+02 1.425000000000000000e+02 1.114999999999999997e-05
0.000000000000000000e+00 -3.763349999999999795e+02 1.430000000000000000e+02 1.114999999999999997e-05
1.630000000000000060e-01 -3.771610000000000014e+02 1.435000000000000000e+02 1.114999999999999997e-05
0.000000000000000000e+00 -3.773240000000000123e+02 1.440000000000000000e+02 1.114999999999999997e-05
1.151999999999999913e+00 -3.751829999999999927e+02 1.445000000000000000e+02 1.130000000000000023e-05
0.000000000000000000e+00 -3.763349999999999795e+02 1.450000000000000000e+02 1.130000000000000023e-05
1.630000000000000060e-01 -3.771610000000000014e+02 1.455000000000000000e+02 1.130000000000000023e-05
0.000000000000000000e+00 -3.773240000000000123e+02 1.460000000000000000e+02 1.130000000000000023e-05
1.151999999999999913e+00 -3.751829999999999927e+02 1.465000000000000000e+02 1.130000000000000023e-05
0.000000000000000000e+00 -3.763349999999999795e+02 1.470000000000000000e+02 1.130000000000000023e-05
1.630000000000000060e-01 -3.771610000000000014e+02 1.475000000000000000e+02 1.130000000000000023e-05
0.000000000000000000e+00 -3.773240000000000123e+02 1.480000000000000000e+02 1.130000000000000023e-05
1.151999999999999913e+00 -3.751829999999999927e+02 1.485000000000000000e+02 1.131000000000000013e-05
0.000000000000000000e+00 -3.763349999999999795e+02 1.490000000000000000e+02 1.131000000000000013e-05
1.630000000000000060e-01 -3.771610000000000014e+02 1.495000000000000000e+02 1.131000000000000013e-05
0.000000000000000000e+00 -3.773240000000000123e+02 1.500000000000000000e+02 1.131000000000000013e-05
1.151999999999999913e+00 -3.751829999999999927e+02 1.505000000000000000e+02 1.136999999999999956e-05
0.000000000000000000e+00 -3.763349999999999795e+02 1.510000000000000000e+02 1.136999999999999956e-05
1.630000000000000060e-01 -3.771610000000000014e+02 1.515000000000000000e+02 1.136999999999999956e-05
0.000000000000000000e+00 -3.773240000000000123e+02 1.520000000000000000e+02 1.136999999999999956e-05
1.151999999999999913e+00 -3.751829999999999927e+02 1.525000000000000000e+02 1.143000000000000068e-05
0.000000000000000000e+00 -3.763349999999999795e+02 1.530000000000000000e+02 1.143000000000000068e-05
1.630000000000000060e-01 -3.771610000000000014e+02 1.535000000000000000e+02 1.143000000000000068e-05
0.000000000000000000e+00 -3.773240000000000123e+02 1.540000000000000000e+02 1.143000000000000068e-05
1.151999999999999913e+00 -3.751829999999999927e+02 1.545000000000000000e+02 1.146000000000000039e-05
0.000000000000000000e+00 -3.763349999999999795e+02 1.550000000000000000e+02 1.146000000000000039e-05
1.630000000000000060e-01 -3.771610000000000014e+02 1.555000000000000000e+02 1.146000000000000039e-05
0.000000000000000000e+00 -3.773240000000000123e+02 1.560000000000000000e+02 1.146000000000000039e-05
1.151999999999999913e+00 -3.751829999999999927e+02 1.565000000000000000e+02 1.165000000000000027e-05
0.000000000000000000e+00 -3.763349999999999795e+02 1.570000000000000000e+02 1.165000000000000027e-05
1.630000000000000060e-01 -3.771610000000000014e+02 1.575000000000000000e+02 1.165000000000000027e-05
0.000000000000000000e+00 -3.773240000000000123e+02 1.580000000000000000e+02 1.165000000000000027e-05
1.151999999999999913e+00 -3.751829999999999927e+02 1.585000000000000000e+02 1.165000000000000027e-05
0.000000000000000000e+00 -3.763349999999999795e+02 1.590000000000000000e+02 1.165000000000000027e-05
1.630000000000000060e-01 -3.771610000000000014e+02 1.595000000000000000e+02 1.165000000000000027e-05
0.000000000000000000e+00 -3.773240000000000123e+02 1.600000000000000000e+02 1.165000000000000027e-05
1.151999999999999913e+00 -3.751829999999999927e+02 1.605000000000000000e+02 1.166000000000000017e-05
0.000000000000000000e+00 -3.763349999999999795e+02 1.610000000000000000e+02 1.166000000000000017e-05
1.630000000000000060e-01 -3.771610000000000014e+02 1.615000000000000000e+02 1.166000000000000017e-05
0.000000000000000000e+00 -3.773240000000000123e+02 1.620000000000000000e+02 1.166000000000000017e-05
1.151999999999999913e+00 -3.751829999999999927e+02 1.625000000000000000e+02 1.169999999999999979e-05
0.000000000000000000e+00 -3.763349999999999795e+02 1.630000000000000000e+02 1.169999999999999979e-05
1.630000000000000060e-01 -3.771610000000000014e+02 1.635000000000000000e+02 1.169999999999999979e-05
0.000000000000000000e+00 -3.773240000000000123e+02 1.640000000000000000e+02 1.169999999999999979e-05
1.151999999999999913e+00 -3.751829999999999927e+02 1.645000000000000000e+02 1.174999999999999931e-05
0.000000000000000000e+00 -3.763349999999999795e+02 1.650000000000000000e+02 1.174999999999999931e-05
1.630000000000000060e-01 -3.771610000000000014e+02 1.655000000000000000e+02 1.174999999999999931e-05
0.000000000000000000e+00 -3.773240000000000123e+02 1.660000000000000000e+02 1.174999999999999931e-05
1.151999999999999913e+00 -3.751829999999999927e+02 1.665000000000000000e+02 1.177000000000000081e-05
0.000000000000000000e+00 -3.763349999999999795e+02 1.670000000000000000e+02 1.177000000000000081e-05
1.630000000000000060e-01 -3.771610000000000014e+02 1.675000000000000000e+02 1.177000000000000081e-05
0.000000000000000000e+00 -3.773240000000000123e+02 1.680000000000000000e+02 1.177000000000000081e-05
1.151999999999999913e+00 -3.751829999999999927e+02 1.685000000000000000e+02 1.185000000000000005e-05
0.000000000000000000e+00 -3.763349999999999795e+02 1.690000000000000000e+02 1.185000000000000005e-05
1.630000000000000060e-01 -3.771610000000000014e+02 1.695000000000000000e+02 1.185000000000000005e-05
0.000000000000000000e+00 -3.773240000000000123e+02 1.700000000000000000e+02 1.185000000000000005e-05
1.151999999999999913e+00 -3.751829999999999927e+02 1.705000000000000000e+02 1.185999999999999995e-05
0.000000000000000000e+00 -3.763349999999999795e+02 1.710000000000000000e+02 1.185999999999999995e-05
1.630000000000000060e-01 -3.771610000000000014e+02 1.715000000000000000e+02 1.185999999999999995e-05
0.000000000000000000e+00 -3.773240000000000123e+02 1.720000000000000000e+02 1.185999999999999995e-05
1.151999999999999913e+00 -3.751829999999999927e+02 1.725000000000000000e+02 1.186999999999999985e-05
0.000000000000000000e+00 -3.763349999999999795e+02 1.730000000000000000e+02 1.186999999999999985e-05
1.630000000000000060e-01 -3.771610000000000014e+02 1.735000000000000000e+02 1.186999999999999985e-05
0.000000000000000000e+00 -3.773240000000000123e+02 1.740000000000000000e+02 1.186999999999999985e-05
1.151999999999999913e+00 -3.751829999999999927e+02 1.745000000000000000e+02 1.197000000000000059e-05
0.000000000000000000e+00 -3.763349999999999795e+02 1.750000000000000000e+02 1.197000000000000059e-05
1.630000000000000060e-01 -3.771610000000000014e+02 1.755000000000000000e+02 1.197000000000000059e-05
0.000000000000000000e+00 -3.773240000000000123e+02 1.760000000000000000e+02 1.197000000000000059e-05
1.151999999999999913e+00 -3.751829999999999927e+02 1.765000000000000000e+02 1.198000000000000050e-05
0.000000000000000000e+00 -3.763349999999999795e+02 1.770000000000000000e+02 1.198000000000000050e-05
1.630000000000000060e-01 -3.771610000000000014e+02 1.775000000000000000e+02 1.198000000000000050e-05
0.000000000000000000e+00 -3.773240000000000123e+02 1.780000000000000000e+02 1.198000000000000050e-05
1.151999999999999913e+00 -3.751829999999999927e+02 1.785000000000000000e+02 1.205999999999999973e-05
0.000000000000000000e+00 -3.763349999999999795e+02 1.790000000000000000e+02 1.205999999999999973e-05
1.630000000000000060e-01 -3.771610000000000014e+02 1.795000000000000000e+02 1.205999999999999973e-05
0.000000000000000000e+00 -3.773240000000000123e+02 1.800000000000000000e+02 1.205999999999999973e-05
1.151999999999999913e+00 -3.751829999999999927e+02 1.805000000000000000e+02 1.206999999999999963e-05
0.000000000000000000e+00 -3.763349999999999795e+02 1.810000000000000000e+02 1.206999999999999963e-05
1.630000000000000060e-01 -3.771610000000000014e+02 1.815000000000000000e+02 1.206999999999999963e-05
0.000000000000000000e+00 -3.773240000000000123e+02 1.820000000000000000e+02 1.206999999999999963e-05
1.151999999999999913e+00 -3.751829999999999927e+02 1.825000000000000000e+02 1.217000000000000037e-05
0.000000000000000000e+00 -3.763349999999999795e+02 1.830000000000000000e+02 1.217000000000000037e-05
1.630000000000000060e-01 -3.771610000000000014e+02 1.835000000000000000e+02 1.217000000000000037e-05
0.000000000000000000e+00 -3.773240000000000123e+02 1.840000000000000000e+02 1.217000000000000037e-05
1.151999999999999913e+00 -3.751829999999999927e+02 1.845000000000000000e+02 1.220000000000000008e-05
0.000000000000000000e+00 -3.763349999999999795e+02 1.850000000000000000e+02 1.220000000000000008e-05
1.630000000000000060e-01 -3.771610000000000014e+02 1.855000000000000000e+02 1.220000000000000008e-05
0.000000000000000000e+00 -3.773240000000000123e+02 1.860000000000000000e+02 1.220000000000000008e-05
1.151999999999999913e+00 -3.751829999999999927e+02 1.865000000000000000e+02 1.223999999999999970e-05
0.000000000000000000e+00 -3.763349999999999795e+02 1.870000000000000000e+02 1.223999999999999970e-05
1.630000000000000060e-01 -3.771610000000000014e+02 1.875000000000000000e+02 1.223999999999999970e-05
0.000000000000000000e+00 -3.773240000000000123e+02 1.880000000000000000e+02 1.223999999999999970e-05
1.151999999999999913e+00 -3.751829999999999927e+02 1.885000000000000000e+02 1.225999999999999951e-05
0.000000000000000000e+00 -3.763349999999999795e+02 1.890000000000000000e+02 1.225999999999999951e-05
1.630000000000000060e-01 -3.771610000000000014e+02 1.895000000000000000e+02 1.225999999999999951e-05
0.000000000000000000e+00 -3.773240000000000123e+02 1.900000000000000000e+02 1.225999999999999951e-05
1.151999999999999913e+00 -3.751829999999999927e+02 1.905000000000000000e+02 1.230000000000000082e-05
0.000000000000000000e+00 -3.763349999999999795e+02 1.910000000000000000e+02 1.230000000000000082e-05
1.630000000000000060e-01 -3.771610000000000014e+02 1.915000000000000000e+02 1.230000000000000082e-05
0.000000000000000000e+00 -3.773240000000000123e+02 1.920000000000000000e+02 1.230000000000000082e-05
1.151999999999999913e+00 -3.751829999999999927e+02 1.925000000000000000e+02 1.251000000000000050e-05
0.000000000000000000e+00 -3.763349999999999795e+02 1.930000000000000000e+02 1.251000000000000050e-05
1.630000000000000060e-01 -3.771610000000000014e+02 1.935000000000000000e+02 1.251000000000000050e-05
0.000000000000000000e+00 -3.773240000000000123e+02 1.940000000000000000e+02 1.251000000000000050e-05
1.151999999999999913e+00 -3.751829999999999927e+02 1.945000000000000000e+02 1.253000000000000031e-05
0.000000000000000000e+00 -3.763349999999999795e+02 1.950000000000000000e+02 1.253000000000000031e-05
1.630000000000000060e-01 -3.771610000000000014e+02 1.955000000000000000e+02 1.253000000000000031e-05
0.000000000000000000e+00 -3.773240000000000123e+02 1.960000000000000000e+02 1.253000000000000031e-05
1.151999999999999913e+00 -3.751829999999999927e+02 1.965000000000000000e+02 1.273000000000000009e-05
0.000000000000000000e+00 -3.763349999999999795e+02 1.970000000000000000e+02 1.273000000000000009e-05
1.630000000000000060e-01 -3.771610000000000014e+02 1.975000000000000000e+02 1.273000000000000009e-05
0.000000000000000000e+00 -3.773240000000000123e+02 1.980000000000000000e+02 1.273000000000000009e-05
1.151999999999999913e+00 -3.751829999999999927e+02 1.985000000000000000e+02 1.283000000000000083e-05
0.000000000000000000e+00 -3.763349999999999795e+02 1.990000000000000000e+02 1.283000000000000083e-05
1.630000000000000060e-01 -3.771610000000000014e+02 1.995000000000000000e+02 1.283000000000000083e-05
0.000000000000000000e+00 -3.773240000000000123e+02 2.000000000000000000e+02 1.283000000000000083e-05
1.151999999999999913e+00 -3.751829999999999927e+02 2.005000000000000000e+02 1.291000000000000006e-05
0.000000000000000000e+00 -3.763349999999999795e+02 2.010000000000000000e+02 1.291000000000000006e-05
1.630000000000000060e-01 -3.771610000000000014e+02 2.015000000000000000e+02 1.291000000000000006e-05
0.000000000000000000e+00 -3.773240000000000123e+02 2.020000000000000000e+02 1.291000000000000006e-05
1.151999999999999913e+00 -3.751829999999999927e+02 2.025000000000000000e+02 1.303000000000000061e-05
0.000000000000000000e+00 -3.763349999999999795e+02 2.030000000000000000e+02 1.303000000000000061e-05
1.630000000000000060e-01 -3.771610000000000014e+02 2.035000000000000000e+02 1.303000000000000061e-05
0.000000000000000000e+00 -3.773240000000000123e+02 2.040000000000000000e+02 1.303000000000000061e-05
1.151999999999999913e+00 -3.751829999999999927e+02 2.045000000000000000e+02 1.309000000000000003e-05
0.000000000000000000e+00 -3.763349999999999795e+02 2.050000000000000000e+02 1.309000000000000003e-05
1.630000000000000060e-01 -3.771610000000000014e+02 2.055000000000000000e+02 1.309000000000000003e-05
0.000000000000000000e+00 -3.773240000000000123e+02 2.060000000000000000e+02 1.309000000000000003e-05
1.151999999999999913e+00 -3.751829999999999927e+02 2.065000000000000000e+02 1.309999999999999994e-05
0.000000000000000000e+00 -3.763349999999999795e+02 2.070000000000000000e+02 1.309999999999999994e-05
1.630000000000000060e-01 -3.771610000000000014e+02 2.075000000000000000e+02 1.309999999999999994e-05
0.000000000000000000e+00 -3.773240000000000123e+02 2.080000000000000000e+02 1.309999999999999994e-05
1.151999999999999913e+00 -3.751829999999999927e+02 2.085000000000000000e+02 1.314999999999999946e-05
0.000000000000000000e+00 -3.763349999999999795e+02 2.090000000000000000e+02 1.314999999999999946e-05
1.630000000000000060e-01 -3.771610000000000014e+02 2.095000000000000000e+02 1.314999999999999946e-05
0.000000000000000000e+00 -3.773240000000000123e+02 2.100000000000000000e+02 1.314999999999999946e-05
1.151999999999999913e+00 -3.751829999999999927e+02 2.105000000000000000e+02 1.315999999999999936e-05
0.000000000000000000e+00 -3.763349999999999795e+02 2.110000000000000000e+02 1.315999999999999936e-05
1.630000000000000060e-01 -3.771610000000000014e+02 2.115000000000000000e+02 1.315999999999999936e-05
0.000000000000000000e+00 -3.773240000000000123e+02 2.120000000000000000e+02 1.315999999999999936e-05
1.151999999999999913e+00 -3.751829999999999927e+02 2.125000000000000000e+02 1.315999999999999936e-05
0.000000000000000000e+00 -3.763349999999999795e+02 2.130000000000000000e+02 1.315999999999999936e-05
1.630000000000000060e-01 -3.771610000000000014e+02 2.135000000000000000e+02 1.315999999999999936e-05
0.000000000000000000e+00 -3.773240000000000123e+02 2.140000000000000000e+02 1.315999999999999936e-05
1.151999999999999913e+00 -3.751829999999999927e+02 2.145000000000000000e+02 1.323000000000000039e-05
0.000000000000000000e+00 -3.763349999999999795e+02 2.150000000000000000e+02 1.323000000000000039e-05
1.630000000000000060e-01 -3.771610000000000014e+02 2.155000000000000000e+02 1.323000000000000039e-05
0.000000000000000000e+00 -3.773240000000000123e+02 2.160000000000000000e+02 1.323000000000000039e-05
1.151999999999999913e+00 -3.751829999999999927e+02 2.165000000000000000e+02 1.324000000000000029e-05
0.000000000000000000e+00 -3.763349999999999795e+02 2.170000000000000000e+02 1.324000000000000029e-05
1.630000000000000060e-01 -3.771610000000000014e+02 2.175000000000000000e+02 1.324000000000000029e-05
0.000000000000000000e+00 -3.773240000000000123e+02 2.180000000000000000e+02 1.324000000000000029e-05
1.151999999999999913e+00 -3.751829999999999927e+02 2.185000000000000000e+02 1.327000000000000000e-05
0.000000000000000000e+00 -3.763349999999999795e+02 2.190000000000000000e+02 1.327000000000000000e-05
1.630000000000000060e-01 -3.771610000000000014e+02 2.195000000000000000e+02 1.327000000000000000e-05
0.000000000000000000e+00 -3.773240000000000123e+02 2.200000000000000000e+02 1.327000000000000000e-05
1.151999999999999913e+00 -3.751829999999999927e+02 2.205000000000000000e+02 1.332999999999999943e-05
0.000000000000000000e+00 -3.763349999999999795e+02 2.210000000000000000e+02 1.332999999999999943e-05
1.630000000000000060e-01 -3.771610000000000014e+02 2.215000000000000000e+02 1.332999999999999943e-05
0.000000000000000000e+00 -3.773240000000000123e+02 2.220000000000000000e+02 1.332999999999999943e-05
1.151999999999999913e+00 -3.751829999999999927e+02 2.225000000000000000e+02 1.332999999999999943e-05
0.000000000000000000e+00 -3.763349999999999795e+02 2.230000000000000000e+02 1.332999999999999943e-05
1.630000000000000060e-01 -3.771610000000000014e+02 2.235000000000000000e+02 1.332999999999999943e-05
0.000000000000000000e+00 -3.773240000000000123e+02 2.240000000000000000e+02 1.332999999999999943e-05
1.151999999999999913e+00 -3.751829999999999927e+02 2.245000000000000000e+02 1.339000000000000055e-05
0.000000000000000000e+00 -3.763349999999999795e+02 2.250000000000000000e+02 1.339000000000000055e-05
1.630000000000000060e-01 -3.771610000000000014e+02 2.255000000000000000e+02 1.339000000000000055e-05
0.000000000000000000e+00 -3.773240000000000123e+02 2.260000000000000000e+02 1.339000000000000055e-05
1.151999999999999913e+00 -3.751829999999999927e+02 2.265000000000000000e+02 1.356000000000000061e-05
0.000000000000000000e+00 -3.763349999999999795e+02 2.270000000000000000e+02 1.356000000000000061e-05
1.630000000000000060e-01 -3.771610000000000014e+02 2.275000000000000000e+02 1.356000000000000061e-05
0.000000000000000000e+00 -3.773240000000000123e+02 2.280000000000000000e+02 1.356000000000000061e-05
1.151999999999999913e+00 -3.751829999999999927e+02 2.285000000000000000e+02 1.364999999999999975e-05
0.000000000000000000e+00 -3.763349999999999795e+02 2.290000000000000000e+02 1.364999999999999975e-05
1.630000000000000060e-01 -3.771610000000000014e+02 2.295000000000000000e+02 1.364999999999999975e-05
0.000000000000000000e+00 -3.773240000000000123e+02 2.300000000000000000e+02 1.364999999999999975e-05
1.151999999999999913e+00 -3.751829999999999927e+02 2.305000000000000000e+02 1.377000000000000030e-05
0.000000000000000000e+00 -3.763349999999999795e+02 2.310000000000000000e+02 1.377000000000000030e-05
1.630000000000000060e-01 -3.771610000000000014e+02 2.315000000000000000e+02 1.377000000000000030e-05
0.000000000000000000e+00 -3.773240000000000123e+02 2.320000000000000000e+02 1.377000000000000030e-05
1.151999999999999913e+00 -3.751829999999999927e+02 2.325000000000000000e+02 1.382999999999999972e-05
0.000000000000000000e+00 -3.763349999999999795e+02 2.330000000000000000e+02 1.382999999999999972e-05
1.630000000000000060e-01 -3.771610000000000014e+02 2.335000000000000000e+02 1.382999999999999972e-05
0.000000000000000000e+00 -3.773240000000000123e+02 2.340000000000000000e+02 1.382999999999999972e-05
1.151999999999999913e+00 -3.751829999999999927e+02 2.345000000000000000e+02 1.384999999999999953e-05
0.000000000000000000e+00 -3.763349999999999795e+02 2.350000000000000000e+02 1.384999999999999953e-05
1.630000000000000060e-01 -3.771610000000000014e+02 2.355000000000000000e+02 1.384999999999999953e-05
0.000000000000000000e+00 -3.773240000000000123e+02 2.360000000000000000e+02 1.384999999999999953e-05
1.151999999999999913e+00 -3.751829999999999927e+02 2.365000000000000000e+02 1.386999999999999934e-05
0.000000000000000000e+00 -3.763349999999999795e+02 2.370000000000000000e+02 1.386999999999999934e-05
1.630000000000000060e-01 -3.771610000000000014e+02 2.375000000000000000e+02 1.386999999999999934e-05
0.000000000000000000e+00 -3.773240000000000123e+02 2.380000000000000000e+02 1.386999999999999934e-05
1.151999999999999913e+00 -3.751829999999999927e+02 2.385000000000000000e+02 1.397000000000000008e-05
0.000000000000000000e+00 -3.763349999999999795e+02 2.390000000000000000e+02 1.397000000000000008e-05
1.630000000000000060e-01 -3.771610000000000014e+02 2.395000000000000000e+02 1.397000000000000008e-05
0.000000000000000000e+00 -3.773240000000000123e+02 2.400000000000000000e+02 1.397000000000000008e-05
1.151999999999999913e+00 -3.751829999999999927e+02 2.405000000000000000e+02 1.412000000000000034e-05
0.000000000000000000e+00 -3.763349999999999795e+02 2.410000000000000000e+02 1.412000000000000034e-05
1.630000000000000060e-01 -3.771610000000000014e+02 2.415000000000000000e+02 1.412000000000000034e-05
0.000000000000000000e+00 -3.773240000000000123e+02 2.420000000000000000e+02 1.412000000000000034e-05
1.151999999999999913e+00 -3.751829999999999927e+02 2.425000000000000000e+02 1.444000000000000066e-05
0.000000000000000000e+00 -3.763349999999999795e+02 2.430000000000000000e+02 1.444000000000000066e-05
1.630000000000000060e-01 -3.771610000000000014e+02 2.435000000000000000e+02 1.444000000000000066e-05
0.000000000000000000e+00 -3.773240000000000123e+02 2.440000000000000000e+02 1.444000000000000066e-05
1.151999999999999913e+00 -3.751829999999999927e+02 2.445000000000000000e+02 1.450000000000000009e-05
0.000000000000000000e+00 -3.763349999999999795e+02 2.450000000000000000e+02 1.450000000000000009e-05
1.630000000000000060e-01 -3.771610000000000014e+02 2.455000000000000000e+02 1.450000000000000009e-05
0.000000000000000000e+00 -3.773240000000000123e+02 2.460000000000000000e+02 1.450000000000000009e-05
1.151999999999999913e+00 -3.751829999999999927e+02 2.465000000000000000e+02 1.462000000000000063e-05
0.000000000000000000e+00 -3.763349999999999795e+02 2.470000000000000000e+02 1.462000000000000063e-05
1.630000000000000060e-01 -3.771610000000000014e+02 2.475000000000000000e+02 1.462000000000000063e-05
0.000000000000000000e+00 -3.773240000000000123e+02 2.480000000000000000e+02 1.462000000000000063e-05
1.151999999999999913e+00 -3.751829999999999927e+02 2.485000000000000000e+02 1.469999999999999986e-05
0.000000000000000000e+00 -3.763349999999999795e+02 2.490000000000000000e+02 1.469999999999999986e-05
1.630000000000000060e-01 -3.771610000000000014e+02 2.495000000000000000e+02 1.469999999999999986e-05
0.000000000000000000e+00 -3.773240000000000123e+02 2.500000000000000000e+02 1.469999999999999986e-05
1.151999999999999913e+00 -3.751829999999999927e+02 2.505000000000000000e+02 1.470999999999999977e-05
0.000000000000000000e+00 -3.763349999999999795e+02 2.510000000000000000e+02 1.470999999999999977e-05
1.630000000000000060e-01 -3.771610000000000014e+02 2.515000000000000000e+02 1.470999999999999977e-05
0.000000000000000000e+00 -3.773240000000000123e+02 2.520000000000000000e+02 1.470999999999999977e-05
1.151999999999999913e+00 -3.751829999999999927e+02 2.525000000000000000e+02 1.471999999999999967e-05
0.000000000000000000e+00 -3.763349999999999795e+02 2.530000000000000000e+02 1.471999999999999967e-05
1.630000000000000060e-01 -3.771610000000000014e+02 2.535000000000000000e+02 1.471999999999999967e-05
0.000000000000000000e+00 -3.773240000000000123e+02 2.540000000000000000e+02 1.471999999999999967e-05
1.151999999999999913e+00 -3.751829999999999927e+02 2.545000000000000000e+02 1.474999999999999939e-05
0.000000000000000000e+00 -3.763349999999999795e+02 2.550000000000000000e+02 1.474999999999999939e-05
1.630000000000000060e-01 -3.771610000000000014e+02 2.555000000000000000e+02 1.474999999999999939e-05
0.000000000000000000e+00 -3.773240000000000123e+02 2.560000000000000000e+02 1.474999999999999939e-05
1.151999999999999913e+00 -3.751829999999999927e+02 2.565000000000000000e+02 1.475999999999999929e-05
0.000000000000000000e+00 -3.763349999999999795e+02 2.570000000000000000e+02 1.475999999999999929e-05
1.630000000000000060e-01 -3.771610000000000014e+02 2.575000000000000000e+02 1.475999999999999929e-05
0.000000000000000000e+00 -3.773240000000000123e+02 2.580000000000000000e+02 1.475999999999999929e-05
1.814000000000000057e+00 -3.741109999999999900e+02 2.585000000000000000e+02 1.486999999999999993e-05
0.000000000000000000e+00 -3.759250000000000114e+02 2.590000000000000000e+02 1.486999999999999993e-05
4.139999999999999791e-01 -3.769100000000000250e+02 2.595000000000000000e+02 1.486999999999999993e-05
0.000000000000000000e+00 -3.773240000000000123e+02 2.600000000000000000e+02 1.486999999999999993e-05
1.729000000000000092e+00 -3.742429999999999950e+02 2.605000000000000000e+02 7.362999999999999808e-05
0.000000000000000000e+00 -3.759719999999999800e+02 2.610000000000000000e+02 7.362999999999999808e-05
3.760000000000000009e-01 -3.769479999999999791e+02 2.615000000000000000e+02 7.362999999999999808e-05
0.000000000000000000e+00 -3.773240000000000123e+02 2.620000000000000000e+02 7.362999999999999808e-05
1.774999999999999911e+00 -3.742049999999999841e+02 2.625000000000000000e+02 1.461000000000000005e-04
0.000000000000000000e+00 -3.759800000000000182e+02 2.630000000000000000e+02 1.461000000000000005e-04
4.309999999999999942e-01 -3.768929999999999723e+02 2.635000000000000000e+02 1.461000000000000005e-04
0.000000000000000000e+00 -3.773240000000000123e+02 2.640000000000000000e+02 1.461000000000000005e-04
1.731000000000000094e+00 -3.742409999999999854e+02 2.645000000000000000e+02 1.543000000000000101e-04
0.000000000000000000e+00 -3.759719999999999800e+02 2.650000000000000000e+02 1.543000000000000101e-04
3.780000000000000027e-01 -3.769460000000000264e+02 2.655000000000000000e+02 1.543000000000000101e-04
0.000000000000000000e+00 -3.773240000000000123e+02 2.660000000000000000e+02 1.543000000000000101e-04
1.731000000000000094e+00 -3.742409999999999854e+02 2.665000000000000000e+02 1.602999999999999933e-04
0.000000000000000000e+00 -3.759719999999999800e+02 2.670000000000000000e+02 1.602999999999999933e-04
3.780000000000000027e-01 -3.769460000000000264e+02 2.675000000000000000e+02 1.602999999999999933e-04
0.000000000000000000e+00 -3.773240000000000123e+02 2.680000000000000000e+02 1.602999999999999933e-04
1.814000000000000057e+00 -3.741109999999999900e+02 2.685000000000000000e+02 2.056000000000000102e-04
0.000000000000000000e+00 -3.759239999999999782e+02 2.690000000000000000e+02 2.056000000000000102e-04
4.139999999999999791e-01 -3.769100000000000250e+02 2.695000000000000000e+02 2.056000000000000102e-04
0.000000000000000000e+00 -3.773240000000000123e+02 2.700000000000000000e+02 2.056000000000000102e-04
1.776999999999999913e+00 -3.742029999999999745e+02 2.705000000000000000e+02 2.253000000000000011e-04
0.000000000000000000e+00 -3.759800000000000182e+02 2.710000000000000000e+02 2.253000000000000011e-04
4.329999999999999960e-01 -3.768919999999999959e+02 2.715000000000000000e+02 2.253000000000000011e-04
0.000000000000000000e+00 -3.773240000000000123e+02 2.720000000000000000e+02 2.253000000000000011e-04
1.814000000000000057e+00 -3.741109999999999900e+02 2.725000000000000000e+02 2.337999999999999909e-04
0.000000000000000000e+00 -3.759239999999999782e+02 2.730000000000000000e+02 2.337999999999999909e-04
4.099999999999999756e-01 -3.769089999999999918e+02 2.735000000000000000e+02 2.337999999999999909e-04
0.000000000000000000e+00 -3.773190000000000168e+02 2.740000000000000000e+02 2.337999999999999909e-04
1.756000000000000005e+00 -3.742660000000000196e+02 2.745000000000000000e+02 2.778999999999999786e-04
0.000000000000000000e+00 -3.760219999999999914e+02 2.750000000000000000e+02 2.778999999999999786e-04
4.030000000000000249e-01 -3.762420000000000186e+02 2.755000000000000000e+02 2.778999999999999786e-04
0.000000000000000000e+00 -3.766449999999999818e+02 2.760000000000000000e+02 2.778999999999999786e-04
1.026000000000000023e+00 -3.749959999999999809e+02 2.765000000000000000e+02 2.778999999999999786e-04
0.000000000000000000e+00 -3.760219999999999914e+02 2.770000000000000000e+02 2.778999999999999786e-04
4.030000000000000249e-01 -3.762420000000000186e+02 2.775000000000000000e+02 2.778999999999999786e-04
0.000000000000000000e+00 -3.766449999999999818e+02 2.780000000000000000e+02 2.778999999999999786e-04
1.026000000000000023e+00 -3.749959999999999809e+02 2.785000000000000000e+02 2.778999999999999786e-04
0.000000000000000000e+00 -3.760219999999999914e+02 2.790000000000000000e+02 2.778999999999999786e-04
4.030000000000000249e-01 -3.762420000000000186e+02 2.795000000000000000e+02 2.778999999999999786e-04
0.000000000000000000e+00 -3.766449999999999818e+02 2.800000000000000000e+02 2.778999999999999786e-04
1.026000000000000023e+00 -3.749959999999999809e+02 2.805000000000000000e+02 2.778999999999999786e-04
0.000000000000000000e+00 -3.760219999999999914e+02 2.810000000000000000e+02 2.778999999999999786e-04
4.640000000000000235e-01 -3.768550000000000182e+02 2.815000000000000000e+02 2.778999999999999786e-04
0.000000000000000000e+00 -3.773190000000000168e+02 2.820000000000000000e+02 2.778999999999999786e-04
2.152000000000000135e+00 -3.733759999999999764e+02 2.825000000000000000e+02 2.987999999999999988e-04
0.000000000000000000e+00 -3.755289999999999964e+02 2.830000000000000000e+02 2.987999999999999988e-04
1.900000000000000022e-01 -3.766179999999999950e+02 2.835000000000000000e+02 2.987999999999999988e-04
0.000000000000000000e+00 -3.768079999999999927e+02 2.840000000000000000e+02 2.987999999999999988e-04
1.391999999999999904e+00 -3.743269999999999982e+02 2.845000000000000000e+02 2.993000000000000109e-04
0.000000000000000000e+00 -3.757189999999999941e+02 2.850000000000000000e+02 2.993000000000000109e-04
3.029999999999999916e-01 -3.765040000000000191e+02 2.855000000000000000e+02 2.993000000000000109e-04
0.000000000000000000e+00 -3.768079999999999927e+02 2.860000000000000000e+02 2.993000000000000109e-04
1.391999999999999904e+00 -3.743269999999999982e+02 2.865000000000000000e+02 2.997000000000000206e-04
0.000000000000000000e+00 -3.757189999999999941e+02 2.870000000000000000e+02 2.997000000000000206e-04
4.699999999999999734e-01 -3.766290000000000191e+02 2.875000000000000000e+02 2.997000000000000206e-04
0.000000000000000000e+00 -3.770989999999999895e+02 2.880000000000000000e+02 2.997000000000000206e-04
1.735000000000000098e+00 -3.740230000000000246e+02 2.885000000000000000e+02 3.252999999999999924e-04
0.000000000000000000e+00 -3.757579999999999814e+02 2.890000000000000000e+02 3.252999999999999924e-04
7.800000000000000266e-01 -3.763190000000000168e+02 2.895000000000000000e+02 3.252999999999999924e-04
0.000000000000000000e+00 -3.770989999999999895e+02 2.900000000000000000e+02 3.252999999999999924e-04
2.176000000000000156e+00 -3.728349999999999795e+02 2.905000000000000000e+02 3.599000000000000202e-04
0.000000000000000000e+00 -3.750110000000000241e+02 2.910000000000000000e+02 3.599000000000000202e-04
8.799999999999999489e-02 -3.770110000000000241e+02 2.915000000000000000e+02 3.599000000000000202e-04
0.000000000000000000e+00 -3.770980000000000132e+02 2.920000000000000000e+02 3.599000000000000202e-04
1.770999999999999908e+00 -3.739879999999999995e+02 2.925000000000000000e+02 3.894999999999999808e-04
0.000000000000000000e+00 -3.757590000000000146e+02 2.930000000000000000e+02 3.894999999999999808e-04
8.500000000000000611e-02 -3.757740000000000009e+02 2.935000000000000000e+02 3.894999999999999808e-04
0.000000000000000000e+00 -3.758580000000000041e+02 2.940000000000000000e+02 3.894999999999999808e-04
1.839999999999999969e-01 -3.755749999999999886e+02 2.945000000000000000e+02 3.894999999999999808e-04
0.000000000000000000e+00 -3.757590000000000146e+02 2.950000000000000000e+02 3.894999999999999808e-04
8.500000000000000611e-02 -3.757740000000000009e+02 2.955000000000000000e+02 3.894999999999999808e-04
0.000000000000000000e+00 -3.758580000000000041e+02 2.960000000000000000e+02 3.894999999999999808e-04
1.839999999999999969e-01 -3.755749999999999886e+02 2.965000000000000000e+02 3.894999999999999808e-04
0.000000000000000000e+00 -3.757590000000000146e+02 2.970000000000000000e+02 3.894999999999999808e-04
8.500000000000000611e-02 -3.757740000000000009e+02 2.975000000000000000e+02 3.894999999999999808e-04
0.000000000000000000e+00 -3.758580000000000041e+02 2.980000000000000000e+02 3.894999999999999808e-04
1.839999999999999969e-01 -3.755749999999999886e+02 2.985000000000000000e+02 3.894999999999999808e-04
0.000000000000000000e+00 -3.757590000000000146e+02 2.990000000000000000e+02 3.894999999999999808e-04
8.500000000000000611e-02 -3.757740000000000009e+02 2.995000000000000000e+02 3.894999999999999808e-04
0.000000000000000000e+00 -3.758589999999999804e+02 3.000000000000000000e+02 3.894999999999999808e-04
1.839999999999999969e-01 -3.755749999999999886e+02 3.005000000000000000e+02 3.894999999999999808e-04
0.000000000000000000e+00 -3.757590000000000146e+02 3.010000000000000000e+02 3.894999999999999808e-04
8.500000000000000611e-02 -3.757740000000000009e+02 3.015000000000000000e+02 3.894999999999999808e-04
0.000000000000000000e+00 -3.758589999999999804e+02 3.020000000000000000e+02 3.894999999999999808e-04
1.839999999999999969e-01 -3.755749999999999886e+02 3.025000000000000000e+02 3.894999999999999808e-04
0.000000000000000000e+00 -3.757590000000000146e+02 3.030000000000000000e+02 3.894999999999999808e-04
8.500000000000000611e-02 -3.757740000000000009e+02 3.035000000000000000e+02 3.894999999999999808e-04
0.000000000000000000e+00 -3.758589999999999804e+02 3.040000000000000000e+02 3.894999999999999808e-04
1.839999999999999969e-01 -3.755749999999999886e+02 3.045000000000000000e+02 3.894999999999999808e-04
0.000000000000000000e+00 -3.757590000000000146e+02 3.050000000000000000e+02 3.894999999999999808e-04
8.500000000000000611e-02 -3.757740000000000009e+02 3.055000000000000000e+02 3.894999999999999808e-04
0.000000000000000000e+00 -3.758589999999999804e+02 3.060000000000000000e+02 3.894999999999999808e-04
1.839999999999999969e-01 -3.755749999999999886e+02 3.065000000000000000e+02 3.894999999999999808e-04
0.000000000000000000e+00 -3.757590000000000146e+02 3.070000000000000000e+02 3.894999999999999808e-04
8.500000000000000611e-02 -3.757740000000000009e+02 3.075000000000000000e+02 3.894999999999999808e-04
0.000000000000000000e+00 -3.758589999999999804e+02 3.080000000000000000e+02 3.894999999999999808e-04
1.839999999999999969e-01 -3.755749999999999886e+02 3.085000000000000000e+02 3.894999999999999808e-04
0.000000000000000000e+00 -3.757590000000000146e+02 3.090000000000000000e+02 3.894999999999999808e-04
8.500000000000000611e-02 -3.757740000000000009e+02 3.095000000000000000e+02 3.894999999999999808e-04
0.000000000000000000e+00 -3.758589999999999804e+02 3.100000000000000000e+02 3.894999999999999808e-04
1.839999999999999969e-01 -3.755749999999999886e+02 3.105000000000000000e+02 3.894999999999999808e-04
0.000000000000000000e+00 -3.757590000000000146e+02 3.110000000000000000e+02 3.894999999999999808e-04
8.500000000000000611e-02 -3.757740000000000009e+02 3.115000000000000000e+02 3.894999999999999808e-04
0.000000000000000000e+00 -3.758589999999999804e+02 3.120000000000000000e+02 3.894999999999999808e-04
1.839999999999999969e-01 -3.755749999999999886e+02 3.125000000000000000e+02 3.894999999999999808e-04
0.000000000000000000e+00 -3.757590000000000146e+02 3.130000000000000000e+02 3.894999999999999808e-04
8.500000000000000611e-02 -3.757740000000000009e+02 3.135000000000000000e+02 3.894999999999999808e-04
0.000000000000000000e+00 -3.758589999999999804e+02 3.140000000000000000e+02 3.894999999999999808e-04
1.839999999999999969e-01 -3.755749999999999886e+02 3.145000000000000000e+02 3.894999999999999808e-04
0.000000000000000000e+00 -3.757590000000000146e+02 3.150000000000000000e+02 3.894999999999999808e-04
8.500000000000000611e-02 -3.757740000000000009e+02 3.155000000000000000e+02 3.894999999999999808e-04
0.000000000000000000e+00 -3.758589999999999804e+02 3.160000000000000000e+02 3.894999999999999808e-04
1.839999999999999969e-01 -3.755749999999999886e+02 3.165000000000000000e+02 3.894999999999999808e-04
0.000000000000000000e+00 -3.757590000000000146e+02 3.170000000000000000e+02 3.894999999999999808e-04
8.500000000000000611e-02 -3.757740000000000009e+02 3.175000000000000000e+02 3.894999999999999808e-04
0.000000000000000000e+00 -3.758589999999999804e+02 3.180000000000000000e+02 3.894999999999999808e-04
1.839999999999999969e-01 -3.755749999999999886e+02 3.185000000000000000e+02 3.894999999999999808e-04
0.000000000000000000e+00 -3.757590000000000146e+02 3.190000000000000000e+02 3.894999999999999808e-04
8.500000000000000611e-02 -3.757740000000000009e+02 3.195000000000000000e+02 3.894999999999999808e-04
0.000000000000000000e+00 -3.758589999999999804e+02 3.200000000000000000e+02 3.894999999999999808e-04
5.749999999999999556e-01 -3.763480000000000132e+02 3.205000000000000000e+02 3.894999999999999808e-04
0.000000000000000000e+00 -3.769230000000000018e+02 3.210000000000000000e+02 3.894999999999999808e-04
1.469999999999999973e+00 -3.745369999999999777e+02 3.215000000000000000e+02 3.907000000000000100e-04
0.000000000000000000e+00 -3.760070000000000050e+02 3.220000000000000000e+02 3.907000000000000100e-04
5.540000000000000480e-01 -3.763690000000000282e+02 3.225000000000000000e+02 3.907000000000000100e-04
0.000000000000000000e+00 -3.769230000000000018e+02 3.230000000000000000e+02 3.907000000000000100e-04
1.465999999999999970e+00 -3.745400000000000205e+02 3.235000000000000000e+02 3.908000000000000124e-04
0.000000000000000000e+00 -3.760059999999999718e+02 3.240000000000000000e+02 3.908000000000000124e-04
5.490000000000000435e-01 -3.763729999999999905e+02 3.245000000000000000e+02 3.908000000000000124e-04
0.000000000000000000e+00 -3.769230000000000018e+02 3.250000000000000000e+02 3.908000000000000124e-04
1.469999999999999973e+00 -3.745369999999999777e+02 3.255000000000000000e+02 3.915999999999999776e-04
0.000000000000000000e+00 -3.760070000000000050e+02 3.260000000000000000e+02 3.915999999999999776e-04
5.390000000000000346e-01 -3.763840000000000146e+02 3.265000000000000000e+02 3.915999999999999776e-04
0.000000000000000000e+00 -3.769230000000000018e+02 3.270000000000000000e+02 3.915999999999999776e-04
1.455000000000000071e+00 -3.745520000000000209e+02 3.275000000000000000e+02 3.931000000000000141e-04
0.000000000000000000e+00 -3.760070000000000050e+02 3.280000000000000000e+02 3.931000000000000141e-04
5.500000000000000444e-01 -3.763720000000000141e+02 3.285000000000000000e+02 3.931000000000000141e-04
0.000000000000000000e+00 -3.769220000000000255e+02 3.290000000000000000e+02 3.931000000000000141e-04
1.457000000000000073e+00 -3.745500000000000114e+02 3.295000000000000000e+02 3.936000000000000262e-04
0.000000000000000000e+00 -3.760070000000000050e+02 3.300000000000000000e+02 3.936000000000000262e-04
5.410000000000000364e-01 -3.763809999999999718e+02 3.305000000000000000e+02 3.936000000000000262e-04
0.000000000000000000e+00 -3.769220000000000255e+02 3.310000000000000000e+02 3.936000000000000262e-04
1.457000000000000073e+00 -3.745500000000000114e+02 3.315000000000000000e+02 3.958000000000000255e-04
0.000000000000000000e+00 -3.760070000000000050e+02 3.320000000000000000e+02 3.958000000000000255e-04
5.510000000000000453e-01 -3.763720000000000141e+02 3.325000000000000000e+02 3.958000000000000255e-04
0.000000000000000000e+00 -3.769230000000000018e+02 3.330000000000000000e+02 3.958000000000000255e-04
1.457000000000000073e+00 -3.745489999999999782e+02 3.335000000000000000e+02 3.965999999999999907e-04
0.000000000000000000e+00 -3.760070000000000050e+02 3.340000000000000000e+02 3.965999999999999907e-04
6.999999999999999556e-01 -3.762230000000000132e+02 3.345000000000000000e+02 3.965999999999999907e-04
0.000000000000000000e+00 -3.769230000000000018e+02 3.350000000000000000e+02 3.965999999999999907e-04
1.459000000000000075e+00 -3.745480000000000018e+02 3.355000000000000000e+02 3.987999999999999900e-04
0.000000000000000000e+00 -3.760070000000000050e+02 3.360000000000000000e+02 3.987999999999999900e-04
5.520000000000000462e-01 -3.763709999999999809e+02 3.365000000000000000e+02 3.987999999999999900e-04
0.000000000000000000e+00 -3.769230000000000018e+02 3.370000000000000000e+02 3.987999999999999900e-04
1.614999999999999991e+00 -3.743919999999999959e+02 3.375000000000000000e+02 4.007999999999999844e-04
0.000000000000000000e+00 -3.760070000000000050e+02 3.380000000000000000e+02 4.007999999999999844e-04
5.390000000000000346e-01 -3.763840000000000146e+02 3.385000000000000000e+02 4.007999999999999844e-04
0.000000000000000000e+00 -3.769230000000000018e+02 3.390000000000000000e+02 4.007999999999999844e-04
1.455999999999999961e+00 -3.745509999999999877e+02 3.395000000000000000e+02 4.035999999999999983e-04
0.000000000000000000e+00 -3.760070000000000050e+02 3.400000000000000000e+02 4.035999999999999983e-04
5.510000000000000453e-01 -3.763709999999999809e+02 3.405000000000000000e+02 4.035999999999999983e-04
0.000000000000000000e+00 -3.769230000000000018e+02 3.410000000000000000e+02 4.035999999999999983e-04
1.457999999999999963e+00 -3.745489999999999782e+02 3.415000000000000000e+02 4.039000000000000055e-04
0.000000000000000000e+00 -3.760070000000000050e+02 3.420000000000000000e+02 4.039000000000000055e-04
5.510000000000000453e-01 -3.763720000000000141e+02 3.425000000000000000e+02 4.039000000000000055e-04
0.000000000000000000e+00 -3.769230000000000018e+02 3.430000000000000000e+02 4.039000000000000055e-04
1.467000000000000082e+00 -3.745400000000000205e+02 3.435000000000000000e+02 4.045000000000000201e-04
0.000000000000000000e+00 -3.760070000000000050e+02 3.440000000000000000e+02 4.045000000000000201e-04
5.400000000000000355e-01 -3.763829999999999814e+02 3.445000000000000000e+02 4.045000000000000201e-04
0.000000000000000000e+00 -3.769230000000000018e+02 3.450000000000000000e+02 4.045000000000000201e-04
1.455999999999999961e+00 -3.745509999999999877e+02 3.455000000000000000e+02 4.051999999999999829e-04
0.000000000000000000e+00 -3.760070000000000050e+02 3.460000000000000000e+02 4.051999999999999829e-04
5.400000000000000355e-01 -3.763829999999999814e+02 3.465000000000000000e+02 4.051999999999999829e-04
0.000000000000000000e+00 -3.769230000000000018e+02 3.470000000000000000e+02 4.051999999999999829e-04
1.616000000000000103e+00 -3.743899999999999864e+02 3.475000000000000000e+02 4.069000000000000243e-04
0.000000000000000000e+00 -3.760059999999999718e+02 3.480000000000000000e+02 4.069000000000000243e-04
5.520000000000000462e-01 -3.763700000000000045e+02 3.485000000000000000e+02 4.069000000000000243e-04
0.000000000000000000e+00 -3.769230000000000018e+02 3.490000000000000000e+02 4.069000000000000243e-04
1.469000000000000083e+00 -3.745380000000000109e+02 3.495000000000000000e+02 4.069000000000000243e-04
0.000000000000000000e+00 -3.760059999999999718e+02 3.500000000000000000e+02 4.069000000000000243e-04
5.400000000000000355e-01 -3.763829999999999814e+02 3.505000000000000000e+02 4.069000000000000243e-04
0.000000000000000000e+00 -3.769230000000000018e+02 3.510000000000000000e+02 4.069000000000000243e-04
1.467999999999999972e+00 -3.745389999999999873e+02 3.515000000000000000e+02 4.080999999999999992e-04
0.000000000000000000e+00 -3.760070000000000050e+02 3.520000000000000000e+02 4.080999999999999992e-04
5.380000000000000338e-01 -3.763849999999999909e+02 3.525000000000000000e+02 4.080999999999999992e-04
0.000000000000000000e+00 -3.769230000000000018e+02 3.530000000000000000e+02 4.080999999999999992e-04
1.467000000000000082e+00 -3.745400000000000205e+02 3.535000000000000000e+02 4.080999999999999992e-04
0.000000000000000000e+00 -3.760070000000000050e+02 3.540000000000000000e+02 4.080999999999999992e-04
5.510000000000000453e-01 -3.763720000000000141e+02 3.545000000000000000e+02 4.080999999999999992e-04
0.000000000000000000e+00 -3.769230000000000018e+02 3.550000000000000000e+02 4.080999999999999992e-04
1.631000000000000005e+00 -3.742280000000000086e+02 3.555000000000000000e+02 4.090000000000000211e-04
0.000000000000000000e+00 -3.758589999999999804e+02 3.560000000000000000e+02 4.090000000000000211e-04
1.869999999999999996e-01 -3.755729999999999791e+02 3.565000000000000000e+02 4.090000000000000211e-04
0.000000000000000000e+00 -3.757599999999999909e+02 3.570000000000000000e+02 4.090000000000000211e-04
8.799999999999999489e-02 -3.757710000000000150e+02 3.575000000000000000e+02 4.090000000000000211e-04
0.000000000000000000e+00 -3.758580000000000041e+02 3.580000000000000000e+02 4.090000000000000211e-04
1.869999999999999996e-01 -3.755729999999999791e+02 3.585000000000000000e+02 4.090000000000000211e-04
0.000000000000000000e+00 -3.757599999999999909e+02 3.590000000000000000e+02 4.090000000000000211e-04
8.500000000000000611e-02 -3.757730000000000246e+02 3.595000000000000000e+02 4.090000000000000211e-04
0.000000000000000000e+00 -3.758580000000000041e+02 3.600000000000000000e+02 4.090000000000000211e-04
1.839999999999999969e-01 -3.755749999999999886e+02 3.605000000000000000e+02 4.090000000000000211e-04
0.000000000000000000e+00 -3.757599999999999909e+02 3.610000000000000000e+02 4.090000000000000211e-04
8.100000000000000255e-02 -3.757780000000000200e+02 3.615000000000000000e+02 4.090000000000000211e-04
0.000000000000000000e+00 -3.758589999999999804e+02 3.620000000000000000e+02 4.090000000000000211e-04
5.749999999999999556e-01 -3.763480000000000132e+02 3.625000000000000000e+02 4.090000000000000211e-04
0.000000000000000000e+00 -3.769230000000000018e+02 3.630000000000000000e+02 4.090000000000000211e-04
1.465999999999999970e+00 -3.745400000000000205e+02 3.635000000000000000e+02 4.092000000000000260e-04
0.000000000000000000e+00 -3.760059999999999718e+02 3.640000000000000000e+02 4.092000000000000260e-04
5.520000000000000462e-01 -3.763709999999999809e+02 3.645000000000000000e+02 4.092000000000000260e-04
0.000000000000000000e+00 -3.769230000000000018e+02 3.650000000000000000e+02 4.092000000000000260e-04
1.467999999999999972e+00 -3.745380000000000109e+02 3.655000000000000000e+02 4.108000000000000106e-04
0.000000000000000000e+00 -3.760059999999999718e+02 3.660000000000000000e+02 4.108000000000000106e-04
5.520000000000000462e-01 -3.763709999999999809e+02 3.665000000000000000e+02 4.108000000000000106e-04
0.000000000000000000e+00 -3.769230000000000018e+02 3.670000000000000000e+02 4.108000000000000106e-04
1.467999999999999972e+00 -3.745380000000000109e+02 3.675000000000000000e+02 4.116999999999999783e-04
0.000000000000000000e+00 -3.760059999999999718e+02 3.680000000000000000e+02 4.116999999999999783e-04
5.410000000000000364e-01 -3.763820000000000050e+02 3.685000000000000000e+02 4.116999999999999783e-04
0.000000000000000000e+00 -3.769230000000000018e+02 3.690000000000000000e+02 4.116999999999999783e-04
1.457999999999999963e+00 -3.745480000000000018e+02 3.695000000000000000e+02 4.122999999999999929e-04
0.000000000000000000e+00 -3.760059999999999718e+02 3.700000000000000000e+02 4.122999999999999929e-04
5.520000000000000462e-01 -3.763700000000000045e+02 3.705000000000000000e+02 4.122999999999999929e-04
0.000000000000000000e+00 -3.769230000000000018e+02 3.710000000000000000e+02 4.122999999999999929e-04
1.457999999999999963e+00 -3.745489999999999782e+02 3.715000000000000000e+02 4.140999999999999824e-04
0.000000000000000000e+00 -3.760070000000000050e+02 3.720000000000000000e+02 4.140999999999999824e-04
5.510000000000000453e-01 -3.763709999999999809e+02 3.725000000000000000e+02 4.140999999999999824e-04
0.000000000000000000e+00 -3.769230000000000018e+02 3.730000000000000000e+02 4.140999999999999824e-04
1.457000000000000073e+00 -3.745500000000000114e+02 3.735000000000000000e+02 4.151000000000000067e-04
0.000000000000000000e+00 -3.760070000000000050e+02 3.740000000000000000e+02 4.151000000000000067e-04
5.420000000000000373e-01 -3.763809999999999718e+02 3.745000000000000000e+02 4.151000000000000067e-04
0.000000000000000000e+00 -3.769230000000000018e+02 3.750000000000000000e+02 4.151000000000000067e-04
1.467000000000000082e+00 -3.745400000000000205e+02 3.755000000000000000e+02 4.152000000000000092e-04
0.000000000000000000e+00 -3.760070000000000050e+02 3.760000000000000000e+02 4.152000000000000092e-04
5.390000000000000346e-01 -3.763849999999999909e+02 3.765000000000000000e+02 4.152000000000000092e-04
0.000000000000000000e+00 -3.769230000000000018e+02 3.770000000000000000e+02 4.152000000000000092e-04
1.455000000000000071e+00 -3.745529999999999973e+02 3.775000000000000000e+02 4.167999999999999938e-04
0.000000000000000000e+00 -3.760070000000000050e+02 3.780000000000000000e+02 4.167999999999999938e-04
5.390000000000000346e-01 -3.763849999999999909e+02 3.785000000000000000e+02 4.167999999999999938e-04
0.000000000000000000e+00 -3.769230000000000018e+02 3.790000000000000000e+02 4.167999999999999938e-04
1.455000000000000071e+00 -3.745529999999999973e+02 3.795000000000000000e+02 4.201000000000000198e-04
0.000000000000000000e+00 -3.760070000000000050e+02 3.800000000000000000e+02 4.201000000000000198e-04
6.999999999999999556e-01 -3.762230000000000132e+02 3.805000000000000000e+02 4.201000000000000198e-04
0.000000000000000000e+00 -3.769220000000000255e+02 3.810000000000000000e+02 4.201000000000000198e-04
1.457999999999999963e+00 -3.745489999999999782e+02 3.815000000000000000e+02 4.202000000000000223e-04
0.000000000000000000e+00 -3.760070000000000050e+02 3.820000000000000000e+02 4.202000000000000223e-04
5.510000000000000453e-01 -3.763709999999999809e+02 3.825000000000000000e+02 4.202000000000000223e-04
0.000000000000000000e+00 -3.769230000000000018e+02 3.830000000000000000e+02 4.202000000000000223e-04
1.467000000000000082e+00 -3.745400000000000205e+02 3.835000000000000000e+02 4.207999999999999827e-04
0.000000000000000000e+00 -3.760070000000000050e+02 3.840000000000000000e+02 4.207999999999999827e-04
5.510000000000000453e-01 -3.763709999999999809e+02 3.845000000000000000e+02 4.207999999999999827e-04
0.000000000000000000e+00 -3.769230000000000018e+02 3.850000000000000000e+02 4.207999999999999827e-04
1.457000000000000073e+00 -3.745500000000000114e+02 3.855000000000000000e+02 4.244000000000000159e-04
0.000000000000000000e+00 -3.760070000000000050e+02 3.860000000000000000e+02 4.244000000000000159e-04
6.999999999999999556e-01 -3.762230000000000132e+02 3.865000000000000000e+02 4.244000000000000159e-04
0.000000000000000000e+00 -3.769230000000000018e+02 3.870000000000000000e+02 4.244000000000000159e-04
1.459000000000000075e+00 -3.745480000000000018e+02 3.875000000000000000e+02 4.252999999999999836e-04
0.000000000000000000e+00 -3.760070000000000050e+02 3.880000000000000000e+02 4.252999999999999836e-04
5.430000000000000382e-01 -3.763790000000000191e+02 3.885000000000000000e+02 4.252999999999999836e-04
0.000000000000000000e+00 -3.769230000000000018e+02 3.890000000000000000e+02 4.252999999999999836e-04
1.614999999999999991e+00 -3.743919999999999959e+02 3.895000000000000000e+02 4.255999999999999909e-04
0.000000000000000000e+00 -3.760070000000000050e+02 3.900000000000000000e+02 4.255999999999999909e-04
5.500000000000000444e-01 -3.763720000000000141e+02 3.905000000000000000e+02 4.255999999999999909e-04
0.000000000000000000e+00 -3.769230000000000018e+02 3.910000000000000000e+02 4.255999999999999909e-04
1.457999999999999963e+00 -3.745489999999999782e+02 3.915000000000000000e+02 4.270999999999999732e-04
0.000000000000000000e+00 -3.760070000000000050e+02 3.920000000000000000e+02 4.270999999999999732e-04
5.510000000000000453e-01 -3.763720000000000141e+02 3.925000000000000000e+02 4.270999999999999732e-04
0.000000000000000000e+00 -3.769230000000000018e+02 3.930000000000000000e+02 4.270999999999999732e-04
1.614999999999999991e+00 -3.743919999999999959e+02 3.935000000000000000e+02 4.278999999999999926e-04
0.000000000000000000e+00 -3.760070000000000050e+02 3.940000000000000000e+02 4.278999999999999926e-04
5.390000000000000346e-01 -3.763840000000000146e+02 3.945000000000000000e+02 4.278999999999999926e-04
0.000000000000000000e+00 -3.769230000000000018e+02 3.950000000000000000e+02 4.278999999999999926e-04
1.467999999999999972e+00 -3.745389999999999873e+02 3.955000000000000000e+02 4.279999999999999950e-04
0.000000000000000000e+00 -3.760070000000000050e+02 3.960000000000000000e+02 4.279999999999999950e-04
5.390000000000000346e-01 -3.763849999999999909e+02 3.965000000000000000e+02 4.279999999999999950e-04
0.000000000000000000e+00 -3.769230000000000018e+02 3.970000000000000000e+02 4.279999999999999950e-04
1.455000000000000071e+00 -3.745520000000000209e+02 3.975000000000000000e+02 4.289000000000000169e-04
0.000000000000000000e+00 -3.760070000000000050e+02 3.980000000000000000e+02 4.289000000000000169e-04
5.390000000000000346e-01 -3.763849999999999909e+02 3.985000000000000000e+02 4.289000000000000169e-04
0.000000000000000000e+00 -3.769230000000000018e+02 3.990000000000000000e+02 4.289000000000000169e-04
1.467999999999999972e+00 -3.745389999999999873e+02 3.995000000000000000e+02 4.290000000000000193e-04
0.000000000000000000e+00 -3.760070000000000050e+02 4.000000000000000000e+02 4.290000000000000193e-04
5.390000000000000346e-01 -3.763840000000000146e+02 4.005000000000000000e+02 4.290000000000000193e-04
0.000000000000000000e+00 -3.769230000000000018e+02 4.010000000000000000e+02 4.290000000000000193e-04
1.455000000000000071e+00 -3.745520000000000209e+02 4.015000000000000000e+02 4.311000000000000162e-04
0.000000000000000000e+00 -3.760070000000000050e+02 4.020000000000000000e+02 4.311000000000000162e-04
5.480000000000000426e-01 -3.763740000000000236e+02 4.025000000000000000e+02 4.311000000000000162e-04
0.000000000000000000e+00 -3.769220000000000255e+02 4.030000000000000000e+02 4.311000000000000162e-04
1.614999999999999991e+00 -3.743919999999999959e+02 4.035000000000000000e+02 4.345999999999999928e-04
0.000000000000000000e+00 -3.760070000000000050e+02 4.040000000000000000e+02 4.345999999999999928e-04
5.510000000000000453e-01 -3.763720000000000141e+02 4.045000000000000000e+02 4.345999999999999928e-04
0.000000000000000000e+00 -3.769230000000000018e+02 4.050000000000000000e+02 4.345999999999999928e-04
1.457000000000000073e+00 -3.745500000000000114e+02 4.055000000000000000e+02 4.347999999999999977e-04
0.000000000000000000e+00 -3.760070000000000050e+02 4.060000000000000000e+02 4.347999999999999977e-04
5.420000000000000373e-01 -3.763809999999999718e+02 4.065000000000000000e+02 4.347999999999999977e-04
0.000000000000000000e+00 -3.769230000000000018e+02 4.070000000000000000e+02 4.347999999999999977e-04
1.614999999999999991e+00 -3.743919999999999959e+02 4.075000000000000000e+02 4.366999999999999897e-04
0.000000000000000000e+00 -3.760070000000000050e+02 4.080000000000000000e+02 4.366999999999999897e-04
5.510000000000000453e-01 -3.763709999999999809e+02 4.085000000000000000e+02 4.366999999999999897e-04
0.000000000000000000e+00 -3.769230000000000018e+02 4.090000000000000000e+02 4.366999999999999897e-04
1.467000000000000082e+00 -3.745400000000000205e+02 4.095000000000000000e+02 4.379000000000000188e-04
0.000000000000000000e+00 -3.760070000000000050e+02 4.100000000000000000e+02 4.379000000000000188e-04
5.510000000000000453e-01 -3.763709999999999809e+02 4.105000000000000000e+02 4.379000000000000188e-04
0.000000000000000000e+00 -3.769230000000000018e+02 4.110000000000000000e+02 4.379000000000000188e-04
1.467000000000000082e+00 -3.745400000000000205e+02 4.115000000000000000e+02 4.392999999999999986e-04
0.000000000000000000e+00 -3.760070000000000050e+02 4.120000000000000000e+02 4.392999999999999986e-04
5.390000000000000346e-01 -3.763840000000000146e+02 4.125000000000000000e+02 4.392999999999999986e-04
0.000000000000000000e+00 -3.769230000000000018e+02 4.130000000000000000e+02 4.392999999999999986e-04
1.455999999999999961e+00 -3.745509999999999877e+02 4.135000000000000000e+02 4.398000000000000108e-04
0.000000000000000000e+00 -3.760070000000000050e+02 4.140000000000000000e+02 4.398000000000000108e-04
5.390000000000000346e-01 -3.763840000000000146e+02 4.145000000000000000e+02 4.398000000000000108e-04
0.000000000000000000e+00 -3.769230000000000018e+02 4.150000000000000000e+02 4.398000000000000108e-04
1.455999999999999961e+00 -3.745509999999999877e+02 4.155000000000000000e+02 4.414999999999999979e-04
0.000000000000000000e+00 -3.760070000000000050e+02 4.160000000000000000e+02 4.414999999999999979e-04
6.989999999999999547e-01 -3.762239999999999895e+02 4.165000000000000000e+02 4.414999999999999979e-04
0.000000000000000000e+00 -3.769230000000000018e+02 4.170000000000000000e+02 4.414999999999999979e-04
1.467999999999999972e+00 -3.745389999999999873e+02 4.175000000000000000e+02 4.423000000000000174e-04
0.000000000000000000e+00 -3.760070000000000050e+02 4.180000000000000000e+02 4.423000000000000174e-04
5.520000000000000462e-01 -3.763700000000000045e+02 4.185000000000000000e+02 4.423000000000000174e-04
0.000000000000000000e+00 -3.769230000000000018e+02 4.190000000000000000e+02 4.423000000000000174e-04
1.459000000000000075e+00 -3.745480000000000018e+02 4.195000000000000000e+02 4.429999999999999802e-04
0.000000000000000000e+00 -3.760070000000000050e+02 4.200000000000000000e+02 4.429999999999999802e-04
5.430000000000000382e-01 -3.763790000000000191e+02 4.205000000000000000e+02 4.429999999999999802e-04
0.000000000000000000e+00 -3.769230000000000018e+02 4.210000000000000000e+02 4.429999999999999802e-04
1.459000000000000075e+00 -3.745480000000000018e+02 4.215000000000000000e+02 4.446000000000000191e-04
0.000000000000000000e+00 -3.760070000000000050e+02 4.220000000000000000e+02 4.446000000000000191e-04
5.520000000000000462e-01 -3.763709999999999809e+02 4.225000000000000000e+02 4.446000000000000191e-04
0.000000000000000000e+00 -3.769230000000000018e+02 4.230000000000000000e+02 4.446000000000000191e-04
1.467999999999999972e+00 -3.745389999999999873e+02 4.235000000000000000e+02 4.455999999999999892e-04
0.000000000000000000e+00 -3.760070000000000050e+02 4.240000000000000000e+02 4.455999999999999892e-04
5.400000000000000355e-01 -3.763840000000000146e+02 4.245000000000000000e+02 4.455999999999999892e-04
0.000000000000000000e+00 -3.769230000000000018e+02 4.250000000000000000e+02 4.455999999999999892e-04
1.631000000000000005e+00 -3.742280000000000086e+02 4.255000000000000000e+02 4.472999999999999763e-04
0.000000000000000000e+00 -3.758589999999999804e+02 4.260000000000000000e+02 4.472999999999999763e-04
1.869999999999999996e-01 -3.755729999999999791e+02 4.265000000000000000e+02 4.472999999999999763e-04
0.000000000000000000e+00 -3.757599999999999909e+02 4.270000000000000000e+02 4.472999999999999763e-04
8.599999999999999312e-02 -3.757730000000000246e+02 4.275000000000000000e+02 4.472999999999999763e-04
0.000000000000000000e+00 -3.758580000000000041e+02 4.280000000000000000e+02 4.472999999999999763e-04
1.839999999999999969e-01 -3.755749999999999886e+02 4.285000000000000000e+02 4.472999999999999763e-04
0.000000000000000000e+00 -3.757599999999999909e+02 4.290000000000000000e+02 4.472999999999999763e-04
8.599999999999999312e-02 -3.757730000000000246e+02 4.295000000000000000e+02 4.472999999999999763e-04
0.000000000000000000e+00 -3.758580000000000041e+02 4.300000000000000000e+02 4.472999999999999763e-04
1.839999999999999969e-01 -3.755749999999999886e+02 4.305000000000000000e+02 4.472999999999999763e-04
0.000000000000000000e+00 -3.757599999999999909e+02 4.310000000000000000e+02 4.472999999999999763e-04
8.100000000000000255e-02 -3.757780000000000200e+02 4.315000000000000000e+02 4.472999999999999763e-04
0.000000000000000000e+00 -3.758589999999999804e+02 4.320000000000000000e+02 4.472999999999999763e-04
1.799999999999999933e-01 -3.755799999999999841e+02 4.325000000000000000e+02 4.472999999999999763e-04
0.000000000000000000e+00 -3.757599999999999909e+02 4.330000000000000000e+02 4.472999999999999763e-04
8.100000000000000255e-02 -3.757780000000000200e+02 4.335000000000000000e+02 4.472999999999999763e-04
0.000000000000000000e+00 -3.758589999999999804e+02 4.340000000000000000e+02 4.472999999999999763e-04
1.799999999999999933e-01 -3.755799999999999841e+02 4.345000000000000000e+02 4.472999999999999763e-04
0.000000000000000000e+00 -3.757599999999999909e+02 4.350000000000000000e+02 4.472999999999999763e-04
8.100000000000000255e-02 -3.757780000000000200e+02 4.355000000000000000e+02 4.472999999999999763e-04
0.000000000000000000e+00 -3.758589999999999804e+02 4.360000000000000000e+02 4.472999999999999763e-04
1.799999999999999933e-01 -3.755799999999999841e+02 4.365000000000000000e+02 4.472999999999999763e-04
0.000000000000000000e+00 -3.757599999999999909e+02 4.370000000000000000e+02 4.472999999999999763e-04
8.599999999999999312e-02 -3.757730000000000246e+02 4.375000000000000000e+02 4.472999999999999763e-04
0.000000000000000000e+00 -3.758580000000000041e+02 4.380000000000000000e+02 4.472999999999999763e-04
1.839999999999999969e-01 -3.755749999999999886e+02 4.385000000000000000e+02 4.472999999999999763e-04
0.000000000000000000e+00 -3.757599999999999909e+02 4.390000000000000000e+02 4.472999999999999763e-04
8.599999999999999312e-02 -3.757730000000000246e+02 4.395000000000000000e+02 4.472999999999999763e-04
0.000000000000000000e+00 -3.758580000000000041e+02 4.400000000000000000e+02 4.472999999999999763e-04
1.849999999999999978e-01 -3.755749999999999886e+02 4.405000000000000000e+02 4.472999999999999763e-04
0.000000000000000000e+00 -3.757599999999999909e+02 4.410000000000000000e+02 4.472999999999999763e-04
8.100000000000000255e-02 -3.757780000000000200e+02 4.415000000000000000e+02 4.472999999999999763e-04
0.000000000000000000e+00 -3.758589999999999804e+02 4.420000000000000000e+02 4.472999999999999763e-04
1.799999999999999933e-01 -3.755799999999999841e+02 4.425000000000000000e+02 4.472999999999999763e-04
0.000000000000000000e+00 -3.757599999999999909e+02 4.430000000000000000e+02 4.472999999999999763e-04
8.599999999999999312e-02 -3.757730000000000246e+02 4.435000000000000000e+02 4.472999999999999763e-04
0.000000000000000000e+00 -3.758580000000000041e+02 4.440000000000000000e+02 4.472999999999999763e-04
1.839999999999999969e-01 -3.755749999999999886e+02 4.445000000000000000e+02 4.472999999999999763e-04
0.000000000000000000e+00 -3.757599999999999909e+02 4.450000000000000000e+02 4.472999999999999763e-04
8.599999999999999312e-02 -3.757730000000000246e+02 4.455000000000000000e+02 4.472999999999999763e-04
0.000000000000000000e+00 -3.758580000000000041e+02 4.460000000000000000e+02 4.472999999999999763e-04
1.839999999999999969e-01 -3.755749999999999886e+02 4.465000000000000000e+02 4.472999999999999763e-04
0.000000000000000000e+00 -3.757599999999999909e+02 4.470000000000000000e+02 4.472999999999999763e-04
8.599999999999999312e-02 -3.757730000000000246e+02 4.475000000000000000e+02 4.472999999999999763e-04
0.000000000000000000e+00 -3.758580000000000041e+02 4.480000000000000000e+02 4.472999999999999763e-04
1.839999999999999969e-01 -3.755749999999999886e+02 4.485000000000000000e+02 4.472999999999999763e-04
0.000000000000000000e+00 -3.757599999999999909e+02 4.490000000000000000e+02 4.472999999999999763e-04
8.100000000000000255e-02 -3.757780000000000200e+02 4.495000000000000000e+02 4.472999999999999763e-04
0.000000000000000000e+00 -3.758589999999999804e+02 4.500000000000000000e+02 4.472999999999999763e-04
1.799999999999999933e-01 -3.755799999999999841e+02 4.505000000000000000e+02 4.472999999999999763e-04
0.000000000000000000e+00 -3.757599999999999909e+02 4.510000000000000000e+02 4.472999999999999763e-04
8.100000000000000255e-02 -3.757780000000000200e+02 4.515000000000000000e+02 4.472999999999999763e-04
0.000000000000000000e+00 -3.758589999999999804e+02 4.520000000000000000e+02 4.472999999999999763e-04
1.799999999999999933e-01 -3.755799999999999841e+02 4.525000000000000000e+02 4.472999999999999763e-04
0.000000000000000000e+00 -3.757599999999999909e+02 4.530000000000000000e+02 4.472999999999999763e-04
8.100000000000000255e-02 -3.757780000000000200e+02 4.535000000000000000e+02 4.472999999999999763e-04
0.000000000000000000e+00 -3.758589999999999804e+02 4.540000000000000000e+02 4.472999999999999763e-04
1.799999999999999933e-01 -3.755799999999999841e+02 4.545000000000000000e+02 4.472999999999999763e-04
0.000000000000000000e+00 -3.757599999999999909e+02 4.550000000000000000e+02 4.472999999999999763e-04
8.100000000000000255e-02 -3.757780000000000200e+02 4.555000000000000000e+02 4.472999999999999763e-04
0.000000000000000000e+00 -3.758589999999999804e+02 4.560000000000000000e+02 4.472999999999999763e-04
1.799999999999999933e-01 -3.755799999999999841e+02 4.565000000000000000e+02 4.472999999999999763e-04
0.000000000000000000e+00 -3.757599999999999909e+02 4.570000000000000000e+02 4.472999999999999763e-04
8.100000000000000255e-02 -3.757780000000000200e+02 4.575000000000000000e+02 4.472999999999999763e-04
0.000000000000000000e+00 -3.758589999999999804e+02 4.580000000000000000e+02 4.472999999999999763e-04
1.799999999999999933e-01 -3.755799999999999841e+02 4.585000000000000000e+02 4.472999999999999763e-04
0.000000000000000000e+00 -3.757599999999999909e+02 4.590000000000000000e+02 4.472999999999999763e-04
8.500000000000000611e-02 -3.757730000000000246e+02 4.595000000000000000e+02 4.472999999999999763e-04
0.000000000000000000e+00 -3.758580000000000041e+02 4.600000000000000000e+02 4.472999999999999763e-04
1.839999999999999969e-01 -3.755749999999999886e+02 4.605000000000000000e+02 4.472999999999999763e-04
0.000000000000000000e+00 -3.757599999999999909e+02 4.610000000000000000e+02 4.472999999999999763e-04
8.100000000000000255e-02 -3.757780000000000200e+02 4.615000000000000000e+02 4.472999999999999763e-04
0.000000000000000000e+00 -3.758589999999999804e+02 4.620000000000000000e+02 4.472999999999999763e-04
1.799999999999999933e-01 -3.755799999999999841e+02 4.625000000000000000e+02 4.472999999999999763e-04
0.000000000000000000e+00 -3.757599999999999909e+02 4.630000000000000000e+02 4.472999999999999763e-04
8.599999999999999312e-02 -3.757730000000000246e+02 4.635000000000000000e+02 4.472999999999999763e-04
0.000000000000000000e+00 -3.758580000000000041e+02 4.640000000000000000e+02 4.472999999999999763e-04
1.839999999999999969e-01 -3.755749999999999886e+02 4.645000000000000000e+02 4.472999999999999763e-04
0.000000000000000000e+00 -3.757599999999999909e+02 4.650000000000000000e+02 4.472999999999999763e-04
8.100000000000000255e-02 -3.757780000000000200e+02 4.655000000000000000e+02 4.472999999999999763e-04
0.000000000000000000e+00 -3.758589999999999804e+02 4.660000000000000000e+02 4.472999999999999763e-04
1.799999999999999933e-01 -3.755799999999999841e+02 4.665000000000000000e+02 4.472999999999999763e-04
0.000000000000000000e+00 -3.757599999999999909e+02 4.670000000000000000e+02 4.472999999999999763e-04
8.599999999999999312e-02 -3.757730000000000246e+02 4.675000000000000000e+02 4.472999999999999763e-04
0.000000000000000000e+00 -3.758580000000000041e+02 4.680000000000000000e+02 4.472999999999999763e-04
1.849999999999999978e-01 -3.755749999999999886e+02 4.685000000000000000e+02 4.472999999999999763e-04
0.000000000000000000e+00 -3.757599999999999909e+02 4.690000000000000000e+02 4.472999999999999763e-04
8.100000000000000255e-02 -3.757780000000000200e+02 4.695000000000000000e+02 4.472999999999999763e-04
0.000000000000000000e+00 -3.758589999999999804e+02 4.700000000000000000e+02 4.472999999999999763e-04
1.799999999999999933e-01 -3.755799999999999841e+02 4.705000000000000000e+02 4.472999999999999763e-04
0.000000000000000000e+00 -3.757599999999999909e+02 4.710000000000000000e+02 4.472999999999999763e-04
8.599999999999999312e-02 -3.757730000000000246e+02 4.715000000000000000e+02 4.472999999999999763e-04
0.000000000000000000e+00 -3.758580000000000041e+02 4.720000000000000000e+02 4.472999999999999763e-04
1.839999999999999969e-01 -3.755749999999999886e+02 4.725000000000000000e+02 4.472999999999999763e-04
0.000000000000000000e+00 -3.757599999999999909e+02 4.730000000000000000e+02 4.472999999999999763e-04
8.100000000000000255e-02 -3.757780000000000200e+02 4.735000000000000000e+02 4.472999999999999763e-04
0.000000000000000000e+00 -3.758589999999999804e+02 4.740000000000000000e+02 4.472999999999999763e-04
1.799999999999999933e-01 -3.755799999999999841e+02 4.745000000000000000e+02 4.472999999999999763e-04
0.000000000000000000e+00 -3.757599999999999909e+02 4.750000000000000000e+02 4.472999999999999763e-04
4.319999999999999951e-01 -3.766669999999999732e+02 4.755000000000000000e+02 4.472999999999999763e-04
0.000000000000000000e+00 -3.770989999999999895e+02 4.760000000000000000e+02 4.472999999999999763e-04
1.735999999999999988e+00 -3.740219999999999914e+02 4.765000000000000000e+02 4.491000000000000200e-04
0.000000000000000000e+00 -3.757579999999999814e+02 4.770000000000000000e+02 4.491000000000000200e-04
