# t	msd	err
1.099999999999989875e-03 8.452118455037200828e-01 4.226059227087979320e-01
2.100000000000046274e-03 8.451985890695501435e-01 4.225992944588832789e-01
3.200000000000036149e-03 8.452098259707403471e-01 4.226049127788725768e-01
4.949999999999982192e-03 9.721192782398777599e-01 2.978256893414770734e-01
7.466666666666676999e-03 9.261111484834062546e-01 2.435573700154071708e-01
1.297999999999999154e-02 1.413905790301071219e+00 3.274577196009465507e-01
2.114000000000001989e-02 1.254974165829239485e+00 1.962928039443674888e-01
3.098333333333335229e-02 2.415934613767087402e+00 4.765925462124692147e-01
4.840857142857152295e-02 2.865454983921927212e+00 2.808238987874480674e-01
7.262571428571429344e-02 2.853154888568808722e+00 2.964751420201886534e-01
1.071785714285714147e-01 2.847625882910591599e+00 3.723320197340854176e-01
