# t	msd	err
9.999999999998898659e-05 8.713701949727563623e-01 2.515429096251670105e-01
1.999999999999779732e-04 8.710666942507550026e-01 4.355333470066675705e-01
3.166666666667057877e-04 8.713527906014771895e-01 1.778641439809391378e-01
6.090909090909227231e-04 8.712917445344255940e-01 1.313521759882990969e-01
9.990466101695626242e-04 1.552280544624357717e+00 6.765372725633642115e-02
1.989903110657764533e-03 2.213575184001447482e+00 1.084094801976085848e-01
2.993140096618375229e-03 2.564582573302135238e+00 1.155492421553503402e-01
4.497045979964030792e-03 3.058389154163123624e+00 9.477666203273789336e-02
9.095799401886385180e-03 1.280870568966810019e+01 4.472829744508231564e-01
1.351529168104936320e-02 4.623285942315346730e+00 6.710901277561828748e-02
2.130134051502409823e-02 1.376899259131944575e+01 3.355453662910204971e-01
3.619344109625482336e-02 2.023292033189068917e+01 3.042349793956792836e-01
6.124010855683217208e-02 2.999991835455369937e+01 3.039603983451099611e-01
1.042592515431650518e-01 5.204297470369886724e+01 3.068002342191378795e-01
1.743105193706138978e-01 6.689520526701969061e+01 2.701938638826932304e-01
2.900238881045054673e-01 8.369946193669009915e+01 2.121084892707567615e-01
4.842934298054244469e-01 9.231223898469849587e+01 1.576709017658564360e-01
8.081941872612157240e-01 1.405381035104991270e+02 1.481046009817627851e-01
1.347928605529512547e+00 2.262764586692982505e+02 1.520382791768384867e-01
2.253997059250108848e+00 3.535257031936533849e+02 1.700380562425663489e-01
3.753587813597941913e+00 3.831729727560360175e+02 1.412871870567871113e-01
6.133169345141419093e+00 3.906173455069731517e+02 1.211099167281921296e-01
9.507926523045506784e+00 4.413678023753626007e+02 1.325138096742081439e-01
