# t
0.000000000000000000e+00
1.669876300000000115e-11
9.564518399999999421e-02
9.564518399999999421e-02
9.564518399999999421e-02
2.691266600000000175e-01
2.691266600000000175e-01
2.880046099999999942e-01
2.880046099999999942e-01
2.880046099999999942e-01
4.496202799999999833e-01
4.496202799999999833e-01
5.607126300000000452e-01
5.607126300000000452e-01
6.528955199999999515e-01
6.528955199999999515e-01
6.528955199999999515e-01
6.528955199999999515e-01
8.198371599999999537e-01
8.198371599999999537e-01
8.198371599999999537e-01
8.499344899999999869e-01
8.499344899999999869e-01
8.499344899999999869e-01
9.630933099999999802e-01
9.630933099999999802e-01
1.006307300000000016e+00
1.006307300000000016e+00
1.006307300000000016e+00
1.006307300000000016e+00
1.006307300000000016e+00
1.006307300000000016e+00
1.006307300000000016e+00
1.050420399999999921e+00
1.050420399999999921e+00
1.050420399999999921e+00
1.050420399999999921e+00
1.050420399999999921e+00
1.058027300000000004e+00
1.058027300000000004e+00
1.182015700000000002e+00
1.182015700000000002e+00
1.182015700000000002e+00
1.218407100000000076e+00
1.218407100000000076e+00
1.286125799999999986e+00
1.286125799999999986e+00
1.286125799999999986e+00
1.310443500000000094e+00
1.310443500000000094e+00
1.318846799999999986e+00
1.318846799999999986e+00
1.318846799999999986e+00
1.336900399999999989e+00
1.336900399999999989e+00
1.339745500000000034e+00
1.339745500000000034e+00
1.363427100000000003e+00
1.363427100000000003e+00
1.363427100000000003e+00
1.428238799999999920e+00
1.428238799999999920e+00
1.560656499999999891e+00
1.560656499999999891e+00
1.560656499999999891e+00
1.560656499999999891e+00
1.560656499999999891e+00
1.560656499999999891e+00
1.562581800000000021e+00
1.562581800000000021e+00
1.594172099999999981e+00
1.594172099999999981e+00
1.606052899999999894e+00
1.606052899999999894e+00
1.606052899999999894e+00
1.609256999999999938e+00
1.609256999999999938e+00
1.611801100000000098e+00
1.611801100000000098e+00
1.611801100000000098e+00
1.611801100000000098e+00
1.611801100000000098e+00
1.611801100000000098e+00
1.611801100000000098e+00
1.615259800000000023e+00
1.615259800000000023e+00
1.624798900000000046e+00
1.624798900000000046e+00
1.624798900000000046e+00
1.655114399999999986e+00
1.655114399999999986e+00
1.665783100000000072e+00
1.665783100000000072e+00
1.720642299999999958e+00
1.720642299999999958e+00
1.720642299999999958e+00
1.720642299999999958e+00
1.720642299999999958e+00
1.722359100000000032e+00
1.722359100000000032e+00
1.760937799999999998e+00
1.760937799999999998e+00
1.760937799999999998e+00
1.808409699999999898e+00
1.808409699999999898e+00
1.808683500000000111e+00
1.808683500000000111e+00
1.808683500000000111e+00
1.923488300000000040e+00
1.923488300000000040e+00
1.923488300000000040e+00
1.932056699999999960e+00
1.932056699999999960e+00
1.932056699999999960e+00
1.932056699999999960e+00
1.944608600000000020e+00
1.944608600000000020e+00
1.945055999999999896e+00
1.945055999999999896e+00
1.945055999999999896e+00
1.945055999999999896e+00
1.965241699999999980e+00
1.965241699999999980e+00
1.965241699999999980e+00
1.965241699999999980e+00
1.974705099999999991e+00
1.974705099999999991e+00
1.974705099999999991e+00
1.974705099999999991e+00
1.974705099999999991e+00
1.974705099999999991e+00
2.005882600000000071e+00
2.005882600000000071e+00
2.005882600000000071e+00
2.005882600000000071e+00
2.005882600000000071e+00
2.017423799999999989e+00
2.017423799999999989e+00
2.017423799999999989e+00
2.145726499999999870e+00
2.145726499999999870e+00
2.227397700000000036e+00
2.227397700000000036e+00
2.252403300000000108e+00
2.252403300000000108e+00
2.307830099999999884e+00
2.307830099999999884e+00
2.432547000000000015e+00
2.432547000000000015e+00
2.432547000000000015e+00
2.432547000000000015e+00
2.444904399999999978e+00
2.444904399999999978e+00
2.445276199999999900e+00
2.445276199999999900e+00
2.445276199999999900e+00
2.459389999999999965e+00
2.459389999999999965e+00
2.459389999999999965e+00
2.487975000000000048e+00
2.487975000000000048e+00
2.487975000000000048e+00
2.502360599999999824e+00
2.502360599999999824e+00
2.544068999999999914e+00
2.544068999999999914e+00
2.583568999999999782e+00
2.583568999999999782e+00
2.633641799999999922e+00
2.633641799999999922e+00
2.633641799999999922e+00
2.633641799999999922e+00
2.637327200000000094e+00
2.637327200000000094e+00
2.687951299999999932e+00
2.687951299999999932e+00
2.687951299999999932e+00
2.687951299999999932e+00
2.698862200000000211e+00
2.698862200000000211e+00
2.775516000000000094e+00
2.775516000000000094e+00
2.775516000000000094e+00
2.775516000000000094e+00
2.798562599999999900e+00
2.798562599999999900e+00
2.836864100000000111e+00
2.836864100000000111e+00
2.862937000000000065e+00
2.862937000000000065e+00
2.888961699999999855e+00
2.888961699999999855e+00
2.896906599999999887e+00
2.896906599999999887e+00
2.896906599999999887e+00
2.896906599999999887e+00
2.905864300000000178e+00
2.905864300000000178e+00
2.905864300000000178e+00
2.958317099999999922e+00
2.958317099999999922e+00
2.967630600000000118e+00
2.967630600000000118e+00
2.975108800000000109e+00
2.975108800000000109e+00
2.975108800000000109e+00
2.975108800000000109e+00
2.983335999999999988e+00
2.983335999999999988e+00
2.983617199999999858e+00
2.983617199999999858e+00
2.983617199999999858e+00
2.983617199999999858e+00
2.983617199999999858e+00
2.983617199999999858e+00
3.008165200000000095e+00
3.008165200000000095e+00
3.021509099999999837e+00
3.021509099999999837e+00
3.021509099999999837e+00
3.021509099999999837e+00
3.021509099999999837e+00
3.044581899999999841e+00
3.044581899999999841e+00
3.104794300000000007e+00
3.104794300000000007e+00
3.111990500000000104e+00
3.111990500000000104e+00
3.117250900000000158e+00
3.117250900000000158e+00
3.117250900000000158e+00
3.117250900000000158e+00
3.120038699999999832e+00
3.120038699999999832e+00
3.187696799999999886e+00
3.187696799999999886e+00
3.238496699999999784e+00
3.238496699999999784e+00
3.246795099999999934e+00
3.246795099999999934e+00
3.246795099999999934e+00
3.270798999999999790e+00
3.270798999999999790e+00
3.327494900000000033e+00
3.327494900000000033e+00
3.353458499999999898e+00
3.353458499999999898e+00
3.362859799999999844e+00
3.362859799999999844e+00
3.370188199999999856e+00
3.370188199999999856e+00
3.370188199999999856e+00
3.383833599999999997e+00
3.383833599999999997e+00
3.442340800000000200e+00
3.442340800000000200e+00
3.442802499999999988e+00
3.442802499999999988e+00
3.477679000000000187e+00
3.477679000000000187e+00
3.485226299999999888e+00
3.485226299999999888e+00
3.485226299999999888e+00
3.485226299999999888e+00
3.487666299999999886e+00
3.487666299999999886e+00
3.496331099999999914e+00
3.496331099999999914e+00
3.496331099999999914e+00
3.496331099999999914e+00
3.498092000000000201e+00
3.498092000000000201e+00
3.498092000000000201e+00
3.498092000000000201e+00
3.505813499999999916e+00
3.505813499999999916e+00
3.505813499999999916e+00
3.530452700000000110e+00
3.530452700000000110e+00
3.542324499999999876e+00
3.542324499999999876e+00
3.546186399999999850e+00
3.546186399999999850e+00
3.561020399999999864e+00
3.561020399999999864e+00
3.561020399999999864e+00
3.568029099999999953e+00
3.568029099999999953e+00
3.572545400000000093e+00
3.572545400000000093e+00
3.572545400000000093e+00
3.602569400000000144e+00
3.602569400000000144e+00
3.606903899999999830e+00
3.606903899999999830e+00
3.606903899999999830e+00
3.606903899999999830e+00
3.615201799999999910e+00
3.615201799999999910e+00
3.660704899999999817e+00
3.660704899999999817e+00
3.660704899999999817e+00
3.660704899999999817e+00
3.682690599999999925e+00
3.682690599999999925e+00
3.682946600000000181e+00
3.682946600000000181e+00
3.682994700000000066e+00
3.682994700000000066e+00
3.693214699999999961e+00
3.693214699999999961e+00
3.731312599999999868e+00
3.731312599999999868e+00
3.745500400000000063e+00
3.745500400000000063e+00
3.775986200000000181e+00
3.775986200000000181e+00
3.775986200000000181e+00
3.776579100000000189e+00
3.776579100000000189e+00
3.776579100000000189e+00
3.776579100000000189e+00
3.843334000000000028e+00
3.843334000000000028e+00
3.851899099999999798e+00
3.851899099999999798e+00
3.858446799999999843e+00
3.858446799999999843e+00
3.862171500000000091e+00
3.862171500000000091e+00
3.865703299999999842e+00
3.865703299999999842e+00
3.866173600000000210e+00
3.866173600000000210e+00
3.873468100000000192e+00
3.873468100000000192e+00
3.873468100000000192e+00
3.873468100000000192e+00
3.889536699999999847e+00
3.889536699999999847e+00
3.889536699999999847e+00
3.889536699999999847e+00
3.896828900000000040e+00
3.896828900000000040e+00
3.896828900000000040e+00
3.896828900000000040e+00
3.900521299999999858e+00
3.900521299999999858e+00
3.924243999999999843e+00
3.924243999999999843e+00
3.965530600000000128e+00
3.965530600000000128e+00
3.972819599999999785e+00
3.972819599999999785e+00
3.991305600000000009e+00
3.991305600000000009e+00
3.991305600000000009e+00
3.991305600000000009e+00
3.991305600000000009e+00
4.009792100000000303e+00
4.009792100000000303e+00
4.022984300000000069e+00
4.022984300000000069e+00
4.022984300000000069e+00
4.032968000000000330e+00
4.032968000000000330e+00
4.032968000000000330e+00
4.032968000000000330e+00
4.054655399999999688e+00
4.054655399999999688e+00
4.070104899999999581e+00
4.070104899999999581e+00
4.070784200000000297e+00
4.070784200000000297e+00
4.094972199999999951e+00
4.094972199999999951e+00
4.112953899999999940e+00
4.112953899999999940e+00
4.135712800000000300e+00
4.135712800000000300e+00
4.142712000000000394e+00
4.142712000000000394e+00
4.219009899999999647e+00
4.219009899999999647e+00
4.229934000000000083e+00
4.229934000000000083e+00
4.229934000000000083e+00
4.229934000000000083e+00
4.229934000000000083e+00
4.242658500000000110e+00
4.242658500000000110e+00
4.258462100000000028e+00
4.258462100000000028e+00
4.315958499999999809e+00
4.315958499999999809e+00
4.338796600000000225e+00
4.338796600000000225e+00
4.338796600000000225e+00
4.358245000000000147e+00
4.358245000000000147e+00
4.391756400000000227e+00
4.391756400000000227e+00
4.391756400000000227e+00
4.391756400000000227e+00
4.465682700000000338e+00
4.465682700000000338e+00
4.465682700000000338e+00
4.474159499999999845e+00
4.474159499999999845e+00
4.483970300000000186e+00
4.483970300000000186e+00
4.483970300000000186e+00
4.483970300000000186e+00
4.483970300000000186e+00
4.483970300000000186e+00
4.505532399999999882e+00
4.505532399999999882e+00
4.527345699999999695e+00
4.527345699999999695e+00
4.527345699999999695e+00
4.535538999999999987e+00
4.535538999999999987e+00
4.539702700000000313e+00
4.539702700000000313e+00
4.539702700000000313e+00
4.539702700000000313e+00
4.556753999999999749e+00
4.556753999999999749e+00
4.556753999999999749e+00
4.556753999999999749e+00
4.557789600000000441e+00
4.557789600000000441e+00
4.587407599999999697e+00
4.587407599999999697e+00
4.599584400000000350e+00
4.599584400000000350e+00
4.599584400000000350e+00
4.599584400000000350e+00
4.612080299999999689e+00
4.612080299999999689e+00
4.612080299999999689e+00
4.615111500000000255e+00
4.615111500000000255e+00
4.617519299999999660e+00
4.617519299999999660e+00
4.617519299999999660e+00
4.627828300000000006e+00
4.627828300000000006e+00
4.628192699999999604e+00
4.628192699999999604e+00
4.628192699999999604e+00
4.671649399999999730e+00
4.671649399999999730e+00
4.671649399999999730e+00
4.671649399999999730e+00
4.671649399999999730e+00
4.671649399999999730e+00
4.671649399999999730e+00
4.672084500000000418e+00
4.672084500000000418e+00
4.672288499999999623e+00
4.672288499999999623e+00
4.674609300000000189e+00
4.674609300000000189e+00
4.677839800000000103e+00
4.677839800000000103e+00
4.686457500000000387e+00
4.686457500000000387e+00
4.688008199999999626e+00
4.688008199999999626e+00
4.694694600000000051e+00
4.694694600000000051e+00
4.723017900000000324e+00
4.723017900000000324e+00
4.723017900000000324e+00
4.723017900000000324e+00
4.735475400000000334e+00
4.735475400000000334e+00
4.735475400000000334e+00
4.736652499999999932e+00
4.736652499999999932e+00
4.747958999999999818e+00
4.747958999999999818e+00
4.772269599999999556e+00
4.772269599999999556e+00
4.774910499999999836e+00
4.774910499999999836e+00
4.774910499999999836e+00
4.774910499999999836e+00
4.776528500000000399e+00
4.776528500000000399e+00
4.788507199999999742e+00
4.788507199999999742e+00
4.791182300000000005e+00
4.791182300000000005e+00
4.800246999999999709e+00
4.800246999999999709e+00
4.800246999999999709e+00
4.805737800000000171e+00
4.805737800000000171e+00
4.821306599999999776e+00
4.821306599999999776e+00
4.824800699999999942e+00
4.824800699999999942e+00
4.848644600000000082e+00
4.848644600000000082e+00
4.852514000000000216e+00
4.852514000000000216e+00
4.852514000000000216e+00
4.926801099999999600e+00
4.926801099999999600e+00
4.926801099999999600e+00
4.928938099999999878e+00
4.928938099999999878e+00
4.940988100000000216e+00
4.940988100000000216e+00
4.945474199999999598e+00
4.945474199999999598e+00
4.945474199999999598e+00
4.968117300000000292e+00
4.968117300000000292e+00
4.997711400000000026e+00
4.997711400000000026e+00
4.999601300000000137e+00
4.999601300000000137e+00
4.999601300000000137e+00
4.999601300000000137e+00
5.000692500000000429e+00
5.000692500000000429e+00
5.056476700000000157e+00
5.056476700000000157e+00
5.056476700000000157e+00
5.072056599999999804e+00
5.072056599999999804e+00
5.129032999999999731e+00
5.129032999999999731e+00
5.129810400000000215e+00
5.129810400000000215e+00
5.152152400000000299e+00
5.152152400000000299e+00
5.152152400000000299e+00
5.153386700000000431e+00
5.153386700000000431e+00
5.219465099999999858e+00
5.219465099999999858e+00
5.224505599999999639e+00
5.224505599999999639e+00
5.237947400000000364e+00
5.237947400000000364e+00
5.286057800000000029e+00
5.286057800000000029e+00
5.288595899999999794e+00
5.288595899999999794e+00
5.318597500000000089e+00
5.318597500000000089e+00
5.318597500000000089e+00
5.353217700000000079e+00
5.353217700000000079e+00
5.364301600000000114e+00
5.364301600000000114e+00
5.370286100000000395e+00
5.370286100000000395e+00
5.383820799999999629e+00
5.383820799999999629e+00
5.400423800000000440e+00
5.400423800000000440e+00
5.437595800000000423e+00
5.437595800000000423e+00
5.437595800000000423e+00
5.437595800000000423e+00
5.437595800000000423e+00
5.437595800000000423e+00
5.438467199999999835e+00
5.438467199999999835e+00
5.453405700000000245e+00
5.453405700000000245e+00
5.475217200000000339e+00
5.475217200000000339e+00
5.483702300000000029e+00
5.483702300000000029e+00
5.494916800000000379e+00
5.494916800000000379e+00
5.498536500000000160e+00
5.498536500000000160e+00
5.498681799999999953e+00
5.498681799999999953e+00
5.506909399999999621e+00
5.506909399999999621e+00
5.520373199999999869e+00
5.520373199999999869e+00
5.522837599999999902e+00
5.522837599999999902e+00
5.522837599999999902e+00
5.525864399999999677e+00
5.525864399999999677e+00
5.526018500000000166e+00
5.526018500000000166e+00
5.533188700000000182e+00
5.533188700000000182e+00
5.560454100000000288e+00
5.560454100000000288e+00
5.572913400000000017e+00
5.572913400000000017e+00
5.594603000000000215e+00
5.594603000000000215e+00
5.622597400000000079e+00
5.622597400000000079e+00
5.631666300000000014e+00
5.631666300000000014e+00
5.633342100000000130e+00
5.633342100000000130e+00
5.651088299999999620e+00
5.651088299999999620e+00
5.665734999999999744e+00
5.665734999999999744e+00
5.710174900000000164e+00
5.710174900000000164e+00
5.710174900000000164e+00
5.710227599999999626e+00
5.710227599999999626e+00
5.728409100000000365e+00
5.728409100000000365e+00
5.753533400000000242e+00
5.753533400000000242e+00
5.753533400000000242e+00
5.754904100000000078e+00
5.754904100000000078e+00
5.785794799999999682e+00
5.785794799999999682e+00
5.785884900000000108e+00
5.785884900000000108e+00
5.824409900000000029e+00
5.824409900000000029e+00
5.824409900000000029e+00
5.824409900000000029e+00
5.824409900000000029e+00
5.825060099999999963e+00
5.825060099999999963e+00
5.844843799999999590e+00
5.844843799999999590e+00
5.895020699999999891e+00
5.895020699999999891e+00
5.895020699999999891e+00
5.944758700000000395e+00
5.944758700000000395e+00
5.944758700000000395e+00
5.951171999999999684e+00
5.951171999999999684e+00
6.005400800000000316e+00
6.005400800000000316e+00
6.023319299999999821e+00
6.023319299999999821e+00
6.035189299999999868e+00
6.035189299999999868e+00
6.035189299999999868e+00
6.046548999999999729e+00
6.046548999999999729e+00
6.072242400000000373e+00
6.072242400000000373e+00
6.072242400000000373e+00
6.072242400000000373e+00
6.087300599999999839e+00
6.087300599999999839e+00
6.098867000000000260e+00
6.098867000000000260e+00
6.100377700000000125e+00
6.100377700000000125e+00
6.103542400000000256e+00
6.103542400000000256e+00
6.125922700000000276e+00
6.125922700000000276e+00
6.133250199999999985e+00
6.133250199999999985e+00
6.141321999999999726e+00
6.141321999999999726e+00
6.147014900000000281e+00
6.147014900000000281e+00
6.161407699999999821e+00
6.161407699999999821e+00
6.164808500000000357e+00
6.164808500000000357e+00
6.171681300000000370e+00
6.171681300000000370e+00
6.177401699999999884e+00
6.177401699999999884e+00
6.205940700000000199e+00
6.205940700000000199e+00
6.212354099999999768e+00
6.212354099999999768e+00
6.218377099999999658e+00
6.218377099999999658e+00
6.236644300000000030e+00
6.236644300000000030e+00
6.248579600000000234e+00
6.248579600000000234e+00
6.248579600000000234e+00
6.248579600000000234e+00
6.248579600000000234e+00
6.248579600000000234e+00
6.265424999999999578e+00
6.265424999999999578e+00
6.295300199999999791e+00
6.295300199999999791e+00
6.295693799999999563e+00
6.295693799999999563e+00
6.310973200000000283e+00
6.310973200000000283e+00
6.329212499999999686e+00
6.329212499999999686e+00
6.339740400000000164e+00
6.339740400000000164e+00
6.342906499999999781e+00
6.342906499999999781e+00
6.352269699999999908e+00
6.352269699999999908e+00
6.373644900000000391e+00
6.373644900000000391e+00
6.373644900000000391e+00
6.373644900000000391e+00
6.392684899999999892e+00
6.392684899999999892e+00
6.393620399999999648e+00
6.393620399999999648e+00
6.393620399999999648e+00
6.396753000000000355e+00
6.396753000000000355e+00
6.402293199999999906e+00
6.402293199999999906e+00
6.402293199999999906e+00
6.402293199999999906e+00
6.410857000000000028e+00
6.410857000000000028e+00
6.410857000000000028e+00
6.421697799999999567e+00
6.421697799999999567e+00
6.433124000000000287e+00
6.433124000000000287e+00
6.436251399999999734e+00
6.436251399999999734e+00
6.440499700000000161e+00
6.440499700000000161e+00
6.440499700000000161e+00
6.441591299999999798e+00
6.441591299999999798e+00
6.448456499999999814e+00
6.448456499999999814e+00
6.486812999999999718e+00
6.486812999999999718e+00
6.489775299999999802e+00
6.489775299999999802e+00
6.493303899999999906e+00
6.493303899999999906e+00
6.496886400000000172e+00
6.496886400000000172e+00
6.506497399999999764e+00
6.506497399999999764e+00
6.507572999999999830e+00
6.507572999999999830e+00
6.507572999999999830e+00
6.507572999999999830e+00
6.522024000000000044e+00
6.522024000000000044e+00
6.538955299999999582e+00
6.538955299999999582e+00
6.551571299999999987e+00
6.551571299999999987e+00
6.582721399999999612e+00
6.582721399999999612e+00
6.582721399999999612e+00
6.589480799999999583e+00
6.589480799999999583e+00
6.589480799999999583e+00
6.635548299999999955e+00
6.635548299999999955e+00
6.638849200000000117e+00
6.638849200000000117e+00
6.638849200000000117e+00
6.638849200000000117e+00
6.658303799999999661e+00
6.658303799999999661e+00
6.677489900000000311e+00
6.677489900000000311e+00
6.677489900000000311e+00
6.691645799999999866e+00
6.691645799999999866e+00
6.700399400000000227e+00
6.700399400000000227e+00
6.700429800000000213e+00
6.700429800000000213e+00
6.727192699999999803e+00
6.727192699999999803e+00
6.727192699999999803e+00
6.798939800000000311e+00
6.798939800000000311e+00
6.798939800000000311e+00
6.798939800000000311e+00
6.800225499999999812e+00
6.800225499999999812e+00
6.809060500000000182e+00
6.809060500000000182e+00
6.809060500000000182e+00
6.809060500000000182e+00
6.818460299999999918e+00
6.818460299999999918e+00
6.851769700000000185e+00
6.851769700000000185e+00
6.856811800000000012e+00
6.856811800000000012e+00
6.856811800000000012e+00
6.856811800000000012e+00
6.861861099999999603e+00
6.861861099999999603e+00
6.877671199999999985e+00
6.877671199999999985e+00
6.878051300000000090e+00
6.878051300000000090e+00
6.883423800000000092e+00
6.883423800000000092e+00
6.944181799999999960e+00
6.944181799999999960e+00
6.950775400000000381e+00
6.950775400000000381e+00
6.983929400000000065e+00
6.983929400000000065e+00
6.983929400000000065e+00
6.983929400000000065e+00
6.983929400000000065e+00
6.997124300000000297e+00
6.997124300000000297e+00
7.016831999999999958e+00
7.016831999999999958e+00
7.016831999999999958e+00
7.025661399999999723e+00
7.025661399999999723e+00
7.065359599999999851e+00
7.065359599999999851e+00
7.076872500000000343e+00
7.076872500000000343e+00
7.076872500000000343e+00
7.106510700000000291e+00
7.106510700000000291e+00
7.135293899999999745e+00
7.135293899999999745e+00
7.164293500000000314e+00
7.164293500000000314e+00
7.212145999999999724e+00
7.212145999999999724e+00
7.268004799999999932e+00
7.268004799999999932e+00
7.268004799999999932e+00
7.288431899999999963e+00
7.288431899999999963e+00
7.296307299999999607e+00
7.296307299999999607e+00
7.343235599999999863e+00
7.343235599999999863e+00
7.362354899999999702e+00
7.362354899999999702e+00
7.362354899999999702e+00
7.362354899999999702e+00
7.372870899999999672e+00
7.372870899999999672e+00
7.383404399999999868e+00
7.383404399999999868e+00
7.413718399999999598e+00
7.413718399999999598e+00
7.413718399999999598e+00
7.413718399999999598e+00
7.413718399999999598e+00
7.413718399999999598e+00
7.415285700000000091e+00
7.415285700000000091e+00
7.415285700000000091e+00
7.431414199999999859e+00
7.431414199999999859e+00
7.463586199999999948e+00
7.463586199999999948e+00
7.463586199999999948e+00
7.463586199999999948e+00
7.481814899999999824e+00
7.481814899999999824e+00
7.481814899999999824e+00
7.481814899999999824e+00
7.526313599999999937e+00
7.526313599999999937e+00
7.528373099999999596e+00
7.528373099999999596e+00
7.549428599999999712e+00
7.549428599999999712e+00
7.596878399999999587e+00
7.596878399999999587e+00
7.598757599999999890e+00
7.598757599999999890e+00
7.607565700000000319e+00
7.607565700000000319e+00
7.619669000000000025e+00
7.619669000000000025e+00
7.622508400000000073e+00
7.622508400000000073e+00
7.653078500000000339e+00
7.653078500000000339e+00
7.706851799999999919e+00
7.706851799999999919e+00
7.721423800000000170e+00
7.721423800000000170e+00
7.721423800000000170e+00
7.721681300000000192e+00
7.721681300000000192e+00
7.729247899999999838e+00
7.729247899999999838e+00
7.756794900000000048e+00
7.756794900000000048e+00
7.803685599999999667e+00
7.803685599999999667e+00
7.808487699999999698e+00
7.808487699999999698e+00
7.821734400000000420e+00
7.821734400000000420e+00
7.821734400000000420e+00
7.821734400000000420e+00
7.825208800000000409e+00
7.825208800000000409e+00
7.830015099999999784e+00
7.830015099999999784e+00
7.833751499999999979e+00
7.833751499999999979e+00
7.838019300000000023e+00
7.838019300000000023e+00
7.838019300000000023e+00
7.843118600000000384e+00
7.843118600000000384e+00
7.847959699999999650e+00
7.847959699999999650e+00
7.853908900000000415e+00
7.853908900000000415e+00
7.858080900000000035e+00
7.858080900000000035e+00
7.858825600000000300e+00
7.858825600000000300e+00
7.909963699999999598e+00
7.909963699999999598e+00
7.915662099999999590e+00
7.915662099999999590e+00
7.926692499999999697e+00
7.926692499999999697e+00
7.936565100000000150e+00
7.936565100000000150e+00
7.948761499999999813e+00
7.948761499999999813e+00
7.952809300000000192e+00
7.952809300000000192e+00
7.962461700000000420e+00
7.962461700000000420e+00
7.984006800000000403e+00
7.984006800000000403e+00
7.984006800000000403e+00
7.993436199999999658e+00
7.993436199999999658e+00
8.002482300000000492e+00
8.002482300000000492e+00
8.016711100000000201e+00
8.016711100000000201e+00
8.068690200000000701e+00
8.068690200000000701e+00
8.079366900000000129e+00
8.079366900000000129e+00
8.079844200000000143e+00
8.079844200000000143e+00
8.079844200000000143e+00
8.079844200000000143e+00
8.091774199999999695e+00
8.091774199999999695e+00
8.114698199999999417e+00
8.114698199999999417e+00
8.115168799999999294e+00
8.115168799999999294e+00
8.118434499999999332e+00
8.118434499999999332e+00
8.121100900000000067e+00
8.121100900000000067e+00
8.127235600000000559e+00
8.127235600000000559e+00
8.141460699999999662e+00
8.141460699999999662e+00
8.143428699999999409e+00
8.143428699999999409e+00
8.159216499999999428e+00
8.159216499999999428e+00
8.161181700000000205e+00
8.161181700000000205e+00
8.172353400000000434e+00
8.172353400000000434e+00
8.181703499999999352e+00
8.181703499999999352e+00
8.191432999999999964e+00
8.191432999999999964e+00
8.217289700000000252e+00
8.217289700000000252e+00
8.218242800000000514e+00
8.218242800000000514e+00
8.224254000000000175e+00
8.224254000000000175e+00
8.231551200000000179e+00
8.231551200000000179e+00
8.236636999999999986e+00
8.236636999999999986e+00
8.249552400000000674e+00
8.249552400000000674e+00
8.258515499999999676e+00
8.258515499999999676e+00
8.260064299999999804e+00
8.260064299999999804e+00
8.260346500000000702e+00
8.260346500000000702e+00
8.276941100000000162e+00
8.276941100000000162e+00
8.286168099999999370e+00
8.286168099999999370e+00
8.286168099999999370e+00
8.392151000000000138e+00
8.392151000000000138e+00
8.392151000000000138e+00
8.449232600000000204e+00
8.449232600000000204e+00
8.449232600000000204e+00
8.449232600000000204e+00
8.453570799999999608e+00
8.453570799999999608e+00
8.470996899999999385e+00
8.470996899999999385e+00
8.490002600000000399e+00
8.490002600000000399e+00
8.513113399999999942e+00
8.513113399999999942e+00
8.515212500000000517e+00
8.515212500000000517e+00
8.519747100000000017e+00
8.519747100000000017e+00
8.529490900000000764e+00
8.529490900000000764e+00
8.537421800000000616e+00
8.537421800000000616e+00
8.539875500000000841e+00
8.539875500000000841e+00
8.570712099999999722e+00
8.570712099999999722e+00
8.612857099999999377e+00
8.612857099999999377e+00
8.652647999999999229e+00
8.652647999999999229e+00
8.655165099999999612e+00
8.655165099999999612e+00
8.678155600000000192e+00
8.678155600000000192e+00
8.714513399999999521e+00
8.714513399999999521e+00
8.715541099999999375e+00
8.715541099999999375e+00
8.720355700000000709e+00
8.720355700000000709e+00
8.720355700000000709e+00
8.726552399999999210e+00
8.726552399999999210e+00
8.741172999999999860e+00
8.741172999999999860e+00
8.751037399999999522e+00
8.751037399999999522e+00
8.752302399999999594e+00
8.752302399999999594e+00
8.762310199999999938e+00
8.762310199999999938e+00
8.762310199999999938e+00
8.762310199999999938e+00
8.762310199999999938e+00
8.763801100000000233e+00
8.763801100000000233e+00
8.803364900000000048e+00
8.803364900000000048e+00
8.808270600000000172e+00
8.808270600000000172e+00
8.808270600000000172e+00
8.808270600000000172e+00
8.809157799999999483e+00
8.809157799999999483e+00
8.855977100000000490e+00
8.855977100000000490e+00
8.860730200000000778e+00
8.860730200000000778e+00
8.873887599999999765e+00
8.873887599999999765e+00
8.873887599999999765e+00
8.903967899999999602e+00
8.903967899999999602e+00
8.923138800000000259e+00
8.923138800000000259e+00
8.938190600000000430e+00
8.938190600000000430e+00
8.938190600000000430e+00
8.973473000000000255e+00
8.973473000000000255e+00
9.000147899999999979e+00
9.000147899999999979e+00
9.002162699999999518e+00
9.002162699999999518e+00
9.011639300000000574e+00
9.011639300000000574e+00
9.011639300000000574e+00
9.044147199999999387e+00
9.044147199999999387e+00
9.064607300000000478e+00
9.064607300000000478e+00
9.070322400000000229e+00
9.070322400000000229e+00
9.077642600000000783e+00
9.077642600000000783e+00
9.102740900000000579e+00
9.102740900000000579e+00
9.117222299999999890e+00
9.117222299999999890e+00
9.118159699999999646e+00
9.118159699999999646e+00
9.131032400000000493e+00
9.131032400000000493e+00
9.142457000000000278e+00
9.142457000000000278e+00
9.156166499999999431e+00
9.156166499999999431e+00
9.165755100000000155e+00
9.165755100000000155e+00
9.165755100000000155e+00
9.166175000000000850e+00
9.166175000000000850e+00
9.178982899999999390e+00
9.178982899999999390e+00
9.188200099999999537e+00
9.188200099999999537e+00
9.189922700000000333e+00
9.189922700000000333e+00
9.196572299999999700e+00
9.196572299999999700e+00
9.208837000000000828e+00
9.208837000000000828e+00
9.214471400000000756e+00
9.214471400000000756e+00
9.226051099999999394e+00
9.226051099999999394e+00
9.232416300000000575e+00
9.232416300000000575e+00
9.274817799999999224e+00
9.274817799999999224e+00
9.279162599999999372e+00
9.279162599999999372e+00
9.282591099999999429e+00
9.282591099999999429e+00
9.284798500000000843e+00
9.284798500000000843e+00
9.284798500000000843e+00
9.304949000000000581e+00
9.304949000000000581e+00
9.325618600000000313e+00
9.325618600000000313e+00
9.346770799999999824e+00
9.346770799999999824e+00
9.350754699999999531e+00
9.350754699999999531e+00
9.420123600000000152e+00
9.420123600000000152e+00
9.420123600000000152e+00
9.445224200000000181e+00
9.445224200000000181e+00
9.445577200000000673e+00
9.445577200000000673e+00
9.469065199999999294e+00
9.469065199999999294e+00
9.469065199999999294e+00
9.483727500000000532e+00
9.483727500000000532e+00
9.485734499999999514e+00
9.485734499999999514e+00
9.497715299999999417e+00
9.497715299999999417e+00
9.526187900000000042e+00
9.526187900000000042e+00
9.588710900000000592e+00
9.588710900000000592e+00
9.615511299999999650e+00
9.615511299999999650e+00
9.633891300000000157e+00
9.633891300000000157e+00
9.657617399999999463e+00
9.657617399999999463e+00
9.674875699999999412e+00
9.674875699999999412e+00
9.694426800000000455e+00
9.694426800000000455e+00
9.705715500000000162e+00
9.705715500000000162e+00
9.714216999999999658e+00
9.714216999999999658e+00
9.732112600000000668e+00
9.732112600000000668e+00
9.732112600000000668e+00
9.732112600000000668e+00
9.739462200000000180e+00
9.739462200000000180e+00
9.742457200000000483e+00
9.742457200000000483e+00
9.756155800000000156e+00
9.756155800000000156e+00
9.766623400000000288e+00
9.766623400000000288e+00
9.781559599999999577e+00
9.781559599999999577e+00
9.801222400000000334e+00
9.801222400000000334e+00
9.812653199999999742e+00
9.812653199999999742e+00
9.812653199999999742e+00
9.825707299999999478e+00
9.825707299999999478e+00
9.827012500000000372e+00
9.827012500000000372e+00
9.840118800000000832e+00
9.840118800000000832e+00
9.853984199999999305e+00
9.853984199999999305e+00
9.889415299999999576e+00
9.889415299999999576e+00
9.894351600000000246e+00
9.894351600000000246e+00
9.904450600000000549e+00
9.904450600000000549e+00
9.904450600000000549e+00
9.911009099999999350e+00
9.911009099999999350e+00
9.911456100000000546e+00
9.911456100000000546e+00
9.911456100000000546e+00
9.911821800000000238e+00
9.911821800000000238e+00
9.939664399999999844e+00
9.939664399999999844e+00
9.945909900000000192e+00
9.945909900000000192e+00
9.947154799999999852e+00
9.947154799999999852e+00
9.947154799999999852e+00
9.984266800000000330e+00
9.984266800000000330e+00
9.988259799999999800e+00
9.988259799999999800e+00
9.997010100000000676e+00
9.997010100000000676e+00
1.002972399999999986e+01
1.002972399999999986e+01
1.003803300000000043e+01
1.003803300000000043e+01
1.004730699999999999e+01
1.004730699999999999e+01
1.005166000000000004e+01
1.005166000000000004e+01
1.005166000000000004e+01
1.005636100000000077e+01
1.005636100000000077e+01
1.006449600000000011e+01
1.006449600000000011e+01
1.011399300000000068e+01
1.011399300000000068e+01
1.011733300000000035e+01
1.011733300000000035e+01
1.016136299999999970e+01
1.016136299999999970e+01
1.016364399999999968e+01
1.016364399999999968e+01
1.025030399999999986e+01
1.025030399999999986e+01
1.025629499999999972e+01
1.025629499999999972e+01
1.025629499999999972e+01
1.026678700000000077e+01
1.026678700000000077e+01
1.026678700000000077e+01
1.029468699999999970e+01
1.029468699999999970e+01
1.029622099999999918e+01
1.029622099999999918e+01
1.029622099999999918e+01
1.031097699999999939e+01
1.031097699999999939e+01
1.032872399999999935e+01
1.032872399999999935e+01
1.032872399999999935e+01
1.035692000000000057e+01
1.035692000000000057e+01
1.036559100000000022e+01
1.036559100000000022e+01
1.037116100000000074e+01
1.037116100000000074e+01
1.038389699999999927e+01
1.038389699999999927e+01
1.039507300000000001e+01
1.039507300000000001e+01
1.039507300000000001e+01
1.040220399999999934e+01
1.040220399999999934e+01
1.040220399999999934e+01
1.040387499999999932e+01
1.040387499999999932e+01
1.041626899999999978e+01
1.041626899999999978e+01
1.041802099999999953e+01
1.041802099999999953e+01
1.041802099999999953e+01
1.041904399999999953e+01
1.041904399999999953e+01
1.041956700000000069e+01
1.041956700000000069e+01
1.042009299999999961e+01
1.042009299999999961e+01
1.042153500000000044e+01
1.042153500000000044e+01
1.042153500000000044e+01
1.043756499999999932e+01
1.043756499999999932e+01
1.044888100000000009e+01
1.044888100000000009e+01
1.045871700000000004e+01
1.045871700000000004e+01
1.045930800000000005e+01
1.045930800000000005e+01
1.045930800000000005e+01
1.047345600000000054e+01
1.047345600000000054e+01
1.048868799999999979e+01
1.048868799999999979e+01
1.049301400000000051e+01
1.049301400000000051e+01
1.053797299999999915e+01
1.053797299999999915e+01
1.055777199999999993e+01
1.055777199999999993e+01
1.055777199999999993e+01
1.056330700000000000e+01
1.056330700000000000e+01
1.056587400000000088e+01
1.056587400000000088e+01
1.056587400000000088e+01
1.056587400000000088e+01
1.057694700000000054e+01
1.057694700000000054e+01
1.060514299999999999e+01
1.060514299999999999e+01
1.063777699999999982e+01
1.063777699999999982e+01
1.064269600000000082e+01
1.064269600000000082e+01
1.064269600000000082e+01
1.064269600000000082e+01
1.067393500000000017e+01
1.067393500000000017e+01
1.069116400000000056e+01
1.069116400000000056e+01
1.069116400000000056e+01
1.069116400000000056e+01
1.070606199999999930e+01
1.070606199999999930e+01
1.073274299999999926e+01
1.073274299999999926e+01
1.074877500000000019e+01
1.074877500000000019e+01
1.075704600000000077e+01
1.075704600000000077e+01
1.077356699999999989e+01
1.077356699999999989e+01
1.077950000000000053e+01
1.077950000000000053e+01
1.077950000000000053e+01
1.077950000000000053e+01
1.078595299999999924e+01
1.078595299999999924e+01
1.078595299999999924e+01
1.079470799999999997e+01
1.079470799999999997e+01
1.082333099999999959e+01
1.082333099999999959e+01
1.084599799999999981e+01
1.084599799999999981e+01
1.084873999999999938e+01
1.084873999999999938e+01
1.085124199999999917e+01
1.085124199999999917e+01
1.086088999999999949e+01
1.086088999999999949e+01
1.086695300000000053e+01
1.086695300000000053e+01
1.087821500000000086e+01
1.087821500000000086e+01
1.087821500000000086e+01
1.087821500000000086e+01
1.088815100000000058e+01
1.088815100000000058e+01
1.088815100000000058e+01
1.088815100000000058e+01
1.090869999999999962e+01
1.090869999999999962e+01
1.091441599999999923e+01
1.091441599999999923e+01
1.091538100000000000e+01
1.091538100000000000e+01
1.091539000000000037e+01
1.091539000000000037e+01
1.092540400000000034e+01
1.092540400000000034e+01
1.093861799999999995e+01
1.093861799999999995e+01
1.094649000000000072e+01
1.094649000000000072e+01
1.097830000000000084e+01
1.097830000000000084e+01
1.098591599999999957e+01
1.098591599999999957e+01
1.098748699999999978e+01
1.098748699999999978e+01
1.099240400000000051e+01
1.099240400000000051e+01
1.099749899999999947e+01
1.099749899999999947e+01
1.099749899999999947e+01
1.100019799999999925e+01
1.100019799999999925e+01
1.100574600000000025e+01
1.100574600000000025e+01
1.107098799999999983e+01
1.107098799999999983e+01
1.107757600000000053e+01
1.107757600000000053e+01
1.107757600000000053e+01
1.107757600000000053e+01
1.113310199999999917e+01
1.113310199999999917e+01
1.113486200000000004e+01
1.113486200000000004e+01
1.113666899999999949e+01
1.113666899999999949e+01
1.113983499999999971e+01
1.113983499999999971e+01
1.114201000000000086e+01
1.114201000000000086e+01
1.114201000000000086e+01
1.114585899999999974e+01
1.114585899999999974e+01
1.115642000000000067e+01
1.115642000000000067e+01
1.115642000000000067e+01
1.115642000000000067e+01
1.115759300000000032e+01
1.115759300000000032e+01
1.115759300000000032e+01
1.117984700000000053e+01
1.117984700000000053e+01
1.118673500000000054e+01
1.118673500000000054e+01
1.118673500000000054e+01
1.118961400000000062e+01
1.118961400000000062e+01
1.119133199999999917e+01
1.119133199999999917e+01
1.119133199999999917e+01
1.119133199999999917e+01
1.121324500000000057e+01
1.121324500000000057e+01
1.121771400000000085e+01
1.121771400000000085e+01
1.122209100000000070e+01
1.122209100000000070e+01
1.124881500000000045e+01
1.124881500000000045e+01
1.124881500000000045e+01
1.124881500000000045e+01
1.124881500000000045e+01
1.124881500000000045e+01
1.124881500000000045e+01
1.125096899999999955e+01
1.125096899999999955e+01
1.125096899999999955e+01
1.125096899999999955e+01
1.125096899999999955e+01
1.125096899999999955e+01
1.125096899999999955e+01
1.126631399999999950e+01
1.126631399999999950e+01
1.126716799999999985e+01
1.126716799999999985e+01
1.127420799999999979e+01
1.127420799999999979e+01
1.128516800000000053e+01
1.128516800000000053e+01
1.129572199999999960e+01
1.129572199999999960e+01
1.129572199999999960e+01
1.129572199999999960e+01
1.129572199999999960e+01
1.130525300000000044e+01
1.130525300000000044e+01
1.137000500000000081e+01
1.137000500000000081e+01
1.137000500000000081e+01
1.137000500000000081e+01
1.137000500000000081e+01
1.140798799999999957e+01
1.140798799999999957e+01
1.141919399999999918e+01
1.141919399999999918e+01
1.142148700000000083e+01
1.142148700000000083e+01
1.143716299999999997e+01
1.143716299999999997e+01
1.143716299999999997e+01
1.144022099999999931e+01
1.144022099999999931e+01
1.144022099999999931e+01
1.145241099999999967e+01
1.145241099999999967e+01
1.145294699999999999e+01
1.145294699999999999e+01
1.145960799999999935e+01
1.145960799999999935e+01
1.147768199999999972e+01
1.147768199999999972e+01
1.150131299999999968e+01
1.150131299999999968e+01
1.151712299999999978e+01
1.151712299999999978e+01
1.154557999999999929e+01
1.154557999999999929e+01
1.154557999999999929e+01
1.156346500000000077e+01
1.156346500000000077e+01
1.156734400000000029e+01
1.156734400000000029e+01
1.156834899999999955e+01
1.156834899999999955e+01
1.156834899999999955e+01
1.157192200000000071e+01
1.157192200000000071e+01
1.161287800000000026e+01
1.161287800000000026e+01
1.162941499999999984e+01
1.162941499999999984e+01
1.164089899999999922e+01
1.164089899999999922e+01
1.166302899999999987e+01
1.166302899999999987e+01
1.166612100000000041e+01
1.166612100000000041e+01
1.168679500000000004e+01
1.168679500000000004e+01
1.170580499999999979e+01
1.170580499999999979e+01
1.170580499999999979e+01
1.171386099999999963e+01
1.171386099999999963e+01
1.171896899999999953e+01
1.171896899999999953e+01
1.173652599999999957e+01
1.173652599999999957e+01
1.173652599999999957e+01
1.174014599999999930e+01
1.174014599999999930e+01
1.175022300000000008e+01
1.175022300000000008e+01
1.175022300000000008e+01
1.175220900000000057e+01
1.175220900000000057e+01
1.175220900000000057e+01
1.175415800000000033e+01
1.175415800000000033e+01
1.178213799999999978e+01
1.178213799999999978e+01
1.181891199999999920e+01
1.181891199999999920e+01
1.181940299999999944e+01
1.181940299999999944e+01
1.181942199999999943e+01
1.181942199999999943e+01
1.182110499999999931e+01
1.182110499999999931e+01
1.182110499999999931e+01
1.184851399999999977e+01
1.184851399999999977e+01
1.184851399999999977e+01
1.184851399999999977e+01
1.184851399999999977e+01
1.186115299999999984e+01
1.186115299999999984e+01
1.187052399999999963e+01
1.187052399999999963e+01
1.188198299999999996e+01
1.188198299999999996e+01
1.192043100000000067e+01
1.192043100000000067e+01
1.194827300000000037e+01
1.194827300000000037e+01
1.197194499999999984e+01
1.197194499999999984e+01
1.199787000000000070e+01
1.199787000000000070e+01
1.199787000000000070e+01
1.199787000000000070e+01
1.200720600000000005e+01
1.200720600000000005e+01
1.201290700000000022e+01
1.201290700000000022e+01
1.201932900000000082e+01
1.201932900000000082e+01
1.202532199999999918e+01
1.202532199999999918e+01
1.202775100000000030e+01
1.202775100000000030e+01
1.209314600000000084e+01
1.209314600000000084e+01
1.211827199999999927e+01
1.211827199999999927e+01
1.211827199999999927e+01
1.212670600000000043e+01
1.212670600000000043e+01
1.212880200000000031e+01
1.212880200000000031e+01
1.212880200000000031e+01
1.213197800000000015e+01
1.213197800000000015e+01
1.215046800000000005e+01
1.215046800000000005e+01
1.217579600000000006e+01
1.217579600000000006e+01
1.217737699999999990e+01
1.217737699999999990e+01
1.218637700000000024e+01
1.218637700000000024e+01
1.219388499999999986e+01
1.219388499999999986e+01
1.219675299999999929e+01
1.219675299999999929e+01
1.224308000000000085e+01
1.224308000000000085e+01
1.224308000000000085e+01
1.227465800000000051e+01
1.227465800000000051e+01
1.231521200000000071e+01
1.231521200000000071e+01
1.231800800000000073e+01
1.231800800000000073e+01
1.231800800000000073e+01
1.231800800000000073e+01
1.233908699999999925e+01
1.233908699999999925e+01
1.236099500000000084e+01
1.236099500000000084e+01
1.236302300000000010e+01
1.236302300000000010e+01
1.240847600000000028e+01
1.240847600000000028e+01
1.241688199999999931e+01
1.241688199999999931e+01
1.241740700000000075e+01
1.241740700000000075e+01
1.241740700000000075e+01
1.241740700000000075e+01
1.242329100000000075e+01
1.242329100000000075e+01
1.244490200000000080e+01
1.244490200000000080e+01
1.247608400000000017e+01
1.247608400000000017e+01
1.247690599999999961e+01
1.247690599999999961e+01
1.247690599999999961e+01
1.249380900000000061e+01
1.249380900000000061e+01
1.249380900000000061e+01
1.249473200000000084e+01
1.249473200000000084e+01
1.250917699999999932e+01
1.250917699999999932e+01
1.251232399999999956e+01
1.251232399999999956e+01
1.252051600000000064e+01
1.252051600000000064e+01
1.253745699999999985e+01
1.253745699999999985e+01
1.253814900000000065e+01
1.253814900000000065e+01
1.253814900000000065e+01
1.253828599999999938e+01
1.253828599999999938e+01
1.254225800000000035e+01
1.254225800000000035e+01
1.254225800000000035e+01
1.254225800000000035e+01
1.256607400000000041e+01
1.256607400000000041e+01
1.257397699999999929e+01
1.257397699999999929e+01
1.260009100000000082e+01
1.260009100000000082e+01
1.262272800000000039e+01
1.262272800000000039e+01
1.262727800000000045e+01
1.262727800000000045e+01
1.262880799999999937e+01
1.262880799999999937e+01
1.262880799999999937e+01
1.262880799999999937e+01
1.262880799999999937e+01
1.265922100000000050e+01
1.265922100000000050e+01
1.266635499999999936e+01
1.266635499999999936e+01
1.266635499999999936e+01
1.267148000000000074e+01
1.267148000000000074e+01
1.267223199999999927e+01
1.267223199999999927e+01
1.268393499999999996e+01
1.268393499999999996e+01
1.268393499999999996e+01
1.274714099999999917e+01
1.274714099999999917e+01
1.275479100000000088e+01
1.275479100000000088e+01
1.275608500000000056e+01
1.275608500000000056e+01
1.275608500000000056e+01
1.275608500000000056e+01
1.275993099999999991e+01
1.275993099999999991e+01
1.277664099999999969e+01
1.277664099999999969e+01
1.277664099999999969e+01
1.278766399999999948e+01
1.278766399999999948e+01
1.278894500000000001e+01
1.278894500000000001e+01
1.280983799999999917e+01
1.280983799999999917e+01
1.282172699999999921e+01
1.282172699999999921e+01
1.282172699999999921e+01
1.284830200000000033e+01
1.284830200000000033e+01
1.286626500000000028e+01
1.286626500000000028e+01
1.291389200000000059e+01
1.291389200000000059e+01
1.292840999999999951e+01
1.292840999999999951e+01
1.294536599999999993e+01
1.294536599999999993e+01
1.295227200000000067e+01
1.295227200000000067e+01
1.295227200000000067e+01
1.295404199999999939e+01
1.295404199999999939e+01
1.297223699999999980e+01
1.297223699999999980e+01
1.299464000000000041e+01
1.299464000000000041e+01
1.299971500000000013e+01
1.299971500000000013e+01
1.299971500000000013e+01
1.302509900000000087e+01
1.302509900000000087e+01
1.303186400000000056e+01
1.303186400000000056e+01
1.303334199999999932e+01
1.303334199999999932e+01
1.303818500000000036e+01
1.303818500000000036e+01
1.304003699999999988e+01
1.304003699999999988e+01
1.306604500000000080e+01
1.306604500000000080e+01
1.306604500000000080e+01
1.306861899999999999e+01
1.306861899999999999e+01
1.307972299999999954e+01
1.307972299999999954e+01
1.308157699999999934e+01
1.308157699999999934e+01
1.308157699999999934e+01
1.311313600000000079e+01
1.311313600000000079e+01
1.311453700000000033e+01
1.311453700000000033e+01
1.313123799999999974e+01
1.313123799999999974e+01
1.313601199999999913e+01
1.313601199999999913e+01
1.315144399999999969e+01
1.315144399999999969e+01
1.315223899999999979e+01
1.315223899999999979e+01
1.322772100000000073e+01
1.322772100000000073e+01
1.322772100000000073e+01
1.323078300000000063e+01
1.323078300000000063e+01
1.324317699999999931e+01
1.324317699999999931e+01
1.324439500000000081e+01
1.324439500000000081e+01
1.324490699999999954e+01
1.324490699999999954e+01
1.324490699999999954e+01
1.324490699999999954e+01
1.324490699999999954e+01
1.325022399999999934e+01
1.325022399999999934e+01
1.325022399999999934e+01
1.326039399999999979e+01
1.326039399999999979e+01
1.329649700000000045e+01
1.329649700000000045e+01
1.331588799999999928e+01
1.331588799999999928e+01
1.333213199999999965e+01
1.333213199999999965e+01
1.336917799999999978e+01
1.336917799999999978e+01
1.336993499999999990e+01
1.336993499999999990e+01
1.337817300000000031e+01
1.337817300000000031e+01
1.338556099999999915e+01
1.338556099999999915e+01
1.338556099999999915e+01
1.338556099999999915e+01
1.339817799999999970e+01
1.339817799999999970e+01
1.340121700000000082e+01
1.340121700000000082e+01
1.340121700000000082e+01
1.345052300000000045e+01
1.345052300000000045e+01
1.346007700000000007e+01
1.346007700000000007e+01
1.346007700000000007e+01
1.346007700000000007e+01
1.348212000000000010e+01
1.348212000000000010e+01
1.348852100000000043e+01
1.348852100000000043e+01
1.349818400000000018e+01
1.349818400000000018e+01
1.353490799999999972e+01
1.353490799999999972e+01
1.353490799999999972e+01
1.354207199999999922e+01
1.354207199999999922e+01
1.354377700000000040e+01
1.354377700000000040e+01
1.354873399999999961e+01
1.354873399999999961e+01
1.357814399999999999e+01
1.357814399999999999e+01
1.358623500000000028e+01
1.358623500000000028e+01
1.359960200000000086e+01
1.359960200000000086e+01
1.359960200000000086e+01
1.359960200000000086e+01
1.360930500000000087e+01
1.360930500000000087e+01
1.361480500000000049e+01
1.361480500000000049e+01
1.361674299999999960e+01
1.361674299999999960e+01
1.361674299999999960e+01
1.361674299999999960e+01
1.362079199999999979e+01
1.362079199999999979e+01
1.363835800000000020e+01
1.363835800000000020e+01
1.363942199999999971e+01
1.363942199999999971e+01
1.372208900000000042e+01
1.372208900000000042e+01
1.372208900000000042e+01
1.373380099999999970e+01
1.373380099999999970e+01
1.373468300000000042e+01
1.373468300000000042e+01
1.373468300000000042e+01
1.373468300000000042e+01
1.373468300000000042e+01
1.373468300000000042e+01
1.373509100000000061e+01
1.373509100000000061e+01
1.374226299999999945e+01
1.374226299999999945e+01
1.374226299999999945e+01
1.375038799999999917e+01
1.375038799999999917e+01
1.375628000000000029e+01
1.375628000000000029e+01
1.376750299999999960e+01
1.376750299999999960e+01
1.379856799999999950e+01
1.379856799999999950e+01
1.382069199999999931e+01
1.382069199999999931e+01
1.383496899999999918e+01
1.383496899999999918e+01
1.384838899999999917e+01
1.384838899999999917e+01
1.384838899999999917e+01
1.385091099999999997e+01
1.385091099999999997e+01
1.385102200000000039e+01
1.385102200000000039e+01
1.388895899999999983e+01
1.388895899999999983e+01
1.388895899999999983e+01
1.389751200000000075e+01
1.389751200000000075e+01
1.391755900000000068e+01
1.391755900000000068e+01
1.391755900000000068e+01
1.391755900000000068e+01
1.393186900000000072e+01
1.393186900000000072e+01
1.393278699999999937e+01
1.393278699999999937e+01
1.393278699999999937e+01
1.393278699999999937e+01
1.393397099999999966e+01
1.393397099999999966e+01
1.394367500000000071e+01
1.394367500000000071e+01
1.394612599999999958e+01
1.394612599999999958e+01
1.396206800000000037e+01
1.396206800000000037e+01
1.397449199999999969e+01
1.397449199999999969e+01
1.399030999999999914e+01
1.399030999999999914e+01
1.399878499999999981e+01
1.399878499999999981e+01
1.400287600000000054e+01
1.400287600000000054e+01
1.400287600000000054e+01
1.400287600000000054e+01
1.402602300000000035e+01
1.402602300000000035e+01
1.405699300000000029e+01
1.405699300000000029e+01
1.406287400000000076e+01
1.406287400000000076e+01
1.406287400000000076e+01
1.406409400000000076e+01
1.406409400000000076e+01
1.406409400000000076e+01
1.406539700000000082e+01
1.406539700000000082e+01
1.408221400000000045e+01
1.408221400000000045e+01
1.410507400000000011e+01
1.410507400000000011e+01
1.410519900000000071e+01
1.410519900000000071e+01
1.410519900000000071e+01
1.410519900000000071e+01
1.412720000000000020e+01
1.412720000000000020e+01
1.414539800000000014e+01
1.414539800000000014e+01
1.415071999999999974e+01
1.415071999999999974e+01
1.416099200000000025e+01
1.416099200000000025e+01
1.417025499999999916e+01
1.417025499999999916e+01
1.417083900000000085e+01
1.417083900000000085e+01
1.420330200000000076e+01
1.420330200000000076e+01
1.421765100000000004e+01
1.421765100000000004e+01
1.421981599999999979e+01
1.421981599999999979e+01
1.423806199999999933e+01
1.423806199999999933e+01
1.424192200000000064e+01
1.424192200000000064e+01
1.427072199999999924e+01
1.427072199999999924e+01
1.428581199999999995e+01
1.428581199999999995e+01
1.428581199999999995e+01
1.428581199999999995e+01
1.428581199999999995e+01
1.428581199999999995e+01
1.431619500000000045e+01
1.431619500000000045e+01
1.431653099999999945e+01
1.431653099999999945e+01
1.431993499999999919e+01
1.431993499999999919e+01
1.432191100000000006e+01
1.432191100000000006e+01
1.432953900000000047e+01
1.432953900000000047e+01
1.432975899999999925e+01
1.432975899999999925e+01
1.433338099999999926e+01
1.433338099999999926e+01
1.433751900000000035e+01
1.433751900000000035e+01
1.434227100000000021e+01
1.434227100000000021e+01
1.434433699999999945e+01
1.434433699999999945e+01
1.434708299999999959e+01
1.434708299999999959e+01
1.434708299999999959e+01
1.434708299999999959e+01
1.434708299999999959e+01
1.434708299999999959e+01
1.434960899999999917e+01
1.434960899999999917e+01
1.435078799999999966e+01
1.435078799999999966e+01
1.437024100000000004e+01
1.437024100000000004e+01
1.437265700000000024e+01
1.437265700000000024e+01
1.437413600000000002e+01
1.437413600000000002e+01
1.438537700000000008e+01
1.438537700000000008e+01
1.438537700000000008e+01
1.438537700000000008e+01
1.438537700000000008e+01
1.439713899999999924e+01
1.439713899999999924e+01
1.440488599999999941e+01
1.440488599999999941e+01
1.442597400000000007e+01
1.442597400000000007e+01
1.443149799999999949e+01
1.443149799999999949e+01
1.443222500000000075e+01
1.443222500000000075e+01
1.445113699999999923e+01
1.445113699999999923e+01
1.445113699999999923e+01
1.447656600000000005e+01
1.447656600000000005e+01
1.449972400000000050e+01
1.449972400000000050e+01
1.450350800000000007e+01
1.450350800000000007e+01
1.451852200000000082e+01
1.451852200000000082e+01
1.452803899999999970e+01
1.452803899999999970e+01
1.452803899999999970e+01
1.452803899999999970e+01
1.452889599999999959e+01
1.452889599999999959e+01
1.452889599999999959e+01
1.452889599999999959e+01
1.453251799999999960e+01
1.453251799999999960e+01
1.457910599999999945e+01
1.457910599999999945e+01
1.457910599999999945e+01
1.458512200000000014e+01
1.458512200000000014e+01
1.459866399999999942e+01
1.459866399999999942e+01
1.461804000000000059e+01
1.461804000000000059e+01
1.461804000000000059e+01
1.461804000000000059e+01
1.465585199999999944e+01
1.465585199999999944e+01
1.465585199999999944e+01
1.465585199999999944e+01
1.465690599999999932e+01
1.465690599999999932e+01
1.465690599999999932e+01
1.465690599999999932e+01
1.465988899999999973e+01
1.465988899999999973e+01
1.467218399999999967e+01
1.467218399999999967e+01
1.469276999999999944e+01
1.469276999999999944e+01
1.469579500000000039e+01
1.469579500000000039e+01
1.469579500000000039e+01
1.470715599999999945e+01
1.470715599999999945e+01
1.471546799999999955e+01
1.471546799999999955e+01
1.473151599999999917e+01
1.473151599999999917e+01
1.473391699999999993e+01
1.473391699999999993e+01
1.476437899999999992e+01
1.476437899999999992e+01
1.477077799999999996e+01
1.477077799999999996e+01
1.478279400000000088e+01
1.478279400000000088e+01
1.479909900000000000e+01
1.479909900000000000e+01
1.481793099999999974e+01
1.481793099999999974e+01
1.481793099999999974e+01
1.481793099999999974e+01
1.481793099999999974e+01
1.481793099999999974e+01
1.484076999999999913e+01
1.484076999999999913e+01
1.485362899999999975e+01
1.485362899999999975e+01
1.488550700000000049e+01
1.488550700000000049e+01
1.489548800000000028e+01
1.489548800000000028e+01
1.493827100000000030e+01
1.493827100000000030e+01
1.493827100000000030e+01
1.493827100000000030e+01
1.495063200000000059e+01
1.495063200000000059e+01
1.495813399999999938e+01
1.495813399999999938e+01
1.498903999999999925e+01
1.498903999999999925e+01
1.498967599999999933e+01
1.498967599999999933e+01
1.498967599999999933e+01
1.500511099999999942e+01
1.500511099999999942e+01
1.500735099999999989e+01
1.500735099999999989e+01
1.500735099999999989e+01
1.500735099999999989e+01
1.503208700000000064e+01
1.503208700000000064e+01
1.505579000000000001e+01
1.505579000000000001e+01
1.505579000000000001e+01
1.505579000000000001e+01
1.506436899999999923e+01
1.506436899999999923e+01
1.509259100000000053e+01
1.509259100000000053e+01
1.511726299999999945e+01
1.511726299999999945e+01
1.512828799999999951e+01
1.512828799999999951e+01
1.513929399999999958e+01
1.513929399999999958e+01
1.514095999999999975e+01
1.514095999999999975e+01
1.514868300000000012e+01
1.514868300000000012e+01
1.515736099999999986e+01
1.515736099999999986e+01
1.515871399999999980e+01
1.515871399999999980e+01
1.516216599999999914e+01
1.516216599999999914e+01
1.516460299999999961e+01
1.516460299999999961e+01
1.518060499999999990e+01
1.518060499999999990e+01
1.518376100000000051e+01
1.518376100000000051e+01
1.519533099999999948e+01
1.519533099999999948e+01
1.522666500000000056e+01
1.522666500000000056e+01
1.522666500000000056e+01
1.522666500000000056e+01
1.526779200000000003e+01
1.526779200000000003e+01
1.526779200000000003e+01
1.528467700000000029e+01
1.528467700000000029e+01
1.529507599999999989e+01
1.529507599999999989e+01
1.529507599999999989e+01
1.529507599999999989e+01
1.530416100000000057e+01
1.530416100000000057e+01
1.531683400000000006e+01
1.531683400000000006e+01
1.531683400000000006e+01
1.531683400000000006e+01
1.533135500000000029e+01
1.533135500000000029e+01
1.533685299999999962e+01
1.533685299999999962e+01
1.537148999999999965e+01
1.537148999999999965e+01
1.537709000000000081e+01
1.537709000000000081e+01
1.542168099999999953e+01
1.542168099999999953e+01
1.543367499999999914e+01
1.543367499999999914e+01
1.544751100000000044e+01
1.544751100000000044e+01
1.545682799999999979e+01
1.545682799999999979e+01
1.547256400000000021e+01
1.547256400000000021e+01
1.547256400000000021e+01
1.547256400000000021e+01
1.549145399999999917e+01
1.549145399999999917e+01
1.549236299999999922e+01
1.549236299999999922e+01
1.551081300000000063e+01
1.551081300000000063e+01
1.552196700000000007e+01
1.552196700000000007e+01
1.552196700000000007e+01
1.552317299999999989e+01
1.552317299999999989e+01
1.557004300000000008e+01
1.557004300000000008e+01
1.563623699999999950e+01
1.563623699999999950e+01
1.569422400000000017e+01
1.569422400000000017e+01
1.569525199999999998e+01
1.569525199999999998e+01
1.571131699999999931e+01
1.571131699999999931e+01
1.571179200000000087e+01
1.571179200000000087e+01
1.573133900000000018e+01
1.573133900000000018e+01
1.574309900000000084e+01
1.574309900000000084e+01
1.574309900000000084e+01
1.575742400000000032e+01
1.575742400000000032e+01
1.579919100000000043e+01
1.579919100000000043e+01
1.582068399999999997e+01
1.582068399999999997e+01
1.583925600000000067e+01
1.583925600000000067e+01
1.587792600000000043e+01
1.587792600000000043e+01
1.588145600000000002e+01
1.588145600000000002e+01
1.588514100000000084e+01
1.588514100000000084e+01
1.591150999999999982e+01
1.591150999999999982e+01
1.592359399999999958e+01
1.592359399999999958e+01
1.593640500000000060e+01
1.593640500000000060e+01
1.593735200000000063e+01
1.593735200000000063e+01
1.595373099999999944e+01
1.595373099999999944e+01
1.595373099999999944e+01
1.595373099999999944e+01
1.595373099999999944e+01
1.596230300000000035e+01
1.596230300000000035e+01
1.596230300000000035e+01
1.596230300000000035e+01
1.596230300000000035e+01
1.596230300000000035e+01
1.597668999999999961e+01
1.597668999999999961e+01
1.597668999999999961e+01
1.597668999999999961e+01
1.597949799999999954e+01
1.597949799999999954e+01
1.597949799999999954e+01
1.597949799999999954e+01
1.597949799999999954e+01
1.597949799999999954e+01
1.598877500000000040e+01
1.598877500000000040e+01
1.600639400000000023e+01
1.600639400000000023e+01
1.602064800000000133e+01
1.602064800000000133e+01
1.603293299999999988e+01
1.603293299999999988e+01
1.605525199999999941e+01
1.605525199999999941e+01
1.605525199999999941e+01
1.606415700000000157e+01
1.606415700000000157e+01
1.610165900000000150e+01
1.610165900000000150e+01
1.612547700000000006e+01
1.612547700000000006e+01
1.615772899999999979e+01
1.615772899999999979e+01
1.616376800000000102e+01
1.616376800000000102e+01
1.618522000000000105e+01
1.618522000000000105e+01
1.618701300000000032e+01
1.618701300000000032e+01
1.618858600000000081e+01
1.618858600000000081e+01
1.619137999999999877e+01
1.619137999999999877e+01
1.619137999999999877e+01
1.619944399999999973e+01
1.619944399999999973e+01
1.620453699999999841e+01
1.620453699999999841e+01
1.621136299999999864e+01
1.621136299999999864e+01
1.621497899999999959e+01
1.621497899999999959e+01
1.621652100000000019e+01
1.621652100000000019e+01
1.622025700000000015e+01
1.622025700000000015e+01
1.622025700000000015e+01
1.624065299999999823e+01
1.624065299999999823e+01
1.625087699999999913e+01
1.625087699999999913e+01
1.625147199999999970e+01
1.625147199999999970e+01
1.625719799999999893e+01
1.625719799999999893e+01
1.627162699999999873e+01
1.627162699999999873e+01
1.628552499999999981e+01
1.628552499999999981e+01
1.629393299999999911e+01
1.629393299999999911e+01
1.630069599999999852e+01
1.630069599999999852e+01
1.630104400000000098e+01
1.630104400000000098e+01
1.630104400000000098e+01
1.630104400000000098e+01
1.630588799999999949e+01
1.630588799999999949e+01
1.631829300000000060e+01
1.631829300000000060e+01
1.631829300000000060e+01
1.636147599999999969e+01
1.636147599999999969e+01
1.638105499999999992e+01
1.638105499999999992e+01
1.638240599999999958e+01
1.638240599999999958e+01
1.638240599999999958e+01
1.640920300000000154e+01
1.640920300000000154e+01
1.643623099999999937e+01
1.643623099999999937e+01
1.644847599999999943e+01
1.644847599999999943e+01
1.645981499999999897e+01
1.645981499999999897e+01
1.648433199999999843e+01
1.648433199999999843e+01
1.648652900000000088e+01
1.648652900000000088e+01
1.653167900000000046e+01
1.653167900000000046e+01
1.653167900000000046e+01
1.657870799999999889e+01
1.657870799999999889e+01
1.659850899999999996e+01
1.659850899999999996e+01
1.660596299999999914e+01
1.660596299999999914e+01
1.660596299999999914e+01
1.661533500000000174e+01
1.661533500000000174e+01
1.661533500000000174e+01
1.661533500000000174e+01
1.662717299999999909e+01
1.662717299999999909e+01
1.662717299999999909e+01
1.662717299999999909e+01
1.663537799999999933e+01
1.663537799999999933e+01
1.663719400000000093e+01
1.663719400000000093e+01
1.666576799999999992e+01
1.666576799999999992e+01
1.667709400000000031e+01
1.667709400000000031e+01
1.668835299999999933e+01
1.668835299999999933e+01
1.670352199999999954e+01
1.670352199999999954e+01
1.670942399999999850e+01
1.670942399999999850e+01
1.672120200000000168e+01
1.672120200000000168e+01
1.673821500000000029e+01
1.673821500000000029e+01
1.674130500000000055e+01
1.674130500000000055e+01
1.674402699999999911e+01
1.674402699999999911e+01
1.675115100000000012e+01
1.675115100000000012e+01
1.675115100000000012e+01
1.675678699999999921e+01
1.675678699999999921e+01
1.675678699999999921e+01
1.676067199999999957e+01
1.676067199999999957e+01
1.676080899999999829e+01
1.676080899999999829e+01
1.676080899999999829e+01
1.676080899999999829e+01
1.676695700000000144e+01
1.676695700000000144e+01
1.678295599999999865e+01
1.678295599999999865e+01
1.680873300000000015e+01
1.680873300000000015e+01
1.681148299999999907e+01
1.681148299999999907e+01
1.683321199999999962e+01
1.683321199999999962e+01
1.683321199999999962e+01
1.683321199999999962e+01
1.687408699999999939e+01
1.687408699999999939e+01
1.689616399999999885e+01
1.689616399999999885e+01
1.690972599999999915e+01
1.690972599999999915e+01
1.692806799999999967e+01
1.692806799999999967e+01
1.692806799999999967e+01
1.692926599999999837e+01
1.692926599999999837e+01
1.694687300000000008e+01
1.694687300000000008e+01
1.694687300000000008e+01
1.694828800000000157e+01
1.694828800000000157e+01
1.695440599999999876e+01
1.695440599999999876e+01
1.695440599999999876e+01
1.695440599999999876e+01
1.696434999999999960e+01
1.696434999999999960e+01
1.697325000000000017e+01
1.697325000000000017e+01
1.697586599999999990e+01
1.697586599999999990e+01
1.699234999999999829e+01
1.699234999999999829e+01
1.699234999999999829e+01
1.699682299999999913e+01
1.699682299999999913e+01
1.701231999999999900e+01
1.701231999999999900e+01
1.701231999999999900e+01
1.702223599999999948e+01
1.702223599999999948e+01
1.702223599999999948e+01
1.702543899999999866e+01
1.702543899999999866e+01
1.706713200000000086e+01
1.706713200000000086e+01
1.706713200000000086e+01
1.706713200000000086e+01
1.706884799999999913e+01
1.706884799999999913e+01
1.708667099999999905e+01
1.708667099999999905e+01
1.715704900000000066e+01
1.715704900000000066e+01
1.715704900000000066e+01
1.715704900000000066e+01
1.717570100000000011e+01
1.717570100000000011e+01
1.717570100000000011e+01
1.717570100000000011e+01
1.718719600000000014e+01
1.718719600000000014e+01
1.718759199999999865e+01
1.718759199999999865e+01
1.722713099999999997e+01
1.722713099999999997e+01
1.724878400000000056e+01
1.724878400000000056e+01
1.724878400000000056e+01
1.724878400000000056e+01
1.724878400000000056e+01
1.724878400000000056e+01
1.724895499999999871e+01
1.724895499999999871e+01
1.725679099999999977e+01
1.725679099999999977e+01
1.726012800000000169e+01
1.726012800000000169e+01
1.727346899999999863e+01
1.727346899999999863e+01
1.731001499999999993e+01
1.731001499999999993e+01
1.733835499999999996e+01
1.733835499999999996e+01
1.733835499999999996e+01
1.733835499999999996e+01
1.735433599999999998e+01
1.735433599999999998e+01
1.735433599999999998e+01
1.736030099999999976e+01
1.736030099999999976e+01
1.736030099999999976e+01
1.740085499999999996e+01
1.740085499999999996e+01
1.740085499999999996e+01
1.742245499999999936e+01
1.742245499999999936e+01
1.742305899999999852e+01
1.742305899999999852e+01
1.743837800000000016e+01
1.743837800000000016e+01
1.744042500000000118e+01
1.744042500000000118e+01
1.745404699999999920e+01
1.745404699999999920e+01
1.745404699999999920e+01
1.745759699999999981e+01
1.745759699999999981e+01
1.746578699999999884e+01
1.746578699999999884e+01
1.746578699999999884e+01
1.746778899999999979e+01
1.746778899999999979e+01
1.746778899999999979e+01
1.747306000000000026e+01
1.747306000000000026e+01
1.747635199999999855e+01
1.747635199999999855e+01
1.749068400000000167e+01
1.749068400000000167e+01
1.749068400000000167e+01
1.749068400000000167e+01
1.749289500000000075e+01
1.749289500000000075e+01
1.751997000000000071e+01
1.751997000000000071e+01
1.751997000000000071e+01
1.752544999999999931e+01
1.752544999999999931e+01
1.752544999999999931e+01
1.753412300000000101e+01
1.753412300000000101e+01
1.757449000000000083e+01
1.757449000000000083e+01
1.757449000000000083e+01
1.758407800000000165e+01
1.758407800000000165e+01
1.759506800000000126e+01
1.759506800000000126e+01
1.759506800000000126e+01
1.760412099999999924e+01
1.760412099999999924e+01
1.760412099999999924e+01
1.760797099999999915e+01
1.760797099999999915e+01
1.767219599999999957e+01
1.767219599999999957e+01
1.767219599999999957e+01
1.769130900000000040e+01
1.769130900000000040e+01
1.773158300000000054e+01
1.773158300000000054e+01
1.774893000000000143e+01
1.774893000000000143e+01
1.775698399999999921e+01
1.775698399999999921e+01
1.775698399999999921e+01
1.775698399999999921e+01
1.777142299999999864e+01
1.777142299999999864e+01
1.777283900000000116e+01
1.777283900000000116e+01
1.777283900000000116e+01
1.777481600000000128e+01
1.777481600000000128e+01
1.778092399999999884e+01
1.778092399999999884e+01
1.778213900000000081e+01
1.778213900000000081e+01
1.782177099999999825e+01
1.782177099999999825e+01
1.789941400000000016e+01
1.789941400000000016e+01
1.792871299999999835e+01
1.792871299999999835e+01
1.792871299999999835e+01
1.793461599999999834e+01
1.793461599999999834e+01
1.798475099999999927e+01
1.798475099999999927e+01
1.802953400000000173e+01
1.802953400000000173e+01
1.803292400000000129e+01
1.803292400000000129e+01
1.805508000000000024e+01
1.805508000000000024e+01
1.806108899999999906e+01
1.806108899999999906e+01
1.806921600000000083e+01
1.806921600000000083e+01
1.809950100000000006e+01
1.809950100000000006e+01
1.810312599999999961e+01
1.810312599999999961e+01
1.810592099999999860e+01
1.810592099999999860e+01
1.811253100000000060e+01
1.811253100000000060e+01
1.811253100000000060e+01
1.812683200000000028e+01
1.812683200000000028e+01
1.815372100000000088e+01
1.815372100000000088e+01
1.815681400000000068e+01
1.815681400000000068e+01
1.816160500000000155e+01
1.816160500000000155e+01
1.820294000000000167e+01
1.820294000000000167e+01
1.820294000000000167e+01
1.820518799999999970e+01
1.820518799999999970e+01
1.820518799999999970e+01
1.820518799999999970e+01
1.820935199999999909e+01
1.820935199999999909e+01
1.820935199999999909e+01
1.820935199999999909e+01
1.820935199999999909e+01
1.820935199999999909e+01
1.820935199999999909e+01
1.822118400000000094e+01
1.822118400000000094e+01
1.823560900000000018e+01
1.823560900000000018e+01
1.824670100000000161e+01
1.824670100000000161e+01
1.824792100000000161e+01
1.824792100000000161e+01
1.824792100000000161e+01
1.824792100000000161e+01
1.826851699999999923e+01
1.826851699999999923e+01
1.827645499999999856e+01
1.827645499999999856e+01
1.828402900000000031e+01
1.828402900000000031e+01
1.831938399999999945e+01
1.831938399999999945e+01
1.832464799999999983e+01
1.832464799999999983e+01
1.832464799999999983e+01
1.832464799999999983e+01
1.832464799999999983e+01
1.832464799999999983e+01
1.833592000000000155e+01
1.833592000000000155e+01
1.835271099999999933e+01
1.835271099999999933e+01
1.835271099999999933e+01
1.836949500000000057e+01
1.836949500000000057e+01
1.836949500000000057e+01
1.836949500000000057e+01
1.837027799999999900e+01
1.837027799999999900e+01
1.838883500000000026e+01
1.838883500000000026e+01
1.839118200000000058e+01
1.839118200000000058e+01
1.839118200000000058e+01
1.839155200000000079e+01
1.839155200000000079e+01
1.842182499999999834e+01
1.842182499999999834e+01
1.845665100000000081e+01
1.845665100000000081e+01
1.845665100000000081e+01
1.846210699999999960e+01
1.846210699999999960e+01
1.847657200000000088e+01
1.847657200000000088e+01
1.849828400000000173e+01
1.849828400000000173e+01
1.850483699999999843e+01
1.850483699999999843e+01
1.850483699999999843e+01
1.851328200000000024e+01
1.851328200000000024e+01
1.854140800000000056e+01
1.854140800000000056e+01
1.854865099999999956e+01
1.854865099999999956e+01
1.854865099999999956e+01
1.854865099999999956e+01
1.856166199999999833e+01
1.856166199999999833e+01
1.856166199999999833e+01
1.856166199999999833e+01
1.856797999999999860e+01
1.856797999999999860e+01
1.863477599999999867e+01
1.863477599999999867e+01
1.865348499999999987e+01
1.865348499999999987e+01
1.865348499999999987e+01
1.865348499999999987e+01
1.865348499999999987e+01
1.865348499999999987e+01
1.868362000000000123e+01
1.868362000000000123e+01
1.869015999999999877e+01
1.869015999999999877e+01
1.869015999999999877e+01
1.869351100000000088e+01
1.869351100000000088e+01
1.870338100000000026e+01
1.870338100000000026e+01
1.870338100000000026e+01
1.870338100000000026e+01
1.873236599999999896e+01
1.873236599999999896e+01
1.873496400000000150e+01
1.873496400000000150e+01
1.873634500000000003e+01
1.873634500000000003e+01
1.874970599999999976e+01
1.874970599999999976e+01
1.875338899999999853e+01
1.875338899999999853e+01
1.876753799999999828e+01
1.876753799999999828e+01
1.877067200000000113e+01
1.877067200000000113e+01
1.877067200000000113e+01
1.877067200000000113e+01
1.878316299999999828e+01
1.878316299999999828e+01
1.878767099999999957e+01
1.878767099999999957e+01
1.878767099999999957e+01
1.880090699999999870e+01
1.880090699999999870e+01
1.880090699999999870e+01
1.880090699999999870e+01
1.880141199999999913e+01
1.880141199999999913e+01
1.880141199999999913e+01
1.880180299999999960e+01
1.880180299999999960e+01
1.880180299999999960e+01
1.880180299999999960e+01
1.883192899999999881e+01
1.883192899999999881e+01
1.883401699999999934e+01
1.883401699999999934e+01
1.884202700000000164e+01
1.884202700000000164e+01
1.884454900000000066e+01
1.884454900000000066e+01
1.884723899999999830e+01
1.884723899999999830e+01
1.887720600000000104e+01
1.887720600000000104e+01
1.887792100000000062e+01
1.887792100000000062e+01
1.887792100000000062e+01
1.887792100000000062e+01
1.888985100000000017e+01
1.888985100000000017e+01
1.888985100000000017e+01
1.888985100000000017e+01
1.890700500000000162e+01
1.890700500000000162e+01
1.891988399999999970e+01
1.891988399999999970e+01
1.892445499999999825e+01
1.892445499999999825e+01
1.892445499999999825e+01
1.892445499999999825e+01
1.895239700000000127e+01
1.895239700000000127e+01
1.897948999999999842e+01
1.897948999999999842e+01
1.899495299999999887e+01
1.899495299999999887e+01
1.900158199999999908e+01
1.900158199999999908e+01
1.900485899999999972e+01
1.900485899999999972e+01
1.903153999999999968e+01
1.903153999999999968e+01
1.903233399999999875e+01
1.903233399999999875e+01
1.903707500000000152e+01
1.903707500000000152e+01
1.907183200000000056e+01
1.907183200000000056e+01
1.907723000000000013e+01
1.907723000000000013e+01
1.907723000000000013e+01
1.909685899999999847e+01
1.909685899999999847e+01
1.909685899999999847e+01
1.909685899999999847e+01
1.910854900000000001e+01
1.910854900000000001e+01
1.912322699999999998e+01
1.912322699999999998e+01
1.912322699999999998e+01
1.913518399999999886e+01
1.913518399999999886e+01
1.913591999999999871e+01
1.913591999999999871e+01
1.914185900000000018e+01
1.914185900000000018e+01
1.917697400000000130e+01
1.917697400000000130e+01
1.917697400000000130e+01
1.918832199999999943e+01
1.918832199999999943e+01
1.918832199999999943e+01
1.920355999999999952e+01
1.920355999999999952e+01
1.921343600000000151e+01
1.921343600000000151e+01
1.924317500000000081e+01
1.924317500000000081e+01
1.924317500000000081e+01
1.925744100000000003e+01
1.925744100000000003e+01
1.929050799999999910e+01
1.929050799999999910e+01
1.929050799999999910e+01
1.929050799999999910e+01
1.929050799999999910e+01
1.929050799999999910e+01
1.931230700000000056e+01
1.931230700000000056e+01
1.932475399999999865e+01
1.932475399999999865e+01
1.932670900000000103e+01
1.932670900000000103e+01
1.933845200000000020e+01
1.933845200000000020e+01
1.934196999999999989e+01
1.934196999999999989e+01
1.936075599999999852e+01
1.936075599999999852e+01
1.938388499999999937e+01
1.938388499999999937e+01
1.938388499999999937e+01
1.942633700000000019e+01
1.942633700000000019e+01
1.946025200000000055e+01
1.946025200000000055e+01
1.949107899999999916e+01
1.949107899999999916e+01
1.949754000000000076e+01
1.949754000000000076e+01
1.950064499999999867e+01
1.950064499999999867e+01
1.952347800000000078e+01
1.952347800000000078e+01
1.953341299999999947e+01
1.953341299999999947e+01
1.955416299999999907e+01
1.955416299999999907e+01
1.957762200000000163e+01
1.957762200000000163e+01
1.958581300000000169e+01
1.958581300000000169e+01
1.958581300000000169e+01
1.959044899999999956e+01
1.959044899999999956e+01
1.961114800000000002e+01
1.961114800000000002e+01
1.961114800000000002e+01
1.962787600000000054e+01
1.962787600000000054e+01
1.962787600000000054e+01
1.962787600000000054e+01
1.965773899999999941e+01
1.965773899999999941e+01
1.969913400000000081e+01
1.969913400000000081e+01
1.969971800000000073e+01
1.969971800000000073e+01
1.969971800000000073e+01
1.969971800000000073e+01
1.969971800000000073e+01
1.969971800000000073e+01
1.969971800000000073e+01
1.969971800000000073e+01
1.973333500000000029e+01
1.973333500000000029e+01
1.973333500000000029e+01
1.973824899999999971e+01
1.973824899999999971e+01
1.974086900000000000e+01
1.974086900000000000e+01
1.974086900000000000e+01
1.974086900000000000e+01
1.974149500000000046e+01
1.974149500000000046e+01
1.974728700000000003e+01
1.974728700000000003e+01
1.974728700000000003e+01
1.977310599999999852e+01
1.977310599999999852e+01
1.977687200000000090e+01
1.977687200000000090e+01
1.979319699999999926e+01
1.979319699999999926e+01
1.979413500000000070e+01
1.979413500000000070e+01
1.979413500000000070e+01
1.981634599999999935e+01
1.981634599999999935e+01
1.983661800000000142e+01
1.983661800000000142e+01
1.984341600000000128e+01
1.984341600000000128e+01
1.984775199999999984e+01
1.984775199999999984e+01
1.985542699999999883e+01
1.985542699999999883e+01
1.987275599999999898e+01
1.987275599999999898e+01
1.987275599999999898e+01
1.987275599999999898e+01
1.991512099999999919e+01
1.991512099999999919e+01
1.991512099999999919e+01
1.991512099999999919e+01
1.993712000000000018e+01
1.993712000000000018e+01
1.997105399999999875e+01
1.997105399999999875e+01
2.000844599999999929e+01
