# Barrier Energy Step Time
0.000000000000000000e+00 -5.118145999999999731e+03 0.000000000000000000e+00 0.000000000000000000e+00
3.459999999999999742e-01 -5.119613999999999578e+03 5.000000000000000000e-01 7.372999999999999986e-13
0.000000000000000000e+00 -5.119960000000000036e+03 1.000000000000000000e+00 7.372999999999999986e-13
2.939999999999999836e-01 -5.120092999999999847e+03 1.500000000000000000e+00 3.473999999999999939e-12
0.000000000000000000e+00 -5.120386999999999716e+03 2.000000000000000000e+00 3.473999999999999939e-12
6.690000000000000391e-01 -5.121591999999999643e+03 2.500000000000000000e+00 1.313999999999999934e-11
0.000000000000000000e+00 -5.122261000000000422e+03 3.000000000000000000e+00 1.313999999999999934e-11
2.117999999999999883e+00 -5.118501000000000204e+03 3.500000000000000000e+00 6.101000000000000303e-04
0.000000000000000000e+00 -5.120618999999999687e+03 4.000000000000000000e+00 6.101000000000000303e-04
4.749999999999999778e-01 -5.121786000000000058e+03 4.500000000000000000e+00 6.101000000000000303e-04
0.000000000000000000e+00 -5.122261000000000422e+03 5.000000000000000000e+00 6.101000000000000303e-04
2.202999999999999847e+00 -5.118925000000000182e+03 5.500000000000000000e+00 1.616999999999999948e-03
0.000000000000000000e+00 -5.121127999999999702e+03 6.000000000000000000e+00 1.616999999999999948e-03
9.509999999999999565e-01 -5.121328000000000429e+03 6.500000000000000000e+00 1.616999999999999948e-03
0.000000000000000000e+00 -5.122279000000000451e+03 7.000000000000000000e+00 1.616999999999999948e-03
2.101999999999999869e+00 -5.119025999999999840e+03 7.500000000000000000e+00 2.766999999999999928e-03
0.000000000000000000e+00 -5.121127999999999702e+03 8.000000000000000000e+00 2.766999999999999928e-03
1.060999999999999943e+00 -5.119688000000000102e+03 8.500000000000000000e+00 2.766999999999999928e-03
0.000000000000000000e+00 -5.120747999999999593e+03 9.000000000000000000e+00 2.766999999999999928e-03
6.720000000000000417e-01 -5.121600999999999658e+03 9.500000000000000000e+00 2.766999999999999928e-03
0.000000000000000000e+00 -5.122273000000000138e+03 1.000000000000000000e+01 2.766999999999999928e-03
2.133999999999999897e+00 -5.118712000000000444e+03 1.050000000000000000e+01 3.213000000000000144e-03
0.000000000000000000e+00 -5.120845999999999549e+03 1.100000000000000000e+01 3.213000000000000144e-03
7.069999999999999618e-01 -5.121564999999999600e+03 1.150000000000000000e+01 3.213000000000000144e-03
0.000000000000000000e+00 -5.122271999999999935e+03 1.200000000000000000e+01 3.213000000000000144e-03
2.248000000000000220e+00 -5.117854999999999563e+03 1.250000000000000000e+01 4.765000000000000138e-03
0.000000000000000000e+00 -5.120103000000000065e+03 1.300000000000000000e+01 4.765000000000000138e-03
7.799999999999999989e-02 -5.122197000000000116e+03 1.350000000000000000e+01 4.765000000000000138e-03
0.000000000000000000e+00 -5.122275999999999840e+03 1.400000000000000000e+01 4.765000000000000138e-03
2.111000000000000210e+00 -5.118520000000000437e+03 1.450000000000000000e+01 4.851000000000000277e-03
0.000000000000000000e+00 -5.120631999999999607e+03 1.500000000000000000e+01 4.851000000000000277e-03
6.009999999999999787e-01 -5.121675000000000182e+03 1.550000000000000000e+01 4.851000000000000277e-03
0.000000000000000000e+00 -5.122275999999999840e+03 1.600000000000000000e+01 4.851000000000000277e-03
2.189999999999999947e+00 -5.118935000000000400e+03 1.650000000000000000e+01 4.956999999999999601e-03
0.000000000000000000e+00 -5.121125000000000000e+03 1.700000000000000000e+01 4.956999999999999601e-03
9.509999999999999565e-01 -5.121326000000000022e+03 1.750000000000000000e+01 4.956999999999999601e-03
0.000000000000000000e+00 -5.122278000000000247e+03 1.800000000000000000e+01 4.956999999999999601e-03
2.246999999999999886e+00 -5.117860999999999876e+03 1.850000000000000000e+01 5.213999999999999885e-03
0.000000000000000000e+00 -5.120109000000000378e+03 1.900000000000000000e+01 5.213999999999999885e-03
6.500000000000000222e-02 -5.122212000000000444e+03 1.950000000000000000e+01 5.213999999999999885e-03
0.000000000000000000e+00 -5.122275999999999840e+03 2.000000000000000000e+01 5.213999999999999885e-03
2.250000000000000000e+00 -5.117841999999999643e+03 2.050000000000000000e+01 6.827999999999999868e-03
0.000000000000000000e+00 -5.120091999999999643e+03 2.100000000000000000e+01 6.827999999999999868e-03
5.399999999999999939e-02 -5.122220000000000255e+03 2.150000000000000000e+01 6.827999999999999868e-03
0.000000000000000000e+00 -5.122274000000000342e+03 2.200000000000000000e+01 6.827999999999999868e-03
2.149999999999999911e+00 -5.118585000000000036e+03 2.250000000000000000e+01 8.413999999999999604e-03
0.000000000000000000e+00 -5.120734999999999673e+03 2.300000000000000000e+01 8.413999999999999604e-03
6.760000000000000453e-01 -5.121564999999999600e+03 2.350000000000000000e+01 8.413999999999999604e-03
0.000000000000000000e+00 -5.122240999999999985e+03 2.400000000000000000e+01 8.413999999999999604e-03
2.084000000000000075e+00 -5.118944000000000415e+03 2.450000000000000000e+01 1.187000000000000034e-02
0.000000000000000000e+00 -5.121028000000000247e+03 2.500000000000000000e+01 1.187000000000000034e-02
6.840000000000000524e-01 -5.121788999999999760e+03 2.550000000000000000e+01 1.187000000000000034e-02
0.000000000000000000e+00 -5.122471999999999753e+03 2.600000000000000000e+01 1.187000000000000034e-02
1.810000000000000053e+00 -5.120435999999999694e+03 2.650000000000000000e+01 1.195000000000000055e-02
0.000000000000000000e+00 -5.122246000000000095e+03 2.700000000000000000e+01 1.195000000000000055e-02
1.699999999999999956e+00 -5.120792999999999665e+03 2.750000000000000000e+01 1.196999999999999974e-02
0.000000000000000000e+00 -5.122493000000000393e+03 2.800000000000000000e+01 1.196999999999999974e-02
1.879999999999999893e+00 -5.120373999999999796e+03 2.850000000000000000e+01 1.200999999999999984e-02
0.000000000000000000e+00 -5.122253999999999905e+03 2.900000000000000000e+01 1.200999999999999984e-02
1.987999999999999989e+00 -5.120412999999999556e+03 2.950000000000000000e+01 1.204000000000000035e-02
0.000000000000000000e+00 -5.122400999999999840e+03 3.000000000000000000e+01 1.204000000000000035e-02
1.802999999999999936e+00 -5.120476999999999862e+03 3.050000000000000000e+01 1.210999999999999924e-02
0.000000000000000000e+00 -5.122280999999999949e+03 3.100000000000000000e+01 1.210999999999999924e-02
2.210999999999999854e+00 -5.117921000000000276e+03 3.150000000000000000e+01 1.297000000000000063e-02
0.000000000000000000e+00 -5.120131000000000313e+03 3.200000000000000000e+01 1.297000000000000063e-02
6.099999999999999867e-02 -5.122225000000000364e+03 3.250000000000000000e+01 1.297000000000000063e-02
0.000000000000000000e+00 -5.122287000000000262e+03 3.300000000000000000e+01 1.297000000000000063e-02
2.205000000000000071e+00 -5.117939999999999600e+03 3.350000000000000000e+01 1.434999999999999991e-02
0.000000000000000000e+00 -5.120144000000000233e+03 3.400000000000000000e+01 1.434999999999999991e-02
5.600000000000000117e-02 -5.122242000000000189e+03 3.450000000000000000e+01 1.434999999999999991e-02
0.000000000000000000e+00 -5.122297999999999774e+03 3.500000000000000000e+01 1.434999999999999991e-02
1.854000000000000092e+00 -5.120560000000000400e+03 3.550000000000000000e+01 1.452999999999999951e-02
0.000000000000000000e+00 -5.122412999999999556e+03 3.600000000000000000e+01 1.452999999999999951e-02
1.969000000000000083e+00 -5.118932999999999993e+03 3.650000000000000000e+01 1.465999999999999942e-02
0.000000000000000000e+00 -5.120902000000000044e+03 3.700000000000000000e+01 1.465999999999999942e-02
4.570000000000000173e-01 -5.121956000000000131e+03 3.750000000000000000e+01 1.465999999999999942e-02
0.000000000000000000e+00 -5.122412999999999556e+03 3.800000000000000000e+01 1.465999999999999942e-02
1.806000000000000050e+00 -5.120479999999999563e+03 3.850000000000000000e+01 1.478999999999999933e-02
0.000000000000000000e+00 -5.122286000000000058e+03 3.900000000000000000e+01 1.478999999999999933e-02
1.677999999999999936e+00 -5.120734999999999673e+03 3.950000000000000000e+01 1.480000000000000066e-02
0.000000000000000000e+00 -5.122412999999999556e+03 4.000000000000000000e+01 1.480000000000000066e-02
1.806000000000000050e+00 -5.120479000000000269e+03 4.050000000000000000e+01 1.481000000000000025e-02
0.000000000000000000e+00 -5.122283999999999651e+03 4.100000000000000000e+01 1.481000000000000025e-02
2.209000000000000075e+00 -5.117932999999999993e+03 4.150000000000000000e+01 1.949000000000000038e-02
0.000000000000000000e+00 -5.120141999999999825e+03 4.200000000000000000e+01 1.949000000000000038e-02
2.429999999999999938e-01 -5.122048999999999978e+03 4.250000000000000000e+01 1.949000000000000038e-02
0.000000000000000000e+00 -5.122292000000000371e+03 4.300000000000000000e+01 1.949000000000000038e-02
2.257000000000000117e+00 -5.117846999999999753e+03 4.350000000000000000e+01 2.037999999999999881e-02
0.000000000000000000e+00 -5.120104000000000269e+03 4.400000000000000000e+01 2.037999999999999881e-02
6.900000000000000577e-02 -5.122222999999999956e+03 4.450000000000000000e+01 2.037999999999999881e-02
0.000000000000000000e+00 -5.122292000000000371e+03 4.500000000000000000e+01 2.037999999999999881e-02
2.212000000000000188e+00 -5.117932999999999993e+03 4.550000000000000000e+01 2.716000000000000011e-02
0.000000000000000000e+00 -5.120145000000000437e+03 4.600000000000000000e+01 2.716000000000000011e-02
6.500000000000000222e-02 -5.122226999999999862e+03 4.650000000000000000e+01 2.716000000000000011e-02
0.000000000000000000e+00 -5.122292000000000371e+03 4.700000000000000000e+01 2.716000000000000011e-02
2.212000000000000188e+00 -5.117932999999999993e+03 4.750000000000000000e+01 2.866000000000000145e-02
0.000000000000000000e+00 -5.120145000000000437e+03 4.800000000000000000e+01 2.866000000000000145e-02
5.500000000000000028e-02 -5.122237000000000080e+03 4.850000000000000000e+01 2.866000000000000145e-02
0.000000000000000000e+00 -5.122292999999999665e+03 4.900000000000000000e+01 2.866000000000000145e-02
1.862000000000000099e+00 -5.120539999999999964e+03 4.950000000000000000e+01 2.937999999999999987e-02
0.000000000000000000e+00 -5.122402000000000044e+03 5.000000000000000000e+01 2.937999999999999987e-02
1.804999999999999938e+00 -5.120475000000000364e+03 5.050000000000000000e+01 2.954999999999999988e-02
0.000000000000000000e+00 -5.122279999999999745e+03 5.100000000000000000e+01 2.954999999999999988e-02
1.683999999999999941e+00 -5.120717999999999847e+03 5.150000000000000000e+01 2.963000000000000009e-02
0.000000000000000000e+00 -5.122402000000000044e+03 5.200000000000000000e+01 2.963000000000000009e-02
1.804999999999999938e+00 -5.120475000000000364e+03 5.250000000000000000e+01 2.971000000000000030e-02
0.000000000000000000e+00 -5.122279999999999745e+03 5.300000000000000000e+01 2.971000000000000030e-02
1.683999999999999941e+00 -5.120717999999999847e+03 5.350000000000000000e+01 2.973999999999999908e-02
0.000000000000000000e+00 -5.122402000000000044e+03 5.400000000000000000e+01 2.973999999999999908e-02
1.804999999999999938e+00 -5.120475000000000364e+03 5.450000000000000000e+01 2.983999999999999847e-02
0.000000000000000000e+00 -5.122279999999999745e+03 5.500000000000000000e+01 2.983999999999999847e-02
1.683999999999999941e+00 -5.120717999999999847e+03 5.550000000000000000e+01 2.989999999999999949e-02
0.000000000000000000e+00 -5.122402000000000044e+03 5.600000000000000000e+01 2.989999999999999949e-02
2.185999999999999943e+00 -5.118793999999999869e+03 5.650000000000000000e+01 2.997999999999999970e-02
0.000000000000000000e+00 -5.120979999999999563e+03 5.700000000000000000e+01 2.997999999999999970e-02
8.629999999999999893e-01 -5.121271999999999935e+03 5.750000000000000000e+01 2.997999999999999970e-02
0.000000000000000000e+00 -5.122135000000000218e+03 5.800000000000000000e+01 2.997999999999999970e-02
2.072000000000000064e+00 -5.118699999999999818e+03 5.850000000000000000e+01 3.022999999999999993e-02
0.000000000000000000e+00 -5.120770999999999731e+03 5.900000000000000000e+01 3.022999999999999993e-02
6.640000000000000346e-01 -5.121479999999999563e+03 5.950000000000000000e+01 3.022999999999999993e-02
0.000000000000000000e+00 -5.122144000000000233e+03 6.000000000000000000e+01 3.022999999999999993e-02
2.213999999999999968e+00 -5.117789999999999964e+03 6.050000000000000000e+01 3.059999999999999873e-02
0.000000000000000000e+00 -5.120003999999999905e+03 6.100000000000000000e+01 3.059999999999999873e-02
5.800000000000000294e-02 -5.122100999999999658e+03 6.150000000000000000e+01 3.059999999999999873e-02
0.000000000000000000e+00 -5.122158999999999651e+03 6.200000000000000000e+01 3.059999999999999873e-02
1.985999999999999988e+00 -5.119010000000000218e+03 6.250000000000000000e+01 3.146000000000000185e-02
0.000000000000000000e+00 -5.120996000000000095e+03 6.300000000000000000e+01 3.146000000000000185e-02
6.999999999999999556e-01 -5.121697000000000116e+03 6.350000000000000000e+01 3.146000000000000185e-02
0.000000000000000000e+00 -5.122398000000000138e+03 6.400000000000000000e+01 3.146000000000000185e-02
1.933000000000000052e+00 -5.118961000000000240e+03 6.450000000000000000e+01 3.155999999999999778e-02
0.000000000000000000e+00 -5.120894000000000233e+03 6.500000000000000000e+01 3.155999999999999778e-02
4.289999999999999925e-01 -5.121969000000000051e+03 6.550000000000000000e+01 3.155999999999999778e-02
0.000000000000000000e+00 -5.122398000000000138e+03 6.600000000000000000e+01 3.155999999999999778e-02
1.760000000000000009e+00 -5.120524999999999636e+03 6.650000000000000000e+01 3.164999999999999758e-02
0.000000000000000000e+00 -5.122284999999999854e+03 6.700000000000000000e+01 3.164999999999999758e-02
2.251999999999999780e+00 -5.117845999999999549e+03 6.750000000000000000e+01 3.767000000000000209e-02
0.000000000000000000e+00 -5.120097999999999956e+03 6.800000000000000000e+01 3.767000000000000209e-02
6.400000000000000133e-02 -5.122220999999999549e+03 6.850000000000000000e+01 3.767000000000000209e-02
0.000000000000000000e+00 -5.122284999999999854e+03 6.900000000000000000e+01 3.767000000000000209e-02
2.251999999999999780e+00 -5.117845999999999549e+03 6.950000000000000000e+01 3.923999999999999710e-02
0.000000000000000000e+00 -5.120097999999999956e+03 7.000000000000000000e+01 3.923999999999999710e-02
4.499999999999999833e-02 -5.122243999999999687e+03 7.050000000000000000e+01 3.923999999999999710e-02
0.000000000000000000e+00 -5.122288999999999760e+03 7.100000000000000000e+01 3.923999999999999710e-02
2.274000000000000021e+00 -5.120091000000000349e+03 7.150000000000000000e+01 4.202000000000000179e-02
0.000000000000000000e+00 -5.122364999999999782e+03 7.200000000000000000e+01 4.202000000000000179e-02
2.390000000000000124e+00 -5.117836000000000240e+03 7.250000000000000000e+01 4.365999999999999742e-02
0.000000000000000000e+00 -5.120225999999999658e+03 7.300000000000000000e+01 4.365999999999999742e-02
5.399999999999999939e-02 -5.122313000000000102e+03 7.350000000000000000e+01 4.365999999999999742e-02
0.000000000000000000e+00 -5.122367000000000189e+03 7.400000000000000000e+01 4.365999999999999742e-02
2.174999999999999822e+00 -5.120148000000000138e+03 7.450000000000000000e+01 4.515000000000000263e-02
0.000000000000000000e+00 -5.122323000000000320e+03 7.500000000000000000e+01 4.515000000000000263e-02
2.012999999999999901e+00 -5.120345000000000255e+03 7.550000000000000000e+01 4.524999999999999856e-02
0.000000000000000000e+00 -5.122359000000000378e+03 7.600000000000000000e+01 4.524999999999999856e-02
2.004000000000000004e+00 -5.120323999999999614e+03 7.650000000000000000e+01 4.553000000000000103e-02
0.000000000000000000e+00 -5.122328000000000429e+03 7.700000000000000000e+01 4.553000000000000103e-02
2.040000000000000036e+00 -5.120326000000000022e+03 7.750000000000000000e+01 4.567999999999999838e-02
0.000000000000000000e+00 -5.122365999999999985e+03 7.800000000000000000e+01 4.567999999999999838e-02
2.142999999999999794e+00 -5.120365999999999985e+03 7.850000000000000000e+01 4.655000000000000110e-02
0.000000000000000000e+00 -5.122509000000000015e+03 7.900000000000000000e+01 4.655000000000000110e-02
1.772000000000000020e+00 -5.120515999999999622e+03 7.950000000000000000e+01 4.666000000000000009e-02
0.000000000000000000e+00 -5.122287999999999556e+03 8.000000000000000000e+01 4.666000000000000009e-02
1.739000000000000101e+00 -5.119265000000000327e+03 8.050000000000000000e+01 4.667999999999999927e-02
0.000000000000000000e+00 -5.121003999999999905e+03 8.100000000000000000e+01 4.667999999999999927e-02
4.159999999999999809e-01 -5.122091000000000349e+03 8.150000000000000000e+01 4.667999999999999927e-02
0.000000000000000000e+00 -5.122506999999999607e+03 8.200000000000000000e+01 4.667999999999999927e-02
1.923000000000000043e+00 -5.120363999999999578e+03 8.250000000000000000e+01 4.671999999999999764e-02
0.000000000000000000e+00 -5.122286000000000058e+03 8.300000000000000000e+01 4.671999999999999764e-02
1.582000000000000073e+00 -5.120926999999999680e+03 8.350000000000000000e+01 4.673000000000000070e-02
0.000000000000000000e+00 -5.122509000000000015e+03 8.400000000000000000e+01 4.673000000000000070e-02
1.772999999999999909e+00 -5.120515000000000327e+03 8.450000000000000000e+01 4.678999999999999826e-02
0.000000000000000000e+00 -5.122287999999999556e+03 8.500000000000000000e+01 4.678999999999999826e-02
1.552000000000000046e+00 -5.120957000000000335e+03 8.550000000000000000e+01 4.680000000000000132e-02
0.000000000000000000e+00 -5.122509000000000015e+03 8.600000000000000000e+01 4.680000000000000132e-02
1.772999999999999909e+00 -5.120514000000000124e+03 8.650000000000000000e+01 4.687999999999999806e-02
0.000000000000000000e+00 -5.122287000000000262e+03 8.700000000000000000e+01 4.687999999999999806e-02
1.550999999999999934e+00 -5.120957999999999629e+03 8.750000000000000000e+01 4.687999999999999806e-02
0.000000000000000000e+00 -5.122509000000000015e+03 8.800000000000000000e+01 4.687999999999999806e-02
1.772999999999999909e+00 -5.120514000000000124e+03 8.850000000000000000e+01 4.698999999999999705e-02
0.000000000000000000e+00 -5.122287000000000262e+03 8.900000000000000000e+01 4.698999999999999705e-02
1.550999999999999934e+00 -5.120957999999999629e+03 8.950000000000000000e+01 4.698999999999999705e-02
0.000000000000000000e+00 -5.122509000000000015e+03 9.000000000000000000e+01 4.698999999999999705e-02
1.772999999999999909e+00 -5.120514000000000124e+03 9.050000000000000000e+01 4.701000000000000317e-02
0.000000000000000000e+00 -5.122287000000000262e+03 9.100000000000000000e+01 4.701000000000000317e-02
1.550999999999999934e+00 -5.120957999999999629e+03 9.150000000000000000e+01 4.701999999999999930e-02
0.000000000000000000e+00 -5.122509000000000015e+03 9.200000000000000000e+01 4.701999999999999930e-02
1.772999999999999909e+00 -5.120515000000000327e+03 9.250000000000000000e+01 4.701999999999999930e-02
0.000000000000000000e+00 -5.122288999999999760e+03 9.300000000000000000e+01 4.701999999999999930e-02
1.552999999999999936e+00 -5.120956000000000131e+03 9.350000000000000000e+01 4.701999999999999930e-02
0.000000000000000000e+00 -5.122509000000000015e+03 9.400000000000000000e+01 4.701999999999999930e-02
1.772999999999999909e+00 -5.120515000000000327e+03 9.450000000000000000e+01 4.703000000000000236e-02
0.000000000000000000e+00 -5.122288999999999760e+03 9.500000000000000000e+01 4.703000000000000236e-02
1.552999999999999936e+00 -5.120956000000000131e+03 9.550000000000000000e+01 4.703000000000000236e-02
0.000000000000000000e+00 -5.122509000000000015e+03 9.600000000000000000e+01 4.703000000000000236e-02
1.772999999999999909e+00 -5.120514000000000124e+03 9.650000000000000000e+01 4.710000000000000298e-02
0.000000000000000000e+00 -5.122287000000000262e+03 9.700000000000000000e+01 4.710000000000000298e-02
1.550999999999999934e+00 -5.120957999999999629e+03 9.750000000000000000e+01 4.710000000000000298e-02
0.000000000000000000e+00 -5.122509000000000015e+03 9.800000000000000000e+01 4.710000000000000298e-02
1.772999999999999909e+00 -5.120514000000000124e+03 9.850000000000000000e+01 4.712000000000000216e-02
0.000000000000000000e+00 -5.122287000000000262e+03 9.900000000000000000e+01 4.712000000000000216e-02
1.550999999999999934e+00 -5.120957999999999629e+03 9.950000000000000000e+01 4.712000000000000216e-02
0.000000000000000000e+00 -5.122509000000000015e+03 1.000000000000000000e+02 4.712000000000000216e-02
1.772999999999999909e+00 -5.120514000000000124e+03 1.005000000000000000e+02 4.714000000000000135e-02
0.000000000000000000e+00 -5.122287000000000262e+03 1.010000000000000000e+02 4.714000000000000135e-02
1.735999999999999988e+00 -5.119266999999999825e+03 1.015000000000000000e+02 4.714999999999999747e-02
0.000000000000000000e+00 -5.121002999999999702e+03 1.020000000000000000e+02 4.714999999999999747e-02
4.530000000000000138e-01 -5.121835000000000036e+03 1.025000000000000000e+02 4.714999999999999747e-02
0.000000000000000000e+00 -5.122287000000000262e+03 1.030000000000000000e+02 4.714999999999999747e-02
1.586999999999999966e+00 -5.120921999999999571e+03 1.035000000000000000e+02 4.714999999999999747e-02
0.000000000000000000e+00 -5.122509000000000015e+03 1.040000000000000000e+02 4.714999999999999747e-02
1.810000000000000053e+00 -5.120478000000000065e+03 1.045000000000000000e+02 4.719000000000000278e-02
0.000000000000000000e+00 -5.122287000000000262e+03 1.050000000000000000e+02 4.719000000000000278e-02
1.586999999999999966e+00 -5.120921999999999571e+03 1.055000000000000000e+02 4.719000000000000278e-02
0.000000000000000000e+00 -5.122509000000000015e+03 1.060000000000000000e+02 4.719000000000000278e-02
1.943000000000000060e+00 -5.119060000000000400e+03 1.065000000000000000e+02 4.726000000000000340e-02
0.000000000000000000e+00 -5.121002999999999702e+03 1.070000000000000000e+02 4.726000000000000340e-02
4.369999999999999996e-01 -5.122073000000000320e+03 1.075000000000000000e+02 4.726000000000000340e-02
0.000000000000000000e+00 -5.122509000000000015e+03 1.080000000000000000e+02 4.726000000000000340e-02
1.776999999999999913e+00 -5.120511000000000422e+03 1.085000000000000000e+02 4.732999999999999707e-02
0.000000000000000000e+00 -5.122287999999999556e+03 1.090000000000000000e+02 4.732999999999999707e-02
1.554999999999999938e+00 -5.120953999999999724e+03 1.095000000000000000e+02 4.734000000000000014e-02
0.000000000000000000e+00 -5.122509000000000015e+03 1.100000000000000000e+02 4.734000000000000014e-02
1.776999999999999913e+00 -5.120511000000000422e+03 1.105000000000000000e+02 4.744000000000000300e-02
0.000000000000000000e+00 -5.122287999999999556e+03 1.110000000000000000e+02 4.744000000000000300e-02
1.554999999999999938e+00 -5.120953999999999724e+03 1.115000000000000000e+02 4.744000000000000300e-02
0.000000000000000000e+00 -5.122509000000000015e+03 1.120000000000000000e+02 4.744000000000000300e-02
1.776999999999999913e+00 -5.120511000000000422e+03 1.125000000000000000e+02 4.746999999999999831e-02
0.000000000000000000e+00 -5.122287999999999556e+03 1.130000000000000000e+02 4.746999999999999831e-02
1.554999999999999938e+00 -5.120953999999999724e+03 1.135000000000000000e+02 4.746999999999999831e-02
0.000000000000000000e+00 -5.122509000000000015e+03 1.140000000000000000e+02 4.746999999999999831e-02
1.776999999999999913e+00 -5.120511000000000422e+03 1.145000000000000000e+02 4.753000000000000280e-02
0.000000000000000000e+00 -5.122287999999999556e+03 1.150000000000000000e+02 4.753000000000000280e-02
1.554999999999999938e+00 -5.120953999999999724e+03 1.155000000000000000e+02 4.753000000000000280e-02
0.000000000000000000e+00 -5.122509000000000015e+03 1.160000000000000000e+02 4.753000000000000280e-02
1.776999999999999913e+00 -5.120511000000000422e+03 1.165000000000000000e+02 4.760999999999999954e-02
0.000000000000000000e+00 -5.122287999999999556e+03 1.170000000000000000e+02 4.760999999999999954e-02
1.554999999999999938e+00 -5.120953999999999724e+03 1.175000000000000000e+02 4.762000000000000260e-02
0.000000000000000000e+00 -5.122509000000000015e+03 1.180000000000000000e+02 4.762000000000000260e-02
1.776999999999999913e+00 -5.120511000000000422e+03 1.185000000000000000e+02 4.769999999999999934e-02
0.000000000000000000e+00 -5.122287999999999556e+03 1.190000000000000000e+02 4.769999999999999934e-02
1.554999999999999938e+00 -5.120953999999999724e+03 1.195000000000000000e+02 4.769999999999999934e-02
0.000000000000000000e+00 -5.122509000000000015e+03 1.200000000000000000e+02 4.769999999999999934e-02
1.776999999999999913e+00 -5.120511000000000422e+03 1.205000000000000000e+02 4.769999999999999934e-02
0.000000000000000000e+00 -5.122287999999999556e+03 1.210000000000000000e+02 4.769999999999999934e-02
1.554999999999999938e+00 -5.120953999999999724e+03 1.215000000000000000e+02 4.771000000000000241e-02
0.000000000000000000e+00 -5.122509000000000015e+03 1.220000000000000000e+02 4.771000000000000241e-02
1.776999999999999913e+00 -5.120511000000000422e+03 1.225000000000000000e+02 4.776999999999999996e-02
0.000000000000000000e+00 -5.122287999999999556e+03 1.230000000000000000e+02 4.776999999999999996e-02
1.554999999999999938e+00 -5.120953999999999724e+03 1.235000000000000000e+02 4.778000000000000302e-02
0.000000000000000000e+00 -5.122509000000000015e+03 1.240000000000000000e+02 4.778000000000000302e-02
1.776999999999999913e+00 -5.120511000000000422e+03 1.245000000000000000e+02 4.778999999999999915e-02
0.000000000000000000e+00 -5.122287999999999556e+03 1.250000000000000000e+02 4.778999999999999915e-02
1.554999999999999938e+00 -5.120953999999999724e+03 1.255000000000000000e+02 4.778999999999999915e-02
0.000000000000000000e+00 -5.122509000000000015e+03 1.260000000000000000e+02 4.778999999999999915e-02
1.776999999999999913e+00 -5.120511000000000422e+03 1.265000000000000000e+02 4.780000000000000221e-02
0.000000000000000000e+00 -5.122287999999999556e+03 1.270000000000000000e+02 4.780000000000000221e-02
1.554999999999999938e+00 -5.120953999999999724e+03 1.275000000000000000e+02 4.780999999999999833e-02
0.000000000000000000e+00 -5.122509000000000015e+03 1.280000000000000000e+02 4.780999999999999833e-02
1.933999999999999941e+00 -5.119569000000000415e+03 1.285000000000000000e+02 4.787999999999999895e-02
0.000000000000000000e+00 -5.121502999999999702e+03 1.290000000000000000e+02 4.787999999999999895e-02
9.270000000000000462e-01 -5.121581000000000131e+03 1.295000000000000000e+02 4.787999999999999895e-02
0.000000000000000000e+00 -5.122507999999999811e+03 1.300000000000000000e+02 4.787999999999999895e-02
1.931999999999999940e+00 -5.119568000000000211e+03 1.305000000000000000e+02 4.791000000000000120e-02
0.000000000000000000e+00 -5.121500000000000000e+03 1.310000000000000000e+02 4.791000000000000120e-02
7.419999999999999929e-01 -5.122243999999999687e+03 1.315000000000000000e+02 4.791000000000000120e-02
0.000000000000000000e+00 -5.122985999999999876e+03 1.320000000000000000e+02 4.791000000000000120e-02
2.196000000000000174e+00 -5.118653000000000247e+03 1.325000000000000000e+02 4.853999999999999981e-02
0.000000000000000000e+00 -5.120850000000000364e+03 1.330000000000000000e+02 4.853999999999999981e-02
5.999999999999999778e-02 -5.122926000000000386e+03 1.335000000000000000e+02 4.853999999999999981e-02
0.000000000000000000e+00 -5.122985999999999876e+03 1.340000000000000000e+02 4.853999999999999981e-02
2.202999999999999847e+00 -5.118630000000000109e+03 1.345000000000000000e+02 4.914999999999999925e-02
0.000000000000000000e+00 -5.120833999999999833e+03 1.350000000000000000e+02 4.914999999999999925e-02
5.099999999999999672e-02 -5.122935000000000400e+03 1.355000000000000000e+02 4.914999999999999925e-02
0.000000000000000000e+00 -5.122985999999999876e+03 1.360000000000000000e+02 4.914999999999999925e-02
2.197000000000000064e+00 -5.118653000000000247e+03 1.365000000000000000e+02 5.367999999999999855e-02
0.000000000000000000e+00 -5.120850000000000364e+03 1.370000000000000000e+02 5.367999999999999855e-02
5.299999999999999850e-02 -5.122949999999999818e+03 1.375000000000000000e+02 5.367999999999999855e-02
0.000000000000000000e+00 -5.123002999999999702e+03 1.380000000000000000e+02 5.367999999999999855e-02
2.229999999999999982e+00 -5.118596999999999753e+03 1.385000000000000000e+02 5.696999999999999981e-02
0.000000000000000000e+00 -5.120827000000000226e+03 1.390000000000000000e+02 5.696999999999999981e-02
1.299999999999999940e-02 -5.122988999999999578e+03 1.395000000000000000e+02 5.696999999999999981e-02
0.000000000000000000e+00 -5.123002999999999702e+03 1.400000000000000000e+02 5.696999999999999981e-02
2.270999999999999908e+00 -5.119256999999999607e+03 1.405000000000000000e+02 5.983000000000000124e-02
0.000000000000000000e+00 -5.121528000000000247e+03 1.410000000000000000e+02 5.983000000000000124e-02
7.960000000000000409e-01 -5.122207000000000335e+03 1.415000000000000000e+02 5.983000000000000124e-02
0.000000000000000000e+00 -5.123002999999999702e+03 1.420000000000000000e+02 5.983000000000000124e-02
2.229999999999999982e+00 -5.119288999999999760e+03 1.425000000000000000e+02 6.508999999999999508e-02
0.000000000000000000e+00 -5.121519000000000233e+03 1.430000000000000000e+02 6.508999999999999508e-02
7.469999999999999973e-01 -5.122256000000000313e+03 1.435000000000000000e+02 6.508999999999999508e-02
0.000000000000000000e+00 -5.123002999999999702e+03 1.440000000000000000e+02 6.508999999999999508e-02
2.213000000000000078e+00 -5.118636999999999716e+03 1.445000000000000000e+02 6.675999999999999990e-02
0.000000000000000000e+00 -5.120850000000000364e+03 1.450000000000000000e+02 6.675999999999999990e-02
5.500000000000000028e-02 -5.122931999999999789e+03 1.455000000000000000e+02 6.675999999999999990e-02
0.000000000000000000e+00 -5.122987000000000080e+03 1.460000000000000000e+02 6.675999999999999990e-02
2.204000000000000181e+00 -5.118630000000000109e+03 1.465000000000000000e+02 6.791999999999999427e-02
0.000000000000000000e+00 -5.120833999999999833e+03 1.470000000000000000e+02 6.791999999999999427e-02
4.399999999999999745e-02 -5.122951000000000022e+03 1.475000000000000000e+02 6.791999999999999427e-02
0.000000000000000000e+00 -5.122996000000000095e+03 1.480000000000000000e+02 6.791999999999999427e-02
2.008999999999999897e+00 -5.119552999999999884e+03 1.485000000000000000e+02 6.862000000000000044e-02
0.000000000000000000e+00 -5.121560999999999694e+03 1.490000000000000000e+02 6.862000000000000044e-02
5.739999999999999547e-01 -5.122420000000000073e+03 1.495000000000000000e+02 6.862000000000000044e-02
0.000000000000000000e+00 -5.122993999999999687e+03 1.500000000000000000e+02 6.862000000000000044e-02
2.210999999999999854e+00 -5.118623999999999796e+03 1.505000000000000000e+02 6.877999999999999392e-02
0.000000000000000000e+00 -5.120833999999999833e+03 1.510000000000000000e+02 6.877999999999999392e-02
5.099999999999999672e-02 -5.122943000000000211e+03 1.515000000000000000e+02 6.877999999999999392e-02
0.000000000000000000e+00 -5.122993999999999687e+03 1.520000000000000000e+02 6.877999999999999392e-02
2.005999999999999783e+00 -5.119555999999999585e+03 1.525000000000000000e+02 6.932000000000000661e-02
0.000000000000000000e+00 -5.121560999999999694e+03 1.530000000000000000e+02 6.932000000000000661e-02
5.570000000000000506e-01 -5.122430000000000291e+03 1.535000000000000000e+02 6.932000000000000661e-02
0.000000000000000000e+00 -5.122987000000000080e+03 1.540000000000000000e+02 6.932000000000000661e-02
1.981999999999999984e+00 -5.119579999999999927e+03 1.545000000000000000e+02 6.958999999999999908e-02
0.000000000000000000e+00 -5.121560999999999694e+03 1.550000000000000000e+02 6.958999999999999908e-02
5.719999999999999529e-01 -5.122422999999999774e+03 1.555000000000000000e+02 6.958999999999999908e-02
0.000000000000000000e+00 -5.122994999999999891e+03 1.560000000000000000e+02 6.958999999999999908e-02
2.019000000000000128e+00 -5.119485999999999876e+03 1.565000000000000000e+02 7.090000000000000469e-02
0.000000000000000000e+00 -5.121505000000000109e+03 1.570000000000000000e+02 7.090000000000000469e-02
5.290000000000000258e-01 -5.122466999999999643e+03 1.575000000000000000e+02 7.090000000000000469e-02
0.000000000000000000e+00 -5.122994999999999891e+03 1.580000000000000000e+02 7.090000000000000469e-02
2.007000000000000117e+00 -5.119552999999999884e+03 1.585000000000000000e+02 7.129000000000000614e-02
0.000000000000000000e+00 -5.121560999999999694e+03 1.590000000000000000e+02 7.129000000000000614e-02
5.729999999999999538e-01 -5.122421999999999571e+03 1.595000000000000000e+02 7.129000000000000614e-02
0.000000000000000000e+00 -5.122994999999999891e+03 1.600000000000000000e+02 7.129000000000000614e-02
2.007000000000000117e+00 -5.119552999999999884e+03 1.605000000000000000e+02 7.156999999999999473e-02
0.000000000000000000e+00 -5.121560999999999694e+03 1.610000000000000000e+02 7.156999999999999473e-02
5.729999999999999538e-01 -5.122421999999999571e+03 1.615000000000000000e+02 7.156999999999999473e-02
0.000000000000000000e+00 -5.122994999999999891e+03 1.620000000000000000e+02 7.156999999999999473e-02
2.019000000000000128e+00 -5.119485999999999876e+03 1.625000000000000000e+02 7.177999999999999658e-02
0.000000000000000000e+00 -5.121505000000000109e+03 1.630000000000000000e+02 7.177999999999999658e-02
5.290000000000000258e-01 -5.122466999999999643e+03 1.635000000000000000e+02 7.177999999999999658e-02
0.000000000000000000e+00 -5.122994999999999891e+03 1.640000000000000000e+02 7.177999999999999658e-02
2.019000000000000128e+00 -5.119485999999999876e+03 1.645000000000000000e+02 7.187000000000000333e-02
0.000000000000000000e+00 -5.121505000000000109e+03 1.650000000000000000e+02 7.187000000000000333e-02
5.290000000000000258e-01 -5.122466999999999643e+03 1.655000000000000000e+02 7.187000000000000333e-02
0.000000000000000000e+00 -5.122994999999999891e+03 1.660000000000000000e+02 7.187000000000000333e-02
2.019000000000000128e+00 -5.119485999999999876e+03 1.665000000000000000e+02 7.260999999999999399e-02
0.000000000000000000e+00 -5.121505000000000109e+03 1.670000000000000000e+02 7.260999999999999399e-02
5.290000000000000258e-01 -5.122466999999999643e+03 1.675000000000000000e+02 7.260999999999999399e-02
0.000000000000000000e+00 -5.122994999999999891e+03 1.680000000000000000e+02 7.260999999999999399e-02
2.008000000000000007e+00 -5.119551999999999680e+03 1.685000000000000000e+02 7.334999999999999853e-02
0.000000000000000000e+00 -5.121560999999999694e+03 1.690000000000000000e+02 7.334999999999999853e-02
5.739999999999999547e-01 -5.122421999999999571e+03 1.695000000000000000e+02 7.334999999999999853e-02
0.000000000000000000e+00 -5.122994999999999891e+03 1.700000000000000000e+02 7.334999999999999853e-02
2.019000000000000128e+00 -5.119485999999999876e+03 1.705000000000000000e+02 7.373999999999999999e-02
0.000000000000000000e+00 -5.121505000000000109e+03 1.710000000000000000e+02 7.373999999999999999e-02
5.280000000000000249e-01 -5.122466999999999643e+03 1.715000000000000000e+02 7.373999999999999999e-02
0.000000000000000000e+00 -5.122994999999999891e+03 1.720000000000000000e+02 7.373999999999999999e-02
2.019000000000000128e+00 -5.119485999999999876e+03 1.725000000000000000e+02 7.377000000000000224e-02
0.000000000000000000e+00 -5.121505000000000109e+03 1.730000000000000000e+02 7.377000000000000224e-02
5.280000000000000249e-01 -5.122466999999999643e+03 1.735000000000000000e+02 7.377000000000000224e-02
0.000000000000000000e+00 -5.122994999999999891e+03 1.740000000000000000e+02 7.377000000000000224e-02
2.008000000000000007e+00 -5.119555000000000291e+03 1.745000000000000000e+02 7.409000000000000308e-02
0.000000000000000000e+00 -5.121561999999999898e+03 1.750000000000000000e+02 7.409000000000000308e-02
5.749999999999999556e-01 -5.122420000000000073e+03 1.755000000000000000e+02 7.409000000000000308e-02
0.000000000000000000e+00 -5.122994999999999891e+03 1.760000000000000000e+02 7.409000000000000308e-02
2.008000000000000007e+00 -5.119554000000000087e+03 1.765000000000000000e+02 7.503999999999999559e-02
0.000000000000000000e+00 -5.121561999999999898e+03 1.770000000000000000e+02 7.503999999999999559e-02
5.580000000000000515e-01 -5.122429000000000087e+03 1.775000000000000000e+02 7.503999999999999559e-02
0.000000000000000000e+00 -5.122985999999999876e+03 1.780000000000000000e+02 7.503999999999999559e-02
1.981999999999999984e+00 -5.119581000000000131e+03 1.785000000000000000e+02 7.563999999999999890e-02
0.000000000000000000e+00 -5.121561999999999898e+03 1.790000000000000000e+02 7.563999999999999890e-02
5.719999999999999529e-01 -5.122422999999999774e+03 1.795000000000000000e+02 7.563999999999999890e-02
0.000000000000000000e+00 -5.122996000000000095e+03 1.800000000000000000e+02 7.563999999999999890e-02
2.005999999999999783e+00 -5.119556999999999789e+03 1.805000000000000000e+02 7.620000000000000384e-02
0.000000000000000000e+00 -5.121561999999999898e+03 1.810000000000000000e+02 7.620000000000000384e-02
5.570000000000000506e-01 -5.122429000000000087e+03 1.815000000000000000e+02 7.620000000000000384e-02
0.000000000000000000e+00 -5.122985999999999876e+03 1.820000000000000000e+02 7.620000000000000384e-02
1.981999999999999984e+00 -5.119581000000000131e+03 1.825000000000000000e+02 7.746000000000000107e-02
0.000000000000000000e+00 -5.121561999999999898e+03 1.830000000000000000e+02 7.746000000000000107e-02
5.719999999999999529e-01 -5.122422999999999774e+03 1.835000000000000000e+02 7.746000000000000107e-02
0.000000000000000000e+00 -5.122996000000000095e+03 1.840000000000000000e+02 7.746000000000000107e-02
2.020000000000000018e+00 -5.119484000000000378e+03 1.845000000000000000e+02 7.825000000000000011e-02
0.000000000000000000e+00 -5.121505000000000109e+03 1.850000000000000000e+02 7.825000000000000011e-02
5.290000000000000258e-01 -5.122466000000000349e+03 1.855000000000000000e+02 7.825000000000000011e-02
0.000000000000000000e+00 -5.122996000000000095e+03 1.860000000000000000e+02 7.825000000000000011e-02
2.009999999999999787e+00 -5.119552999999999884e+03 1.865000000000000000e+02 7.953000000000000347e-02
0.000000000000000000e+00 -5.121561999999999898e+03 1.870000000000000000e+02 7.953000000000000347e-02
5.570000000000000506e-01 -5.122429000000000087e+03 1.875000000000000000e+02 7.953000000000000347e-02
0.000000000000000000e+00 -5.122985999999999876e+03 1.880000000000000000e+02 7.953000000000000347e-02
2.186999999999999833e+00 -5.118655999999999949e+03 1.885000000000000000e+02 8.175000000000000322e-02
0.000000000000000000e+00 -5.120842999999999847e+03 1.890000000000000000e+02 8.175000000000000322e-02
4.399999999999999745e-02 -5.122942000000000007e+03 1.895000000000000000e+02 8.175000000000000322e-02
0.000000000000000000e+00 -5.122985999999999876e+03 1.900000000000000000e+02 8.175000000000000322e-02
2.186999999999999833e+00 -5.118655999999999949e+03 1.905000000000000000e+02 8.573000000000000065e-02
0.000000000000000000e+00 -5.120842999999999847e+03 1.910000000000000000e+02 8.573000000000000065e-02
4.399999999999999745e-02 -5.122942000000000007e+03 1.915000000000000000e+02 8.573000000000000065e-02
0.000000000000000000e+00 -5.122985999999999876e+03 1.920000000000000000e+02 8.573000000000000065e-02
2.170999999999999819e+00 -5.118698999999999614e+03 1.925000000000000000e+02 9.161999999999999311e-02
0.000000000000000000e+00 -5.120869999999999891e+03 1.930000000000000000e+02 9.161999999999999311e-02
5.500000000000000028e-02 -5.122931999999999789e+03 1.935000000000000000e+02 9.161999999999999311e-02
0.000000000000000000e+00 -5.122985999999999876e+03 1.940000000000000000e+02 9.161999999999999311e-02
2.170999999999999819e+00 -5.118698999999999614e+03 1.945000000000000000e+02 9.289999999999999647e-02
0.000000000000000000e+00 -5.120869999999999891e+03 1.950000000000000000e+02 9.289999999999999647e-02
2.260000000000000064e-01 -5.122761000000000422e+03 1.955000000000000000e+02 9.289999999999999647e-02
0.000000000000000000e+00 -5.122987000000000080e+03 1.960000000000000000e+02 9.289999999999999647e-02
2.233999999999999986e+00 -5.119270000000000437e+03 1.965000000000000000e+02 1.008000000000000007e-01
0.000000000000000000e+00 -5.121503999999999905e+03 1.970000000000000000e+02 1.008000000000000007e-01
7.510000000000000009e-01 -5.122235999999999876e+03 1.975000000000000000e+02 1.008000000000000007e-01
0.000000000000000000e+00 -5.122987000000000080e+03 1.980000000000000000e+02 1.008000000000000007e-01
2.188000000000000167e+00 -5.118655999999999949e+03 1.985000000000000000e+02 1.010000000000000064e-01
0.000000000000000000e+00 -5.120844000000000051e+03 1.990000000000000000e+02 1.010000000000000064e-01
8.599999999999999312e-02 -5.122899999999999636e+03 1.995000000000000000e+02 1.010000000000000064e-01
0.000000000000000000e+00 -5.122987000000000080e+03 2.000000000000000000e+02 1.010000000000000064e-01
2.358000000000000096e+00 -5.118315999999999804e+03 2.005000000000000000e+02 1.016999999999999987e-01
0.000000000000000000e+00 -5.120673999999999978e+03 2.010000000000000000e+02 1.016999999999999987e-01
4.599999999999999922e-02 -5.122939999999999600e+03 2.015000000000000000e+02 1.016999999999999987e-01
0.000000000000000000e+00 -5.122984999999999673e+03 2.020000000000000000e+02 1.016999999999999987e-01
2.230999999999999872e+00 -5.119271999999999935e+03 2.025000000000000000e+02 1.171999999999999986e-01
0.000000000000000000e+00 -5.121502999999999702e+03 2.030000000000000000e+02 1.171999999999999986e-01
7.489999999999999991e-01 -5.122235999999999876e+03 2.035000000000000000e+02 1.171999999999999986e-01
0.000000000000000000e+00 -5.122985999999999876e+03 2.040000000000000000e+02 1.171999999999999986e-01
2.270999999999999908e+00 -5.119239999999999782e+03 2.045000000000000000e+02 1.181999999999999995e-01
0.000000000000000000e+00 -5.121511000000000422e+03 2.050000000000000000e+02 1.181999999999999995e-01
7.970000000000000417e-01 -5.122189000000000306e+03 2.055000000000000000e+02 1.181999999999999995e-01
0.000000000000000000e+00 -5.122985999999999876e+03 2.060000000000000000e+02 1.181999999999999995e-01
2.170999999999999819e+00 -5.118698999999999614e+03 2.065000000000000000e+02 1.208999999999999936e-01
0.000000000000000000e+00 -5.120869999999999891e+03 2.070000000000000000e+02 1.208999999999999936e-01
5.899999999999999689e-02 -5.122939000000000306e+03 2.075000000000000000e+02 1.208999999999999936e-01
0.000000000000000000e+00 -5.122998999999999796e+03 2.080000000000000000e+02 1.208999999999999936e-01
1.957000000000000073e+00 -5.119753999999999905e+03 2.085000000000000000e+02 1.210999999999999993e-01
0.000000000000000000e+00 -5.121710000000000036e+03 2.090000000000000000e+02 1.210999999999999993e-01
3.790000000000000036e-01 -5.122845000000000255e+03 2.095000000000000000e+02 1.210999999999999993e-01
0.000000000000000000e+00 -5.123224000000000160e+03 2.100000000000000000e+02 1.210999999999999993e-01
1.749000000000000110e+00 -5.121203999999999724e+03 2.105000000000000000e+02 1.210999999999999993e-01
0.000000000000000000e+00 -5.122953000000000429e+03 2.110000000000000000e+02 1.210999999999999993e-01
1.495000000000000107e+00 -5.121731999999999971e+03 2.115000000000000000e+02 1.210999999999999993e-01
0.000000000000000000e+00 -5.123226999999999862e+03 2.120000000000000000e+02 1.210999999999999993e-01
1.927000000000000046e+00 -5.120282000000000153e+03 2.125000000000000000e+02 1.210999999999999993e-01
0.000000000000000000e+00 -5.122208999999999833e+03 2.130000000000000000e+02 1.210999999999999993e-01
7.730000000000000204e-01 -5.122878999999999905e+03 2.135000000000000000e+02 1.210999999999999993e-01
0.000000000000000000e+00 -5.123652000000000044e+03 2.140000000000000000e+02 1.210999999999999993e-01
2.245000000000000107e+00 -5.119983000000000175e+03 2.145000000000000000e+02 1.287000000000000088e-01
0.000000000000000000e+00 -5.122228000000000065e+03 2.150000000000000000e+02 1.287000000000000088e-01
8.219999999999999529e-01 -5.122829999999999927e+03 2.155000000000000000e+02 1.287000000000000088e-01
0.000000000000000000e+00 -5.123652000000000044e+03 2.160000000000000000e+02 1.287000000000000088e-01
2.216000000000000192e+00 -5.119993000000000393e+03 2.165000000000000000e+02 1.295000000000000040e-01
0.000000000000000000e+00 -5.122210000000000036e+03 2.170000000000000000e+02 1.295000000000000040e-01
7.740000000000000213e-01 -5.122877000000000407e+03 2.175000000000000000e+02 1.295000000000000040e-01
0.000000000000000000e+00 -5.123652000000000044e+03 2.180000000000000000e+02 1.295000000000000040e-01
2.225000000000000089e+00 -5.119952000000000226e+03 2.185000000000000000e+02 1.297999999999999987e-01
0.000000000000000000e+00 -5.122177999999999884e+03 2.190000000000000000e+02 1.297999999999999987e-01
9.210000000000000409e-01 -5.122226999999999862e+03 2.195000000000000000e+02 1.297999999999999987e-01
0.000000000000000000e+00 -5.123148000000000138e+03 2.200000000000000000e+02 1.297999999999999987e-01
1.707000000000000073e+00 -5.121219000000000051e+03 2.205000000000000000e+02 1.297999999999999987e-01
0.000000000000000000e+00 -5.122925000000000182e+03 2.210000000000000000e+02 1.297999999999999987e-01
1.483999999999999986e+00 -5.121664999999999964e+03 2.215000000000000000e+02 1.297999999999999987e-01
0.000000000000000000e+00 -5.123149000000000342e+03 2.220000000000000000e+02 1.297999999999999987e-01
1.715999999999999970e+00 -5.121207999999999629e+03 2.225000000000000000e+02 1.297999999999999987e-01
0.000000000000000000e+00 -5.122923999999999978e+03 2.230000000000000000e+02 1.297999999999999987e-01
1.683999999999999941e+00 -5.119965000000000146e+03 2.235000000000000000e+02 1.297999999999999987e-01
0.000000000000000000e+00 -5.121648000000000138e+03 2.240000000000000000e+02 1.297999999999999987e-01
1.539999999999999980e-01 -5.121444000000000415e+03 2.245000000000000000e+02 1.297999999999999987e-01
0.000000000000000000e+00 -5.121597999999999956e+03 2.250000000000000000e+02 1.297999999999999987e-01
1.029999999999999943e-01 -5.121545000000000073e+03 2.255000000000000000e+02 1.297999999999999987e-01
0.000000000000000000e+00 -5.121648000000000138e+03 2.260000000000000000e+02 1.297999999999999987e-01
1.539999999999999980e-01 -5.121444000000000415e+03 2.265000000000000000e+02 1.297999999999999987e-01
0.000000000000000000e+00 -5.121597999999999956e+03 2.270000000000000000e+02 1.297999999999999987e-01
1.029999999999999943e-01 -5.121545000000000073e+03 2.275000000000000000e+02 1.297999999999999987e-01
0.000000000000000000e+00 -5.121648000000000138e+03 2.280000000000000000e+02 1.297999999999999987e-01
1.539999999999999980e-01 -5.121444000000000415e+03 2.285000000000000000e+02 1.297999999999999987e-01
0.000000000000000000e+00 -5.121597999999999956e+03 2.290000000000000000e+02 1.297999999999999987e-01
1.029999999999999943e-01 -5.121545000000000073e+03 2.295000000000000000e+02 1.297999999999999987e-01
0.000000000000000000e+00 -5.121648000000000138e+03 2.300000000000000000e+02 1.297999999999999987e-01
4.610000000000000209e-01 -5.122462999999999738e+03 2.305000000000000000e+02 1.297999999999999987e-01
0.000000000000000000e+00 -5.122923999999999978e+03 2.310000000000000000e+02 1.297999999999999987e-01
1.497999999999999998e+00 -5.121650999999999840e+03 2.315000000000000000e+02 1.297999999999999987e-01
0.000000000000000000e+00 -5.123149000000000342e+03 2.320000000000000000e+02 1.297999999999999987e-01
1.723999999999999977e+00 -5.121199999999999818e+03 2.325000000000000000e+02 1.298999999999999877e-01
0.000000000000000000e+00 -5.122923999999999978e+03 2.330000000000000000e+02 1.298999999999999877e-01
1.681000000000000050e+00 -5.119970000000000255e+03 2.335000000000000000e+02 1.298999999999999877e-01
0.000000000000000000e+00 -5.121650999999999840e+03 2.340000000000000000e+02 1.298999999999999877e-01
4.089999999999999747e-01 -5.122516999999999825e+03 2.345000000000000000e+02 1.298999999999999877e-01
0.000000000000000000e+00 -5.122925000000000182e+03 2.350000000000000000e+02 1.298999999999999877e-01
1.520000000000000018e+00 -5.121630000000000109e+03 2.355000000000000000e+02 1.298999999999999877e-01
0.000000000000000000e+00 -5.123149999999999636e+03 2.360000000000000000e+02 1.298999999999999877e-01
1.725000000000000089e+00 -5.121199999999999818e+03 2.365000000000000000e+02 1.298999999999999877e-01
0.000000000000000000e+00 -5.122923999999999978e+03 2.370000000000000000e+02 1.298999999999999877e-01
1.504000000000000004e+00 -5.121645999999999731e+03 2.375000000000000000e+02 1.298999999999999877e-01
0.000000000000000000e+00 -5.123149000000000342e+03 2.380000000000000000e+02 1.298999999999999877e-01
1.899999999999999911e+00 -5.119751000000000204e+03 2.385000000000000000e+02 1.298999999999999877e-01
0.000000000000000000e+00 -5.121649999999999636e+03 2.390000000000000000e+02 1.298999999999999877e-01
4.010000000000000231e-01 -5.122748999999999796e+03 2.395000000000000000e+02 1.298999999999999877e-01
0.000000000000000000e+00 -5.123149000000000342e+03 2.400000000000000000e+02 1.298999999999999877e-01
1.715999999999999970e+00 -5.121210000000000036e+03 2.405000000000000000e+02 1.298999999999999877e-01
0.000000000000000000e+00 -5.122926000000000386e+03 2.410000000000000000e+02 1.298999999999999877e-01
1.524000000000000021e+00 -5.121626000000000204e+03 2.415000000000000000e+02 1.298999999999999877e-01
0.000000000000000000e+00 -5.123149999999999636e+03 2.420000000000000000e+02 1.298999999999999877e-01
1.737000000000000099e+00 -5.121186999999999898e+03 2.425000000000000000e+02 1.298999999999999877e-01
0.000000000000000000e+00 -5.122925000000000182e+03 2.430000000000000000e+02 1.298999999999999877e-01
1.685999999999999943e+00 -5.119965000000000146e+03 2.435000000000000000e+02 1.298999999999999877e-01
0.000000000000000000e+00 -5.121650999999999840e+03 2.440000000000000000e+02 1.298999999999999877e-01
3.960000000000000187e-01 -5.122752999999999702e+03 2.445000000000000000e+02 1.298999999999999877e-01
0.000000000000000000e+00 -5.123149000000000342e+03 2.450000000000000000e+02 1.298999999999999877e-01
1.721999999999999975e+00 -5.121201000000000022e+03 2.455000000000000000e+02 1.298999999999999877e-01
0.000000000000000000e+00 -5.122922999999999774e+03 2.460000000000000000e+02 1.298999999999999877e-01
1.495999999999999996e+00 -5.121653000000000247e+03 2.465000000000000000e+02 1.298999999999999877e-01
0.000000000000000000e+00 -5.123149000000000342e+03 2.470000000000000000e+02 1.298999999999999877e-01
1.707999999999999963e+00 -5.121217999999999847e+03 2.475000000000000000e+02 1.298999999999999877e-01
0.000000000000000000e+00 -5.122926000000000386e+03 2.480000000000000000e+02 1.298999999999999877e-01
1.526000000000000023e+00 -5.121622999999999593e+03 2.485000000000000000e+02 1.298999999999999877e-01
0.000000000000000000e+00 -5.123149999999999636e+03 2.490000000000000000e+02 1.298999999999999877e-01
1.729000000000000092e+00 -5.121194999999999709e+03 2.495000000000000000e+02 1.298999999999999877e-01
0.000000000000000000e+00 -5.122923999999999978e+03 2.500000000000000000e+02 1.298999999999999877e-01
1.502999999999999892e+00 -5.121645999999999731e+03 2.505000000000000000e+02 1.298999999999999877e-01
0.000000000000000000e+00 -5.123149999999999636e+03 2.510000000000000000e+02 1.298999999999999877e-01
1.717999999999999972e+00 -5.121207999999999629e+03 2.515000000000000000e+02 1.300000000000000044e-01
0.000000000000000000e+00 -5.122926000000000386e+03 2.520000000000000000e+02 1.300000000000000044e-01
1.524000000000000021e+00 -5.121626000000000204e+03 2.525000000000000000e+02 1.300000000000000044e-01
0.000000000000000000e+00 -5.123149999999999636e+03 2.530000000000000000e+02 1.300000000000000044e-01
1.723999999999999977e+00 -5.121202000000000226e+03 2.535000000000000000e+02 1.300000000000000044e-01
0.000000000000000000e+00 -5.122926000000000386e+03 2.540000000000000000e+02 1.300000000000000044e-01
1.500000000000000000e+00 -5.121649999999999636e+03 2.545000000000000000e+02 1.300000000000000044e-01
0.000000000000000000e+00 -5.123149999999999636e+03 2.550000000000000000e+02 1.300000000000000044e-01
1.895000000000000018e+00 -5.120279999999999745e+03 2.555000000000000000e+02 1.300000000000000044e-01
0.000000000000000000e+00 -5.122175000000000182e+03 2.560000000000000000e+02 1.300000000000000044e-01
7.449999999999999956e-01 -5.122905999999999949e+03 2.565000000000000000e+02 1.300000000000000044e-01
0.000000000000000000e+00 -5.123650999999999840e+03 2.570000000000000000e+02 1.300000000000000044e-01
2.221999999999999975e+00 -5.119953000000000429e+03 2.575000000000000000e+02 1.366999999999999882e-01
0.000000000000000000e+00 -5.122175000000000182e+03 2.580000000000000000e+02 1.366999999999999882e-01
7.449999999999999956e-01 -5.122905999999999949e+03 2.585000000000000000e+02 1.366999999999999882e-01
0.000000000000000000e+00 -5.123650999999999840e+03 2.590000000000000000e+02 1.366999999999999882e-01
2.415999999999999925e+00 -5.119355999999999767e+03 2.595000000000000000e+02 1.406999999999999917e-01
0.000000000000000000e+00 -5.121771999999999935e+03 2.600000000000000000e+02 1.406999999999999917e-01
5.370000000000000329e-01 -5.123113999999999578e+03 2.605000000000000000e+02 1.406999999999999917e-01
0.000000000000000000e+00 -5.123650999999999840e+03 2.610000000000000000e+02 1.406999999999999917e-01
2.242999999999999883e+00 -5.119984999999999673e+03 2.615000000000000000e+02 1.426999999999999935e-01
0.000000000000000000e+00 -5.122229000000000269e+03 2.620000000000000000e+02 1.426999999999999935e-01
8.209999999999999520e-01 -5.122831000000000131e+03 2.625000000000000000e+02 1.426999999999999935e-01
0.000000000000000000e+00 -5.123650999999999840e+03 2.630000000000000000e+02 1.426999999999999935e-01
2.213999999999999968e+00 -5.119994999999999891e+03 2.635000000000000000e+02 1.509000000000000064e-01
0.000000000000000000e+00 -5.122208999999999833e+03 2.640000000000000000e+02 1.509000000000000064e-01
7.720000000000000195e-01 -5.122878999999999905e+03 2.645000000000000000e+02 1.509000000000000064e-01
0.000000000000000000e+00 -5.123650999999999840e+03 2.650000000000000000e+02 1.509000000000000064e-01
2.221999999999999975e+00 -5.119953999999999724e+03 2.655000000000000000e+02 1.547000000000000042e-01
0.000000000000000000e+00 -5.122176000000000386e+03 2.660000000000000000e+02 1.547000000000000042e-01
7.469999999999999973e-01 -5.122904000000000451e+03 2.665000000000000000e+02 1.547000000000000042e-01
0.000000000000000000e+00 -5.123650999999999840e+03 2.670000000000000000e+02 1.547000000000000042e-01
2.454000000000000181e+00 -5.119328000000000429e+03 2.675000000000000000e+02 1.597000000000000086e-01
0.000000000000000000e+00 -5.121782000000000153e+03 2.680000000000000000e+02 1.597000000000000086e-01
7.069999999999999618e-01 -5.122984000000000378e+03 2.685000000000000000e+02 1.597000000000000086e-01
0.000000000000000000e+00 -5.123690999999999804e+03 2.690000000000000000e+02 1.597000000000000086e-01
2.221000000000000085e+00 -5.119993999999999687e+03 2.695000000000000000e+02 1.605999999999999928e-01
0.000000000000000000e+00 -5.122215000000000146e+03 2.700000000000000000e+02 1.605999999999999928e-01
9.060000000000000275e-01 -5.122319999999999709e+03 2.705000000000000000e+02 1.605999999999999928e-01
0.000000000000000000e+00 -5.123225999999999658e+03 2.710000000000000000e+02 1.605999999999999928e-01
1.756000000000000005e+00 -5.121181999999999789e+03 2.715000000000000000e+02 1.605999999999999928e-01
0.000000000000000000e+00 -5.122938000000000102e+03 2.720000000000000000e+02 1.605999999999999928e-01
1.469999999999999973e+00 -5.121756999999999607e+03 2.725000000000000000e+02 1.605999999999999928e-01
0.000000000000000000e+00 -5.123226999999999862e+03 2.730000000000000000e+02 1.605999999999999928e-01
1.758999999999999897e+00 -5.121180000000000291e+03 2.735000000000000000e+02 1.607000000000000095e-01
0.000000000000000000e+00 -5.122938000000000102e+03 2.740000000000000000e+02 1.607000000000000095e-01
1.469999999999999973e+00 -5.121756999999999607e+03 2.745000000000000000e+02 1.607000000000000095e-01
0.000000000000000000e+00 -5.123226999999999862e+03 2.750000000000000000e+02 1.607000000000000095e-01
1.917999999999999927e+00 -5.121021999999999935e+03 2.755000000000000000e+02 1.607000000000000095e-01
0.000000000000000000e+00 -5.122939999999999600e+03 2.760000000000000000e+02 1.607000000000000095e-01
1.473999999999999977e+00 -5.121752000000000407e+03 2.765000000000000000e+02 1.607000000000000095e-01
0.000000000000000000e+00 -5.123226999999999862e+03 2.770000000000000000e+02 1.607000000000000095e-01
1.758999999999999897e+00 -5.121179000000000087e+03 2.775000000000000000e+02 1.607000000000000095e-01
0.000000000000000000e+00 -5.122939000000000306e+03 2.780000000000000000e+02 1.607000000000000095e-01
1.471000000000000085e+00 -5.121755000000000109e+03 2.785000000000000000e+02 1.607000000000000095e-01
0.000000000000000000e+00 -5.123226999999999862e+03 2.790000000000000000e+02 1.607000000000000095e-01
1.743999999999999995e+00 -5.121197000000000116e+03 2.795000000000000000e+02 1.607000000000000095e-01
0.000000000000000000e+00 -5.122939999999999600e+03 2.800000000000000000e+02 1.607000000000000095e-01
1.491000000000000103e+00 -5.121735999999999876e+03 2.805000000000000000e+02 1.607000000000000095e-01
0.000000000000000000e+00 -5.123226999999999862e+03 2.810000000000000000e+02 1.607000000000000095e-01
1.929000000000000048e+00 -5.119792999999999665e+03 2.815000000000000000e+02 1.607000000000000095e-01
0.000000000000000000e+00 -5.121720999999999549e+03 2.820000000000000000e+02 1.607000000000000095e-01
4.229999999999999871e-01 -5.122804000000000087e+03 2.825000000000000000e+02 1.607000000000000095e-01
0.000000000000000000e+00 -5.123226999999999862e+03 2.830000000000000000e+02 1.607000000000000095e-01
1.752000000000000002e+00 -5.121188000000000102e+03 2.835000000000000000e+02 1.607999999999999985e-01
0.000000000000000000e+00 -5.122939999999999600e+03 2.840000000000000000e+02 1.607999999999999985e-01
1.465000000000000080e+00 -5.121761999999999716e+03 2.845000000000000000e+02 1.607999999999999985e-01
0.000000000000000000e+00 -5.123226999999999862e+03 2.850000000000000000e+02 1.607999999999999985e-01
1.766000000000000014e+00 -5.121173999999999978e+03 2.855000000000000000e+02 1.607999999999999985e-01
0.000000000000000000e+00 -5.122939999999999600e+03 2.860000000000000000e+02 1.607999999999999985e-01
1.481999999999999984e+00 -5.121744999999999891e+03 2.865000000000000000e+02 1.607999999999999985e-01
0.000000000000000000e+00 -5.123226999999999862e+03 2.870000000000000000e+02 1.607999999999999985e-01
1.909000000000000030e+00 -5.121030999999999949e+03 2.875000000000000000e+02 1.607999999999999985e-01
0.000000000000000000e+00 -5.122939999999999600e+03 2.880000000000000000e+02 1.607999999999999985e-01
1.479999999999999982e+00 -5.121747000000000298e+03 2.885000000000000000e+02 1.607999999999999985e-01
0.000000000000000000e+00 -5.123226999999999862e+03 2.890000000000000000e+02 1.607999999999999985e-01
1.750000000000000000e+00 -5.121189999999999600e+03 2.895000000000000000e+02 1.607999999999999985e-01
0.000000000000000000e+00 -5.122939999999999600e+03 2.900000000000000000e+02 1.607999999999999985e-01
1.481000000000000094e+00 -5.121744999999999891e+03 2.905000000000000000e+02 1.607999999999999985e-01
0.000000000000000000e+00 -5.123226999999999862e+03 2.910000000000000000e+02 1.607999999999999985e-01
1.768000000000000016e+00 -5.121172999999999774e+03 2.915000000000000000e+02 1.607999999999999985e-01
0.000000000000000000e+00 -5.122939999999999600e+03 2.920000000000000000e+02 1.607999999999999985e-01
1.489000000000000101e+00 -5.121738000000000284e+03 2.925000000000000000e+02 1.607999999999999985e-01
0.000000000000000000e+00 -5.123226999999999862e+03 2.930000000000000000e+02 1.607999999999999985e-01
1.764999999999999902e+00 -5.121173999999999978e+03 2.935000000000000000e+02 1.607999999999999985e-01
0.000000000000000000e+00 -5.122939000000000306e+03 2.940000000000000000e+02 1.607999999999999985e-01
1.477000000000000091e+00 -5.121750000000000000e+03 2.945000000000000000e+02 1.607999999999999985e-01
0.000000000000000000e+00 -5.123226999999999862e+03 2.950000000000000000e+02 1.607999999999999985e-01
1.927000000000000046e+00 -5.119793999999999869e+03 2.955000000000000000e+02 1.607999999999999985e-01
0.000000000000000000e+00 -5.121720999999999549e+03 2.960000000000000000e+02 1.607999999999999985e-01
4.219999999999999862e-01 -5.122805000000000291e+03 2.965000000000000000e+02 1.607999999999999985e-01
0.000000000000000000e+00 -5.123226999999999862e+03 2.970000000000000000e+02 1.607999999999999985e-01
1.750000000000000000e+00 -5.121189999999999600e+03 2.975000000000000000e+02 1.608999999999999875e-01
0.000000000000000000e+00 -5.122939999999999600e+03 2.980000000000000000e+02 1.608999999999999875e-01
1.481000000000000094e+00 -5.121744999999999891e+03 2.985000000000000000e+02 1.608999999999999875e-01
0.000000000000000000e+00 -5.123225999999999658e+03 2.990000000000000000e+02 1.608999999999999875e-01
1.766999999999999904e+00 -5.121172999999999774e+03 2.995000000000000000e+02 1.608999999999999875e-01
0.000000000000000000e+00 -5.122939999999999600e+03 3.000000000000000000e+02 1.608999999999999875e-01
1.614000000000000101e+00 -5.121613000000000284e+03 3.005000000000000000e+02 1.608999999999999875e-01
0.000000000000000000e+00 -5.123226999999999862e+03 3.010000000000000000e+02 1.608999999999999875e-01
1.915000000000000036e+00 -5.120297999999999774e+03 3.015000000000000000e+02 1.608999999999999875e-01
0.000000000000000000e+00 -5.122212999999999738e+03 3.020000000000000000e+02 1.608999999999999875e-01
9.010000000000000231e-01 -5.122324999999999818e+03 3.025000000000000000e+02 1.608999999999999875e-01
0.000000000000000000e+00 -5.123226999999999862e+03 3.030000000000000000e+02 1.608999999999999875e-01
1.750000000000000000e+00 -5.121189000000000306e+03 3.035000000000000000e+02 1.608999999999999875e-01
0.000000000000000000e+00 -5.122939999999999600e+03 3.040000000000000000e+02 1.608999999999999875e-01
1.463000000000000078e+00 -5.121764000000000124e+03 3.045000000000000000e+02 1.608999999999999875e-01
0.000000000000000000e+00 -5.123226999999999862e+03 3.050000000000000000e+02 1.608999999999999875e-01
1.750000000000000000e+00 -5.121189999999999600e+03 3.055000000000000000e+02 1.608999999999999875e-01
0.000000000000000000e+00 -5.122939999999999600e+03 3.060000000000000000e+02 1.608999999999999875e-01
1.463000000000000078e+00 -5.121764000000000124e+03 3.065000000000000000e+02 1.608999999999999875e-01
0.000000000000000000e+00 -5.123226999999999862e+03 3.070000000000000000e+02 1.608999999999999875e-01
1.750000000000000000e+00 -5.121189999999999600e+03 3.075000000000000000e+02 1.610000000000000042e-01
0.000000000000000000e+00 -5.122939999999999600e+03 3.080000000000000000e+02 1.610000000000000042e-01
1.481000000000000094e+00 -5.121744999999999891e+03 3.085000000000000000e+02 1.610000000000000042e-01
0.000000000000000000e+00 -5.123226999999999862e+03 3.090000000000000000e+02 1.610000000000000042e-01
1.758000000000000007e+00 -5.121180000000000291e+03 3.095000000000000000e+02 1.610000000000000042e-01
0.000000000000000000e+00 -5.122938000000000102e+03 3.100000000000000000e+02 1.610000000000000042e-01
1.469999999999999973e+00 -5.121756999999999607e+03 3.105000000000000000e+02 1.610000000000000042e-01
0.000000000000000000e+00 -5.123226999999999862e+03 3.110000000000000000e+02 1.610000000000000042e-01
1.750999999999999890e+00 -5.121189000000000306e+03 3.115000000000000000e+02 1.610000000000000042e-01
0.000000000000000000e+00 -5.122939999999999600e+03 3.120000000000000000e+02 1.610000000000000042e-01
1.463999999999999968e+00 -5.121762999999999920e+03 3.125000000000000000e+02 1.610000000000000042e-01
0.000000000000000000e+00 -5.123226999999999862e+03 3.130000000000000000e+02 1.610000000000000042e-01
1.913999999999999924e+00 -5.121025999999999840e+03 3.135000000000000000e+02 1.610000000000000042e-01
0.000000000000000000e+00 -5.122939999999999600e+03 3.140000000000000000e+02 1.610000000000000042e-01
1.481000000000000094e+00 -5.121746000000000095e+03 3.145000000000000000e+02 1.610000000000000042e-01
0.000000000000000000e+00 -5.123226999999999862e+03 3.150000000000000000e+02 1.610000000000000042e-01
1.750000000000000000e+00 -5.121189999999999600e+03 3.155000000000000000e+02 1.610999999999999932e-01
0.000000000000000000e+00 -5.122939999999999600e+03 3.160000000000000000e+02 1.610999999999999932e-01
1.481000000000000094e+00 -5.121744999999999891e+03 3.165000000000000000e+02 1.610999999999999932e-01
0.000000000000000000e+00 -5.123225999999999658e+03 3.170000000000000000e+02 1.610999999999999932e-01
1.758000000000000007e+00 -5.121180000000000291e+03 3.175000000000000000e+02 1.610999999999999932e-01
0.000000000000000000e+00 -5.122938000000000102e+03 3.180000000000000000e+02 1.610999999999999932e-01
1.469999999999999973e+00 -5.121756999999999607e+03 3.185000000000000000e+02 1.610999999999999932e-01
0.000000000000000000e+00 -5.123226999999999862e+03 3.190000000000000000e+02 1.610999999999999932e-01
1.911000000000000032e+00 -5.120304000000000087e+03 3.195000000000000000e+02 1.610999999999999932e-01
0.000000000000000000e+00 -5.122215000000000146e+03 3.200000000000000000e+02 1.610999999999999932e-01
9.000000000000000222e-01 -5.122327000000000226e+03 3.205000000000000000e+02 1.610999999999999932e-01
0.000000000000000000e+00 -5.123226999999999862e+03 3.210000000000000000e+02 1.610999999999999932e-01
1.750999999999999890e+00 -5.121188000000000102e+03 3.215000000000000000e+02 1.610999999999999932e-01
0.000000000000000000e+00 -5.122939999999999600e+03 3.220000000000000000e+02 1.610999999999999932e-01
1.463999999999999968e+00 -5.121762999999999920e+03 3.225000000000000000e+02 1.610999999999999932e-01
0.000000000000000000e+00 -5.123226999999999862e+03 3.230000000000000000e+02 1.610999999999999932e-01
1.750999999999999890e+00 -5.121188000000000102e+03 3.235000000000000000e+02 1.612000000000000099e-01
0.000000000000000000e+00 -5.122939999999999600e+03 3.240000000000000000e+02 1.612000000000000099e-01
1.469000000000000083e+00 -5.121757999999999811e+03 3.245000000000000000e+02 1.612000000000000099e-01
0.000000000000000000e+00 -5.123225999999999658e+03 3.250000000000000000e+02 1.612000000000000099e-01
1.754999999999999893e+00 -5.121184000000000196e+03 3.255000000000000000e+02 1.612000000000000099e-01
0.000000000000000000e+00 -5.122939999999999600e+03 3.260000000000000000e+02 1.612000000000000099e-01
1.477000000000000091e+00 -5.121750000000000000e+03 3.265000000000000000e+02 1.612000000000000099e-01
0.000000000000000000e+00 -5.123226999999999862e+03 3.270000000000000000e+02 1.612000000000000099e-01
1.750000000000000000e+00 -5.121190999999999804e+03 3.275000000000000000e+02 1.612000000000000099e-01
0.000000000000000000e+00 -5.122939999999999600e+03 3.280000000000000000e+02 1.612000000000000099e-01
1.463000000000000078e+00 -5.121764000000000124e+03 3.285000000000000000e+02 1.612000000000000099e-01
0.000000000000000000e+00 -5.123226999999999862e+03 3.290000000000000000e+02 1.612000000000000099e-01
1.750000000000000000e+00 -5.121190999999999804e+03 3.295000000000000000e+02 1.612999999999999989e-01
0.000000000000000000e+00 -5.122939999999999600e+03 3.300000000000000000e+02 1.612999999999999989e-01
1.907000000000000028e+00 -5.120257999999999811e+03 3.305000000000000000e+02 1.612999999999999989e-01
0.000000000000000000e+00 -5.122164999999999964e+03 3.310000000000000000e+02 1.612999999999999989e-01
8.229999999999999538e-01 -5.122777000000000044e+03 3.315000000000000000e+02 1.612999999999999989e-01
0.000000000000000000e+00 -5.123600000000000364e+03 3.320000000000000000e+02 1.612999999999999989e-01
2.201999999999999957e+00 -5.120016999999999825e+03 3.325000000000000000e+02 1.617000000000000104e-01
0.000000000000000000e+00 -5.122219000000000051e+03 3.330000000000000000e+02 1.617000000000000104e-01
8.209999999999999520e-01 -5.122779000000000451e+03 3.335000000000000000e+02 1.617000000000000104e-01
0.000000000000000000e+00 -5.123600000000000364e+03 3.340000000000000000e+02 1.617000000000000104e-01
2.208000000000000185e+00 -5.119921999999999571e+03 3.345000000000000000e+02 1.633999999999999897e-01
0.000000000000000000e+00 -5.122130000000000109e+03 3.350000000000000000e+02 1.633999999999999897e-01
7.379999999999999893e-01 -5.122863000000000284e+03 3.355000000000000000e+02 1.633999999999999897e-01
0.000000000000000000e+00 -5.123600000000000364e+03 3.360000000000000000e+02 1.633999999999999897e-01
2.208000000000000185e+00 -5.119921999999999571e+03 3.365000000000000000e+02 1.658999999999999919e-01
0.000000000000000000e+00 -5.122130000000000109e+03 3.370000000000000000e+02 1.658999999999999919e-01
7.379999999999999893e-01 -5.122863000000000284e+03 3.375000000000000000e+02 1.658999999999999919e-01
0.000000000000000000e+00 -5.123600000000000364e+03 3.380000000000000000e+02 1.658999999999999919e-01
2.208000000000000185e+00 -5.119921999999999571e+03 3.385000000000000000e+02 1.660000000000000087e-01
0.000000000000000000e+00 -5.122130000000000109e+03 3.390000000000000000e+02 1.660000000000000087e-01
7.379999999999999893e-01 -5.122863000000000284e+03 3.395000000000000000e+02 1.660000000000000087e-01
0.000000000000000000e+00 -5.123600000000000364e+03 3.400000000000000000e+02 1.660000000000000087e-01
2.282000000000000028e+00 -5.119324999999999818e+03 3.405000000000000000e+02 1.663000000000000034e-01
0.000000000000000000e+00 -5.121606999999999971e+03 3.410000000000000000e+02 1.663000000000000034e-01
2.889999999999999791e-01 -5.123310999999999694e+03 3.415000000000000000e+02 1.663000000000000034e-01
0.000000000000000000e+00 -5.123600000000000364e+03 3.420000000000000000e+02 1.663000000000000034e-01
2.557999999999999829e+00 -5.119192000000000007e+03 3.425000000000000000e+02 1.731999999999999929e-01
0.000000000000000000e+00 -5.121748999999999796e+03 3.430000000000000000e+02 1.731999999999999929e-01
6.320000000000000062e-01 -5.122947000000000116e+03 3.435000000000000000e+02 1.731999999999999929e-01
0.000000000000000000e+00 -5.123578999999999724e+03 3.440000000000000000e+02 1.731999999999999929e-01
2.270999999999999908e+00 -5.119820999999999913e+03 3.445000000000000000e+02 1.809999999999999942e-01
0.000000000000000000e+00 -5.122091999999999643e+03 3.450000000000000000e+02 1.809999999999999942e-01
7.840000000000000302e-01 -5.122795000000000073e+03 3.455000000000000000e+02 1.809999999999999942e-01
0.000000000000000000e+00 -5.123578999999999724e+03 3.460000000000000000e+02 1.809999999999999942e-01
2.342000000000000082e+00 -5.119680999999999585e+03 3.465000000000000000e+02 1.865999999999999881e-01
0.000000000000000000e+00 -5.122024000000000342e+03 3.470000000000000000e+02 1.865999999999999881e-01
7.870000000000000329e-01 -5.122792999999999665e+03 3.475000000000000000e+02 1.865999999999999881e-01
0.000000000000000000e+00 -5.123579999999999927e+03 3.480000000000000000e+02 1.865999999999999881e-01
2.283999999999999808e+00 -5.119390999999999622e+03 3.485000000000000000e+02 1.875000000000000000e-01
0.000000000000000000e+00 -5.121675000000000182e+03 3.490000000000000000e+02 1.875000000000000000e-01
3.990000000000000213e-01 -5.123180999999999585e+03 3.495000000000000000e+02 1.875000000000000000e-01
0.000000000000000000e+00 -5.123579999999999927e+03 3.500000000000000000e+02 1.875000000000000000e-01
2.334999999999999964e+00 -5.119689999999999600e+03 3.505000000000000000e+02 1.882999999999999952e-01
0.000000000000000000e+00 -5.122025999999999840e+03 3.510000000000000000e+02 1.882999999999999952e-01
7.810000000000000275e-01 -5.122797999999999774e+03 3.515000000000000000e+02 1.882999999999999952e-01
0.000000000000000000e+00 -5.123579999999999927e+03 3.520000000000000000e+02 1.882999999999999952e-01
2.696000000000000174e+00 -5.118997000000000298e+03 3.525000000000000000e+02 1.900000000000000022e-01
0.000000000000000000e+00 -5.121693000000000211e+03 3.530000000000000000e+02 1.900000000000000022e-01
6.889999999999999458e-01 -5.122890999999999622e+03 3.535000000000000000e+02 1.900000000000000022e-01
0.000000000000000000e+00 -5.123579999999999927e+03 3.540000000000000000e+02 1.900000000000000022e-01
2.245999999999999996e+00 -5.119783999999999651e+03 3.545000000000000000e+02 1.968000000000000027e-01
0.000000000000000000e+00 -5.122029999999999745e+03 3.550000000000000000e+02 1.968000000000000027e-01
6.979999999999999538e-01 -5.122881000000000313e+03 3.555000000000000000e+02 1.968000000000000027e-01
0.000000000000000000e+00 -5.123578999999999724e+03 3.560000000000000000e+02 1.968000000000000027e-01
2.343999999999999861e+00 -5.119679000000000087e+03 3.565000000000000000e+02 2.240999999999999936e-01
0.000000000000000000e+00 -5.122024000000000342e+03 3.570000000000000000e+02 2.240999999999999936e-01
7.890000000000000346e-01 -5.122789999999999964e+03 3.575000000000000000e+02 2.240999999999999936e-01
0.000000000000000000e+00 -5.123578999999999724e+03 3.580000000000000000e+02 2.240999999999999936e-01
2.270999999999999908e+00 -5.119820999999999913e+03 3.585000000000000000e+02 2.272000000000000131e-01
0.000000000000000000e+00 -5.122091999999999643e+03 3.590000000000000000e+02 2.272000000000000131e-01
7.840000000000000302e-01 -5.122795000000000073e+03 3.595000000000000000e+02 2.272000000000000131e-01
0.000000000000000000e+00 -5.123578999999999724e+03 3.600000000000000000e+02 2.272000000000000131e-01
2.557999999999999829e+00 -5.119113000000000284e+03 3.605000000000000000e+02 2.286999999999999866e-01
0.000000000000000000e+00 -5.121671000000000276e+03 3.610000000000000000e+02 2.286999999999999866e-01
6.810000000000000497e-01 -5.122899000000000342e+03 3.615000000000000000e+02 2.286999999999999866e-01
0.000000000000000000e+00 -5.123579999999999927e+03 3.620000000000000000e+02 2.286999999999999866e-01
2.285000000000000142e+00 -5.119391999999999825e+03 3.625000000000000000e+02 2.316999999999999893e-01
0.000000000000000000e+00 -5.121676999999999680e+03 3.630000000000000000e+02 2.316999999999999893e-01
3.990000000000000213e-01 -5.123179000000000087e+03 3.635000000000000000e+02 2.316999999999999893e-01
0.000000000000000000e+00 -5.123578000000000429e+03 3.640000000000000000e+02 2.316999999999999893e-01
2.456999999999999851e+00 -5.119289999999999964e+03 3.645000000000000000e+02 2.343000000000000083e-01
0.000000000000000000e+00 -5.121746000000000095e+03 3.650000000000000000e+02 2.343000000000000083e-01
6.250000000000000000e-01 -5.122953000000000429e+03 3.655000000000000000e+02 2.343000000000000083e-01
0.000000000000000000e+00 -5.123578000000000429e+03 3.660000000000000000e+02 2.343000000000000083e-01
2.415000000000000036e+00 -5.119315999999999804e+03 3.665000000000000000e+02 2.421000000000000096e-01
0.000000000000000000e+00 -5.121730999999999767e+03 3.670000000000000000e+02 2.421000000000000096e-01
7.530000000000000027e-01 -5.120328999999999724e+03 3.675000000000000000e+02 2.421000000000000096e-01
0.000000000000000000e+00 -5.121082999999999629e+03 3.680000000000000000e+02 2.421000000000000096e-01
1.059999999999999970e-01 -5.121625000000000000e+03 3.685000000000000000e+02 2.421000000000000096e-01
0.000000000000000000e+00 -5.121730999999999767e+03 3.690000000000000000e+02 2.421000000000000096e-01
7.239999999999999769e-01 -5.120554000000000087e+03 3.695000000000000000e+02 2.421000000000000096e-01
0.000000000000000000e+00 -5.121278000000000247e+03 3.700000000000000000e+02 2.421000000000000096e-01
3.649999999999999911e-01 -5.121104000000000269e+03 3.705000000000000000e+02 2.421000000000000096e-01
0.000000000000000000e+00 -5.121469000000000051e+03 3.710000000000000000e+02 2.421000000000000096e-01
5.030000000000000027e-01 -5.122922999999999774e+03 3.715000000000000000e+02 2.421000000000000096e-01
0.000000000000000000e+00 -5.123426999999999680e+03 3.720000000000000000e+02 2.421000000000000096e-01
2.255999999999999783e+00 -5.119702000000000226e+03 3.725000000000000000e+02 2.437000000000000000e-01
0.000000000000000000e+00 -5.121957999999999629e+03 3.730000000000000000e+02 2.437000000000000000e-01
7.880000000000000338e-01 -5.122639000000000124e+03 3.735000000000000000e+02 2.437000000000000000e-01
0.000000000000000000e+00 -5.123426999999999680e+03 3.740000000000000000e+02 2.437000000000000000e-01
2.254999999999999893e+00 -5.119680000000000291e+03 3.745000000000000000e+02 2.457999999999999907e-01
0.000000000000000000e+00 -5.121935000000000400e+03 3.750000000000000000e+02 2.457999999999999907e-01
7.640000000000000124e-01 -5.122662999999999556e+03 3.755000000000000000e+02 2.457999999999999907e-01
0.000000000000000000e+00 -5.123426999999999680e+03 3.760000000000000000e+02 2.457999999999999907e-01
2.254999999999999893e+00 -5.119703999999999724e+03 3.765000000000000000e+02 2.614000000000000212e-01
0.000000000000000000e+00 -5.121957999999999629e+03 3.770000000000000000e+02 2.614000000000000212e-01
7.860000000000000320e-01 -5.122640000000000327e+03 3.775000000000000000e+02 2.614000000000000212e-01
0.000000000000000000e+00 -5.123426999999999680e+03 3.780000000000000000e+02 2.614000000000000212e-01
2.254999999999999893e+00 -5.119703999999999724e+03 3.785000000000000000e+02 2.641000000000000014e-01
0.000000000000000000e+00 -5.121957999999999629e+03 3.790000000000000000e+02 2.641000000000000014e-01
7.860000000000000320e-01 -5.122640000000000327e+03 3.795000000000000000e+02 2.641000000000000014e-01
0.000000000000000000e+00 -5.123426999999999680e+03 3.800000000000000000e+02 2.641000000000000014e-01
2.253000000000000114e+00 -5.119681999999999789e+03 3.805000000000000000e+02 2.651999999999999913e-01
0.000000000000000000e+00 -5.121935999999999694e+03 3.810000000000000000e+02 2.651999999999999913e-01
7.620000000000000107e-01 -5.122664999999999964e+03 3.815000000000000000e+02 2.651999999999999913e-01
0.000000000000000000e+00 -5.123426999999999680e+03 3.820000000000000000e+02 2.651999999999999913e-01
2.254000000000000004e+00 -5.119703999999999724e+03 3.825000000000000000e+02 2.708999999999999742e-01
0.000000000000000000e+00 -5.121958999999999833e+03 3.830000000000000000e+02 2.708999999999999742e-01
7.860000000000000320e-01 -5.122640999999999622e+03 3.835000000000000000e+02 2.708999999999999742e-01
0.000000000000000000e+00 -5.123426999999999680e+03 3.840000000000000000e+02 2.708999999999999742e-01
2.253000000000000114e+00 -5.119681999999999789e+03 3.845000000000000000e+02 2.841000000000000192e-01
0.000000000000000000e+00 -5.121935999999999694e+03 3.850000000000000000e+02 2.841000000000000192e-01
7.620000000000000107e-01 -5.122664999999999964e+03 3.855000000000000000e+02 2.841000000000000192e-01
0.000000000000000000e+00 -5.123426999999999680e+03 3.860000000000000000e+02 2.841000000000000192e-01
2.278999999999999915e+00 -5.119654999999999745e+03 3.865000000000000000e+02 2.852999999999999980e-01
0.000000000000000000e+00 -5.121934000000000196e+03 3.870000000000000000e+02 2.852999999999999980e-01
7.870000000000000329e-01 -5.122640000000000327e+03 3.875000000000000000e+02 2.852999999999999980e-01
0.000000000000000000e+00 -5.123426999999999680e+03 3.880000000000000000e+02 2.852999999999999980e-01
2.253000000000000114e+00 -5.119681999999999789e+03 3.885000000000000000e+02 2.877000000000000113e-01
0.000000000000000000e+00 -5.121935999999999694e+03 3.890000000000000000e+02 2.877000000000000113e-01
7.620000000000000107e-01 -5.122664999999999964e+03 3.895000000000000000e+02 2.877000000000000113e-01
0.000000000000000000e+00 -5.123426999999999680e+03 3.900000000000000000e+02 2.877000000000000113e-01
2.253000000000000114e+00 -5.119681999999999789e+03 3.905000000000000000e+02 2.913999999999999924e-01
0.000000000000000000e+00 -5.121935999999999694e+03 3.910000000000000000e+02 2.913999999999999924e-01
