# t	msd	err
9.999999999997567258e-04 1.224225699555273827e+01 6.056298744291970237e+00
2.000000000000134916e-03 1.087178377408324259e+01 5.685662022763030343e+00
3.636363636363478067e-03 1.383023228680153949e+01 4.150606217091628913e+00
5.884615384615359684e-03 2.313820436761395882e+01 4.925228456557372070e+00
9.995812144780057487e-03 7.127469814338728504e+00 2.601691749127176267e-01
1.985363984674664434e-02 8.448918493414751651e+00 2.670318415081217589e-01
2.979325714283776252e-02 1.025949102768421106e+01 2.834617049120485288e-01
4.486009140495581665e-02 1.275272478255217123e+01 2.172753821726455259e-01
7.495298187558672998e-02 1.635989493720986232e+01 1.661602892984764268e-01
1.198394828192505812e-01 2.279326015098975233e+01 1.668042528470565500e-01
1.953355399768829659e-01 3.416292632381436079e+01 1.427570239967162480e-01
3.257027937455687638e-01 5.076504224442847146e+01 1.500973036077885014e-01
5.403778759338642157e-01 8.057747469371098248e+01 1.652924781307893720e-01
8.899822226470663900e-01 1.245307373669907491e+02 1.994718081843620539e-01
1.464884809593977044e+00 1.996467252644421819e+02 2.478295390486885408e-01
2.419142157523366699e+00 3.195457107120266187e+02 3.102616269841982910e-01
3.996158944174855510e+00 5.391589415780608761e+02 4.310670090319128067e-01
6.595893466594394461e+00 9.369537647441391073e+02 5.684921057296100644e-01
1.087915051960905721e+01 1.728761782018011900e+03 8.895875062486178209e-01
1.793078943164518435e+01 3.297677875457787195e+03 1.572101897615062915e+00
2.945851129258508649e+01 5.360211667667830625e+03 2.164998235836949281e+00
4.805844815077514198e+01 9.636381506952411655e+03 2.400986452390420300e+00
7.308582654780565235e+01 2.317313380023038189e+04 5.498353117066629103e+00
