# t
0.000000000000000000e+00
1.205722500000000060e-14
4.668663099999999791e-13
7.826604399999999907e-13
5.044096900000000113e-12
5.318673099999999765e-12
5.894631800000000126e-12
3.633793500000000000e-08
3.633985500000000324e-08
3.634206600000000328e-08
3.634257800000000106e-08
1.394797400000000120e-07
1.394801299999999974e-07
3.778899100000000230e-05
3.778899100000000230e-05
5.961821600000000165e-05
5.961821699999999766e-05
6.066994900000000069e-05
6.066994900000000069e-05
1.807429599999999924e-03
1.807429599999999924e-03
1.024956999999999951e-01
1.024956999999999951e-01
1.358676699999999959e-01
1.358676699999999959e-01
1.418794800000000023e-01
1.418794800000000023e-01
1.432199899999999915e-01
1.432199899999999915e-01
1.550387900000000097e-01
1.550387900000000097e-01
1.635127799999999965e-01
1.635127799999999965e-01
1.678940100000000102e-01
1.678940100000000102e-01
1.687884400000000118e-01
1.687884400000000118e-01
1.722726099999999927e-01
1.722726099999999927e-01
1.738726300000000002e-01
1.738726300000000002e-01
1.756511500000000059e-01
1.756511500000000059e-01
1.795959400000000095e-01
1.795959400000000095e-01
1.797124599999999905e-01
1.797124599999999905e-01
1.819088799999999950e-01
1.819088799999999950e-01
1.867330500000000115e-01
1.867330500000000115e-01
1.967448199999999869e-01
1.967448199999999869e-01
2.168566600000000066e-01
2.168566600000000066e-01
2.319733300000000054e-01
2.319733300000000054e-01
2.372682799999999981e-01
2.372682799999999981e-01
2.459041299999999985e-01
2.459041299999999985e-01
2.482338099999999992e-01
2.482338099999999992e-01
2.487322800000000000e-01
2.487322800000000000e-01
2.586493500000000001e-01
2.586493500000000001e-01
2.588844399999999935e-01
2.588844399999999935e-01
2.610820799999999942e-01
2.610820799999999942e-01
2.620832900000000243e-01
2.620832900000000243e-01
2.669233799999999879e-01
2.669233799999999879e-01
2.680471999999999855e-01
2.680471999999999855e-01
2.784572300000000000e-01
2.784572300000000000e-01
2.823466299999999873e-01
2.823466299999999873e-01
2.840516299999999994e-01
2.840516299999999994e-01
2.943784799999999979e-01
2.943784799999999979e-01
2.956298399999999771e-01
2.956298399999999771e-01
3.082915900000000042e-01
3.082915900000000042e-01
3.139445599999999836e-01
3.139445599999999836e-01
3.160668099999999758e-01
3.160668099999999758e-01
3.234390500000000057e-01
3.234390500000000057e-01
3.255727600000000166e-01
3.255727600000000166e-01
3.278813099999999814e-01
3.278813099999999814e-01
3.333429399999999765e-01
3.333429399999999765e-01
3.343643000000000032e-01
3.343643000000000032e-01
3.439478899999999784e-01
3.439478899999999784e-01
3.512092199999999886e-01
3.512092199999999886e-01
3.537762500000000143e-01
3.537762500000000143e-01
3.538672199999999823e-01
3.538672199999999823e-01
3.542296099999999726e-01
3.542296099999999726e-01
3.548673600000000206e-01
3.548673600000000206e-01
3.549631699999999945e-01
3.549631699999999945e-01
3.559610100000000221e-01
3.559610100000000221e-01
3.562565699999999946e-01
3.562565699999999946e-01
3.564858399999999983e-01
3.564858399999999983e-01
3.566836199999999790e-01
3.566836199999999790e-01
3.569004700000000252e-01
3.569004700000000252e-01
3.574460500000000152e-01
3.574460500000000152e-01
3.579406600000000216e-01
3.579406600000000216e-01
3.579455699999999907e-01
3.579455699999999907e-01
3.580288600000000043e-01
3.580288600000000043e-01
3.587739699999999976e-01
3.587739699999999976e-01
3.591631200000000024e-01
3.591631200000000024e-01
3.597732399999999942e-01
3.597732399999999942e-01
3.597827200000000003e-01
3.597827200000000003e-01
3.604176700000000233e-01
3.604176700000000233e-01
3.605928700000000098e-01
3.605928700000000098e-01
3.609171700000000094e-01
3.609171700000000094e-01
3.609958600000000017e-01
3.609958600000000017e-01
3.609958600000000017e-01
3.609958600000000017e-01
3.610356100000000068e-01
3.610356100000000068e-01
3.610461500000000101e-01
3.610461500000000101e-01
3.614162000000000208e-01
3.614162000000000208e-01
3.616015599999999885e-01
3.616015599999999885e-01
3.617286499999999849e-01
3.617286499999999849e-01
3.619575500000000168e-01
3.619575500000000168e-01
3.630914900000000167e-01
3.630914900000000167e-01
3.680658299999999827e-01
3.680658299999999827e-01
3.761772999999999922e-01
3.761772999999999922e-01
3.762381300000000039e-01
3.762381300000000039e-01
3.797224900000000236e-01
3.797224900000000236e-01
3.805079900000000181e-01
3.805079900000000181e-01
3.862598500000000157e-01
3.862598500000000157e-01
3.929224199999999945e-01
3.929224199999999945e-01
3.945221099999999814e-01
3.945221099999999814e-01
3.989426500000000098e-01
3.989426500000000098e-01
4.032234499999999833e-01
4.032234499999999833e-01
4.047554800000000008e-01
4.047554800000000008e-01
4.081108500000000250e-01
4.081108500000000250e-01
4.171990300000000262e-01
4.171990300000000262e-01
4.171990300000000262e-01
4.213894599999999935e-01
4.213894599999999935e-01
4.225613100000000233e-01
4.225613100000000233e-01
4.252020200000000139e-01
4.252020200000000139e-01
4.290793199999999863e-01
4.290793199999999863e-01
4.290951700000000257e-01
4.290951700000000257e-01
4.290951700000000257e-01
4.330152299999999732e-01
4.330152299999999732e-01
4.371637899999999965e-01
4.371637899999999965e-01
4.425246400000000246e-01
4.425246400000000246e-01
4.490109600000000145e-01
4.490109600000000145e-01
4.521572500000000105e-01
4.521572500000000105e-01
4.663145499999999943e-01
4.663145499999999943e-01
4.752305600000000241e-01
4.752305600000000241e-01
4.777186700000000119e-01
4.777186700000000119e-01
4.777641300000000091e-01
4.777641300000000091e-01
4.784457599999999977e-01
4.784457599999999977e-01
4.836494299999999913e-01
4.836494299999999913e-01
4.836494299999999913e-01
4.840148699999999860e-01
4.840148699999999860e-01
4.840148699999999860e-01
4.880573500000000009e-01
4.880573500000000009e-01
4.911256900000000036e-01
4.911256900000000036e-01
4.963828100000000076e-01
4.963828100000000076e-01
5.139341899999999574e-01
5.139341899999999574e-01
5.298158699999999666e-01
5.298158699999999666e-01
5.298534999999999773e-01
5.298534999999999773e-01
5.350337800000000144e-01
5.350337800000000144e-01
5.358119500000000368e-01
5.358119500000000368e-01
5.359045099999999451e-01
5.359045099999999451e-01
5.369752899999999940e-01
5.369752899999999940e-01
5.370542999999999845e-01
5.370542999999999845e-01
5.370542999999999845e-01
5.370542999999999845e-01
5.377398599999999584e-01
5.377398599999999584e-01
5.378100500000000395e-01
5.378100500000000395e-01
5.378154699999999622e-01
5.378154699999999622e-01
5.380307199999999623e-01
5.380307199999999623e-01
5.380382200000000115e-01
5.380382200000000115e-01
5.380382200000000115e-01
5.381190599999999824e-01
5.381190599999999824e-01
5.381259699999999535e-01
5.381259699999999535e-01
5.381275800000000498e-01
5.381275800000000498e-01
5.382455000000000434e-01
5.382455000000000434e-01
5.384475399999999468e-01
5.384475399999999468e-01
5.385331799999999447e-01
5.385331799999999447e-01
5.385517100000000168e-01
5.385517100000000168e-01
5.385790599999999984e-01
5.385790599999999984e-01
5.387597299999999922e-01
5.387597299999999922e-01
5.389437599999999939e-01
5.389437599999999939e-01
5.389820499999999903e-01
5.389820499999999903e-01
5.395581499999999586e-01
5.395581499999999586e-01
5.442753599999999858e-01
5.442753599999999858e-01
5.501324699999999845e-01
5.501324699999999845e-01
5.506850500000000093e-01
5.506850500000000093e-01
5.506850500000000093e-01
5.511405600000000016e-01
5.511405600000000016e-01
5.695648100000000325e-01
5.695648100000000325e-01
5.730437499999999629e-01
5.730437499999999629e-01
5.730437499999999629e-01
5.758715100000000309e-01
5.758715100000000309e-01
5.953900300000000145e-01
5.953900300000000145e-01
5.982464499999999852e-01
5.982464499999999852e-01
6.049799300000000546e-01
6.049799300000000546e-01
6.082672399999999868e-01
6.082672399999999868e-01
6.082672399999999868e-01
6.082672399999999868e-01
6.098028100000000284e-01
6.098028100000000284e-01
6.150769999999999849e-01
6.150769999999999849e-01
6.150769999999999849e-01
6.152030699999999630e-01
6.152030699999999630e-01
6.318661899999999942e-01
6.318661899999999942e-01
6.356530299999999523e-01
6.356530299999999523e-01
6.363569500000000323e-01
6.363569500000000323e-01
6.456517299999999793e-01
6.456517299999999793e-01
6.466306400000000343e-01
6.466306400000000343e-01
6.535033500000000384e-01
6.535033500000000384e-01
6.614892999999999468e-01
6.614892999999999468e-01
6.660015400000000030e-01
6.660015400000000030e-01
6.666912299999999680e-01
6.666912299999999680e-01
6.669005399999999861e-01
6.669005399999999861e-01
6.669005399999999861e-01
6.708765500000000159e-01
6.708765500000000159e-01
6.715686600000000395e-01
6.715686600000000395e-01
6.736148499999999872e-01
6.736148499999999872e-01
6.743972200000000194e-01
6.743972200000000194e-01
6.789725500000000080e-01
6.789725500000000080e-01
6.790797400000000428e-01
6.790797400000000428e-01
6.790983800000000015e-01
6.839177800000000307e-01
6.839177800000000307e-01
6.854486800000000324e-01
6.854486800000000324e-01
6.865710999999999897e-01
6.865710999999999897e-01
6.867401100000000147e-01
6.867401100000000147e-01
6.950109599999999554e-01
6.950109599999999554e-01
6.950345799999999574e-01
6.950345799999999574e-01
6.967081499999999705e-01
6.967081499999999705e-01
6.984366800000000319e-01
6.984366800000000319e-01
6.985031699999999510e-01
6.985031699999999510e-01
7.032381899999999852e-01
7.032381899999999852e-01
7.078904700000000494e-01
7.078904700000000494e-01
7.114108300000000495e-01
7.114108300000000495e-01
7.143888099999999852e-01
7.143888099999999852e-01
7.181375899999999923e-01
7.181375899999999923e-01
7.201418000000000541e-01
7.201418000000000541e-01
7.244704699999999775e-01
7.244704699999999775e-01
7.289178400000000391e-01
7.289178400000000391e-01
7.289180400000000448e-01
7.289180400000000448e-01
7.289183999999999664e-01
7.289183999999999664e-01
7.302578199999999464e-01
7.302578199999999464e-01
7.335989600000000221e-01
7.335989600000000221e-01
7.432350500000000082e-01
7.432350500000000082e-01
7.438297200000000275e-01
7.438297200000000275e-01
7.454884099999999902e-01
7.454884099999999902e-01
7.491187599999999946e-01
7.491187599999999946e-01
7.513758000000000381e-01
7.513758000000000381e-01
7.530218199999999529e-01
7.530218199999999529e-01
7.612368900000000549e-01
7.612368900000000549e-01
7.622027200000000002e-01
7.622027200000000002e-01
7.683535500000000518e-01
7.683535500000000518e-01
7.691058400000000406e-01
7.691058400000000406e-01
7.793230399999999669e-01
7.793230399999999669e-01
7.891890599999999978e-01
7.891890599999999978e-01
7.892062300000000086e-01
7.892062300000000086e-01
7.933409099999999547e-01
7.933409099999999547e-01
7.933539800000000142e-01
7.933539800000000142e-01
8.216240500000000502e-01
8.216240500000000502e-01
8.278321400000000496e-01
8.278321400000000496e-01
8.375797499999999562e-01
8.375797499999999562e-01
8.388012700000000432e-01
8.388012700000000432e-01
8.421484799999999771e-01
8.421484799999999771e-01
8.534041799999999567e-01
8.534041799999999567e-01
8.555430099999999927e-01
8.555430099999999927e-01
8.641104600000000246e-01
8.641104600000000246e-01
8.652601800000000454e-01
8.652601800000000454e-01
8.733703699999999515e-01
8.733703699999999515e-01
8.866115300000000365e-01
8.866115300000000365e-01
8.889165999999999457e-01
8.889165999999999457e-01
8.901055700000000126e-01
8.901055700000000126e-01
9.127066299999999632e-01
9.127066299999999632e-01
9.201405400000000068e-01
9.201405400000000068e-01
9.352047199999999894e-01
9.352047199999999894e-01
9.425616599999999679e-01
9.425616599999999679e-01
9.442957899999999682e-01
9.442957899999999682e-01
9.570221199999999762e-01
9.570221199999999762e-01
9.611714799999999670e-01
9.611714799999999670e-01
9.630482700000000396e-01
9.630482700000000396e-01
9.658753900000000003e-01
9.658753900000000003e-01
9.661267900000000131e-01
9.661267900000000131e-01
9.692163400000000095e-01
9.692163400000000095e-01
9.731548199999999760e-01
9.731548199999999760e-01
9.926485200000000342e-01
9.926485200000000342e-01
1.003534200000000043e+00
1.003534200000000043e+00
1.004508500000000026e+00
1.004508500000000026e+00
1.010157500000000041e+00
1.010157500000000041e+00
1.011492300000000011e+00
1.011492300000000011e+00
1.011539500000000036e+00
1.011539500000000036e+00
1.032062400000000046e+00
1.032062400000000046e+00
1.036255799999999949e+00
1.036255799999999949e+00
1.045832199999999990e+00
1.045832199999999990e+00
1.047773800000000088e+00
1.047773800000000088e+00
1.054652200000000040e+00
1.054652200000000040e+00
1.056252200000000085e+00
1.056252200000000085e+00
1.068654500000000063e+00
1.068654500000000063e+00
1.073714099999999894e+00
1.073714099999999894e+00
1.073714099999999894e+00
1.076954900000000048e+00
1.076954900000000048e+00
1.079557399999999889e+00
1.079557399999999889e+00
1.080434899999999976e+00
1.080434899999999976e+00
1.080727400000000005e+00
1.080727400000000005e+00
1.084735599999999911e+00
1.084735599999999911e+00
1.085866999999999916e+00
1.085866999999999916e+00
1.088157599999999947e+00
1.088157599999999947e+00
1.092980800000000086e+00
1.092980800000000086e+00
1.093355099999999913e+00
1.093355099999999913e+00
1.120922399999999985e+00
1.120922399999999985e+00
1.120929800000000087e+00
1.120929800000000087e+00
1.122346199999999961e+00
1.122346199999999961e+00
1.124493399999999976e+00
1.124493399999999976e+00
1.125174600000000025e+00
1.125174600000000025e+00
1.127387799999999940e+00
1.127387799999999940e+00
1.133152099999999995e+00
1.133152099999999995e+00
1.137893299999999996e+00
1.137893299999999996e+00
1.138873100000000083e+00
1.138873100000000083e+00
1.141718199999999905e+00
1.141718199999999905e+00
1.143761500000000098e+00
1.143761500000000098e+00
1.144341300000000006e+00
1.144341300000000006e+00
1.144956599999999991e+00
1.144956599999999991e+00
1.145176500000000042e+00
1.145176500000000042e+00
1.145177099999999948e+00
1.145177099999999948e+00
1.153992399999999918e+00
1.153992399999999918e+00
1.155276799999999993e+00
1.155276799999999993e+00
1.155796499999999893e+00
1.155796499999999893e+00
1.155835299999999899e+00
1.155835299999999899e+00
1.162680799999999959e+00
1.162680799999999959e+00
1.163203900000000068e+00
1.163203900000000068e+00
1.165813100000000047e+00
1.165813100000000047e+00
1.173671600000000037e+00
1.173671600000000037e+00
1.180182400000000076e+00
1.180182400000000076e+00
1.180552499999999894e+00
1.180552499999999894e+00
1.183239900000000011e+00
1.183239900000000011e+00
1.189388899999999971e+00
1.189388899999999971e+00
1.189388899999999971e+00
1.189388899999999971e+00
1.193297700000000017e+00
1.193297700000000017e+00
1.193990099999999943e+00
1.193990099999999943e+00
1.194625899999999907e+00
1.194625899999999907e+00
1.199260999999999910e+00
1.199260999999999910e+00
1.200926099999999996e+00
1.200926099999999996e+00
1.207150699999999910e+00
1.207150699999999910e+00
1.210141300000000086e+00
1.210141300000000086e+00
1.214392600000000044e+00
1.214392600000000044e+00
1.226543500000000009e+00
1.226543500000000009e+00
1.226544499999999926e+00
1.226544499999999926e+00
1.226545400000000008e+00
1.226545400000000008e+00
1.227987900000000021e+00
1.227987900000000021e+00
1.228670300000000104e+00
1.228670300000000104e+00
1.229735500000000092e+00
1.229735500000000092e+00
1.232274400000000103e+00
1.232274400000000103e+00
1.232410000000000005e+00
1.232410000000000005e+00
1.232506099999999938e+00
1.232506099999999938e+00
1.232506199999999996e+00
1.232506199999999996e+00
1.236229100000000081e+00
1.236229100000000081e+00
1.250046100000000049e+00
1.250046100000000049e+00
1.250254399999999988e+00
1.250254399999999988e+00
1.255756300000000047e+00
1.255756300000000047e+00
1.258097000000000021e+00
1.258097000000000021e+00
1.260988999999999916e+00
1.260988999999999916e+00
1.260989700000000102e+00
1.260989700000000102e+00
1.280863899999999944e+00
1.280863899999999944e+00
1.295331299999999963e+00
1.295331299999999963e+00
1.296558799999999900e+00
1.296558799999999900e+00
1.298839300000000030e+00
1.298839300000000030e+00
1.315570200000000023e+00
1.315570200000000023e+00
1.321106700000000078e+00
1.321106700000000078e+00
1.324910899999999891e+00
1.324910899999999891e+00
1.325028099999999931e+00
1.325028099999999931e+00
1.326913500000000079e+00
1.326913500000000079e+00
1.335041099999999981e+00
1.335041099999999981e+00
1.337804599999999899e+00
1.337804599999999899e+00
1.340153200000000044e+00
1.340153200000000044e+00
1.350551199999999952e+00
1.350551199999999952e+00
1.354096299999999919e+00
1.354096299999999919e+00
1.356665100000000068e+00
1.356665100000000068e+00
1.369746600000000036e+00
1.369746600000000036e+00
1.371051299999999973e+00
1.371051299999999973e+00
1.382786199999999965e+00
1.382786199999999965e+00
1.382786400000000082e+00
1.382786400000000082e+00
1.384766500000000011e+00
1.384766500000000011e+00
1.389486100000000057e+00
1.389486100000000057e+00
1.396979299999999924e+00
1.396979299999999924e+00
1.397310499999999900e+00
1.397310499999999900e+00
1.401845599999999914e+00
1.401845599999999914e+00
1.407477300000000042e+00
1.407477300000000042e+00
1.408418500000000018e+00
1.408418500000000018e+00
1.414059600000000083e+00
1.414059600000000083e+00
1.414171400000000078e+00
1.414171400000000078e+00
1.414241000000000081e+00
1.415666099999999927e+00
1.415666099999999927e+00
1.423790799999999912e+00
1.423790799999999912e+00
1.439545000000000075e+00
1.439545000000000075e+00
1.449007099999999992e+00
1.449007099999999992e+00
1.450823999999999891e+00
1.450823999999999891e+00
1.455510599999999988e+00
1.455510599999999988e+00
1.455574399999999935e+00
1.455574399999999935e+00
1.455577099999999957e+00
1.455577099999999957e+00
1.459270300000000020e+00
1.459270300000000020e+00
1.473034600000000083e+00
1.473034600000000083e+00
1.486050099999999929e+00
1.486050099999999929e+00
1.504079900000000025e+00
1.504079900000000025e+00
1.508001600000000053e+00
1.508001600000000053e+00
1.509522800000000053e+00
1.509522800000000053e+00
1.518456699999999993e+00
1.518456699999999993e+00
1.530705100000000041e+00
1.530705100000000041e+00
1.533001800000000081e+00
1.533001800000000081e+00
1.534200400000000020e+00
1.534200400000000020e+00
1.535568499999999892e+00
1.535568499999999892e+00
1.551047800000000088e+00
1.551047800000000088e+00
1.556536300000000095e+00
1.556536300000000095e+00
1.559703899999999921e+00
1.559703899999999921e+00
1.568842800000000093e+00
1.568842800000000093e+00
1.569724799999999920e+00
1.569724799999999920e+00
1.571897499999999948e+00
1.571897499999999948e+00
1.574012699999999931e+00
1.574012699999999931e+00
1.575971699999999975e+00
1.575971699999999975e+00
1.578003100000000103e+00
1.578003100000000103e+00
1.578133800000000031e+00
1.578133800000000031e+00
1.578415300000000077e+00
1.578415300000000077e+00
1.593891100000000005e+00
1.593891100000000005e+00
1.594266200000000078e+00
1.594266200000000078e+00
1.596735599999999922e+00
1.596735599999999922e+00
1.599485700000000010e+00
1.599485700000000010e+00
1.605340800000000012e+00
1.605340800000000012e+00
1.607764200000000088e+00
1.607764200000000088e+00
1.613174600000000014e+00
1.613174600000000014e+00
1.614427899999999916e+00
1.614427899999999916e+00
1.619050300000000053e+00
1.619050300000000053e+00
1.621686600000000089e+00
1.621686600000000089e+00
1.626441699999999990e+00
1.626441699999999990e+00
1.633630200000000032e+00
1.633630200000000032e+00
1.634837600000000002e+00
1.634837600000000002e+00
1.656598599999999921e+00
1.656598599999999921e+00
1.657003000000000004e+00
1.657003000000000004e+00
1.675208699999999995e+00
1.675208699999999995e+00
1.677582899999999988e+00
1.677582899999999988e+00
1.677847700000000053e+00
1.677847700000000053e+00
1.694103600000000043e+00
1.694103600000000043e+00
1.702510900000000049e+00
1.702510900000000049e+00
1.702510900000000049e+00
1.702510900000000049e+00
1.702760100000000110e+00
1.702760100000000110e+00
1.704403600000000019e+00
1.704403600000000019e+00
1.705054199999999964e+00
1.705054199999999964e+00
1.718313100000000038e+00
1.718313100000000038e+00
1.723244100000000056e+00
1.723244100000000056e+00
1.723244100000000056e+00
1.723244100000000056e+00
1.726899399999999973e+00
1.726899399999999973e+00
1.734715699999999972e+00
1.734715699999999972e+00
1.742014200000000068e+00
1.742014200000000068e+00
1.744122600000000078e+00
1.744122600000000078e+00
1.753654000000000046e+00
1.753654000000000046e+00
1.757582500000000048e+00
1.757582500000000048e+00
1.758298600000000045e+00
1.758298600000000045e+00
1.762439199999999984e+00
1.762439199999999984e+00
1.771666299999999916e+00
1.771666299999999916e+00
1.796746100000000013e+00
1.796746100000000013e+00
1.811412900000000104e+00
1.811412900000000104e+00
1.812553599999999987e+00
1.812553599999999987e+00
1.825865499999999919e+00
1.825865499999999919e+00
1.827997799999999895e+00
1.827997799999999895e+00
1.830084999999999962e+00
1.830084999999999962e+00
1.833398599999999989e+00
1.833398599999999989e+00
1.853791600000000095e+00
1.853791600000000095e+00
1.853920100000000071e+00
1.853920100000000071e+00
1.856915799999999894e+00
1.856915799999999894e+00
1.859635799999999950e+00
1.859635799999999950e+00
1.864856199999999964e+00
1.864856199999999964e+00
1.875053999999999998e+00
1.875053999999999998e+00
1.875263099999999961e+00
1.875263099999999961e+00
1.877614799999999917e+00
1.877614799999999917e+00
1.899152799999999974e+00
1.899152799999999974e+00
1.901007499999999961e+00
1.901007499999999961e+00
1.901975200000000088e+00
1.901975200000000088e+00
1.904165000000000108e+00
1.904165000000000108e+00
1.925926699999999991e+00
1.925926699999999991e+00
1.937647099999999956e+00
1.937647099999999956e+00
1.941914200000000035e+00
1.941914200000000035e+00
1.947756400000000054e+00
1.947756400000000054e+00
1.954057200000000050e+00
1.954057200000000050e+00
1.958591399999999982e+00
1.958591399999999982e+00
1.961086899999999966e+00
1.961086899999999966e+00
1.965621000000000063e+00
1.965621000000000063e+00
1.967843599999999915e+00
1.967843599999999915e+00
1.969485600000000058e+00
1.969485600000000058e+00
1.976482000000000072e+00
1.976482000000000072e+00
1.981060299999999996e+00
1.981060299999999996e+00
1.981364200000000020e+00
1.981364200000000020e+00
1.981987699999999908e+00
1.981987699999999908e+00
1.981987699999999908e+00
1.981987699999999908e+00
1.990418100000000079e+00
1.990418100000000079e+00
1.990855100000000100e+00
1.990855100000000100e+00
1.991817299999999902e+00
1.991817299999999902e+00
1.993063599999999935e+00
1.993063599999999935e+00
2.000896299999999961e+00
2.000896299999999961e+00
2.023473699999999820e+00
2.023473699999999820e+00
2.031810300000000069e+00
2.031810300000000069e+00
2.037873300000000221e+00
2.037873300000000221e+00
2.041392300000000048e+00
2.041392300000000048e+00
2.045510099999999998e+00
2.045510099999999998e+00
2.052852899999999980e+00
2.052852899999999980e+00
2.076261800000000157e+00
2.076261800000000157e+00
2.086573500000000081e+00
2.086573500000000081e+00
2.086629999999999985e+00
2.086629999999999985e+00
2.097696700000000192e+00
2.097696700000000192e+00
2.101736199999999943e+00
2.101736199999999943e+00
2.101827899999999971e+00
2.101827899999999971e+00
2.117934099999999820e+00
2.117934099999999820e+00
2.118810299999999813e+00
2.118810299999999813e+00
2.121172399999999847e+00
2.121172399999999847e+00
2.124032500000000212e+00
2.124032500000000212e+00
2.125003700000000162e+00
2.125003700000000162e+00
2.131219300000000150e+00
2.131219300000000150e+00
2.135852600000000212e+00
2.135852600000000212e+00
2.139384499999999800e+00
2.139384499999999800e+00
2.146774499999999808e+00
2.146774499999999808e+00
2.146837600000000013e+00
2.146837600000000013e+00
2.152656799999999926e+00
2.152656799999999926e+00
2.153894999999999893e+00
2.153894999999999893e+00
2.159859500000000043e+00
2.159859500000000043e+00
2.162564399999999942e+00
2.162564399999999942e+00
2.162564399999999942e+00
2.162856699999999854e+00
2.162856699999999854e+00
2.163098399999999977e+00
2.163098399999999977e+00
2.163098399999999977e+00
2.163098399999999977e+00
2.181954499999999797e+00
2.181954499999999797e+00
2.188553900000000052e+00
2.188553900000000052e+00
2.195952300000000079e+00
2.195952300000000079e+00
2.195952300000000079e+00
2.195952300000000079e+00
2.201097900000000163e+00
2.201097900000000163e+00
2.205745999999999984e+00
2.205745999999999984e+00
2.205745999999999984e+00
2.208731900000000081e+00
2.208731900000000081e+00
2.211488699999999863e+00
2.211488699999999863e+00
2.215131700000000148e+00
2.215131700000000148e+00
2.229667800000000089e+00
2.229667800000000089e+00
2.231537700000000068e+00
2.231537700000000068e+00
2.241578500000000140e+00
2.241578500000000140e+00
2.243367800000000134e+00
2.243367800000000134e+00
2.262776699999999863e+00
2.262776699999999863e+00
2.264574000000000087e+00
2.264574000000000087e+00
2.264672899999999878e+00
2.264672899999999878e+00
2.265285500000000063e+00
2.265285500000000063e+00
2.275030000000000108e+00
2.275030000000000108e+00
2.275385099999999827e+00
2.275385099999999827e+00
2.278327099999999827e+00
2.278327099999999827e+00
2.280326599999999981e+00
2.280326599999999981e+00
2.282770800000000211e+00
2.282770800000000211e+00
2.288692800000000194e+00
2.288692800000000194e+00
2.295026899999999870e+00
2.295026899999999870e+00
2.303623500000000046e+00
2.303623500000000046e+00
2.308217400000000197e+00
2.308217400000000197e+00
2.308976700000000104e+00
2.308976700000000104e+00
2.309641699999999798e+00
2.309641699999999798e+00
2.314000800000000080e+00
2.314000800000000080e+00
2.322538100000000050e+00
2.322538100000000050e+00
2.341688200000000109e+00
2.341688200000000109e+00
2.343904100000000046e+00
2.343904100000000046e+00
2.351464599999999905e+00
2.351464599999999905e+00
2.355113900000000093e+00
2.355113900000000093e+00
2.367623800000000056e+00
2.367623800000000056e+00
2.373276100000000000e+00
2.373276100000000000e+00
2.373967299999999891e+00
2.373967299999999891e+00
2.374427400000000077e+00
2.374427400000000077e+00
2.374427400000000077e+00
2.381918699999999944e+00
2.381918699999999944e+00
2.388345199999999835e+00
2.388345199999999835e+00
2.393837599999999899e+00
2.393837599999999899e+00
2.398031399999999813e+00
2.398031399999999813e+00
2.401284599999999880e+00
2.401284599999999880e+00
2.403760899999999978e+00
2.403760899999999978e+00
2.404260900000000145e+00
2.404260900000000145e+00
2.407699899999999893e+00
2.407699899999999893e+00
2.409714399999999923e+00
2.409714399999999923e+00
2.411308700000000194e+00
2.411308700000000194e+00
2.414743300000000037e+00
2.414743300000000037e+00
2.414743300000000037e+00
2.415801899999999947e+00
2.415801899999999947e+00
2.419667399999999802e+00
2.419667399999999802e+00
2.419916900000000037e+00
2.419916900000000037e+00
2.425739300000000043e+00
2.425739300000000043e+00
2.427117299999999922e+00
2.427117299999999922e+00
2.431548100000000101e+00
2.431548100000000101e+00
2.433109299999999919e+00
2.433109299999999919e+00
2.435174599999999856e+00
2.435174599999999856e+00
2.436951399999999879e+00
2.436951399999999879e+00
2.437043500000000140e+00
2.437043500000000140e+00
2.455669799999999903e+00
2.455669799999999903e+00
2.461239599999999861e+00
2.461239599999999861e+00
2.461797900000000094e+00
2.461797900000000094e+00
2.475531300000000101e+00
2.475531300000000101e+00
2.482378199999999868e+00
2.482378199999999868e+00
2.486834500000000059e+00
2.486834500000000059e+00
2.488988599999999884e+00
2.488988599999999884e+00
2.489213400000000131e+00
2.489213400000000131e+00
2.496418699999999991e+00
2.496418699999999991e+00
2.498025499999999788e+00
2.498025499999999788e+00
2.498659299999999917e+00
2.498659299999999917e+00
2.500967600000000068e+00
2.500967600000000068e+00
2.507851599999999959e+00
2.507851599999999959e+00
2.509005300000000105e+00
2.509005300000000105e+00
2.512521299999999957e+00
2.512521299999999957e+00
2.532015299999999858e+00
2.532015299999999858e+00
2.540883000000000003e+00
2.540883000000000003e+00
2.551353000000000204e+00
2.551353000000000204e+00
2.553228100000000111e+00
2.553228100000000111e+00
2.558307300000000062e+00
2.558307300000000062e+00
2.568657799999999991e+00
2.568657799999999991e+00
2.568924899999999845e+00
2.568924899999999845e+00
2.568937399999999815e+00
2.571447599999999944e+00
2.571447599999999944e+00
2.575035800000000208e+00
2.575035800000000208e+00
2.575844200000000139e+00
2.575844200000000139e+00
2.577202900000000074e+00
2.577202900000000074e+00
2.579801499999999859e+00
2.579801499999999859e+00
2.582591799999999882e+00
2.582591799999999882e+00
2.592383100000000162e+00
2.592383100000000162e+00
2.603164200000000150e+00
2.603164200000000150e+00
2.606176800000000071e+00
2.606176800000000071e+00
2.612138700000000036e+00
2.612138700000000036e+00
2.614431199999999844e+00
2.614431199999999844e+00
2.626355199999999890e+00
2.626355199999999890e+00
2.626355199999999890e+00
2.637977799999999817e+00
2.637977799999999817e+00
2.638103000000000087e+00
2.638103000000000087e+00
2.651826100000000075e+00
2.651826100000000075e+00
2.662628900000000076e+00
2.662628900000000076e+00
2.687689699999999959e+00
2.687689699999999959e+00
2.703094600000000014e+00
2.703094600000000014e+00
2.710776899999999934e+00
2.710776899999999934e+00
2.711453300000000066e+00
2.711453300000000066e+00
2.716196000000000055e+00
2.716196000000000055e+00
2.721636499999999792e+00
2.721636499999999792e+00
2.735611599999999921e+00
2.735611599999999921e+00
2.744928999999999952e+00
2.744928999999999952e+00
2.760551700000000164e+00
2.760551700000000164e+00
2.760551700000000164e+00
2.775298199999999937e+00
2.775298199999999937e+00
2.786236800000000180e+00
2.786236800000000180e+00
2.791292299999999837e+00
2.791292299999999837e+00
2.797452299999999781e+00
2.797457599999999989e+00
2.803214399999999884e+00
2.803214399999999884e+00
2.819583699999999915e+00
2.819583699999999915e+00
2.821332299999999904e+00
2.821332299999999904e+00
2.828031800000000207e+00
2.828031800000000207e+00
2.831901499999999849e+00
2.831901499999999849e+00
2.844513000000000069e+00
2.844513000000000069e+00
2.852043999999999802e+00
2.852043999999999802e+00
2.853228300000000051e+00
2.853228300000000051e+00
2.863913800000000176e+00
2.863913800000000176e+00
2.869868700000000050e+00
2.869868700000000050e+00
2.876867299999999794e+00
2.876867299999999794e+00
2.880908499999999872e+00
2.880908499999999872e+00
2.887132900000000113e+00
2.887132900000000113e+00
2.887201600000000035e+00
2.887201600000000035e+00
2.888263699999999989e+00
2.888263699999999989e+00
2.899206500000000020e+00
2.899206500000000020e+00
2.907291299999999801e+00
2.907291299999999801e+00
2.916487500000000122e+00
2.916487500000000122e+00
2.933518700000000035e+00
2.933518700000000035e+00
2.937433599999999867e+00
2.937433599999999867e+00
2.952073700000000134e+00
2.952073700000000134e+00
2.952073700000000134e+00
2.952891399999999944e+00
2.952891399999999944e+00
2.963887600000000067e+00
2.963887600000000067e+00
2.970439400000000063e+00
2.970439400000000063e+00
2.975241500000000094e+00
2.975241500000000094e+00
2.976093600000000006e+00
2.976093600000000006e+00
2.979080999999999868e+00
2.979080999999999868e+00
2.991458300000000126e+00
2.991458300000000126e+00
2.993915700000000069e+00
2.993915700000000069e+00
3.016590700000000069e+00
3.016590700000000069e+00
3.024210800000000088e+00
3.024210800000000088e+00
3.024270399999999803e+00
3.024270399999999803e+00
3.034239299999999862e+00
3.034239299999999862e+00
3.036083800000000110e+00
3.036083800000000110e+00
3.036540500000000087e+00
3.036540500000000087e+00
3.040151799999999849e+00
3.040151799999999849e+00
3.048982300000000034e+00
3.048982300000000034e+00
3.057889499999999927e+00
3.057889499999999927e+00
3.067263800000000096e+00
3.067263800000000096e+00
3.071016900000000049e+00
3.071016900000000049e+00
3.078142999999999851e+00
3.078142999999999851e+00
3.083061700000000016e+00
3.083061700000000016e+00
3.090265899999999899e+00
3.090265899999999899e+00
3.090265899999999899e+00
3.113482199999999978e+00
3.113482199999999978e+00
3.114086499999999980e+00
3.114086499999999980e+00
3.116684300000000185e+00
3.116684300000000185e+00
3.119102700000000006e+00
3.119102700000000006e+00
3.130894300000000019e+00
3.130894300000000019e+00
3.142635600000000196e+00
3.142635600000000196e+00
3.142635799999999868e+00
3.142635799999999868e+00
3.142635799999999868e+00
3.144850899999999783e+00
3.144850899999999783e+00
3.145319999999999894e+00
3.145319999999999894e+00
3.170307000000000208e+00
3.170307000000000208e+00
3.170461200000000090e+00
3.170461200000000090e+00
3.170461200000000090e+00
3.182941700000000207e+00
3.182941700000000207e+00
3.186324500000000004e+00
3.186324500000000004e+00
3.187281000000000031e+00
3.187281000000000031e+00
3.194769099999999806e+00
3.194769099999999806e+00
3.206805199999999800e+00
3.206805199999999800e+00
3.212885399999999780e+00
3.212885399999999780e+00
3.212970599999999788e+00
3.212997500000000173e+00
3.212997500000000173e+00
3.214220899999999936e+00
3.214220899999999936e+00
3.218965299999999807e+00
3.218965299999999807e+00
3.223142800000000197e+00
3.223142800000000197e+00
3.229807999999999790e+00
3.229807999999999790e+00
3.234923999999999911e+00
3.234923999999999911e+00
3.235032299999999861e+00
3.235032299999999861e+00
3.237201100000000054e+00
3.237201100000000054e+00
3.246656600000000115e+00
3.246656600000000115e+00
3.253845399999999888e+00
3.253845399999999888e+00
3.253845399999999888e+00
3.264701099999999911e+00
3.264701099999999911e+00
3.265893300000000110e+00
3.265893300000000110e+00
3.284007100000000179e+00
3.284007100000000179e+00
3.284007100000000179e+00
3.284007100000000179e+00
3.286478799999999811e+00
3.286478799999999811e+00
3.291345699999999930e+00
3.291345699999999930e+00
3.314577700000000071e+00
3.314577700000000071e+00
3.327240300000000151e+00
3.327240300000000151e+00
3.331208999999999865e+00
3.331208999999999865e+00
3.342960800000000177e+00
3.342960800000000177e+00
3.354008299999999831e+00
3.354008299999999831e+00
3.371068900000000035e+00
3.371068900000000035e+00
3.372454499999999911e+00
3.372454499999999911e+00
3.374620900000000034e+00
3.374620900000000034e+00
3.374832800000000077e+00
3.374832800000000077e+00
3.383577600000000185e+00
3.383577600000000185e+00
3.387855300000000014e+00
3.387855300000000014e+00
3.388997900000000119e+00
3.388997900000000119e+00
3.397542500000000132e+00
3.397542500000000132e+00
3.402532799999999913e+00
3.402532799999999913e+00
3.404411800000000099e+00
3.404411800000000099e+00
3.406544499999999864e+00
3.406544499999999864e+00
3.411956099999999825e+00
3.411956099999999825e+00
3.443296300000000087e+00
3.443296300000000087e+00
3.451077900000000032e+00
3.451077900000000032e+00
3.451077900000000032e+00
3.455874000000000112e+00
3.455874000000000112e+00
3.462168899999999994e+00
3.462168899999999994e+00
3.463385199999999831e+00
3.463385199999999831e+00
3.465116500000000155e+00
3.465116500000000155e+00
3.471948400000000046e+00
3.471948400000000046e+00
3.474205200000000104e+00
3.474205200000000104e+00
3.474704399999999804e+00
3.474704399999999804e+00
3.474954100000000157e+00
3.474954100000000157e+00
3.487036199999999919e+00
3.487036199999999919e+00
3.493800300000000192e+00
3.493800300000000192e+00
3.493879499999999805e+00
3.493879499999999805e+00
3.495646499999999879e+00
3.495646499999999879e+00
3.502110599999999963e+00
3.502110599999999963e+00
3.508479499999999973e+00
3.508479499999999973e+00
3.515349599999999963e+00
3.515349599999999963e+00
3.517134700000000169e+00
3.517134700000000169e+00
3.522038900000000083e+00
3.522038900000000083e+00
3.524768100000000182e+00
3.524768100000000182e+00
3.547758200000000084e+00
3.547758200000000084e+00
3.557382699999999787e+00
3.557382699999999787e+00
3.561768499999999893e+00
3.561768499999999893e+00
3.564927200000000074e+00
3.564927200000000074e+00
3.570067900000000183e+00
3.570067900000000183e+00
3.571012599999999981e+00
3.571012599999999981e+00
3.573347500000000121e+00
3.573347500000000121e+00
3.573918100000000209e+00
3.573918100000000209e+00
3.579781000000000102e+00
3.579781000000000102e+00
3.581058300000000028e+00
3.581058300000000028e+00
3.583417799999999875e+00
3.583417799999999875e+00
3.608427700000000016e+00
3.608427700000000016e+00
3.609895400000000087e+00
3.609895400000000087e+00
3.610773500000000080e+00
3.610773500000000080e+00
3.625916500000000209e+00
3.625916500000000209e+00
3.628984700000000174e+00
3.628984700000000174e+00
3.631307800000000086e+00
3.631307800000000086e+00
3.632497400000000098e+00
3.632497400000000098e+00
3.639902999999999889e+00
3.639902999999999889e+00
3.641659300000000155e+00
3.641659300000000155e+00
3.646766200000000069e+00
3.646766200000000069e+00
3.665609299999999848e+00
3.665609299999999848e+00
3.668760300000000196e+00
3.668760300000000196e+00
3.669783699999999982e+00
3.669783699999999982e+00
3.679312799999999939e+00
3.679312799999999939e+00
3.682477200000000117e+00
3.682477200000000117e+00
3.686447999999999947e+00
3.686447999999999947e+00
3.690878699999999846e+00
3.690878699999999846e+00
3.696412000000000031e+00
3.696412000000000031e+00
3.707034199999999835e+00
3.707034199999999835e+00
3.714251899999999829e+00
3.714251899999999829e+00
3.718872000000000178e+00
3.718872000000000178e+00
3.726341399999999915e+00
3.726341399999999915e+00
3.726755499999999888e+00
3.726755499999999888e+00
3.737300400000000078e+00
3.737300400000000078e+00
3.737300400000000078e+00
3.743259800000000137e+00
3.743259800000000137e+00
3.746361900000000134e+00
3.746361900000000134e+00
3.754927799999999927e+00
3.754927799999999927e+00
3.755657999999999941e+00
3.755657999999999941e+00
3.755742999999999832e+00
3.755742999999999832e+00
3.761268600000000184e+00
3.761268600000000184e+00
3.775779899999999856e+00
3.775779899999999856e+00
3.778484800000000199e+00
3.778484800000000199e+00
3.781205400000000161e+00
3.781205400000000161e+00
3.781736200000000103e+00
3.781736200000000103e+00
3.786263799999999957e+00
3.786263799999999957e+00
3.786263799999999957e+00
3.822157400000000038e+00
3.822157400000000038e+00
3.832685999999999815e+00
3.832685999999999815e+00
3.833663599999999949e+00
3.833663599999999949e+00
3.836287099999999839e+00
3.836287099999999839e+00
3.844321799999999900e+00
3.844321799999999900e+00
3.850308200000000181e+00
3.850308200000000181e+00
3.859959400000000151e+00
3.859959400000000151e+00
3.884104100000000059e+00
3.884104100000000059e+00
3.886700100000000102e+00
3.886700100000000102e+00
3.889597699999999936e+00
3.889597699999999936e+00
3.890116100000000188e+00
3.890116100000000188e+00
3.899040100000000120e+00
3.899040100000000120e+00
3.899370900000000084e+00
3.899370900000000084e+00
3.901236799999999949e+00
3.901236799999999949e+00
3.901236799999999949e+00
3.902407600000000087e+00
3.902407600000000087e+00
3.917196199999999795e+00
3.917196199999999795e+00
3.917278000000000038e+00
3.917278000000000038e+00
3.917429199999999945e+00
3.917429199999999945e+00
3.919522699999999915e+00
3.919522699999999915e+00
3.930407699999999949e+00
3.930407699999999949e+00
3.933831699999999820e+00
3.933831699999999820e+00
3.934970900000000160e+00
3.934970900000000160e+00
3.945555300000000098e+00
3.945555300000000098e+00
3.946716400000000124e+00
3.946716400000000124e+00
3.954430499999999959e+00
3.954430499999999959e+00
3.957624599999999937e+00
3.957624599999999937e+00
3.959164700000000092e+00
3.959164700000000092e+00
3.969584900000000083e+00
3.969584900000000083e+00
3.981246899999999922e+00
3.981246899999999922e+00
3.986614299999999833e+00
3.986614299999999833e+00
3.991143699999999850e+00
3.991143699999999850e+00
3.991191099999999992e+00
3.991191099999999992e+00
3.994061799999999884e+00
3.994061799999999884e+00
3.997346199999999961e+00
3.997346199999999961e+00
3.999866700000000108e+00
3.999866700000000108e+00
4.001355700000000404e+00
4.001355700000000404e+00
4.003418599999999827e+00
4.003418599999999827e+00
4.003418599999999827e+00
4.003418599999999827e+00
4.006096799999999902e+00
4.006096799999999902e+00
4.006787499999999724e+00
4.006787499999999724e+00
4.006787499999999724e+00
4.006802099999999811e+00
4.006802099999999811e+00
4.006871900000000153e+00
4.006871900000000153e+00
4.007148499999999558e+00
4.007148499999999558e+00
4.009128500000000095e+00
4.009128500000000095e+00
4.009839999999999627e+00
4.009839999999999627e+00
4.010492700000000355e+00
4.010492700000000355e+00
4.013931200000000032e+00
4.013931200000000032e+00
4.015945499999999946e+00
4.015945499999999946e+00
4.016421199999999914e+00
4.016421199999999914e+00
4.016452799999999712e+00
4.016452799999999712e+00
4.017699799999999932e+00
4.017699799999999932e+00
4.022059900000000354e+00
4.022059900000000354e+00
4.022429400000000044e+00
4.022429400000000044e+00
4.023088000000000442e+00
4.023088000000000442e+00
4.023585100000000025e+00
4.023585100000000025e+00
4.024421000000000248e+00
4.024421000000000248e+00
4.025276899999999713e+00
4.025276899999999713e+00
4.026162499999999866e+00
4.026162499999999866e+00
4.027797399999999861e+00
4.027797399999999861e+00
4.028633600000000037e+00
4.028633600000000037e+00
4.029345799999999755e+00
4.029345799999999755e+00
4.029622299999999768e+00
4.029622299999999768e+00
4.032226399999999877e+00
4.032226399999999877e+00
4.033764099999999964e+00
4.033764099999999964e+00
4.034267299999999778e+00
4.034267299999999778e+00
4.036422899999999814e+00
4.036422899999999814e+00
4.041709100000000277e+00
4.041709100000000277e+00
4.043303100000000150e+00
4.043303100000000150e+00
4.044360900000000036e+00
4.044360900000000036e+00
4.047613700000000314e+00
4.047613700000000314e+00
4.047773799999999866e+00
4.047773799999999866e+00
4.049852099999999844e+00
4.049852099999999844e+00
4.054483000000000281e+00
4.054483000000000281e+00
4.057194499999999593e+00
4.057194499999999593e+00
4.059145499999999629e+00
4.059145499999999629e+00
4.059599600000000308e+00
4.059599600000000308e+00
4.059995699999999985e+00
4.059995699999999985e+00
4.061044200000000437e+00
4.061044200000000437e+00
4.064151100000000127e+00
4.064151100000000127e+00
4.068247799999999970e+00
4.068247799999999970e+00
4.068247799999999970e+00
4.070968800000000165e+00
4.070968800000000165e+00
4.075039900000000159e+00
4.075039900000000159e+00
4.075039900000000159e+00
4.075039900000000159e+00
4.075039900000000159e+00
4.076604399999999906e+00
4.076604399999999906e+00
4.079377000000000031e+00
4.079377000000000031e+00
4.082473700000000427e+00
4.082473700000000427e+00
4.082473700000000427e+00
4.082473700000000427e+00
4.100575899999999940e+00
4.100575899999999940e+00
4.104588200000000242e+00
4.104588200000000242e+00
4.104833799999999755e+00
4.104833799999999755e+00
4.106987900000000025e+00
4.106987900000000025e+00
4.110662099999999874e+00
4.110662099999999874e+00
4.112569099999999978e+00
4.112569099999999978e+00
4.113551400000000413e+00
4.113551400000000413e+00
4.135427100000000245e+00
4.135427100000000245e+00
4.135427100000000245e+00
4.142592099999999888e+00
4.142592099999999888e+00
4.157041900000000290e+00
4.157041900000000290e+00
4.164156400000000424e+00
4.164156400000000424e+00
4.169217500000000243e+00
4.169217500000000243e+00
4.173917799999999900e+00
4.173917799999999900e+00
4.173946700000000121e+00
4.173946700000000121e+00
4.199745499999999687e+00
4.199745499999999687e+00
4.226220600000000438e+00
4.226220600000000438e+00
4.229027499999999939e+00
4.229027499999999939e+00
4.247260800000000280e+00
4.247260800000000280e+00
4.277270299999999636e+00
4.277270299999999636e+00
4.288324399999999592e+00
4.288324399999999592e+00
4.299766599999999883e+00
4.299766599999999883e+00
4.353004499999999943e+00
4.353004499999999943e+00
4.353277600000000191e+00
4.353277600000000191e+00
4.362145199999999612e+00
4.362145199999999612e+00
4.384691899999999976e+00
4.384691899999999976e+00
4.408273200000000003e+00
4.408273200000000003e+00
4.408273200000000003e+00
4.408273200000000003e+00
4.419173699999999982e+00
4.419173699999999982e+00
4.429883300000000190e+00
4.429883300000000190e+00
4.471804800000000135e+00
4.471804800000000135e+00
4.473462999999999745e+00
4.473462999999999745e+00
4.498173399999999766e+00
4.498173399999999766e+00
4.502566999999999986e+00
4.502566999999999986e+00
4.529137099999999805e+00
4.529137099999999805e+00
4.529194900000000246e+00
4.529194900000000246e+00
4.550479100000000443e+00
4.550479100000000443e+00
4.567970200000000425e+00
4.567970200000000425e+00
4.583432799999999752e+00
4.583432799999999752e+00
4.631401499999999949e+00
4.631401499999999949e+00
4.641288399999999648e+00
4.641288399999999648e+00
4.650818700000000305e+00
4.650818700000000305e+00
4.669668899999999567e+00
4.669668899999999567e+00
4.669668899999999567e+00
4.701686699999999774e+00
4.701686699999999774e+00
4.722376699999999872e+00
4.722376699999999872e+00
4.734178899999999857e+00
4.734178899999999857e+00
4.743700099999999864e+00
4.743700099999999864e+00
4.755102700000000127e+00
4.755102700000000127e+00
4.775990700000000366e+00
4.775990700000000366e+00
4.788353999999999999e+00
4.788353999999999999e+00
4.812798299999999863e+00
4.812798299999999863e+00
4.814282799999999973e+00
4.814282799999999973e+00
4.919988899999999887e+00
4.919988899999999887e+00
4.928794599999999804e+00
4.928794599999999804e+00
4.965519800000000039e+00
4.965519800000000039e+00
4.976172799999999619e+00
4.976172799999999619e+00
4.990961300000000378e+00
4.990961300000000378e+00
4.997524099999999692e+00
4.997524099999999692e+00
5.001697100000000340e+00
5.001697100000000340e+00
5.051378299999999655e+00
5.051378299999999655e+00
5.063035099999999566e+00
5.063035099999999566e+00
5.094391400000000125e+00
5.094391400000000125e+00
5.105600599999999822e+00
5.105600599999999822e+00
5.197673100000000268e+00
5.197673100000000268e+00
5.223790700000000342e+00
5.223790700000000342e+00
5.223790700000000342e+00
5.223880799999999880e+00
5.223880799999999880e+00
5.239197700000000069e+00
5.239197700000000069e+00
5.261960099999999585e+00
5.261960099999999585e+00
5.262948500000000251e+00
5.262948500000000251e+00
5.267489399999999655e+00
5.267489399999999655e+00
5.275402500000000217e+00
5.275402500000000217e+00
5.280298600000000064e+00
5.280298600000000064e+00
5.287529000000000146e+00
5.287529000000000146e+00
5.297711200000000176e+00
5.297711200000000176e+00
5.307242399999999805e+00
5.307242399999999805e+00
5.371576000000000128e+00
5.371576000000000128e+00
5.377997399999999928e+00
5.377997399999999928e+00
5.397651999999999894e+00
5.397651999999999894e+00
5.404050500000000312e+00
5.404050500000000312e+00
5.440087700000000304e+00
5.440087700000000304e+00
5.455681399999999570e+00
5.455681399999999570e+00
5.460884100000000352e+00
5.460884100000000352e+00
5.469489399999999613e+00
5.469489399999999613e+00
5.485208899999999943e+00
5.485208899999999943e+00
5.545677999999999663e+00
5.545677999999999663e+00
5.558478299999999983e+00
5.558478299999999983e+00
5.577228800000000319e+00
5.577228800000000319e+00
5.582975300000000196e+00
5.582975300000000196e+00
5.592307599999999823e+00
5.592307599999999823e+00
5.607735700000000101e+00
5.607735700000000101e+00
5.616805099999999662e+00
5.616805099999999662e+00
5.630859599999999965e+00
5.630859599999999965e+00
5.642684400000000267e+00
5.642684400000000267e+00
5.642711600000000161e+00
5.642711600000000161e+00
5.642711600000000161e+00
5.667976499999999973e+00
5.667976499999999973e+00
5.729430699999999987e+00
5.729430699999999987e+00
5.737905999999999729e+00
5.737905999999999729e+00
5.807230299999999623e+00
5.807230299999999623e+00
5.807230299999999623e+00
5.807230299999999623e+00
5.820968699999999885e+00
5.820968699999999885e+00
5.823567399999999950e+00
5.823567399999999950e+00
5.824538300000000390e+00
5.824538300000000390e+00
5.870725600000000099e+00
5.870725600000000099e+00
5.875006899999999810e+00
5.875006899999999810e+00
5.912514100000000106e+00
5.912514100000000106e+00
5.935767900000000097e+00
5.935767900000000097e+00
5.953571000000000168e+00
5.953571000000000168e+00
5.960233599999999576e+00
5.960233599999999576e+00
5.971779599999999633e+00
5.971779599999999633e+00
6.019005199999999611e+00
6.019005199999999611e+00
6.023196399999999784e+00
6.023196399999999784e+00
6.051028299999999582e+00
6.051028299999999582e+00
6.078690899999999786e+00
6.078690899999999786e+00
6.088197300000000034e+00
6.088197300000000034e+00
6.094830800000000437e+00
6.094830800000000437e+00
6.102895199999999853e+00
6.102895199999999853e+00
6.110523599999999611e+00
6.110523599999999611e+00
6.117429500000000075e+00
6.117429500000000075e+00
6.129038999999999682e+00
6.129038999999999682e+00
6.167559999999999931e+00
6.167559999999999931e+00
6.178810399999999703e+00
6.178810399999999703e+00
6.190497699999999881e+00
6.190497699999999881e+00
6.198001099999999930e+00
6.198001099999999930e+00
6.212533999999999779e+00
6.212533999999999779e+00
6.259132499999999766e+00
6.259132499999999766e+00
6.262199500000000363e+00
6.262199500000000363e+00
6.277763499999999830e+00
6.277763499999999830e+00
6.279419599999999768e+00
6.279419599999999768e+00
6.286323099999999720e+00
6.286323099999999720e+00
6.325402699999999712e+00
6.325402699999999712e+00
6.339272600000000146e+00
6.339272600000000146e+00
6.358013699999999879e+00
6.358013699999999879e+00
6.377438299999999671e+00
6.377438299999999671e+00
6.387463399999999680e+00
6.387463399999999680e+00
6.421378599999999714e+00
6.421378599999999714e+00
6.432903300000000435e+00
6.432903300000000435e+00
6.456465699999999863e+00
6.456465699999999863e+00
6.462977699999999714e+00
6.462977699999999714e+00
6.473400599999999727e+00
6.473400599999999727e+00
6.476911900000000166e+00
6.476911900000000166e+00
6.490021200000000157e+00
6.490021200000000157e+00
6.494197599999999682e+00
6.494197599999999682e+00
6.494197599999999682e+00
6.504159300000000421e+00
6.504159300000000421e+00
6.520057300000000389e+00
6.520057300000000389e+00
6.529442600000000319e+00
6.529442600000000319e+00
6.571071100000000165e+00
6.571071100000000165e+00
6.574898100000000412e+00
6.574898100000000412e+00
6.643997299999999662e+00
6.643997299999999662e+00
6.664342099999999824e+00
6.664342099999999824e+00
6.720641500000000157e+00
6.720641500000000157e+00
6.725705099999999881e+00
6.725705099999999881e+00
6.727894799999999620e+00
6.727894799999999620e+00
6.734406400000000126e+00
6.734406400000000126e+00
6.771845199999999565e+00
6.771845199999999565e+00
6.788976599999999806e+00
6.788976599999999806e+00
6.799382200000000154e+00
6.799382200000000154e+00
6.801081499999999558e+00
6.801081499999999558e+00
6.813199799999999584e+00
6.813199799999999584e+00
6.816943199999999869e+00
6.816943199999999869e+00
6.851287100000000407e+00
6.851287100000000407e+00
6.851301799999999886e+00
6.851301799999999886e+00
6.873355799999999682e+00
6.873355799999999682e+00
6.877932699999999677e+00
6.877932699999999677e+00
6.885883100000000034e+00
6.885883100000000034e+00
6.888894699999999816e+00
6.888894699999999816e+00
6.891292800000000440e+00
6.891292800000000440e+00
6.898869300000000315e+00
6.898869300000000315e+00
6.905718300000000198e+00
6.905718300000000198e+00
6.914137300000000153e+00
6.914137300000000153e+00
6.945016599999999762e+00
6.945016599999999762e+00
6.969472900000000415e+00
6.969472900000000415e+00
6.977064099999999769e+00
6.977064099999999769e+00
7.015496399999999966e+00
7.015496399999999966e+00
7.017425399999999591e+00
7.017425399999999591e+00
7.034559400000000018e+00
7.034559400000000018e+00
7.038241199999999864e+00
7.038241199999999864e+00
7.054199200000000225e+00
7.054199200000000225e+00
7.056655100000000402e+00
7.056655100000000402e+00
7.059654199999999769e+00
7.059654199999999769e+00
7.062105200000000416e+00
7.062105200000000416e+00
7.064490900000000018e+00
7.064490900000000018e+00
7.067359100000000005e+00
7.067359100000000005e+00
7.068491800000000325e+00
7.068491800000000325e+00
7.095680999999999905e+00
7.095680999999999905e+00
7.099008500000000055e+00
7.099008500000000055e+00
7.117401499999999714e+00
7.117401499999999714e+00
7.138342100000000023e+00
7.138342100000000023e+00
7.156569799999999759e+00
7.156569799999999759e+00
7.168465600000000215e+00
7.168465600000000215e+00
7.170756400000000141e+00
7.170756400000000141e+00
7.189560099999999565e+00
7.189560099999999565e+00
7.195297100000000334e+00
7.195297100000000334e+00
7.203137800000000368e+00
7.203137800000000368e+00
7.207454399999999595e+00
7.207454399999999595e+00
7.210237199999999902e+00
7.210237199999999902e+00
7.211410800000000343e+00
7.211437300000000050e+00
7.211437300000000050e+00
7.211437300000000050e+00
7.211510999999999783e+00
7.211510999999999783e+00
7.211565900000000084e+00
7.211565900000000084e+00
7.211584900000000076e+00
7.242929700000000359e+00
7.242929700000000359e+00
7.242930300000000265e+00
7.242930300000000265e+00
7.251182799999999595e+00
7.251182799999999595e+00
7.253383699999999656e+00
7.253383699999999656e+00
7.263760300000000392e+00
7.263760300000000392e+00
7.270693399999999862e+00
7.270693399999999862e+00
7.317738600000000204e+00
7.317738600000000204e+00
7.327045199999999703e+00
7.327045199999999703e+00
7.363090900000000438e+00
7.363090900000000438e+00
7.386794599999999988e+00
7.386794599999999988e+00
7.391276900000000261e+00
7.391276900000000261e+00
7.395670499999999592e+00
7.395670499999999592e+00
7.402479200000000148e+00
7.402479200000000148e+00
7.427817499999999740e+00
7.427817499999999740e+00
7.446914099999999870e+00
7.446914099999999870e+00
7.449307700000000310e+00
7.449307700000000310e+00
7.453994299999999740e+00
7.453994299999999740e+00
7.482949600000000423e+00
7.482949600000000423e+00
7.483801699999999890e+00
7.483801699999999890e+00
7.488324500000000050e+00
7.488324500000000050e+00
7.518714000000000119e+00
7.518714000000000119e+00
7.535091200000000100e+00
7.535091200000000100e+00
7.546249500000000054e+00
7.546249500000000054e+00
7.607051000000000229e+00
7.607051000000000229e+00
7.615941199999999967e+00
7.615941199999999967e+00
7.630564599999999587e+00
7.630564599999999587e+00
7.630564599999999587e+00
7.644338600000000206e+00
7.644338600000000206e+00
7.648106300000000246e+00
7.648106300000000246e+00
7.648612299999999919e+00
7.648612299999999919e+00
7.648612299999999919e+00
7.650869499999999768e+00
7.650869499999999768e+00
7.689752200000000038e+00
7.689752200000000038e+00
7.704646200000000000e+00
7.704646200000000000e+00
7.721551200000000392e+00
7.721551200000000392e+00
7.731712400000000152e+00
7.731712400000000152e+00
7.797862900000000153e+00
7.797862900000000153e+00
7.798005899999999713e+00
7.798005899999999713e+00
7.798686199999999680e+00
7.798686199999999680e+00
7.798727600000000315e+00
7.798727600000000315e+00
7.798793599999999770e+00
7.798808600000000091e+00
7.798808600000000091e+00
7.835596699999999970e+00
7.835596699999999970e+00
7.838386500000000368e+00
7.838386500000000368e+00
7.839719200000000221e+00
7.839719200000000221e+00
7.839719200000000221e+00
7.839719200000000221e+00
7.842691799999999880e+00
7.842691799999999880e+00
7.849391299999999738e+00
7.849391299999999738e+00
7.849786700000000117e+00
7.849786700000000117e+00
7.853555400000000297e+00
7.853555400000000297e+00
7.856650499999999759e+00
7.856650499999999759e+00
7.856909500000000435e+00
7.856909500000000435e+00
7.859253899999999682e+00
7.859253899999999682e+00
7.859865499999999727e+00
7.859865499999999727e+00
7.873198000000000363e+00
7.873198000000000363e+00
7.874159599999999593e+00
7.874159599999999593e+00
7.876320599999999672e+00
7.876320599999999672e+00
7.878414799999999829e+00
7.878414799999999829e+00
7.878764099999999715e+00
7.878764099999999715e+00
7.893631799999999643e+00
7.893631799999999643e+00
7.895711699999999666e+00
7.895711699999999666e+00
7.895711699999999666e+00
7.895711699999999666e+00
7.903411400000000420e+00
7.903411400000000420e+00
7.906095500000000165e+00
7.906095500000000165e+00
7.910600699999999819e+00
7.910600699999999819e+00
7.914178500000000227e+00
7.914178500000000227e+00
7.924949299999999752e+00
7.924949299999999752e+00
7.925389899999999876e+00
7.925389899999999876e+00
7.927216500000000110e+00
7.927216500000000110e+00
7.934622700000000250e+00
