# t	msd	err
5.759999999999999690e-13 4.107625428449191568e-02 0.000000000000000000e+00
3.633439299999999588e-08 3.093034630971788213e-01 4.259583169889877285e-02
1.031600000000000052e-07 5.056264707501723077e-01 5.583590338403644771e-02
1.394943929999999879e-07 8.568055760674293531e-01 5.306944732774129814e-02
1.049999999999998417e-06 5.016691371444692571e-01 1.301055031074615786e-01
2.235499999999999857e-05 5.005064332623783141e-01 1.130744168566870655e-01
3.773695359825000531e-05 5.767237839788371678e-01 8.162099305575090669e-02
6.009195359824998355e-05 8.134194293749722471e-01 7.938792403410792342e-02
9.999999999999332340e-05 1.828005900835046604e-01 2.352671689548644154e-02
2.000000000000202571e-04 1.392132438788422633e-01 1.645301762618775476e-02
3.000000000000340719e-04 1.615353647553104399e-01 1.782483097438694250e-02
4.966565349544007062e-04 1.703615987797036657e-01 1.064126875382650876e-02
9.553956834532191999e-04 3.595455395299187451e+00 2.405025300408709932e-01
1.794833732951484897e-03 3.828062412094847211e+00 2.381323075637677977e-01
2.904489795918366053e-03 3.571584390321024038e+00 2.048867272080779622e-01
5.018275154004101131e-03 4.625645347842718635e+00 1.658568438457980188e-01
8.435099157837527492e-03 4.427114628099992011e+00 1.414124055404687996e-01
1.457585507246376109e-02 5.603091738710805458e+00 1.128612043907683410e-01
2.555338390726207692e-02 6.349205321117741718e+00 9.144470481073696533e-02
4.442907220715423128e-02 6.294118906797034008e+00 6.835468259496448040e-02
7.685106420821707918e-02 6.937050293879405416e+00 5.294572668956910172e-02
1.339291932490724035e-01 7.699921325138125994e+00 4.165999332234052860e-02
2.301070458777974559e-01 8.494625205262948953e+00 3.180842928092759286e-02
4.010827421183115749e-01 9.956264787655452864e+00 2.528788064426518156e-02
6.972002393437093382e-01 1.255965305085075379e+01 2.099967323517081333e-02
1.202791752846656070e+00 1.490355648788633225e+01 1.740535527347410877e-02
2.069008230616326216e+00 1.565122161304890547e+01 1.352488811582977339e-02
3.490676008287450394e+00 1.701532205039695711e+01 9.794982496217241597e-03
5.888870565131581358e+00 1.540722674590868024e+01 1.120486161218021623e-02
