# t
0.000000000000000000e+00
4.109961699999999922e-15
1.393894399999999996e-13
1.511333399999999876e-13
3.983407600000000116e-13
4.403727300000000216e-13
4.405945300000000238e-13
4.417538900000000048e-13
4.679086900000000440e-13
5.182643299999999701e-13
7.227530999999999973e-13
7.373140099999999880e-13
7.488966199999999973e-13
1.114763300000000075e-12
1.171399600000000008e-12
1.234823700000000099e-12
1.277230000000000001e-12
1.326309300000000030e-12
1.342357100000000090e-12
1.353236699999999910e-12
1.418671599999999967e-12
1.721218700000000068e-12
1.758797999999999995e-12
1.767343099999999992e-12
1.789747199999999921e-12
1.836928599999999928e-12
1.842830000000000136e-12
2.047606399999999938e-12
2.070980800000000186e-12
