# t	msd	err
9.999999999998898659e-05 2.334277817276182443e+00 6.147450236811967672e-01
2.000000000000889955e-04 2.140862653114429026e+00 3.514817718679650871e-01
7.333333333333635906e-04 3.158045207248797226e+01 9.656134312160169486e+00
1.005228758169974222e-03 1.393206861354692805e+01 1.223601290492368987e+00
2.031929824561345879e-03 1.502182227506457579e+01 1.296650540820189157e+00
4.007029876977128563e-03 1.469200267830508544e+01 7.363329551833798226e-01
7.480440647482044202e-03 1.889865888781156755e+01 7.514687700577503682e-01
1.044450647735918267e-02 1.439498132879991665e+01 1.881162367665639712e-01
2.065815543962529893e-02 1.816799694195843529e+01 1.963177900607716575e-01
3.586474344558189531e-02 2.360611353456499018e+01 1.615340255317025686e-01
6.571793137975077970e-02 3.065069938406708516e+01 1.229433394839083704e-01
1.200805161993761944e-01 4.079990167252501010e+01 1.023956299639269679e-01
2.141103421895472758e-01 5.216625584562500251e+01 8.166991424870838345e-02
3.745833231344519176e-01 6.787583451394553435e+01 7.071472765719401254e-02
6.596818363209803193e-01 9.107496235640874716e+01 7.072114320112762864e-02
1.163089593525106213e+00 1.264874937610804011e+02 7.901714519083041788e-02
2.045539320367738334e+00 1.578647071121617671e+02 6.863044613345430089e-02
3.588870750052928216e+00 2.100068530351474578e+02 6.834789561656892665e-02
6.324551484086441633e+00 3.278065349468685667e+02 8.670185263340395021e-02
1.104160808244535730e+01 4.752232833783130559e+02 9.963334872182748325e-02
1.926535260947018813e+01 9.600724221475890090e+02 1.246790265890493216e-01
3.109495666266887071e+01 1.846367989157357442e+03 2.453070834381408105e-01
