# t	msd	err
1.000000000000432617e-03 2.200141748473683023e+01 8.576479880040743353e+00
1.999999999999858228e-03 3.063791635398475321e+01 8.668878726021784331e+00
3.607142857142919823e-03 1.266349348441604228e+01 4.217614321043249070e+00
5.709756097561012947e-03 2.445532391066344857e+01 4.155398816753316460e+00
1.007407407407398883e-02 1.504275043254843602e+01 1.977918687578221535e+00
1.729485294117637934e-02 1.658569223973914575e+01 1.967307691541375192e+00
2.778036529680360384e-02 2.036871214745783121e+01 1.666443746044517837e+00
4.476004962779114860e-02 2.260568174670691022e+01 1.187401246086601692e+00
7.474557496360530184e-02 2.939631106615178169e+01 9.955708732905808045e-01
1.237447688984860267e-01 3.544371006975307381e+01 7.933790990932306775e-01
2.042351735722305606e-01 4.216992331120614779e+01 6.408426880425485139e-01
3.380990759514803656e-01 5.384431314747582320e+01 4.969750781956983054e-01
5.592569096391738492e-01 6.369551495869237812e+01 3.802128905502583645e-01
9.246223386494097918e-01 7.434152558907126718e+01 3.078224254535714688e-01
1.527407548703233919e+00 9.345777768138574970e+01 2.581973226529086229e-01
2.523119013103098496e+00 1.375330776564103701e+02 2.785444156046522068e-01
4.154624042377959015e+00 2.265235082725623954e+02 4.167698474768867789e-01
6.793142158823811450e+00 4.602239605134663520e+02 7.719325534449386073e-01
1.022697182063189558e+01 7.350527210144121000e+02 1.224738921897847943e+00
