# t
0.000000000000000000e+00
4.974129399999999861e-14
2.932868500000000045e-13
1.128002900000000099e-12
1.206450900000000089e-12
1.308089900000000077e-12
2.100622099999999990e-12
3.186151300000000053e-12
3.445848599999999902e-12
3.881290199999999625e-12
3.168890200000000197e-11
1.645922799999999914e-04
1.645922799999999914e-04
1.645923199999999942e-04
1.645923199999999942e-04
3.829001300000000056e-04
3.829001300000000056e-04
4.441399400000000091e-04
4.441399500000000234e-04
5.231132800000000372e-04
5.231132800000000372e-04
6.834397899999999741e-03
6.834397899999999741e-03
7.425578000000000387e-03
7.425578000000000387e-03
8.637772099999999759e-03
8.637772099999999759e-03
8.784300999999999568e-03
8.784300999999999568e-03
1.121508600000000085e-02
1.121508600000000085e-02
1.252960300000000027e-02
1.252960300000000027e-02
1.255116499999999954e-02
1.255116499999999954e-02
1.599884999999999849e-02
1.599884999999999849e-02
1.608225099999999880e-02
1.608225099999999880e-02
1.614296600000000165e-02
1.614296600000000165e-02
1.808466800000000166e-02
1.808466800000000166e-02
2.383205999999999866e-02
2.383205999999999866e-02
2.572561500000000029e-02
2.572561500000000029e-02
2.926242199999999974e-02
2.926242199999999974e-02
3.064533100000000135e-02
3.064533100000000135e-02
3.346673000000000009e-02
3.346673000000000009e-02
3.798633700000000196e-02
3.798633700000000196e-02
5.415606399999999682e-02
5.415606399999999682e-02
5.416817399999999949e-02
5.416817399999999949e-02
9.391818799999999967e-02
9.391818799999999967e-02
9.391818799999999967e-02
9.413152299999999473e-02
9.413152299999999473e-02
9.511948600000000309e-02
9.511948600000000309e-02
1.196700700000000034e-01
1.196700700000000034e-01
1.197766900000000051e-01
1.197766900000000051e-01
1.197766900000000051e-01
1.238481099999999974e-01
1.298501099999999908e-01
1.298501099999999908e-01
1.298501099999999908e-01
1.368946099999999999e-01
1.368946099999999999e-01
1.414279699999999862e-01
1.414279699999999862e-01
1.674233499999999986e-01
1.674233499999999986e-01
1.760018600000000100e-01
1.760018600000000100e-01
1.871897200000000039e-01
1.871897200000000039e-01
1.871897200000000039e-01
1.871897200000000039e-01
1.924891300000000083e-01
1.924891300000000083e-01
1.924891300000000083e-01
1.924891300000000083e-01
2.054030000000000022e-01
2.054030000000000022e-01
2.158847100000000074e-01
2.158847100000000074e-01
2.185873299999999964e-01
2.185873299999999964e-01
2.325561499999999893e-01
2.325561499999999893e-01
2.408389999999999975e-01
2.408389999999999975e-01
2.524282899999999996e-01
2.524282899999999996e-01
3.067839299999999825e-01
3.067839299999999825e-01
3.204448500000000033e-01
3.204448500000000033e-01
3.353279499999999858e-01
3.353279499999999858e-01
3.669877100000000225e-01
3.669877100000000225e-01
4.017852700000000277e-01
4.017852700000000277e-01
4.029651899999999731e-01
4.029651899999999731e-01
4.034194600000000075e-01
4.034194600000000075e-01
4.102536800000000095e-01
4.102536800000000095e-01
4.319267500000000259e-01
4.319267500000000259e-01
4.323533700000000146e-01
4.323533700000000146e-01
4.345463800000000099e-01
4.345463800000000099e-01
4.346003299999999792e-01
4.346003299999999792e-01
4.346388299999999760e-01
4.346388299999999760e-01
4.349464900000000189e-01
4.349464900000000189e-01
4.378030299999999819e-01
4.378030299999999819e-01
4.383725199999999877e-01
4.383725199999999877e-01
4.398514499999999772e-01
4.398514499999999772e-01
4.448167299999999935e-01
4.448167299999999935e-01
4.455619000000000107e-01
4.455619000000000107e-01
4.465527200000000141e-01
4.465527200000000141e-01
4.468159299999999723e-01
4.468159299999999723e-01
4.505458500000000255e-01
4.505458500000000255e-01
4.514532700000000176e-01
4.514532700000000176e-01
4.530667600000000128e-01
4.530667600000000128e-01
4.570633199999999952e-01
4.570633199999999952e-01
4.611349800000000276e-01
4.611349800000000276e-01
4.626701899999999812e-01
4.626701899999999812e-01
4.626701899999999812e-01
4.629803699999999744e-01
4.629803699999999744e-01
4.633864699999999948e-01
4.633864699999999948e-01
4.634126299999999921e-01
4.634126299999999921e-01
4.643284300000000142e-01
4.643284300000000142e-01
4.646695399999999920e-01
4.646695399999999920e-01
4.697810599999999726e-01
4.697810599999999726e-01
4.734018400000000182e-01
4.734018400000000182e-01
4.795996100000000095e-01
4.795996100000000095e-01
4.941379000000000188e-01
4.941379000000000188e-01
4.942627299999999835e-01
4.942627299999999835e-01
5.034455599999999587e-01
5.034455599999999587e-01
5.122923999999999811e-01
5.122923999999999811e-01
5.165943299999999905e-01
5.165943299999999905e-01
5.169964599999999910e-01
5.169964599999999910e-01
5.174410400000000188e-01
5.174410400000000188e-01
5.192064400000000468e-01
5.192064400000000468e-01
5.196105899999999833e-01
5.216012500000000163e-01
5.216012500000000163e-01
5.277950599999999826e-01
5.277950599999999826e-01
5.455929900000000554e-01
5.455929900000000554e-01
5.455929900000000554e-01
5.510020700000000105e-01
5.510020700000000105e-01
5.528107799999999461e-01
5.528107799999999461e-01
5.666644800000000259e-01
5.666644800000000259e-01
5.688169899999999668e-01
5.688169899999999668e-01
5.752108599999999905e-01
5.752108599999999905e-01
5.757462300000000255e-01
5.757462300000000255e-01
5.813507199999999875e-01
5.813507199999999875e-01
6.071109000000000089e-01
6.071109000000000089e-01
6.093113999999999475e-01
6.093113999999999475e-01
6.093113999999999475e-01
6.103952599999999951e-01
6.103952599999999951e-01
6.114234200000000508e-01
6.114234200000000508e-01
6.636008599999999591e-01
6.636008599999999591e-01
6.724081800000000220e-01
6.724081800000000220e-01
6.724081800000000220e-01
6.790341300000000135e-01
6.790341300000000135e-01
6.814545199999999525e-01
6.814545199999999525e-01
6.825404299999999758e-01
6.825404299999999758e-01
6.825404299999999758e-01
6.825404299999999758e-01
6.936861399999999511e-01
6.936861399999999511e-01
6.938359800000000188e-01
6.938359800000000188e-01
6.938359800000000188e-01
6.990087099999999776e-01
6.990087099999999776e-01
7.081831100000000045e-01
7.081831100000000045e-01
7.209755300000000311e-01
7.209755300000000311e-01
8.123061400000000098e-01
8.123061400000000098e-01
8.238357800000000175e-01
8.238357800000000175e-01
8.627156099999999661e-01
8.627156099999999661e-01
8.699712200000000450e-01
8.699712200000000450e-01
8.970336199999999760e-01
8.970336199999999760e-01
1.028308100000000058e+00
1.028308100000000058e+00
1.060738299999999912e+00
1.060738299999999912e+00
1.187226499999999962e+00
1.187226499999999962e+00
1.195027400000000073e+00
1.195027400000000073e+00
1.197001299999999935e+00
1.197001299999999935e+00
1.200330399999999909e+00
1.200330399999999909e+00
1.200330399999999909e+00
1.208212499999999912e+00
1.208212499999999912e+00
1.209031799999999990e+00
1.209031799999999990e+00
1.247155900000000095e+00
1.247155900000000095e+00
1.249662700000000015e+00
1.249662700000000015e+00
1.249662700000000015e+00
1.257465700000000020e+00
1.273267099999999985e+00
1.273267099999999985e+00
1.273267099999999985e+00
1.275619800000000081e+00
1.275619800000000081e+00
1.286273400000000011e+00
1.286273400000000011e+00
1.405590399999999907e+00
1.405590399999999907e+00
1.414760000000000018e+00
1.414760000000000018e+00
1.422020400000000073e+00
1.422020400000000073e+00
1.424712500000000048e+00
1.424712500000000048e+00
1.424712500000000048e+00
1.424712500000000048e+00
1.428178399999999959e+00
1.428178399999999959e+00
1.447611699999999946e+00
1.447611699999999946e+00
1.450048299999999957e+00
1.450048299999999957e+00
1.489696499999999979e+00
1.489696499999999979e+00
1.496442700000000015e+00
1.496442700000000015e+00
1.514501400000000109e+00
1.514501400000000109e+00
1.515052999999999983e+00
1.515052999999999983e+00
1.515557400000000055e+00
1.515557400000000055e+00
1.551230600000000015e+00
1.551230600000000015e+00
1.552708900000000058e+00
1.552708900000000058e+00
1.574993800000000110e+00
1.574993800000000110e+00
1.576264399999999899e+00
1.576264399999999899e+00
1.578048099999999954e+00
1.578048099999999954e+00
1.582570000000000032e+00
1.582570000000000032e+00
1.600757500000000055e+00
1.600757500000000055e+00
1.601786699999999897e+00
1.601786699999999897e+00
1.601786699999999897e+00
1.605578500000000020e+00
1.605578500000000020e+00
1.608288900000000021e+00
1.608288900000000021e+00
1.628882200000000058e+00
1.628882200000000058e+00
1.719540599999999975e+00
1.719540599999999975e+00
1.728997499999999965e+00
1.728997499999999965e+00
1.792344200000000054e+00
1.792344200000000054e+00
1.802884300000000106e+00
1.802884300000000106e+00
2.067266699999999791e+00
2.067266699999999791e+00
2.091857300000000031e+00
2.091857300000000031e+00
2.117556299999999947e+00
2.117556299999999947e+00
2.121412199999999970e+00
2.121412199999999970e+00
2.122079900000000130e+00
2.122079900000000130e+00
2.122425999999999924e+00
2.122425999999999924e+00
2.122542999999999846e+00
2.122542999999999846e+00
2.124539500000000025e+00
2.124539500000000025e+00
2.124599299999999857e+00
2.124599299999999857e+00
2.124919600000000131e+00
2.124919600000000131e+00
2.125076099999999801e+00
2.125076099999999801e+00
2.146924700000000019e+00
2.146924700000000019e+00
2.162928099999999798e+00
2.162928099999999798e+00
2.180411900000000180e+00
2.180411900000000180e+00
2.180411900000000180e+00
2.187278699999999798e+00
2.187278699999999798e+00
2.225196899999999811e+00
2.225196899999999811e+00
2.286364600000000191e+00
2.286364600000000191e+00
2.286364600000000191e+00
2.357079600000000053e+00
2.357079600000000053e+00
2.468924299999999850e+00
2.468924299999999850e+00
2.468924299999999850e+00
2.469970399999999788e+00
2.469970399999999788e+00
2.478331799999999863e+00
2.478331799999999863e+00
2.486051100000000069e+00
2.486051100000000069e+00
2.486122200000000060e+00
2.486122200000000060e+00
2.486513200000000090e+00
2.486513200000000090e+00
2.486513200000000090e+00
2.486739599999999939e+00
