# t	msd	err
9.000000000000002040e-14 1.411764718866302670e-01 1.109786090901786031e-02
1.800000000000000408e-13 2.812728850062201080e-01 6.452392069879461799e-09
2.517800000000000641e-13 7.695932978116820644e-02 5.675338607801979360e-04
5.650000000000000159e-13 3.881619747304049239e-02 2.744697008453112624e-02
1.000087999999999888e-12 2.943503845818572495e-01 4.231357438737250176e-02
1.919773333333332842e-12 3.716258871795450336e-01 6.160686287295553260e-02
3.031588000000000471e-12 6.061558692500295109e-01 5.553356791428798456e-02
2.984566222222222244e-11 4.335545269725227802e-01 7.694120078991587008e-02
1.000000000000306200e-05 1.486384662977879856e-01 5.192186942223802476e-02
2.000000000000091982e-05 2.304887961756527659e-01 1.149517693009371455e-01
7.005000000000030679e-05 5.007098021983960034e-01 5.979337109668889788e-02
1.428999973172738111e-04 1.439652659351168262e+00 3.770674847089044990e-01
2.280800000000015161e-04 4.888587581095985568e-01 6.606031152124944295e-02
3.960799980684354344e-04 1.547382734626486345e+00 3.177880565691615922e-01
6.648214268468195104e-04 1.251174484838549317e+00 1.516298810880080394e-01
1.171000000000030523e-03 1.537230560751720265e+00 3.089155897689899732e-01
2.170041666666641753e-03 1.854647620627247306e+00 3.304272667614054915e-01
3.714666666666695521e-03 3.018026392234532729e+00 3.419831223139300214e-01
6.905836249547299757e-03 2.258637133456861790e+00 1.634550162895882508e-01
1.174425898897025165e-02 1.823806120523510765e+00 1.003985314508417243e-01
2.107100120523813097e-02 3.190024765508059801e+00 1.111224969520164946e-01
3.614836009048402743e-02 3.917226398051608438e+00 1.249178051266066347e-01
6.531566070493780019e-02 5.475358170244573941e+00 1.144177626429747074e-01
1.149552288826162505e-01 6.897901162828238952e+00 7.910587602637199345e-02
2.050517872377182471e-01 8.110521428001531419e+00 7.047951636267124620e-02
3.704779062127210865e-01 8.937185000388215173e+00 5.596926950007669738e-02
6.172609811121969603e-01 1.298163051419873248e+01 5.442755682521067256e-02
1.096828943727337524e+00 1.704021553549934609e+01 4.577939281383746478e-02
1.845305589693200687e+00 2.255940982256703364e+01 4.904556131888028470e-02
