# Barrier Energy Step Time
0.000000000000000000e+00 -6.512340000000000373e+02 0.000000000000000000e+00 0.000000000000000000e+00
5.510000000000000453e-01 -6.505529999999999973e+02 5.000000000000000000e-01 4.973999999999999808e-14
0.000000000000000000e+00 -6.511050000000000182e+02 1.000000000000000000e+00 4.973999999999999808e-14
2.819999999999999729e-01 -6.524769999999999754e+02 1.500000000000000000e+00 2.933000000000000225e-13
0.000000000000000000e+00 -6.527590000000000146e+02 2.000000000000000000e+00 2.933000000000000225e-13
4.540000000000000147e-01 -6.541509999999999536e+02 2.500000000000000000e+00 1.128000000000000040e-12
0.000000000000000000e+00 -6.546050000000000182e+02 3.000000000000000000e+00 1.128000000000000040e-12
1.170000000000000068e-01 -6.561380000000000337e+02 3.500000000000000000e+00 1.205999999999999910e-12
0.000000000000000000e+00 -6.562540000000000191e+02 4.000000000000000000e+00 1.205999999999999910e-12
3.370000000000000218e-01 -6.580349999999999682e+02 4.500000000000000000e+00 1.308000000000000081e-12
0.000000000000000000e+00 -6.583719999999999573e+02 5.000000000000000000e+00 1.308000000000000081e-12
3.360000000000000209e-01 -6.583350000000000364e+02 5.500000000000000000e+00 2.101000000000000034e-12
0.000000000000000000e+00 -6.586710000000000491e+02 6.000000000000000000e+00 2.101000000000000034e-12
5.160000000000000142e-01 -6.580650000000000546e+02 6.500000000000000000e+00 3.185999999999999955e-12
0.000000000000000000e+00 -6.585810000000000173e+02 7.000000000000000000e+00 3.185999999999999955e-12
4.259999999999999898e-01 -6.582450000000000045e+02 7.500000000000000000e+00 3.446000000000000059e-12
0.000000000000000000e+00 -6.586710000000000491e+02 8.000000000000000000e+00 3.446000000000000059e-12
5.180000000000000160e-01 -6.599579999999999700e+02 8.500000000000000000e+00 3.881000000000000124e-12
0.000000000000000000e+00 -6.604759999999999991e+02 9.000000000000000000e+00 3.881000000000000124e-12
5.789999999999999591e-01 -6.617500000000000000e+02 9.500000000000000000e+00 3.169000000000000249e-11
0.000000000000000000e+00 -6.623289999999999509e+02 1.000000000000000000e+01 3.169000000000000249e-11
2.057999999999999829e+00 -6.585589999999999691e+02 1.050000000000000000e+01 1.645999999999999894e-04
0.000000000000000000e+00 -6.606180000000000518e+02 1.100000000000000000e+01 1.645999999999999894e-04
3.780000000000000027e-01 -6.604539999999999509e+02 1.150000000000000000e+01 1.645999999999999894e-04
0.000000000000000000e+00 -6.608319999999999936e+02 1.200000000000000000e+01 1.645999999999999894e-04
5.639999999999999458e-01 -6.600869999999999891e+02 1.250000000000000000e+01 1.645999999999999894e-04
0.000000000000000000e+00 -6.606509999999999536e+02 1.300000000000000000e+01 1.645999999999999894e-04
3.469999999999999751e-01 -6.623250000000000455e+02 1.350000000000000000e+01 1.645999999999999894e-04
0.000000000000000000e+00 -6.626720000000000255e+02 1.400000000000000000e+01 1.645999999999999894e-04
2.064999999999999947e+00 -6.591209999999999809e+02 1.450000000000000000e+01 3.828999999999999830e-04
0.000000000000000000e+00 -6.611849999999999454e+02 1.500000000000000000e+01 3.828999999999999830e-04
4.969999999999999973e-01 -6.625159999999999627e+02 1.550000000000000000e+01 3.828999999999999830e-04
0.000000000000000000e+00 -6.630119999999999436e+02 1.600000000000000000e+01 3.828999999999999830e-04
1.925999999999999934e+00 -6.593619999999999663e+02 1.650000000000000000e+01 4.441000000000000069e-04
0.000000000000000000e+00 -6.612880000000000109e+02 1.700000000000000000e+01 4.441000000000000069e-04
3.449999999999999734e-01 -6.627010000000000218e+02 1.750000000000000000e+01 4.441000000000000069e-04
0.000000000000000000e+00 -6.630460000000000491e+02 1.800000000000000000e+01 4.441000000000000069e-04
2.091000000000000192e+00 -6.594679999999999609e+02 1.850000000000000000e+01 5.230999999999999756e-04
0.000000000000000000e+00 -6.615589999999999691e+02 1.900000000000000000e+01 5.230999999999999756e-04
3.830000000000000071e-01 -6.636190000000000282e+02 1.950000000000000000e+01 5.230999999999999756e-04
0.000000000000000000e+00 -6.640019999999999527e+02 2.000000000000000000e+01 5.230999999999999756e-04
2.301000000000000156e+00 -6.595839999999999463e+02 2.050000000000000000e+01 6.833999999999999797e-03
0.000000000000000000e+00 -6.618859999999999673e+02 2.100000000000000000e+01 6.833999999999999797e-03
1.940000000000000058e-01 -6.638079999999999927e+02 2.150000000000000000e+01 6.833999999999999797e-03
0.000000000000000000e+00 -6.640019999999999527e+02 2.200000000000000000e+01 6.833999999999999797e-03
2.366000000000000103e+00 -6.597060000000000173e+02 2.250000000000000000e+01 7.426000000000000309e-03
0.000000000000000000e+00 -6.620720000000000027e+02 2.300000000000000000e+01 7.426000000000000309e-03
4.349999999999999978e-01 -6.635670000000000073e+02 2.350000000000000000e+01 7.426000000000000309e-03
0.000000000000000000e+00 -6.640019999999999527e+02 2.400000000000000000e+01 7.426000000000000309e-03
2.302999999999999936e+00 -6.595650000000000546e+02 2.450000000000000000e+01 8.637999999999999845e-03
0.000000000000000000e+00 -6.618669999999999618e+02 2.500000000000000000e+01 8.637999999999999845e-03
1.670000000000000095e-01 -6.638339999999999463e+02 2.550000000000000000e+01 8.637999999999999845e-03
0.000000000000000000e+00 -6.640019999999999527e+02 2.600000000000000000e+01 8.637999999999999845e-03
2.303999999999999826e+00 -6.596910000000000309e+02 2.650000000000000000e+01 8.784000000000000141e-03
0.000000000000000000e+00 -6.619950000000000045e+02 2.700000000000000000e+01 8.784000000000000141e-03
2.969999999999999862e-01 -6.637050000000000409e+02 2.750000000000000000e+01 8.784000000000000141e-03
0.000000000000000000e+00 -6.640019999999999527e+02 2.800000000000000000e+01 8.784000000000000141e-03
2.365000000000000213e+00 -6.595670000000000073e+02 2.850000000000000000e+01 1.122000000000000081e-02
0.000000000000000000e+00 -6.619310000000000400e+02 2.900000000000000000e+01 1.122000000000000081e-02
2.929999999999999827e-01 -6.637079999999999700e+02 2.950000000000000000e+01 1.122000000000000081e-02
0.000000000000000000e+00 -6.640019999999999527e+02 3.000000000000000000e+01 1.122000000000000081e-02
2.347999999999999865e+00 -6.597110000000000127e+02 3.050000000000000000e+01 1.252999999999999947e-02
0.000000000000000000e+00 -6.620599999999999454e+02 3.100000000000000000e+01 1.252999999999999947e-02
2.730000000000000204e-01 -6.634059999999999491e+02 3.150000000000000000e+01 1.252999999999999947e-02
0.000000000000000000e+00 -6.636789999999999736e+02 3.200000000000000000e+01 1.252999999999999947e-02
2.052999999999999936e+00 -6.600069999999999482e+02 3.250000000000000000e+01 1.255000000000000039e-02
0.000000000000000000e+00 -6.620599999999999454e+02 3.300000000000000000e+01 1.255000000000000039e-02
3.200000000000000067e-01 -6.636810000000000400e+02 3.350000000000000000e+01 1.255000000000000039e-02
0.000000000000000000e+00 -6.640019999999999527e+02 3.400000000000000000e+01 1.255000000000000039e-02
2.387999999999999901e+00 -6.594650000000000318e+02 3.450000000000000000e+01 1.600000000000000033e-02
0.000000000000000000e+00 -6.618529999999999518e+02 3.500000000000000000e+01 1.600000000000000033e-02
1.849999999999999978e-01 -6.634600000000000364e+02 3.550000000000000000e+01 1.600000000000000033e-02
0.000000000000000000e+00 -6.636449999999999818e+02 3.600000000000000000e+01 1.600000000000000033e-02
1.905000000000000027e+00 -6.602759999999999536e+02 3.650000000000000000e+01 1.608000000000000054e-02
0.000000000000000000e+00 -6.621799999999999500e+02 3.700000000000000000e+01 1.608000000000000054e-02
3.230000000000000093e-01 -6.637110000000000127e+02 3.750000000000000000e+01 1.608000000000000054e-02
0.000000000000000000e+00 -6.640339999999999918e+02 3.800000000000000000e+01 1.608000000000000054e-02
1.913999999999999924e+00 -6.606290000000000191e+02 3.850000000000000000e+01 1.614000000000000157e-02
0.000000000000000000e+00 -6.625420000000000300e+02 3.900000000000000000e+01 1.614000000000000157e-02
5.939999999999999725e-01 -6.637340000000000373e+02 3.950000000000000000e+01 1.614000000000000157e-02
0.000000000000000000e+00 -6.643279999999999745e+02 4.000000000000000000e+01 1.614000000000000157e-02
2.408999999999999808e+00 -6.598339999999999463e+02 4.050000000000000000e+01 1.807999999999999885e-02
0.000000000000000000e+00 -6.622430000000000518e+02 4.100000000000000000e+01 1.807999999999999885e-02
2.620000000000000107e-01 -6.643650000000000091e+02 4.150000000000000000e+01 1.807999999999999885e-02
0.000000000000000000e+00 -6.646269999999999527e+02 4.200000000000000000e+01 1.807999999999999885e-02
2.307999999999999829e+00 -6.601000000000000227e+02 4.250000000000000000e+01 2.383000000000000049e-02
0.000000000000000000e+00 -6.624070000000000391e+02 4.300000000000000000e+01 2.383000000000000049e-02
8.699999999999999400e-02 -6.645399999999999636e+02 4.350000000000000000e+01 2.383000000000000049e-02
0.000000000000000000e+00 -6.646269999999999527e+02 4.400000000000000000e+01 2.383000000000000049e-02
2.322000000000000064e+00 -6.600700000000000500e+02 4.450000000000000000e+01 2.572999999999999940e-02
0.000000000000000000e+00 -6.623909999999999627e+02 4.500000000000000000e+01 2.572999999999999940e-02
8.500000000000000611e-02 -6.645420000000000300e+02 4.550000000000000000e+01 2.572999999999999940e-02
0.000000000000000000e+00 -6.646269999999999527e+02 4.600000000000000000e+01 2.572999999999999940e-02
2.317000000000000171e+00 -6.601559999999999491e+02 4.650000000000000000e+01 2.926000000000000129e-02
0.000000000000000000e+00 -6.624740000000000464e+02 4.700000000000000000e+01 2.926000000000000129e-02
1.640000000000000069e-01 -6.644629999999999654e+02 4.750000000000000000e+01 2.926000000000000129e-02
0.000000000000000000e+00 -6.646269999999999527e+02 4.800000000000000000e+01 2.926000000000000129e-02
2.314999999999999947e+00 -6.601580000000000155e+02 4.850000000000000000e+01 3.065000000000000016e-02
0.000000000000000000e+00 -6.624719999999999800e+02 4.900000000000000000e+01 3.065000000000000016e-02
1.449999999999999900e-01 -6.644819999999999709e+02 4.950000000000000000e+01 3.065000000000000016e-02
0.000000000000000000e+00 -6.646269999999999527e+02 5.000000000000000000e+01 3.065000000000000016e-02
2.306999999999999940e+00 -6.603129999999999882e+02 5.050000000000000000e+01 3.346999999999999975e-02
0.000000000000000000e+00 -6.626200000000000045e+02 5.100000000000000000e+01 3.346999999999999975e-02
3.119999999999999996e-01 -6.643150000000000546e+02 5.150000000000000000e+01 3.346999999999999975e-02
0.000000000000000000e+00 -6.646269999999999527e+02 5.200000000000000000e+01 3.346999999999999975e-02
2.259999999999999787e+00 -6.602960000000000491e+02 5.250000000000000000e+01 3.799000000000000293e-02
0.000000000000000000e+00 -6.625560000000000400e+02 5.300000000000000000e+01 3.799000000000000293e-02
1.940000000000000058e-01 -6.644329999999999927e+02 5.350000000000000000e+01 3.799000000000000293e-02
0.000000000000000000e+00 -6.646269999999999527e+02 5.400000000000000000e+01 3.799000000000000293e-02
2.335999999999999854e+00 -6.603619999999999663e+02 5.450000000000000000e+01 5.415999999999999981e-02
0.000000000000000000e+00 -6.626979999999999791e+02 5.500000000000000000e+01 5.415999999999999981e-02
3.609999999999999876e-01 -6.642670000000000528e+02 5.550000000000000000e+01 5.415999999999999981e-02
0.000000000000000000e+00 -6.646269999999999527e+02 5.600000000000000000e+01 5.415999999999999981e-02
2.310000000000000053e+00 -6.601630000000000109e+02 5.650000000000000000e+01 5.417000000000000287e-02
0.000000000000000000e+00 -6.624740000000000464e+02 5.700000000000000000e+01 5.417000000000000287e-02
1.370000000000000107e-01 -6.644900000000000091e+02 5.750000000000000000e+01 5.417000000000000287e-02
0.000000000000000000e+00 -6.646269999999999527e+02 5.800000000000000000e+01 5.417000000000000287e-02
2.318000000000000060e+00 -6.603680000000000518e+02 5.850000000000000000e+01 9.392000000000000348e-02
0.000000000000000000e+00 -6.626849999999999454e+02 5.900000000000000000e+01 9.392000000000000348e-02
4.299999999999999933e-01 -6.623970000000000482e+02 5.950000000000000000e+01 9.392000000000000348e-02
0.000000000000000000e+00 -6.628269999999999982e+02 6.000000000000000000e+01 9.392000000000000348e-02
5.620000000000000551e-01 -6.640650000000000546e+02 6.050000000000000000e+01 9.392000000000000348e-02
0.000000000000000000e+00 -6.646269999999999527e+02 6.100000000000000000e+01 9.392000000000000348e-02
2.444999999999999840e+00 -6.600710000000000264e+02 6.150000000000000000e+01 9.413000000000000533e-02
0.000000000000000000e+00 -6.625159999999999627e+02 6.200000000000000000e+01 9.413000000000000533e-02
3.270000000000000129e-01 -6.643179999999999836e+02 6.250000000000000000e+01 9.413000000000000533e-02
0.000000000000000000e+00 -6.646459999999999582e+02 6.300000000000000000e+01 9.413000000000000533e-02
2.350000000000000089e+00 -6.600140000000000100e+02 6.350000000000000000e+01 9.511999999999999622e-02
0.000000000000000000e+00 -6.623650000000000091e+02 6.400000000000000000e+01 9.511999999999999622e-02
7.099999999999999367e-02 -6.645750000000000455e+02 6.450000000000000000e+01 9.511999999999999622e-02
0.000000000000000000e+00 -6.646459999999999582e+02 6.500000000000000000e+01 9.511999999999999622e-02
2.379000000000000004e+00 -6.602430000000000518e+02 6.550000000000000000e+01 1.197000000000000008e-01
0.000000000000000000e+00 -6.626230000000000473e+02 6.600000000000000000e+01 1.197000000000000008e-01
3.699999999999999956e-01 -6.643179999999999836e+02 6.650000000000000000e+01 1.197000000000000008e-01
0.000000000000000000e+00 -6.646879999999999882e+02 6.700000000000000000e+01 1.197000000000000008e-01
2.470000000000000195e+00 -6.603700000000000045e+02 6.750000000000000000e+01 1.198000000000000037e-01
0.000000000000000000e+00 -6.628400000000000318e+02 6.800000000000000000e+01 1.198000000000000037e-01
6.049999999999999822e-01 -6.620140000000000100e+02 6.850000000000000000e+01 1.198000000000000037e-01
0.000000000000000000e+00 -6.626180000000000518e+02 6.900000000000000000e+01 1.198000000000000037e-01
3.699999999999999956e-01 -6.642789999999999964e+02 6.950000000000000000e+01 1.198000000000000037e-01
0.000000000000000000e+00 -6.646490000000000009e+02 7.000000000000000000e+01 1.198000000000000037e-01
2.354000000000000092e+00 -6.600069999999999482e+02 7.050000000000000000e+01 1.237999999999999934e-01
0.000000000000000000e+00 -6.623609999999999900e+02 7.100000000000000000e+01 1.237999999999999934e-01
2.335999999999999854e+00 -6.578269999999999982e+02 7.150000000000000000e+01 1.298999999999999877e-01
0.000000000000000000e+00 -6.601620000000000346e+02 7.200000000000000000e+01 1.298999999999999877e-01
8.999999999999999667e-02 -6.623559999999999945e+02 7.250000000000000000e+01 1.298999999999999877e-01
0.000000000000000000e+00 -6.624450000000000500e+02 7.300000000000000000e+01 1.298999999999999877e-01
1.549999999999999989e-01 -6.644940000000000282e+02 7.350000000000000000e+01 1.298999999999999877e-01
0.000000000000000000e+00 -6.646490000000000009e+02 7.400000000000000000e+01 1.298999999999999877e-01
2.503000000000000114e+00 -6.600370000000000346e+02 7.450000000000000000e+01 1.368999999999999939e-01
0.000000000000000000e+00 -6.625389999999999873e+02 7.500000000000000000e+01 1.368999999999999939e-01
5.560000000000000497e-01 -6.637649999999999864e+02 7.550000000000000000e+01 1.368999999999999939e-01
0.000000000000000000e+00 -6.643210000000000264e+02 7.600000000000000000e+01 1.368999999999999939e-01
2.411000000000000032e+00 -6.598220000000000027e+02 7.650000000000000000e+01 1.413999999999999979e-01
0.000000000000000000e+00 -6.622319999999999709e+02 7.700000000000000000e+01 1.413999999999999979e-01
3.390000000000000235e-01 -6.640099999999999909e+02 7.750000000000000000e+01 1.413999999999999979e-01
0.000000000000000000e+00 -6.643479999999999563e+02 7.800000000000000000e+01 1.413999999999999979e-01
2.471999999999999975e+00 -6.597599999999999909e+02 7.850000000000000000e+01 1.673999999999999932e-01
0.000000000000000000e+00 -6.622319999999999709e+02 7.900000000000000000e+01 1.673999999999999932e-01
3.330000000000000182e-01 -6.639890000000000327e+02 7.950000000000000000e+01 1.673999999999999932e-01
0.000000000000000000e+00 -6.643210000000000264e+02 8.000000000000000000e+01 1.673999999999999932e-01
2.350000000000000089e+00 -6.599629999999999654e+02 8.050000000000000000e+01 1.759999999999999898e-01
0.000000000000000000e+00 -6.623129999999999882e+02 8.100000000000000000e+01 1.759999999999999898e-01
3.430000000000000271e-01 -6.639790000000000418e+02 8.150000000000000000e+01 1.759999999999999898e-01
0.000000000000000000e+00 -6.643210000000000264e+02 8.200000000000000000e+01 1.759999999999999898e-01
2.446000000000000174e+00 -6.596920000000000073e+02 8.250000000000000000e+01 1.872000000000000053e-01
0.000000000000000000e+00 -6.621380000000000337e+02 8.300000000000000000e+01 1.872000000000000053e-01
2.690000000000000169e-01 -6.622490000000000236e+02 8.350000000000000000e+01 1.872000000000000053e-01
0.000000000000000000e+00 -6.625180000000000291e+02 8.400000000000000000e+01 1.872000000000000053e-01
6.209999999999999964e-01 -6.616309999999999718e+02 8.450000000000000000e+01 1.872000000000000053e-01
0.000000000000000000e+00 -6.622519999999999527e+02 8.500000000000000000e+01 1.872000000000000053e-01
2.999999999999999889e-01 -6.640689999999999600e+02 8.550000000000000000e+01 1.872000000000000053e-01
0.000000000000000000e+00 -6.643690000000000282e+02 8.600000000000000000e+01 1.872000000000000053e-01
2.400999999999999801e+00 -6.599189999999999827e+02 8.650000000000000000e+01 1.925000000000000044e-01
0.000000000000000000e+00 -6.623200000000000500e+02 8.700000000000000000e+01 1.925000000000000044e-01
3.679999999999999938e-01 -6.621699999999999591e+02 8.750000000000000000e+01 1.925000000000000044e-01
0.000000000000000000e+00 -6.625380000000000109e+02 8.800000000000000000e+01 1.925000000000000044e-01
5.530000000000000471e-01 -6.617910000000000537e+02 8.850000000000000000e+01 1.925000000000000044e-01
0.000000000000000000e+00 -6.623440000000000509e+02 8.900000000000000000e+01 1.925000000000000044e-01
3.150000000000000022e-01 -6.640539999999999736e+02 8.950000000000000000e+01 1.925000000000000044e-01
0.000000000000000000e+00 -6.643690000000000282e+02 9.000000000000000000e+01 1.925000000000000044e-01
2.426000000000000156e+00 -6.598920000000000528e+02 9.050000000000000000e+01 2.053999999999999992e-01
0.000000000000000000e+00 -6.623179999999999836e+02 9.100000000000000000e+01 2.053999999999999992e-01
4.520000000000000129e-01 -6.639170000000000300e+02 9.150000000000000000e+01 2.053999999999999992e-01
0.000000000000000000e+00 -6.643690000000000282e+02 9.200000000000000000e+01 2.053999999999999992e-01
2.366000000000000103e+00 -6.597100000000000364e+02 9.250000000000000000e+01 2.159000000000000086e-01
0.000000000000000000e+00 -6.620760000000000218e+02 9.300000000000000000e+01 2.159000000000000086e-01
5.199999999999999761e-02 -6.643170000000000073e+02 9.350000000000000000e+01 2.159000000000000086e-01
0.000000000000000000e+00 -6.643690000000000282e+02 9.400000000000000000e+01 2.159000000000000086e-01
2.553999999999999826e+00 -6.594779999999999518e+02 9.450000000000000000e+01 2.185999999999999888e-01
0.000000000000000000e+00 -6.620320000000000391e+02 9.500000000000000000e+01 2.185999999999999888e-01
2.159999999999999976e-01 -6.641530000000000200e+02 9.550000000000000000e+01 2.185999999999999888e-01
0.000000000000000000e+00 -6.643690000000000282e+02 9.600000000000000000e+01 2.185999999999999888e-01
2.313000000000000167e+00 -6.599489999999999554e+02 9.650000000000000000e+01 2.326000000000000012e-01
0.000000000000000000e+00 -6.622619999999999436e+02 9.700000000000000000e+01 2.326000000000000012e-01
2.059999999999999887e-01 -6.641630000000000109e+02 9.750000000000000000e+01 2.326000000000000012e-01
0.000000000000000000e+00 -6.643690000000000282e+02 9.800000000000000000e+01 2.326000000000000012e-01
2.415000000000000036e+00 -6.598920000000000528e+02 9.850000000000000000e+01 2.407999999999999863e-01
0.000000000000000000e+00 -6.623070000000000164e+02 9.900000000000000000e+01 2.407999999999999863e-01
3.270000000000000129e-01 -6.640430000000000064e+02 9.950000000000000000e+01 2.407999999999999863e-01
0.000000000000000000e+00 -6.643690000000000282e+02 1.000000000000000000e+02 2.407999999999999863e-01
2.428999999999999826e+00 -6.598509999999999991e+02 1.005000000000000000e+02 2.524000000000000132e-01
0.000000000000000000e+00 -6.622799999999999727e+02 1.010000000000000000e+02 2.524000000000000132e-01
3.459999999999999742e-01 -6.640240000000000009e+02 1.015000000000000000e+02 2.524000000000000132e-01
0.000000000000000000e+00 -6.643690000000000282e+02 1.020000000000000000e+02 2.524000000000000132e-01
2.463999999999999968e+00 -6.598179999999999836e+02 1.025000000000000000e+02 3.068000000000000171e-01
0.000000000000000000e+00 -6.622820000000000391e+02 1.030000000000000000e+02 3.068000000000000171e-01
5.580000000000000515e-01 -6.638300000000000409e+02 1.035000000000000000e+02 3.068000000000000171e-01
0.000000000000000000e+00 -6.643880000000000337e+02 1.040000000000000000e+02 3.068000000000000171e-01
2.487999999999999989e+00 -6.597880000000000109e+02 1.045000000000000000e+02 3.204000000000000181e-01
0.000000000000000000e+00 -6.622759999999999536e+02 1.050000000000000000e+02 3.204000000000000181e-01
3.420000000000000262e-01 -6.640470000000000255e+02 1.055000000000000000e+02 3.204000000000000181e-01
0.000000000000000000e+00 -6.643880000000000337e+02 1.060000000000000000e+02 3.204000000000000181e-01
2.597999999999999865e+00 -6.593790000000000191e+02 1.065000000000000000e+02 3.352999999999999869e-01
0.000000000000000000e+00 -6.619769999999999754e+02 1.070000000000000000e+02 3.352999999999999869e-01
1.859999999999999987e-01 -6.642019999999999982e+02 1.075000000000000000e+02 3.352999999999999869e-01
0.000000000000000000e+00 -6.643880000000000337e+02 1.080000000000000000e+02 3.352999999999999869e-01
2.512999999999999901e+00 -6.597269999999999754e+02 1.085000000000000000e+02 3.669999999999999929e-01
0.000000000000000000e+00 -6.622409999999999854e+02 1.090000000000000000e+02 3.669999999999999929e-01
3.459999999999999742e-01 -6.640430000000000064e+02 1.095000000000000000e+02 3.669999999999999929e-01
0.000000000000000000e+00 -6.643880000000000337e+02 1.100000000000000000e+02 3.669999999999999929e-01
2.532000000000000028e+00 -6.599729999999999563e+02 1.105000000000000000e+02 4.017999999999999905e-01
0.000000000000000000e+00 -6.625049999999999955e+02 1.110000000000000000e+02 4.017999999999999905e-01
6.209999999999999964e-01 -6.637140000000000555e+02 1.115000000000000000e+02 4.017999999999999905e-01
0.000000000000000000e+00 -6.643350000000000364e+02 1.120000000000000000e+02 4.017999999999999905e-01
2.365000000000000213e+00 -6.599589999999999463e+02 1.125000000000000000e+02 4.030000000000000249e-01
0.000000000000000000e+00 -6.623239999999999554e+02 1.130000000000000000e+02 4.030000000000000249e-01
3.719999999999999973e-01 -6.639930000000000518e+02 1.135000000000000000e+02 4.030000000000000249e-01
0.000000000000000000e+00 -6.643650000000000091e+02 1.140000000000000000e+02 4.030000000000000249e-01
2.229000000000000092e+00 -6.600420000000000300e+02 1.145000000000000000e+02 4.033999999999999808e-01
0.000000000000000000e+00 -6.622709999999999582e+02 1.150000000000000000e+02 4.033999999999999808e-01
1.340000000000000080e-01 -6.642309999999999945e+02 1.155000000000000000e+02 4.033999999999999808e-01
0.000000000000000000e+00 -6.643650000000000091e+02 1.160000000000000000e+02 4.033999999999999808e-01
2.270000000000000018e+00 -6.599249999999999545e+02 1.165000000000000000e+02 4.102999999999999980e-01
0.000000000000000000e+00 -6.621960000000000264e+02 1.170000000000000000e+02 4.102999999999999980e-01
1.029999999999999943e-01 -6.642619999999999436e+02 1.175000000000000000e+02 4.102999999999999980e-01
0.000000000000000000e+00 -6.643650000000000091e+02 1.180000000000000000e+02 4.102999999999999980e-01
2.287999999999999812e+00 -6.598410000000000082e+02 1.185000000000000000e+02 4.319000000000000061e-01
0.000000000000000000e+00 -6.621290000000000191e+02 1.190000000000000000e+02 4.319000000000000061e-01
8.000000000000000167e-02 -6.642859999999999445e+02 1.195000000000000000e+02 4.319000000000000061e-01
0.000000000000000000e+00 -6.643650000000000091e+02 1.200000000000000000e+02 4.319000000000000061e-01
2.306999999999999940e+00 -6.598319999999999936e+02 1.205000000000000000e+02 4.324000000000000066e-01
0.000000000000000000e+00 -6.621399999999999864e+02 1.210000000000000000e+02 4.324000000000000066e-01
6.500000000000000222e-02 -6.642999999999999545e+02 1.215000000000000000e+02 4.324000000000000066e-01
0.000000000000000000e+00 -6.643650000000000091e+02 1.220000000000000000e+02 4.324000000000000066e-01
2.585999999999999854e+00 -6.595539999999999736e+02 1.225000000000000000e+02 4.344999999999999973e-01
0.000000000000000000e+00 -6.621399999999999864e+02 1.230000000000000000e+02 4.344999999999999973e-01
3.850000000000000089e-01 -6.633319999999999936e+02 1.235000000000000000e+02 4.344999999999999973e-01
0.000000000000000000e+00 -6.637169999999999845e+02 1.240000000000000000e+02 4.344999999999999973e-01
2.025999999999999801e+00 -6.600140000000000100e+02 1.245000000000000000e+02 4.345999999999999863e-01
0.000000000000000000e+00 -6.620399999999999636e+02 1.250000000000000000e+02 4.345999999999999863e-01
3.790000000000000036e-01 -6.633379999999999654e+02 1.255000000000000000e+02 4.345999999999999863e-01
0.000000000000000000e+00 -6.637169999999999845e+02 1.260000000000000000e+02 4.345999999999999863e-01
1.955999999999999961e+00 -6.599349999999999454e+02 1.265000000000000000e+02 4.345999999999999863e-01
0.000000000000000000e+00 -6.618909999999999627e+02 1.270000000000000000e+02 4.345999999999999863e-01
5.999999999999999778e-02 -6.636570000000000391e+02 1.275000000000000000e+02 4.345999999999999863e-01
0.000000000000000000e+00 -6.637169999999999845e+02 1.280000000000000000e+02 4.345999999999999863e-01
1.991999999999999993e+00 -6.600929999999999609e+02 1.285000000000000000e+02 4.349000000000000088e-01
0.000000000000000000e+00 -6.620850000000000364e+02 1.290000000000000000e+02 4.349000000000000088e-01
6.900000000000000577e-02 -6.642300000000000182e+02 1.295000000000000000e+02 4.349000000000000088e-01
0.000000000000000000e+00 -6.642989999999999782e+02 1.300000000000000000e+02 4.349000000000000088e-01
2.440999999999999837e+00 -6.596839999999999691e+02 1.305000000000000000e+02 4.378000000000000225e-01
0.000000000000000000e+00 -6.621250000000000000e+02 1.310000000000000000e+02 4.378000000000000225e-01
2.790000000000000258e-01 -6.640199999999999818e+02 1.315000000000000000e+02 4.378000000000000225e-01
0.000000000000000000e+00 -6.642989999999999782e+02 1.320000000000000000e+02 4.378000000000000225e-01
2.254999999999999893e+00 -6.598869999999999436e+02 1.325000000000000000e+02 4.384000000000000119e-01
0.000000000000000000e+00 -6.621420000000000528e+02 1.330000000000000000e+02 4.384000000000000119e-01
1.189999999999999947e-01 -6.641799999999999500e+02 1.335000000000000000e+02 4.384000000000000119e-01
0.000000000000000000e+00 -6.642989999999999782e+02 1.340000000000000000e+02 4.384000000000000119e-01
2.275999999999999801e+00 -6.600779999999999745e+02 1.345000000000000000e+02 4.399000000000000132e-01
0.000000000000000000e+00 -6.623540000000000418e+02 1.350000000000000000e+02 4.399000000000000132e-01
3.719999999999999973e-01 -6.639260000000000446e+02 1.355000000000000000e+02 4.399000000000000132e-01
0.000000000000000000e+00 -6.642989999999999782e+02 1.360000000000000000e+02 4.399000000000000132e-01
2.331999999999999851e+00 -6.600589999999999691e+02 1.365000000000000000e+02 4.447999999999999732e-01
0.000000000000000000e+00 -6.623899999999999864e+02 1.370000000000000000e+02 4.447999999999999732e-01
4.020000000000000240e-01 -6.638970000000000482e+02 1.375000000000000000e+02 4.447999999999999732e-01
0.000000000000000000e+00 -6.642989999999999782e+02 1.380000000000000000e+02 4.447999999999999732e-01
2.303999999999999826e+00 -6.597519999999999527e+02 1.385000000000000000e+02 4.455999999999999961e-01
0.000000000000000000e+00 -6.620560000000000400e+02 1.390000000000000000e+02 4.455999999999999961e-01
6.099999999999999867e-02 -6.642380000000000564e+02 1.395000000000000000e+02 4.455999999999999961e-01
0.000000000000000000e+00 -6.642989999999999782e+02 1.400000000000000000e+02 4.455999999999999961e-01
2.269000000000000128e+00 -6.598759999999999764e+02 1.405000000000000000e+02 4.465999999999999970e-01
0.000000000000000000e+00 -6.621449999999999818e+02 1.410000000000000000e+02 4.465999999999999970e-01
1.150000000000000050e-01 -6.641839999999999691e+02 1.415000000000000000e+02 4.465999999999999970e-01
0.000000000000000000e+00 -6.642989999999999782e+02 1.420000000000000000e+02 4.465999999999999970e-01
2.306999999999999940e+00 -6.600380000000000109e+02 1.425000000000000000e+02 4.467999999999999750e-01
0.000000000000000000e+00 -6.623450000000000273e+02 1.430000000000000000e+02 4.467999999999999750e-01
2.620000000000000107e-01 -6.643220000000000027e+02 1.435000000000000000e+02 4.467999999999999750e-01
0.000000000000000000e+00 -6.645839999999999463e+02 1.440000000000000000e+02 4.467999999999999750e-01
2.503000000000000114e+00 -6.597960000000000491e+02 1.445000000000000000e+02 4.505000000000000115e-01
0.000000000000000000e+00 -6.622989999999999782e+02 1.450000000000000000e+02 4.505000000000000115e-01
4.010000000000000231e-01 -6.638659999999999854e+02 1.455000000000000000e+02 4.505000000000000115e-01
0.000000000000000000e+00 -6.642670000000000528e+02 1.460000000000000000e+02 4.505000000000000115e-01
2.310000000000000053e+00 -6.597970000000000255e+02 1.465000000000000000e+02 4.515000000000000124e-01
0.000000000000000000e+00 -6.621069999999999709e+02 1.470000000000000000e+02 4.515000000000000124e-01
1.739999999999999880e-01 -6.640929999999999609e+02 1.475000000000000000e+02 4.515000000000000124e-01
0.000000000000000000e+00 -6.642670000000000528e+02 1.480000000000000000e+02 4.515000000000000124e-01
2.245000000000000107e+00 -6.601570000000000391e+02 1.485000000000000000e+02 4.531000000000000028e-01
0.000000000000000000e+00 -6.624009999999999536e+02 1.490000000000000000e+02 4.531000000000000028e-01
3.770000000000000018e-01 -6.638899999999999864e+02 1.495000000000000000e+02 4.531000000000000028e-01
0.000000000000000000e+00 -6.642670000000000528e+02 1.500000000000000000e+02 4.531000000000000028e-01
2.274000000000000021e+00 -6.599990000000000236e+02 1.505000000000000000e+02 4.571000000000000063e-01
0.000000000000000000e+00 -6.622730000000000246e+02 1.510000000000000000e+02 4.571000000000000063e-01
3.599999999999999867e-01 -6.639070000000000391e+02 1.515000000000000000e+02 4.571000000000000063e-01
0.000000000000000000e+00 -6.642670000000000528e+02 1.520000000000000000e+02 4.571000000000000063e-01
2.330999999999999961e+00 -6.597010000000000218e+02 1.525000000000000000e+02 4.611000000000000099e-01
0.000000000000000000e+00 -6.620320000000000391e+02 1.530000000000000000e+02 4.611000000000000099e-01
6.800000000000000488e-02 -6.641989999999999554e+02 1.535000000000000000e+02 4.611000000000000099e-01
0.000000000000000000e+00 -6.642670000000000528e+02 1.540000000000000000e+02 4.611000000000000099e-01
2.523000000000000131e+00 -6.596559999999999491e+02 1.545000000000000000e+02 4.627000000000000002e-01
0.000000000000000000e+00 -6.621789999999999736e+02 1.550000000000000000e+02 4.627000000000000002e-01
5.689999999999999503e-01 -6.614729999999999563e+02 1.555000000000000000e+02 4.627000000000000002e-01
0.000000000000000000e+00 -6.620420000000000300e+02 1.560000000000000000e+02 4.627000000000000002e-01
3.970000000000000195e-01 -6.632770000000000437e+02 1.565000000000000000e+02 4.627000000000000002e-01
0.000000000000000000e+00 -6.636739999999999782e+02 1.570000000000000000e+02 4.627000000000000002e-01
2.028000000000000025e+00 -6.600140000000000100e+02 1.575000000000000000e+02 4.630000000000000226e-01
0.000000000000000000e+00 -6.620420000000000300e+02 1.580000000000000000e+02 4.630000000000000226e-01
5.150000000000000133e-01 -6.631589999999999918e+02 1.585000000000000000e+02 4.630000000000000226e-01
0.000000000000000000e+00 -6.636739999999999782e+02 1.590000000000000000e+02 4.630000000000000226e-01
1.975000000000000089e+00 -6.598460000000000036e+02 1.595000000000000000e+02 4.633999999999999786e-01
0.000000000000000000e+00 -6.618210000000000264e+02 1.600000000000000000e+02 4.633999999999999786e-01
3.799999999999999906e-02 -6.636359999999999673e+02 1.605000000000000000e+02 4.633999999999999786e-01
0.000000000000000000e+00 -6.636739999999999782e+02 1.610000000000000000e+02 4.633999999999999786e-01
2.105999999999999872e+00 -6.600929999999999609e+02 1.615000000000000000e+02 4.633999999999999786e-01
0.000000000000000000e+00 -6.621989999999999554e+02 1.620000000000000000e+02 4.633999999999999786e-01
4.040000000000000258e-01 -6.642259999999999991e+02 1.625000000000000000e+02 4.633999999999999786e-01
0.000000000000000000e+00 -6.646309999999999718e+02 1.630000000000000000e+02 4.633999999999999786e-01
2.479000000000000092e+00 -6.599950000000000045e+02 1.635000000000000000e+02 4.642999999999999905e-01
0.000000000000000000e+00 -6.624740000000000464e+02 1.640000000000000000e+02 4.642999999999999905e-01
3.280000000000000138e-01 -6.643029999999999973e+02 1.645000000000000000e+02 4.642999999999999905e-01
0.000000000000000000e+00 -6.646309999999999718e+02 1.650000000000000000e+02 4.642999999999999905e-01
2.432999999999999829e+00 -6.601520000000000437e+02 1.655000000000000000e+02 4.647000000000000020e-01
0.000000000000000000e+00 -6.625850000000000364e+02 1.660000000000000000e+02 4.647000000000000020e-01
3.469999999999999751e-01 -6.642569999999999482e+02 1.665000000000000000e+02 4.647000000000000020e-01
0.000000000000000000e+00 -6.646040000000000418e+02 1.670000000000000000e+02 4.647000000000000020e-01
2.306999999999999940e+00 -6.600729999999999791e+02 1.675000000000000000e+02 4.697999999999999954e-01
0.000000000000000000e+00 -6.623799999999999955e+02 1.680000000000000000e+02 4.697999999999999954e-01
8.300000000000000433e-02 -6.645209999999999582e+02 1.685000000000000000e+02 4.697999999999999954e-01
0.000000000000000000e+00 -6.646040000000000418e+02 1.690000000000000000e+02 4.697999999999999954e-01
2.366000000000000103e+00 -6.602210000000000036e+02 1.695000000000000000e+02 4.733999999999999875e-01
0.000000000000000000e+00 -6.625869999999999891e+02 1.700000000000000000e+02 4.733999999999999875e-01
3.890000000000000124e-01 -6.642759999999999536e+02 1.705000000000000000e+02 4.733999999999999875e-01
0.000000000000000000e+00 -6.646639999999999873e+02 1.710000000000000000e+02 4.733999999999999875e-01
2.325000000000000178e+00 -6.601849999999999454e+02 1.715000000000000000e+02 4.796000000000000263e-01
0.000000000000000000e+00 -6.625099999999999909e+02 1.720000000000000000e+02 4.796000000000000263e-01
1.519999999999999962e-01 -6.645119999999999436e+02 1.725000000000000000e+02 4.796000000000000263e-01
0.000000000000000000e+00 -6.646639999999999873e+02 1.730000000000000000e+02 4.796000000000000263e-01
2.335999999999999854e+00 -6.602740000000000009e+02 1.735000000000000000e+02 4.940999999999999837e-01
0.000000000000000000e+00 -6.626100000000000136e+02 1.740000000000000000e+02 4.940999999999999837e-01
2.230000000000000038e-01 -6.641440000000000055e+02 1.745000000000000000e+02 4.940999999999999837e-01
0.000000000000000000e+00 -6.643669999999999618e+02 1.750000000000000000e+02 4.940999999999999837e-01
1.983999999999999986e+00 -6.606280000000000427e+02 1.755000000000000000e+02 4.943000000000000171e-01
0.000000000000000000e+00 -6.626130000000000564e+02 1.760000000000000000e+02 4.943000000000000171e-01
3.190000000000000058e-01 -6.643049999999999500e+02 1.765000000000000000e+02 4.943000000000000171e-01
0.000000000000000000e+00 -6.646250000000000000e+02 1.770000000000000000e+02 4.943000000000000171e-01
2.343999999999999861e+00 -6.603110000000000355e+02 1.775000000000000000e+02 5.033999999999999586e-01
0.000000000000000000e+00 -6.626559999999999491e+02 1.780000000000000000e+02 5.033999999999999586e-01
2.530000000000000027e-01 -6.647509999999999764e+02 1.785000000000000000e+02 5.033999999999999586e-01
0.000000000000000000e+00 -6.650040000000000191e+02 1.790000000000000000e+02 5.033999999999999586e-01
2.369000000000000217e+00 -6.603429999999999609e+02 1.795000000000000000e+02 5.122999999999999776e-01
0.000000000000000000e+00 -6.627110000000000127e+02 1.800000000000000000e+02 5.122999999999999776e-01
7.599999999999999811e-02 -6.649279999999999973e+02 1.805000000000000000e+02 5.122999999999999776e-01
0.000000000000000000e+00 -6.650040000000000191e+02 1.810000000000000000e+02 5.122999999999999776e-01
2.351999999999999869e+00 -6.603709999999999809e+02 1.815000000000000000e+02 5.165999999999999481e-01
0.000000000000000000e+00 -6.627219999999999800e+02 1.820000000000000000e+02 5.165999999999999481e-01
8.400000000000000522e-02 -6.649199999999999591e+02 1.825000000000000000e+02 5.165999999999999481e-01
0.000000000000000000e+00 -6.650040000000000191e+02 1.830000000000000000e+02 5.165999999999999481e-01
2.539000000000000146e+00 -6.601420000000000528e+02 1.835000000000000000e+02 5.170000000000000151e-01
0.000000000000000000e+00 -6.626810000000000400e+02 1.840000000000000000e+02 5.170000000000000151e-01
3.459999999999999742e-01 -6.643390000000000555e+02 1.845000000000000000e+02 5.170000000000000151e-01
0.000000000000000000e+00 -6.646849999999999454e+02 1.850000000000000000e+02 5.170000000000000151e-01
2.436999999999999833e+00 -6.601989999999999554e+02 1.855000000000000000e+02 5.173999999999999710e-01
0.000000000000000000e+00 -6.626359999999999673e+02 1.860000000000000000e+02 5.173999999999999710e-01
3.439999999999999725e-01 -6.642939999999999827e+02 1.865000000000000000e+02 5.173999999999999710e-01
0.000000000000000000e+00 -6.646380000000000337e+02 1.870000000000000000e+02 5.173999999999999710e-01
2.346000000000000085e+00 -6.603429999999999609e+02 1.875000000000000000e+02 5.191999999999999948e-01
0.000000000000000000e+00 -6.626889999999999645e+02 1.880000000000000000e+02 5.191999999999999948e-01
3.679999999999999938e-01 -6.642699999999999818e+02 1.885000000000000000e+02 5.191999999999999948e-01
0.000000000000000000e+00 -6.646380000000000337e+02 1.890000000000000000e+02 5.191999999999999948e-01
2.338999999999999968e+00 -6.600339999999999918e+02 1.895000000000000000e+02 5.195999999999999508e-01
0.000000000000000000e+00 -6.623730000000000473e+02 1.900000000000000000e+02 5.195999999999999508e-01
2.334999999999999964e+00 -6.580190000000000055e+02 1.905000000000000000e+02 5.215999999999999526e-01
0.000000000000000000e+00 -6.603529999999999518e+02 1.910000000000000000e+02 5.215999999999999526e-01
3.760000000000000009e-01 -6.619969999999999573e+02 1.915000000000000000e+02 5.215999999999999526e-01
0.000000000000000000e+00 -6.623730000000000473e+02 1.920000000000000000e+02 5.215999999999999526e-01
2.306999999999999940e+00 -6.578129999999999882e+02 1.925000000000000000e+02 5.278000000000000469e-01
0.000000000000000000e+00 -6.601200000000000045e+02 1.930000000000000000e+02 5.278000000000000469e-01
1.029999999999999943e-01 -6.622699999999999818e+02 1.935000000000000000e+02 5.278000000000000469e-01
0.000000000000000000e+00 -6.623730000000000473e+02 1.940000000000000000e+02 5.278000000000000469e-01
2.286999999999999922e+00 -6.580819999999999936e+02 1.945000000000000000e+02 5.455999999999999739e-01
0.000000000000000000e+00 -6.603690000000000282e+02 1.950000000000000000e+02 5.455999999999999739e-01
1.170000000000000068e-01 -6.623310000000000173e+02 1.955000000000000000e+02 5.455999999999999739e-01
0.000000000000000000e+00 -6.624489999999999554e+02 1.960000000000000000e+02 5.455999999999999739e-01
2.959999999999999853e-01 -6.643419999999999845e+02 1.965000000000000000e+02 5.455999999999999739e-01
0.000000000000000000e+00 -6.646380000000000337e+02 1.970000000000000000e+02 5.455999999999999739e-01
2.462000000000000188e+00 -6.603350000000000364e+02 1.975000000000000000e+02 5.510000000000000453e-01
0.000000000000000000e+00 -6.627970000000000255e+02 1.980000000000000000e+02 5.510000000000000453e-01
6.069999999999999840e-01 -6.640309999999999491e+02 1.985000000000000000e+02 5.510000000000000453e-01
0.000000000000000000e+00 -6.646380000000000337e+02 1.990000000000000000e+02 5.510000000000000453e-01
2.326999999999999957e+00 -6.601209999999999809e+02 1.995000000000000000e+02 5.527999999999999581e-01
0.000000000000000000e+00 -6.624479999999999791e+02 2.000000000000000000e+02 5.527999999999999581e-01
1.479999999999999927e-01 -6.644900000000000091e+02 2.005000000000000000e+02 5.527999999999999581e-01
0.000000000000000000e+00 -6.646380000000000337e+02 2.010000000000000000e+02 5.527999999999999581e-01
2.370999999999999996e+00 -6.602559999999999718e+02 2.015000000000000000e+02 5.666999999999999815e-01
0.000000000000000000e+00 -6.626269999999999527e+02 2.020000000000000000e+02 5.666999999999999815e-01
2.139999999999999958e-01 -6.647500000000000000e+02 2.025000000000000000e+02 5.666999999999999815e-01
0.000000000000000000e+00 -6.649629999999999654e+02 2.030000000000000000e+02 5.666999999999999815e-01
2.552000000000000046e+00 -6.602000000000000455e+02 2.035000000000000000e+02 5.687999999999999723e-01
0.000000000000000000e+00 -6.627519999999999527e+02 2.040000000000000000e+02 5.687999999999999723e-01
3.019999999999999907e-01 -6.646169999999999618e+02 2.045000000000000000e+02 5.687999999999999723e-01
0.000000000000000000e+00 -6.649189999999999827e+02 2.050000000000000000e+02 5.687999999999999723e-01
2.267999999999999794e+00 -6.606979999999999791e+02 2.055000000000000000e+02 5.752000000000000446e-01
0.000000000000000000e+00 -6.629650000000000318e+02 2.060000000000000000e+02 5.752000000000000446e-01
2.560000000000000053e-01 -6.643550000000000182e+02 2.065000000000000000e+02 5.752000000000000446e-01
0.000000000000000000e+00 -6.646109999999999900e+02 2.070000000000000000e+02 5.752000000000000446e-01
1.955999999999999961e+00 -6.610689999999999600e+02 2.075000000000000000e+02 5.756999999999999895e-01
0.000000000000000000e+00 -6.630249999999999773e+02 2.080000000000000000e+02 5.756999999999999895e-01
6.400000000000000133e-02 -6.651829999999999927e+02 2.085000000000000000e+02 5.756999999999999895e-01
0.000000000000000000e+00 -6.652469999999999573e+02 2.090000000000000000e+02 5.756999999999999895e-01
2.330999999999999961e+00 -6.606839999999999691e+02 2.095000000000000000e+02 5.814000000000000279e-01
0.000000000000000000e+00 -6.630149999999999864e+02 2.100000000000000000e+02 5.814000000000000279e-01
1.049999999999999961e-01 -6.651420000000000528e+02 2.105000000000000000e+02 5.814000000000000279e-01
0.000000000000000000e+00 -6.652469999999999573e+02 2.110000000000000000e+02 5.814000000000000279e-01
2.311999999999999833e+00 -6.607100000000000364e+02 2.115000000000000000e+02 6.070999999999999730e-01
0.000000000000000000e+00 -6.630220000000000482e+02 2.120000000000000000e+02 6.070999999999999730e-01
9.900000000000000466e-02 -6.651480000000000246e+02 2.125000000000000000e+02 6.070999999999999730e-01
0.000000000000000000e+00 -6.652469999999999573e+02 2.130000000000000000e+02 6.070999999999999730e-01
2.326999999999999957e+00 -6.609579999999999700e+02 2.135000000000000000e+02 6.092999999999999527e-01
0.000000000000000000e+00 -6.632839999999999918e+02 2.140000000000000000e+02 6.092999999999999527e-01
4.139999999999999791e-01 -6.630099999999999909e+02 2.145000000000000000e+02 6.092999999999999527e-01
0.000000000000000000e+00 -6.634239999999999782e+02 2.150000000000000000e+02 6.092999999999999527e-01
6.340000000000000080e-01 -6.646409999999999627e+02 2.155000000000000000e+02 6.092999999999999527e-01
0.000000000000000000e+00 -6.652749999999999773e+02 2.160000000000000000e+02 6.092999999999999527e-01
2.282999999999999918e+00 -6.607720000000000482e+02 2.165000000000000000e+02 6.104000000000000536e-01
0.000000000000000000e+00 -6.630560000000000400e+02 2.170000000000000000e+02 6.104000000000000536e-01
6.500000000000000222e-02 -6.652100000000000364e+02 2.175000000000000000e+02 6.104000000000000536e-01
0.000000000000000000e+00 -6.652749999999999773e+02 2.180000000000000000e+02 6.104000000000000536e-01
2.289000000000000146e+00 -6.607630000000000337e+02 2.185000000000000000e+02 6.114000000000000545e-01
0.000000000000000000e+00 -6.630529999999999973e+02 2.190000000000000000e+02 6.114000000000000545e-01
1.010000000000000064e-01 -6.651739999999999782e+02 2.195000000000000000e+02 6.114000000000000545e-01
0.000000000000000000e+00 -6.652749999999999773e+02 2.200000000000000000e+02 6.114000000000000545e-01
2.470000000000000195e+00 -6.604089999999999918e+02 2.205000000000000000e+02 6.635999999999999677e-01
0.000000000000000000e+00 -6.628790000000000191e+02 2.210000000000000000e+02 6.635999999999999677e-01
1.010000000000000064e-01 -6.651739999999999782e+02 2.215000000000000000e+02 6.635999999999999677e-01
0.000000000000000000e+00 -6.652749999999999773e+02 2.220000000000000000e+02 6.635999999999999677e-01
2.390000000000000124e+00 -6.607920000000000300e+02 2.225000000000000000e+02 6.723999999999999977e-01
0.000000000000000000e+00 -6.631820000000000164e+02 2.230000000000000000e+02 6.723999999999999977e-01
3.519999999999999796e-01 -6.630750000000000455e+02 2.235000000000000000e+02 6.723999999999999977e-01
0.000000000000000000e+00 -6.634260000000000446e+02 2.240000000000000000e+02 6.723999999999999977e-01
5.500000000000000444e-01 -6.646979999999999791e+02 2.245000000000000000e+02 6.723999999999999977e-01
0.000000000000000000e+00 -6.652490000000000236e+02 2.250000000000000000e+02 6.723999999999999977e-01
2.307999999999999829e+00 -6.608139999999999645e+02 2.255000000000000000e+02 6.790000000000000480e-01
0.000000000000000000e+00 -6.631219999999999573e+02 2.260000000000000000e+02 6.790000000000000480e-01
2.139999999999999958e-01 -6.650339999999999918e+02 2.265000000000000000e+02 6.790000000000000480e-01
0.000000000000000000e+00 -6.652490000000000236e+02 2.270000000000000000e+02 6.790000000000000480e-01
2.310999999999999943e+00 -6.607690000000000055e+02 2.275000000000000000e+02 6.814999999999999947e-01
0.000000000000000000e+00 -6.630800000000000409e+02 2.280000000000000000e+02 6.814999999999999947e-01
1.630000000000000060e-01 -6.650860000000000127e+02 2.285000000000000000e+02 6.814999999999999947e-01
0.000000000000000000e+00 -6.652490000000000236e+02 2.290000000000000000e+02 6.814999999999999947e-01
2.342000000000000082e+00 -6.609260000000000446e+02 2.295000000000000000e+02 6.824999999999999956e-01
0.000000000000000000e+00 -6.632680000000000291e+02 2.300000000000000000e+02 6.824999999999999956e-01
4.500000000000000111e-01 -6.629510000000000218e+02 2.305000000000000000e+02 6.824999999999999956e-01
0.000000000000000000e+00 -6.634009999999999536e+02 2.310000000000000000e+02 6.824999999999999956e-01
6.370000000000000107e-01 -6.625119999999999436e+02 2.315000000000000000e+02 6.824999999999999956e-01
0.000000000000000000e+00 -6.631490000000000009e+02 2.320000000000000000e+02 6.824999999999999956e-01
3.400000000000000244e-01 -6.649030000000000200e+02 2.325000000000000000e+02 6.824999999999999956e-01
0.000000000000000000e+00 -6.652430000000000518e+02 2.330000000000000000e+02 6.824999999999999956e-01
2.383000000000000007e+00 -6.610470000000000255e+02 2.335000000000000000e+02 6.936999999999999833e-01
0.000000000000000000e+00 -6.634299999999999500e+02 2.340000000000000000e+02 6.936999999999999833e-01
4.709999999999999742e-01 -6.644589999999999463e+02 2.345000000000000000e+02 6.936999999999999833e-01
0.000000000000000000e+00 -6.649299999999999500e+02 2.350000000000000000e+02 6.936999999999999833e-01
1.971000000000000085e+00 -6.614589999999999463e+02 2.355000000000000000e+02 6.937999999999999723e-01
0.000000000000000000e+00 -6.634299999999999500e+02 2.360000000000000000e+02 6.937999999999999723e-01
4.600000000000000200e-01 -6.628890000000000100e+02 2.365000000000000000e+02 6.937999999999999723e-01
0.000000000000000000e+00 -6.633500000000000227e+02 2.370000000000000000e+02 6.937999999999999723e-01
9.900000000000000466e-02 -6.654239999999999782e+02 2.375000000000000000e+02 6.937999999999999723e-01
0.000000000000000000e+00 -6.655230000000000246e+02 2.380000000000000000e+02 6.937999999999999723e-01
2.524999999999999911e+00 -6.605720000000000027e+02 2.385000000000000000e+02 6.989999999999999547e-01
0.000000000000000000e+00 -6.630969999999999800e+02 2.390000000000000000e+02 6.989999999999999547e-01
6.700000000000000400e-02 -6.654560000000000173e+02 2.395000000000000000e+02 6.989999999999999547e-01
0.000000000000000000e+00 -6.655230000000000246e+02 2.400000000000000000e+02 6.989999999999999547e-01
2.436999999999999833e+00 -6.608029999999999973e+02 2.405000000000000000e+02 7.082000000000000517e-01
0.000000000000000000e+00 -6.632390000000000327e+02 2.410000000000000000e+02 7.082000000000000517e-01
8.000000000000000167e-02 -6.654439999999999600e+02 2.415000000000000000e+02 7.082000000000000517e-01
0.000000000000000000e+00 -6.655230000000000246e+02 2.420000000000000000e+02 7.082000000000000517e-01
2.345000000000000195e+00 -6.608899999999999864e+02 2.425000000000000000e+02 7.209999999999999742e-01
0.000000000000000000e+00 -6.632359999999999900e+02 2.430000000000000000e+02 7.209999999999999742e-01
5.999999999999999778e-02 -6.654629999999999654e+02 2.435000000000000000e+02 7.209999999999999742e-01
0.000000000000000000e+00 -6.655230000000000246e+02 2.440000000000000000e+02 7.209999999999999742e-01
2.529999999999999805e+00 -6.605439999999999827e+02 2.445000000000000000e+02 8.123000000000000220e-01
0.000000000000000000e+00 -6.630739999999999554e+02 2.450000000000000000e+02 8.123000000000000220e-01
8.000000000000000167e-02 -6.654429999999999836e+02 2.455000000000000000e+02 8.123000000000000220e-01
0.000000000000000000e+00 -6.655230000000000246e+02 2.460000000000000000e+02 8.123000000000000220e-01
2.491999999999999993e+00 -6.606799999999999500e+02 2.465000000000000000e+02 8.237999999999999767e-01
0.000000000000000000e+00 -6.631720000000000255e+02 2.470000000000000000e+02 8.237999999999999767e-01
1.089999999999999997e-01 -6.654139999999999873e+02 2.475000000000000000e+02 8.237999999999999767e-01
0.000000000000000000e+00 -6.655230000000000246e+02 2.480000000000000000e+02 8.237999999999999767e-01
2.535000000000000142e+00 -6.607269999999999754e+02 2.485000000000000000e+02 8.627000000000000224e-01
0.000000000000000000e+00 -6.632630000000000337e+02 2.490000000000000000e+02 8.627000000000000224e-01
2.750000000000000222e-01 -6.652480000000000473e+02 2.495000000000000000e+02 8.627000000000000224e-01
0.000000000000000000e+00 -6.655230000000000246e+02 2.500000000000000000e+02 8.627000000000000224e-01
2.503000000000000114e+00 -6.609070000000000391e+02 2.505000000000000000e+02 8.699999999999999956e-01
0.000000000000000000e+00 -6.634099999999999682e+02 2.510000000000000000e+02 8.699999999999999956e-01
3.890000000000000124e-01 -6.651340000000000146e+02 2.515000000000000000e+02 8.699999999999999956e-01
0.000000000000000000e+00 -6.655230000000000246e+02 2.520000000000000000e+02 8.699999999999999956e-01
2.552999999999999936e+00 -6.604650000000000318e+02 2.525000000000000000e+02 8.970000000000000195e-01
0.000000000000000000e+00 -6.630180000000000291e+02 2.530000000000000000e+02 8.970000000000000195e-01
6.099999999999999867e-02 -6.654619999999999891e+02 2.535000000000000000e+02 8.970000000000000195e-01
0.000000000000000000e+00 -6.655230000000000246e+02 2.540000000000000000e+02 8.970000000000000195e-01
2.482000000000000206e+00 -6.609500000000000455e+02 2.545000000000000000e+02 1.028000000000000025e+00
0.000000000000000000e+00 -6.634310000000000400e+02 2.550000000000000000e+02 1.028000000000000025e+00
3.890000000000000124e-01 -6.651340000000000146e+02 2.555000000000000000e+02 1.028000000000000025e+00
0.000000000000000000e+00 -6.655230000000000246e+02 2.560000000000000000e+02 1.028000000000000025e+00
2.637999999999999901e+00 -6.604869999999999663e+02 2.565000000000000000e+02 1.060999999999999943e+00
0.000000000000000000e+00 -6.631250000000000000e+02 2.570000000000000000e+02 1.060999999999999943e+00
2.149999999999999967e-01 -6.653079999999999927e+02 2.575000000000000000e+02 1.060999999999999943e+00
0.000000000000000000e+00 -6.655230000000000246e+02 2.580000000000000000e+02 1.060999999999999943e+00
2.729999999999999982e+00 -6.604379999999999882e+02 2.585000000000000000e+02 1.187000000000000055e+00
0.000000000000000000e+00 -6.631680000000000064e+02 2.590000000000000000e+02 1.187000000000000055e+00
3.719999999999999973e-01 -6.649299999999999500e+02 2.595000000000000000e+02 1.187000000000000055e+00
0.000000000000000000e+00 -6.653020000000000209e+02 2.600000000000000000e+02 1.187000000000000055e+00
2.443000000000000060e+00 -6.610209999999999582e+02 2.605000000000000000e+02 1.195000000000000062e+00
0.000000000000000000e+00 -6.634650000000000318e+02 2.610000000000000000e+02 1.195000000000000062e+00
6.280000000000000027e-01 -6.646349999999999909e+02 2.615000000000000000e+02 1.195000000000000062e+00
0.000000000000000000e+00 -6.652630000000000337e+02 2.620000000000000000e+02 1.195000000000000062e+00
2.375999999999999890e+00 -6.609210000000000491e+02 2.625000000000000000e+02 1.197000000000000064e+00
0.000000000000000000e+00 -6.632970000000000255e+02 2.630000000000000000e+02 1.197000000000000064e+00
3.609999999999999876e-01 -6.649460000000000264e+02 2.635000000000000000e+02 1.197000000000000064e+00
0.000000000000000000e+00 -6.653079999999999927e+02 2.640000000000000000e+02 1.197000000000000064e+00
2.376999999999999780e+00 -6.608730000000000473e+02 2.645000000000000000e+02 1.199999999999999956e+00
0.000000000000000000e+00 -6.632500000000000000e+02 2.650000000000000000e+02 1.199999999999999956e+00
3.860000000000000098e-01 -6.630819999999999936e+02 2.655000000000000000e+02 1.199999999999999956e+00
0.000000000000000000e+00 -6.634679999999999609e+02 2.660000000000000000e+02 1.199999999999999956e+00
5.969999999999999751e-01 -6.647119999999999891e+02 2.665000000000000000e+02 1.199999999999999956e+00
0.000000000000000000e+00 -6.653089999999999691e+02 2.670000000000000000e+02 1.199999999999999956e+00
2.398000000000000131e+00 -6.609479999999999791e+02 2.675000000000000000e+02 1.207999999999999963e+00
0.000000000000000000e+00 -6.633460000000000036e+02 2.680000000000000000e+02 1.207999999999999963e+00
4.420000000000000040e-01 -6.648669999999999618e+02 2.685000000000000000e+02 1.207999999999999963e+00
0.000000000000000000e+00 -6.653089999999999691e+02 2.690000000000000000e+02 1.207999999999999963e+00
2.358999999999999986e+00 -6.606720000000000255e+02 2.695000000000000000e+02 1.209000000000000075e+00
0.000000000000000000e+00 -6.630299999999999727e+02 2.700000000000000000e+02 1.209000000000000075e+00
7.900000000000000078e-02 -6.652300000000000182e+02 2.705000000000000000e+02 1.209000000000000075e+00
0.000000000000000000e+00 -6.653089999999999691e+02 2.710000000000000000e+02 1.209000000000000075e+00
2.480999999999999872e+00 -6.608600000000000136e+02 2.715000000000000000e+02 1.247000000000000108e+00
0.000000000000000000e+00 -6.633410000000000082e+02 2.720000000000000000e+02 1.247000000000000108e+00
5.200000000000000178e-01 -6.647899999999999636e+02 2.725000000000000000e+02 1.247000000000000108e+00
0.000000000000000000e+00 -6.653089999999999691e+02 2.730000000000000000e+02 1.247000000000000108e+00
2.555000000000000160e+00 -6.608450000000000273e+02 2.735000000000000000e+02 1.250000000000000000e+00
0.000000000000000000e+00 -6.633999999999999773e+02 2.740000000000000000e+02 1.250000000000000000e+00
5.789999999999999591e-01 -6.626960000000000264e+02 2.745000000000000000e+02 1.250000000000000000e+00
0.000000000000000000e+00 -6.632749999999999773e+02 2.750000000000000000e+02 1.250000000000000000e+00
3.739999999999999991e-01 -6.651710000000000491e+02 2.755000000000000000e+02 1.250000000000000000e+00
0.000000000000000000e+00 -6.655449999999999591e+02 2.760000000000000000e+02 1.250000000000000000e+00
2.337000000000000188e+00 -6.609600000000000364e+02 2.765000000000000000e+02 1.256999999999999895e+00
0.000000000000000000e+00 -6.632970000000000255e+02 2.770000000000000000e+02 1.256999999999999895e+00
2.471000000000000085e+00 -6.587509999999999764e+02 2.775000000000000000e+02 1.272999999999999909e+00
0.000000000000000000e+00 -6.612210000000000036e+02 2.780000000000000000e+02 1.272999999999999909e+00
8.300000000000000433e-02 -6.633790000000000191e+02 2.785000000000000000e+02 1.272999999999999909e+00
0.000000000000000000e+00 -6.634619999999999891e+02 2.790000000000000000e+02 1.272999999999999909e+00
3.310000000000000164e-01 -6.652140000000000555e+02 2.795000000000000000e+02 1.272999999999999909e+00
0.000000000000000000e+00 -6.655449999999999591e+02 2.800000000000000000e+02 1.272999999999999909e+00
2.330000000000000071e+00 -6.609919999999999618e+02 2.805000000000000000e+02 1.276000000000000023e+00
0.000000000000000000e+00 -6.633220000000000027e+02 2.810000000000000000e+02 1.276000000000000023e+00
1.120000000000000023e-01 -6.654329999999999927e+02 2.815000000000000000e+02 1.276000000000000023e+00
0.000000000000000000e+00 -6.655449999999999591e+02 2.820000000000000000e+02 1.276000000000000023e+00
2.306000000000000050e+00 -6.610259999999999536e+02 2.825000000000000000e+02 1.286000000000000032e+00
0.000000000000000000e+00 -6.633319999999999936e+02 2.830000000000000000e+02 1.286000000000000032e+00
9.299999999999999933e-02 -6.654519999999999982e+02 2.835000000000000000e+02 1.286000000000000032e+00
0.000000000000000000e+00 -6.655449999999999591e+02 2.840000000000000000e+02 1.286000000000000032e+00
2.447000000000000064e+00 -6.609840000000000373e+02 2.845000000000000000e+02 1.405999999999999917e+00
0.000000000000000000e+00 -6.634310000000000400e+02 2.850000000000000000e+02 1.405999999999999917e+00
3.430000000000000271e-01 -6.651929999999999836e+02 2.855000000000000000e+02 1.405999999999999917e+00
0.000000000000000000e+00 -6.655359999999999445e+02 2.860000000000000000e+02 1.405999999999999917e+00
2.440999999999999837e+00 -6.609740000000000464e+02 2.865000000000000000e+02 1.415000000000000036e+00
0.000000000000000000e+00 -6.634149999999999636e+02 2.870000000000000000e+02 1.415000000000000036e+00
3.210000000000000075e-01 -6.651989999999999554e+02 2.875000000000000000e+02 1.415000000000000036e+00
0.000000000000000000e+00 -6.655199999999999818e+02 2.880000000000000000e+02 1.415000000000000036e+00
2.569999999999999840e+00 -6.605639999999999645e+02 2.885000000000000000e+02 1.421999999999999931e+00
0.000000000000000000e+00 -6.631349999999999909e+02 2.890000000000000000e+02 1.421999999999999931e+00
2.149999999999999967e-01 -6.653049999999999500e+02 2.895000000000000000e+02 1.421999999999999931e+00
0.000000000000000000e+00 -6.655199999999999818e+02 2.900000000000000000e+02 1.421999999999999931e+00
2.458000000000000185e+00 -6.612440000000000282e+02 2.905000000000000000e+02 1.425000000000000044e+00
0.000000000000000000e+00 -6.637010000000000218e+02 2.910000000000000000e+02 1.425000000000000044e+00
5.979999999999999760e-01 -6.629170000000000300e+02 2.915000000000000000e+02 1.425000000000000044e+00
0.000000000000000000e+00 -6.635149999999999864e+02 2.920000000000000000e+02 1.425000000000000044e+00
4.129999999999999782e-01 -6.632880000000000109e+02 2.925000000000000000e+02 1.425000000000000044e+00
0.000000000000000000e+00 -6.637010000000000218e+02 2.930000000000000000e+02 1.425000000000000044e+00
6.129999999999999893e-01 -6.649030000000000200e+02 2.935000000000000000e+02 1.425000000000000044e+00
0.000000000000000000e+00 -6.655159999999999627e+02 2.940000000000000000e+02 1.425000000000000044e+00
2.345000000000000195e+00 -6.609089999999999918e+02 2.945000000000000000e+02 1.427999999999999936e+00
0.000000000000000000e+00 -6.632540000000000191e+02 2.950000000000000000e+02 1.427999999999999936e+00
5.800000000000000294e-02 -6.654579999999999700e+02 2.955000000000000000e+02 1.427999999999999936e+00
0.000000000000000000e+00 -6.655159999999999627e+02 2.960000000000000000e+02 1.427999999999999936e+00
2.447999999999999954e+00 -6.609779999999999518e+02 2.965000000000000000e+02 1.447999999999999954e+00
0.000000000000000000e+00 -6.634270000000000209e+02 2.970000000000000000e+02 1.447999999999999954e+00
3.400000000000000244e-01 -6.651760000000000446e+02 2.975000000000000000e+02 1.447999999999999954e+00
0.000000000000000000e+00 -6.655159999999999627e+02 2.980000000000000000e+02 1.447999999999999954e+00
2.407000000000000028e+00 -6.611280000000000427e+02 2.985000000000000000e+02 1.449999999999999956e+00
0.000000000000000000e+00 -6.635349999999999682e+02 2.990000000000000000e+02 1.449999999999999956e+00
3.260000000000000120e-01 -6.652350000000000136e+02 2.995000000000000000e+02 1.449999999999999956e+00
0.000000000000000000e+00 -6.655610000000000355e+02 3.000000000000000000e+02 1.449999999999999956e+00
2.346999999999999975e+00 -6.612179999999999609e+02 3.005000000000000000e+02 1.489999999999999991e+00
0.000000000000000000e+00 -6.635650000000000546e+02 3.010000000000000000e+02 1.489999999999999991e+00
4.540000000000000147e-01 -6.651069999999999709e+02 3.015000000000000000e+02 1.489999999999999991e+00
0.000000000000000000e+00 -6.655610000000000355e+02 3.020000000000000000e+02 1.489999999999999991e+00
2.527000000000000135e+00 -6.610130000000000337e+02 3.025000000000000000e+02 1.495999999999999996e+00
0.000000000000000000e+00 -6.635399999999999636e+02 3.030000000000000000e+02 1.495999999999999996e+00
3.629999999999999893e-01 -6.651630000000000109e+02 3.035000000000000000e+02 1.495999999999999996e+00
0.000000000000000000e+00 -6.655259999999999536e+02 3.040000000000000000e+02 1.495999999999999996e+00
2.545999999999999819e+00 -6.608659999999999854e+02 3.045000000000000000e+02 1.514999999999999902e+00
0.000000000000000000e+00 -6.634109999999999445e+02 3.050000000000000000e+02 1.514999999999999902e+00
6.310000000000000053e-01 -6.643020000000000209e+02 3.055000000000000000e+02 1.514999999999999902e+00
0.000000000000000000e+00 -6.649329999999999927e+02 3.060000000000000000e+02 1.514999999999999902e+00
1.927999999999999936e+00 -6.614579999999999700e+02 3.065000000000000000e+02 1.514999999999999902e+00
0.000000000000000000e+00 -6.633859999999999673e+02 3.070000000000000000e+02 1.514999999999999902e+00
1.140000000000000041e-01 -6.654349999999999454e+02 3.075000000000000000e+02 1.514999999999999902e+00
0.000000000000000000e+00 -6.655480000000000018e+02 3.080000000000000000e+02 1.514999999999999902e+00
2.398000000000000131e+00 -6.611520000000000437e+02 3.085000000000000000e+02 1.516000000000000014e+00
0.000000000000000000e+00 -6.635499999999999545e+02 3.090000000000000000e+02 1.516000000000000014e+00
3.599999999999999867e-01 -6.651879999999999882e+02 3.095000000000000000e+02 1.516000000000000014e+00
0.000000000000000000e+00 -6.655480000000000018e+02 3.100000000000000000e+02 1.516000000000000014e+00
2.686999999999999833e+00 -6.603809999999999718e+02 3.105000000000000000e+02 1.550999999999999934e+00
0.000000000000000000e+00 -6.630689999999999600e+02 3.110000000000000000e+02 1.550999999999999934e+00
1.809999999999999942e-01 -6.653669999999999618e+02 3.115000000000000000e+02 1.550999999999999934e+00
0.000000000000000000e+00 -6.655480000000000018e+02 3.120000000000000000e+02 1.550999999999999934e+00
2.487999999999999989e+00 -6.606649999999999636e+02 3.125000000000000000e+02 1.552999999999999936e+00
0.000000000000000000e+00 -6.631520000000000437e+02 3.130000000000000000e+02 1.552999999999999936e+00
9.099999999999999756e-02 -6.654569999999999936e+02 3.135000000000000000e+02 1.552999999999999936e+00
0.000000000000000000e+00 -6.655480000000000018e+02 3.140000000000000000e+02 1.552999999999999936e+00
2.515000000000000124e+00 -6.608890000000000100e+02 3.145000000000000000e+02 1.574999999999999956e+00
0.000000000000000000e+00 -6.634039999999999964e+02 3.150000000000000000e+02 1.574999999999999956e+00
5.360000000000000320e-01 -6.646860000000000355e+02 3.155000000000000000e+02 1.574999999999999956e+00
0.000000000000000000e+00 -6.652219999999999800e+02 3.160000000000000000e+02 1.574999999999999956e+00
2.281000000000000139e+00 -6.607699999999999818e+02 3.165000000000000000e+02 1.576000000000000068e+00
0.000000000000000000e+00 -6.630510000000000446e+02 3.170000000000000000e+02 1.576000000000000068e+00
9.099999999999999756e-02 -6.651309999999999718e+02 3.175000000000000000e+02 1.576000000000000068e+00
0.000000000000000000e+00 -6.652219999999999800e+02 3.180000000000000000e+02 1.576000000000000068e+00
2.321000000000000174e+00 -6.609210000000000491e+02 3.185000000000000000e+02 1.578000000000000069e+00
0.000000000000000000e+00 -6.632419999999999618e+02 3.190000000000000000e+02 1.578000000000000069e+00
4.259999999999999898e-01 -6.648559999999999945e+02 3.195000000000000000e+02 1.578000000000000069e+00
0.000000000000000000e+00 -6.652820000000000391e+02 3.200000000000000000e+02 1.578000000000000069e+00
2.414000000000000146e+00 -6.608650000000000091e+02 3.205000000000000000e+02 1.582999999999999963e+00
0.000000000000000000e+00 -6.632789999999999964e+02 3.210000000000000000e+02 1.582999999999999963e+00
4.259999999999999898e-01 -6.651180000000000518e+02 3.215000000000000000e+02 1.582999999999999963e+00
0.000000000000000000e+00 -6.655439999999999827e+02 3.220000000000000000e+02 1.582999999999999963e+00
2.375000000000000000e+00 -6.611749999999999545e+02 3.225000000000000000e+02 1.600999999999999979e+00
0.000000000000000000e+00 -6.635499999999999545e+02 3.230000000000000000e+02 1.600999999999999979e+00
4.259999999999999898e-01 -6.650960000000000036e+02 3.235000000000000000e+02 1.600999999999999979e+00
0.000000000000000000e+00 -6.655230000000000246e+02 3.240000000000000000e+02 1.600999999999999979e+00
2.491000000000000103e+00 -6.609339999999999691e+02 3.245000000000000000e+02 1.602000000000000091e+00
0.000000000000000000e+00 -6.634260000000000446e+02 3.250000000000000000e+02 1.602000000000000091e+00
3.940000000000000169e-01 -6.628750000000000000e+02 3.255000000000000000e+02 1.602000000000000091e+00
0.000000000000000000e+00 -6.632690000000000055e+02 3.260000000000000000e+02 1.602000000000000091e+00
7.499999999999999722e-02 -6.654479999999999791e+02 3.265000000000000000e+02 1.602000000000000091e+00
0.000000000000000000e+00 -6.655220000000000482e+02 3.270000000000000000e+02 1.602000000000000091e+00
2.302000000000000046e+00 -6.610769999999999982e+02 3.275000000000000000e+02 1.606000000000000094e+00
0.000000000000000000e+00 -6.633790000000000191e+02 3.280000000000000000e+02 1.606000000000000094e+00
1.570000000000000007e-01 -6.653650000000000091e+02 3.285000000000000000e+02 1.606000000000000094e+00
0.000000000000000000e+00 -6.655230000000000246e+02 3.290000000000000000e+02 1.606000000000000094e+00
2.302000000000000046e+00 -6.610199999999999818e+02 3.295000000000000000e+02 1.608000000000000096e+00
0.000000000000000000e+00 -6.633220000000000027e+02 3.300000000000000000e+02 1.608000000000000096e+00
1.100000000000000006e-01 -6.654120000000000346e+02 3.305000000000000000e+02 1.608000000000000096e+00
0.000000000000000000e+00 -6.655230000000000246e+02 3.310000000000000000e+02 1.608000000000000096e+00
2.503000000000000114e+00 -6.610149999999999864e+02 3.315000000000000000e+02 1.629000000000000004e+00
0.000000000000000000e+00 -6.635180000000000291e+02 3.320000000000000000e+02 1.629000000000000004e+00
4.109999999999999765e-01 -6.651109999999999900e+02 3.325000000000000000e+02 1.629000000000000004e+00
0.000000000000000000e+00 -6.655220000000000482e+02 3.330000000000000000e+02 1.629000000000000004e+00
2.274999999999999911e+00 -6.611069999999999709e+02 3.335000000000000000e+02 1.719999999999999973e+00
0.000000000000000000e+00 -6.633809999999999718e+02 3.340000000000000000e+02 1.719999999999999973e+00
1.340000000000000080e-01 -6.653890000000000100e+02 3.345000000000000000e+02 1.719999999999999973e+00
0.000000000000000000e+00 -6.655230000000000246e+02 3.350000000000000000e+02 1.719999999999999973e+00
2.498000000000000220e+00 -6.608700000000000045e+02 3.355000000000000000e+02 1.729000000000000092e+00
0.000000000000000000e+00 -6.633680000000000518e+02 3.360000000000000000e+02 1.729000000000000092e+00
2.879999999999999782e-01 -6.652619999999999436e+02 3.365000000000000000e+02 1.729000000000000092e+00
0.000000000000000000e+00 -6.655499999999999545e+02 3.370000000000000000e+02 1.729000000000000092e+00
2.423999999999999932e+00 -6.608469999999999800e+02 3.375000000000000000e+02 1.792000000000000037e+00
0.000000000000000000e+00 -6.632709999999999582e+02 3.380000000000000000e+02 1.792000000000000037e+00
1.209999999999999964e-01 -6.654279999999999973e+02 3.385000000000000000e+02 1.792000000000000037e+00
0.000000000000000000e+00 -6.655499999999999545e+02 3.390000000000000000e+02 1.792000000000000037e+00
2.714999999999999858e+00 -6.605739999999999554e+02 3.395000000000000000e+02 1.802999999999999936e+00
0.000000000000000000e+00 -6.632899999999999636e+02 3.400000000000000000e+02 1.802999999999999936e+00
4.550000000000000155e-01 -6.650950000000000273e+02 3.405000000000000000e+02 1.802999999999999936e+00
0.000000000000000000e+00 -6.655499999999999545e+02 3.410000000000000000e+02 1.802999999999999936e+00
2.633999999999999897e+00 -6.605230000000000246e+02 3.415000000000000000e+02 2.067000000000000171e+00
0.000000000000000000e+00 -6.631570000000000391e+02 3.420000000000000000e+02 2.067000000000000171e+00
2.280000000000000082e-01 -6.653220000000000027e+02 3.425000000000000000e+02 2.067000000000000171e+00
0.000000000000000000e+00 -6.655499999999999545e+02 3.430000000000000000e+02 2.067000000000000171e+00
2.528000000000000025e+00 -6.606509999999999536e+02 3.435000000000000000e+02 2.092000000000000082e+00
0.000000000000000000e+00 -6.631789999999999736e+02 3.440000000000000000e+02 2.092000000000000082e+00
1.650000000000000078e-01 -6.653849999999999909e+02 3.445000000000000000e+02 2.092000000000000082e+00
0.000000000000000000e+00 -6.655499999999999545e+02 3.450000000000000000e+02 2.092000000000000082e+00
2.686999999999999833e+00 -6.605689999999999600e+02 3.455000000000000000e+02 2.117999999999999883e+00
0.000000000000000000e+00 -6.632549999999999955e+02 3.460000000000000000e+02 2.117999999999999883e+00
4.390000000000000013e-01 -6.648680000000000518e+02 3.465000000000000000e+02 2.117999999999999883e+00
0.000000000000000000e+00 -6.653070000000000164e+02 3.470000000000000000e+02 2.117999999999999883e+00
2.654999999999999805e+00 -6.602100000000000364e+02 3.475000000000000000e+02 2.120999999999999996e+00
0.000000000000000000e+00 -6.628650000000000091e+02 3.480000000000000000e+02 2.120999999999999996e+00
3.300000000000000155e-01 -6.646860000000000355e+02 3.485000000000000000e+02 2.120999999999999996e+00
0.000000000000000000e+00 -6.650149999999999864e+02 3.490000000000000000e+02 2.120999999999999996e+00
2.431000000000000050e+00 -6.605890000000000555e+02 3.495000000000000000e+02 2.121999999999999886e+00
0.000000000000000000e+00 -6.630199999999999818e+02 3.500000000000000000e+02 2.121999999999999886e+00
4.199999999999999845e-01 -6.645380000000000109e+02 3.505000000000000000e+02 2.121999999999999886e+00
0.000000000000000000e+00 -6.649579999999999700e+02 3.510000000000000000e+02 2.121999999999999886e+00
2.390000000000000124e+00 -6.605620000000000118e+02 3.515000000000000000e+02 2.121999999999999886e+00
0.000000000000000000e+00 -6.629519999999999982e+02 3.520000000000000000e+02 2.121999999999999886e+00
3.049999999999999933e-01 -6.642939999999999827e+02 3.525000000000000000e+02 2.121999999999999886e+00
0.000000000000000000e+00 -6.645990000000000464e+02 3.530000000000000000e+02 2.121999999999999886e+00
1.879999999999999893e+00 -6.611879999999999882e+02 3.535000000000000000e+02 2.123000000000000220e+00
0.000000000000000000e+00 -6.630679999999999836e+02 3.540000000000000000e+02 2.123000000000000220e+00
6.000000000000000125e-03 -6.655430000000000064e+02 3.545000000000000000e+02 2.123000000000000220e+00
0.000000000000000000e+00 -6.655489999999999782e+02 3.550000000000000000e+02 2.123000000000000220e+00
2.261000000000000121e+00 -6.613339999999999463e+02 3.555000000000000000e+02 2.125000000000000000e+00
0.000000000000000000e+00 -6.635950000000000273e+02 3.560000000000000000e+02 2.125000000000000000e+00
2.540000000000000036e-01 -6.649850000000000136e+02 3.565000000000000000e+02 2.125000000000000000e+00
0.000000000000000000e+00 -6.652390000000000327e+02 3.570000000000000000e+02 2.125000000000000000e+00
2.055000000000000160e+00 -6.615410000000000537e+02 3.575000000000000000e+02 2.125000000000000000e+00
0.000000000000000000e+00 -6.635950000000000273e+02 3.580000000000000000e+02 2.125000000000000000e+00
4.109999999999999765e-01 -6.648279999999999745e+02 3.585000000000000000e+02 2.125000000000000000e+00
0.000000000000000000e+00 -6.652390000000000327e+02 3.590000000000000000e+02 2.125000000000000000e+00
2.013999999999999790e+00 -6.617060000000000173e+02 3.595000000000000000e+02 2.125000000000000000e+00
0.000000000000000000e+00 -6.637200000000000273e+02 3.600000000000000000e+02 2.125000000000000000e+00
1.779999999999999916e-01 -6.660030000000000427e+02 3.605000000000000000e+02 2.125000000000000000e+00
0.000000000000000000e+00 -6.661810000000000400e+02 3.610000000000000000e+02 2.125000000000000000e+00
2.354999999999999982e+00 -6.615270000000000437e+02 3.615000000000000000e+02 2.125000000000000000e+00
0.000000000000000000e+00 -6.638819999999999482e+02 3.620000000000000000e+02 2.125000000000000000e+00
5.600000000000000117e-02 -6.661250000000000000e+02 3.625000000000000000e+02 2.125000000000000000e+00
0.000000000000000000e+00 -6.661810000000000400e+02 3.630000000000000000e+02 2.125000000000000000e+00
2.354999999999999982e+00 -6.615220000000000482e+02 3.635000000000000000e+02 2.146999999999999797e+00
0.000000000000000000e+00 -6.638769999999999527e+02 3.640000000000000000e+02 2.146999999999999797e+00
5.099999999999999672e-02 -6.661299999999999955e+02 3.645000000000000000e+02 2.146999999999999797e+00
0.000000000000000000e+00 -6.661810000000000400e+02 3.650000000000000000e+02 2.146999999999999797e+00
2.540000000000000036e+00 -6.611680000000000064e+02 3.655000000000000000e+02 2.162999999999999812e+00
0.000000000000000000e+00 -6.637079999999999700e+02 3.660000000000000000e+02 2.162999999999999812e+00
6.800000000000000488e-02 -6.661130000000000564e+02 3.665000000000000000e+02 2.162999999999999812e+00
0.000000000000000000e+00 -6.661810000000000400e+02 3.670000000000000000e+02 2.162999999999999812e+00
2.834999999999999964e+00 -6.609299999999999500e+02 3.675000000000000000e+02 2.180000000000000160e+00
0.000000000000000000e+00 -6.637649999999999864e+02 3.680000000000000000e+02 2.180000000000000160e+00
5.190000000000000169e-01 -6.631040000000000418e+02 3.685000000000000000e+02 2.180000000000000160e+00
0.000000000000000000e+00 -6.636230000000000473e+02 3.690000000000000000e+02 2.180000000000000160e+00
3.489999999999999769e-01 -6.658319999999999936e+02 3.695000000000000000e+02 2.180000000000000160e+00
0.000000000000000000e+00 -6.661810000000000400e+02 3.700000000000000000e+02 2.180000000000000160e+00
2.540999999999999925e+00 -6.611749999999999545e+02 3.705000000000000000e+02 2.186999999999999833e+00
0.000000000000000000e+00 -6.637160000000000082e+02 3.710000000000000000e+02 2.186999999999999833e+00
6.700000000000000400e-02 -6.661140000000000327e+02 3.715000000000000000e+02 2.186999999999999833e+00
0.000000000000000000e+00 -6.661810000000000400e+02 3.720000000000000000e+02 2.186999999999999833e+00
2.470000000000000195e+00 -6.615289999999999964e+02 3.725000000000000000e+02 2.225000000000000089e+00
0.000000000000000000e+00 -6.639990000000000236e+02 3.730000000000000000e+02 2.225000000000000089e+00
2.879999999999999782e-01 -6.658930000000000291e+02 3.735000000000000000e+02 2.225000000000000089e+00
0.000000000000000000e+00 -6.661810000000000400e+02 3.740000000000000000e+02 2.225000000000000089e+00
2.435000000000000053e+00 -6.618959999999999582e+02 3.745000000000000000e+02 2.286000000000000032e+00
0.000000000000000000e+00 -6.643310000000000173e+02 3.750000000000000000e+02 2.286000000000000032e+00
5.959999999999999742e-01 -6.635289999999999964e+02 3.755000000000000000e+02 2.286000000000000032e+00
0.000000000000000000e+00 -6.641259999999999764e+02 3.760000000000000000e+02 2.286000000000000032e+00
3.790000000000000036e-01 -6.657920000000000300e+02 3.765000000000000000e+02 2.286000000000000032e+00
0.000000000000000000e+00 -6.661710000000000491e+02 3.770000000000000000e+02 2.286000000000000032e+00
2.600000000000000089e+00 -6.612160000000000082e+02 3.775000000000000000e+02 2.357000000000000206e+00
0.000000000000000000e+00 -6.638150000000000546e+02 3.780000000000000000e+02 2.357000000000000206e+00
2.429999999999999938e-01 -6.659279999999999973e+02 3.785000000000000000e+02 2.357000000000000206e+00
0.000000000000000000e+00 -6.661710000000000491e+02 3.790000000000000000e+02 2.357000000000000206e+00
2.500000000000000000e+00 -6.618429999999999609e+02 3.795000000000000000e+02 2.468999999999999861e+00
0.000000000000000000e+00 -6.643429999999999609e+02 3.800000000000000000e+02 2.468999999999999861e+00
5.679999999999999494e-01 -6.636180000000000518e+02 3.805000000000000000e+02 2.468999999999999861e+00
0.000000000000000000e+00 -6.641860000000000355e+02 3.810000000000000000e+02 2.468999999999999861e+00
4.139999999999999791e-01 -6.657250000000000227e+02 3.815000000000000000e+02 2.468999999999999861e+00
0.000000000000000000e+00 -6.661380000000000337e+02 3.820000000000000000e+02 2.468999999999999861e+00
2.486000000000000210e+00 -6.613890000000000100e+02 3.825000000000000000e+02 2.470000000000000195e+00
0.000000000000000000e+00 -6.638750000000000000e+02 3.830000000000000000e+02 2.470000000000000195e+00
2.510000000000000009e-01 -6.658869999999999436e+02 3.835000000000000000e+02 2.470000000000000195e+00
0.000000000000000000e+00 -6.661380000000000337e+02 3.840000000000000000e+02 2.470000000000000195e+00
2.456999999999999851e+00 -6.613659999999999854e+02 3.845000000000000000e+02 2.478000000000000203e+00
0.000000000000000000e+00 -6.638229999999999791e+02 3.850000000000000000e+02 2.478000000000000203e+00
1.489999999999999936e-01 -6.659890000000000327e+02 3.855000000000000000e+02 2.478000000000000203e+00
0.000000000000000000e+00 -6.661380000000000337e+02 3.860000000000000000e+02 2.478000000000000203e+00
2.261000000000000121e+00 -6.618970000000000482e+02 3.865000000000000000e+02 2.486000000000000210e+00
0.000000000000000000e+00 -6.641580000000000155e+02 3.870000000000000000e+02 2.486000000000000210e+00
2.039999999999999869e-01 -6.656660000000000537e+02 3.875000000000000000e+02 2.486000000000000210e+00
0.000000000000000000e+00 -6.658700000000000045e+02 3.880000000000000000e+02 2.486000000000000210e+00
1.985000000000000098e+00 -6.621079999999999472e+02 3.885000000000000000e+02 2.486000000000000210e+00
0.000000000000000000e+00 -6.640929999999999609e+02 3.890000000000000000e+02 2.486000000000000210e+00
2.079999999999999905e-01 -6.656609999999999445e+02 3.895000000000000000e+02 2.486000000000000210e+00
0.000000000000000000e+00 -6.658700000000000045e+02 3.900000000000000000e+02 2.486000000000000210e+00
2.112999999999999989e+00 -6.622469999999999573e+02 3.905000000000000000e+02 2.487000000000000099e+00
0.000000000000000000e+00 -6.643600000000000136e+02 3.910000000000000000e+02 2.487000000000000099e+00
3.960000000000000187e-01 -6.638099999999999454e+02 3.915000000000000000e+02 2.487000000000000099e+00
0.000000000000000000e+00 -6.642060000000000173e+02 3.920000000000000000e+02 2.487000000000000099e+00
3.039999999999999925e-01 -6.655439999999999827e+02 3.925000000000000000e+02 2.487000000000000099e+00
0.000000000000000000e+00 -6.658479999999999563e+02 3.930000000000000000e+02 2.487000000000000099e+00
1.989999999999999991e+00 -6.621749999999999545e+02 3.935000000000000000e+02 2.487000000000000099e+00
0.000000000000000000e+00 -6.641649999999999636e+02 3.940000000000000000e+02 2.487000000000000099e+00
