# t	msd	err
2.999999999999886243e-15 4.218857822341576247e-02 0.000000000000000000e+00
1.663500000000001570e-14 3.366955602028040562e-02 6.574481810235587899e-03
1.999999999999991478e-14 6.912453228029774577e-02 9.313225746154785156e-10
3.600000000000004855e-14 4.652826212904803693e-02 9.313225746154785156e-10
7.124999999999997408e-14 7.156252341854524301e-02 2.026753684478762793e-02
1.153500000000000588e-13 1.090509430258453649e-01 2.551343218982479039e-02
1.952000000000000164e-13 1.129484105574041219e-01 2.634178031930877167e-09
5.337162499999999272e-13 1.430589847963701922e-01 3.250287195469835078e-02
7.366849999999998039e-13 1.355718619197743280e-01 3.254172770878320520e-02
1.500518095238095157e-12 2.912202502621948907e-01 1.668526405747546362e-02
