# t
0.000000000000000000e+00
1.797887399999999886e-02
1.797887399999999886e-02
8.361492900000000450e-02
8.361492900000000450e-02
1.041623099999999941e-01
1.041623099999999941e-01
1.121073300000000050e-01
1.121073300000000050e-01
1.142034299999999947e-01
1.142034299999999947e-01
1.211010500000000017e-01
1.211010500000000017e-01
1.257418499999999884e-01
1.257418499999999884e-01
1.374151200000000017e-01
1.374151200000000017e-01
1.505331500000000045e-01
1.505331500000000045e-01
1.512522799999999890e-01
1.512522799999999890e-01
1.617962799999999868e-01
1.617962799999999868e-01
1.631072799999999934e-01
1.631072799999999934e-01
1.631140899999999894e-01
1.631140899999999894e-01
1.691777200000000037e-01
1.691777200000000037e-01
1.779341600000000079e-01
1.779341600000000079e-01
1.855114499999999944e-01
1.855114499999999944e-01
1.871860999999999942e-01
1.871860999999999942e-01
1.885431800000000047e-01
1.885431800000000047e-01
1.887061999999999906e-01
1.887061999999999906e-01
1.887065699999999902e-01
1.887065699999999902e-01
1.887397500000000117e-01
1.887397500000000117e-01
1.913435400000000064e-01
1.913435400000000064e-01
1.936408500000000033e-01
1.936408500000000033e-01
1.964232599999999884e-01
1.964232599999999884e-01
1.984903600000000046e-01
1.984903600000000046e-01
2.005577100000000002e-01
2.005577100000000002e-01
2.034750700000000079e-01
2.034750700000000079e-01
2.071225399999999939e-01
2.071225399999999939e-01
2.130056999999999923e-01
2.130056999999999923e-01
2.181259999999999866e-01
2.181259999999999866e-01
2.229462200000000005e-01
2.229462200000000005e-01
2.326586999999999961e-01
2.326586999999999961e-01
2.334909900000000094e-01
2.334909900000000094e-01
2.340542800000000034e-01
2.340542800000000034e-01
2.355414700000000028e-01
2.355414700000000028e-01
2.360802800000000035e-01
2.360802800000000035e-01
2.362522599999999917e-01
2.362522599999999917e-01
2.376116799999999918e-01
2.376116799999999918e-01
2.399701099999999865e-01
2.399701099999999865e-01
2.399939899999999904e-01
2.399939899999999904e-01
2.410857299999999981e-01
2.410857299999999981e-01
2.423189199999999932e-01
2.423189199999999932e-01
2.426877299999999904e-01
2.426877299999999904e-01
2.515048799999999862e-01
2.515048799999999862e-01
2.529655900000000179e-01
2.529655900000000179e-01
2.531325799999999959e-01
2.531325799999999959e-01
2.573127000000000053e-01
2.573127000000000053e-01
2.588841399999999848e-01
2.588841399999999848e-01
2.589517399999999858e-01
2.589517399999999858e-01
2.595552600000000099e-01
2.595552600000000099e-01
2.623853400000000224e-01
2.623853400000000224e-01
2.631567799999999790e-01
2.631567799999999790e-01
2.638525899999999980e-01
2.638525899999999980e-01
2.648587700000000211e-01
2.648587700000000211e-01
2.648646499999999793e-01
2.648646499999999793e-01
2.669589800000000124e-01
2.669589800000000124e-01
2.670585799999999899e-01
2.670585799999999899e-01
2.671628400000000125e-01
2.671628400000000125e-01
2.675676499999999902e-01
2.675676499999999902e-01
2.678139099999999884e-01
2.678139099999999884e-01
2.686462600000000256e-01
2.686462600000000256e-01
2.686827600000000205e-01
2.686827600000000205e-01
2.688838100000000009e-01
2.688838100000000009e-01
2.694873799999999986e-01
2.694873799999999986e-01
2.695334799999999920e-01
2.695334799999999920e-01
2.699325399999999986e-01
2.699325399999999986e-01
2.702476300000000164e-01
2.702476300000000164e-01
2.715978800000000137e-01
2.715978800000000137e-01
2.717135399999999756e-01
2.717135399999999756e-01
2.728042199999999862e-01
2.728042199999999862e-01
2.732619000000000020e-01
2.732619000000000020e-01
2.733897499999999869e-01
2.733897499999999869e-01
2.737636700000000145e-01
2.737636700000000145e-01
2.738557699999999984e-01
2.738557699999999984e-01
2.744085399999999786e-01
2.744085399999999786e-01
2.744531299999999896e-01
2.744531299999999896e-01
2.745189800000000235e-01
2.745189800000000235e-01
2.745317600000000136e-01
2.745317600000000136e-01
2.748105699999999763e-01
2.748105699999999763e-01
2.753199000000000063e-01
2.753199000000000063e-01
2.753297399999999895e-01
2.753297399999999895e-01
2.753811299999999740e-01
2.753811299999999740e-01
2.755665700000000107e-01
2.755665700000000107e-01
2.756393699999999947e-01
2.756393699999999947e-01
2.757354499999999931e-01
2.757354499999999931e-01
2.758738900000000105e-01
2.758738900000000105e-01
2.759117400000000164e-01
2.759117400000000164e-01
2.760443399999999992e-01
2.760443399999999992e-01
2.760831200000000152e-01
2.760831200000000152e-01
2.762031600000000031e-01
2.762031600000000031e-01
2.768307999999999880e-01
2.768307999999999880e-01
2.774966999999999850e-01
2.774966999999999850e-01
2.775885499999999895e-01
2.775885499999999895e-01
2.776272300000000026e-01
2.776272300000000026e-01
2.778070699999999893e-01
2.778070699999999893e-01
2.778218100000000024e-01
2.778218100000000024e-01
2.779455900000000201e-01
2.779455900000000201e-01
2.786492600000000097e-01
2.786492600000000097e-01
2.788292800000000127e-01
2.788292800000000127e-01
2.788317000000000156e-01
2.788317000000000156e-01
2.788682399999999895e-01
2.788682399999999895e-01
2.789145000000000096e-01
2.789145000000000096e-01
2.791473700000000058e-01
2.791473700000000058e-01
2.792141399999999996e-01
2.792141399999999996e-01
2.795407400000000098e-01
2.795407400000000098e-01
2.828540700000000130e-01
2.828540700000000130e-01
2.830383200000000099e-01
2.830383200000000099e-01
2.831421000000000077e-01
2.831421000000000077e-01
2.832074600000000220e-01
2.832074600000000220e-01
2.832425700000000268e-01
2.832425700000000268e-01
2.838550100000000187e-01
2.838550100000000187e-01
2.842084400000000066e-01
2.842084400000000066e-01
2.842084400000000066e-01
2.842084400000000066e-01
2.844047800000000237e-01
2.844047800000000237e-01
2.845610900000000165e-01
2.845610900000000165e-01
2.847797899999999771e-01
2.847797899999999771e-01
2.851010700000000120e-01
2.851010700000000120e-01
2.855169200000000074e-01
2.855169200000000074e-01
2.858389900000000150e-01
2.858389900000000150e-01
2.863043599999999800e-01
2.863043599999999800e-01
2.863043599999999800e-01
2.865654599999999941e-01
2.865654599999999941e-01
2.865680800000000028e-01
2.865680800000000028e-01
2.867007400000000095e-01
2.867007400000000095e-01
2.867055499999999757e-01
2.867055499999999757e-01
2.869157299999999799e-01
2.869157299999999799e-01
2.870286899999999752e-01
2.870287100000000202e-01
2.880409700000000073e-01
2.880409700000000073e-01
2.898179000000000172e-01
2.898179000000000172e-01
2.903998999999999886e-01
4.724895700000000254e-01
4.724895700000000254e-01
4.732032199999999800e-01
4.732032199999999800e-01
4.732278699999999949e-01
4.732278699999999949e-01
4.735054899999999733e-01
4.735054899999999733e-01
4.735323699999999802e-01
4.735323699999999802e-01
4.749129599999999951e-01
4.749129599999999951e-01
4.765580200000000266e-01
4.765580300000000213e-01
4.819773399999999763e-01
4.819773500000000266e-01
4.820219299999999873e-01
4.820219299999999873e-01
4.823093199999999858e-01
4.823093199999999858e-01
4.824268999999999918e-01
4.824268999999999918e-01
4.846257600000000165e-01
4.846257700000000113e-01
4.859253299999999887e-01
4.859253299999999887e-01
4.860638099999999850e-01
4.860638099999999850e-01
4.861191100000000209e-01
4.861191100000000209e-01
4.883207800000000098e-01
4.883207800000000098e-01
4.915790400000000226e-01
4.919304999999999928e-01
4.919304999999999928e-01
4.919790299999999839e-01
4.962171799999999799e-01
4.972771500000000011e-01
4.972771500000000011e-01
4.977436100000000030e-01
4.977436100000000030e-01
4.978591199999999883e-01
4.978591199999999883e-01
4.980342600000000064e-01
4.980342600000000064e-01
4.980900100000000275e-01
6.277988700000000089e-01
6.283903699999999759e-01
6.283903699999999759e-01
6.283903699999999759e-01
6.283903699999999759e-01
6.284466100000000166e-01
6.284466100000000166e-01
6.284715300000000004e-01
6.284715300000000004e-01
6.287953899999999541e-01
6.287953899999999541e-01
6.288768700000000322e-01
6.288768700000000322e-01
6.299231600000000375e-01
6.299231600000000375e-01
6.307461500000000054e-01
6.307461500000000054e-01
6.324392100000000294e-01
6.324392100000000294e-01
6.334154800000000307e-01
6.334154800000000307e-01
6.346806799999999971e-01
6.346806799999999971e-01
6.366769899999999982e-01
6.366769899999999982e-01
6.367717200000000410e-01
6.367717200000000410e-01
6.368452300000000399e-01
6.368452300000000399e-01
6.368877800000000144e-01
6.368877800000000144e-01
6.368877800000000144e-01
6.371771299999999805e-01
6.371771299999999805e-01
6.373645500000000297e-01
6.373645500000000297e-01
6.380830699999999744e-01
6.380830699999999744e-01
6.380830699999999744e-01
6.380846100000000520e-01
6.380846100000000520e-01
6.380975800000000531e-01
6.380975800000000531e-01
6.381103200000000086e-01
6.381103200000000086e-01
6.381125500000000006e-01
6.381125500000000006e-01
6.382930100000000495e-01
6.382930100000000495e-01
6.389097900000000330e-01
6.389097900000000330e-01
6.392397800000000352e-01
6.392397800000000352e-01
6.395120199999999588e-01
6.395120199999999588e-01
6.396345700000000134e-01
6.396345700000000134e-01
6.401065900000000308e-01
6.401065900000000308e-01
6.403661000000000492e-01
6.403661000000000492e-01
6.403661000000000492e-01
6.403661000000000492e-01
6.403879300000000496e-01
6.403879300000000496e-01
6.404649199999999931e-01
6.404649199999999931e-01
6.405392399999999542e-01
6.405392399999999542e-01
6.406117099999999454e-01
6.406117099999999454e-01
6.406117099999999454e-01
6.406289899999999538e-01
6.406289899999999538e-01
6.408667999999999587e-01
6.788240599999999514e-01
6.792805499999999830e-01
6.792805499999999830e-01
6.797920100000000021e-01
6.797920100000000021e-01
6.797920100000000021e-01
6.797920100000000021e-01
6.798205299999999784e-01
6.798205299999999784e-01
6.800508299999999950e-01
6.800508299999999950e-01
6.801356100000000016e-01
6.801356100000000016e-01
6.804092299999999760e-01
6.804092299999999760e-01
6.804372800000000332e-01
6.804372800000000332e-01
7.209828099999999740e-01
7.209828099999999740e-01
7.393975299999999695e-01
7.393975400000000198e-01
7.395669799999999849e-01
7.395669799999999849e-01
7.395669799999999849e-01
7.396922799999999798e-01
7.396922799999999798e-01
7.398856499999999503e-01
7.398856499999999503e-01
7.399767999999999901e-01
7.399767999999999901e-01
7.651624799999999782e-01
7.651624900000000284e-01
7.680211300000000518e-01
7.680211399999999911e-01
7.763843900000000353e-01
7.763843900000000353e-01
7.999069199999999658e-01
7.999069199999999658e-01
8.380995799999999551e-01
8.380995799999999551e-01
8.462600300000000519e-01
8.462600300000000519e-01
8.587925299999999984e-01
8.590369100000000424e-01
8.590369100000000424e-01
8.590369100000000424e-01
8.592368500000000520e-01
8.675953499999999874e-01
8.675953499999999874e-01
9.299868399999999813e-01
9.299868399999999813e-01
1.026558999999999999e+00
1.026558999999999999e+00
1.029157400000000111e+00
1.029157400000000111e+00
1.032912100000000111e+00
1.032912100000000111e+00
1.065303200000000006e+00
1.065303200000000006e+00
1.141334499999999919e+00
1.141334499999999919e+00
1.141562299999999919e+00
1.141562299999999919e+00
1.155179299999999909e+00
1.155179299999999909e+00
1.155558800000000108e+00
1.155558800000000108e+00
1.155609899999999968e+00
1.155609899999999968e+00
1.155752700000000077e+00
1.155752700000000077e+00
1.168654199999999976e+00
1.168654199999999976e+00
1.200024299999999933e+00
1.200024299999999933e+00
1.217999199999999949e+00
1.217999199999999949e+00
1.239914100000000019e+00
1.239914100000000019e+00
1.248643399999999959e+00
1.248643399999999959e+00
1.251975099999999896e+00
1.251975099999999896e+00
1.253115900000000060e+00
1.253115900000000060e+00
1.253175099999999986e+00
1.253175099999999986e+00
1.260997600000000052e+00
1.260997600000000052e+00
1.263010100000000024e+00
1.263744100000000037e+00
1.263744100000000037e+00
1.263744100000000037e+00
1.263744100000000037e+00
1.263761899999999994e+00
1.263761899999999994e+00
1.263852299999999929e+00
1.263852299999999929e+00
1.264170000000000016e+00
1.264170000000000016e+00
1.264336200000000021e+00
1.264336200000000021e+00
1.264408600000000105e+00
1.264408600000000105e+00
1.264408600000000105e+00
1.264413599999999915e+00
1.264413599999999915e+00
1.264710800000000024e+00
1.264710800000000024e+00
1.264993400000000046e+00
1.264993400000000046e+00
1.265155400000000041e+00
1.265155400000000041e+00
1.265362199999999993e+00
1.265362199999999993e+00
1.265418300000000107e+00
1.265418300000000107e+00
1.265513099999999946e+00
1.265513099999999946e+00
1.265821599999999991e+00
1.265821599999999991e+00
1.265860500000000055e+00
1.265860500000000055e+00
1.265883899999999951e+00
1.265883899999999951e+00
1.265887200000000101e+00
1.265887200000000101e+00
1.266082399999999941e+00
1.266082399999999941e+00
1.266316800000000020e+00
1.266316800000000020e+00
1.266316800000000020e+00
1.266316800000000020e+00
1.266565399999999952e+00
1.266565399999999952e+00
1.266798300000000044e+00
1.266798300000000044e+00
1.266915900000000095e+00
1.266915900000000095e+00
1.266915900000000095e+00
1.266915900000000095e+00
1.267283500000000007e+00
1.267283500000000007e+00
1.267418200000000050e+00
1.267418200000000050e+00
1.267636699999999950e+00
1.267636699999999950e+00
1.267726300000000084e+00
1.267726300000000084e+00
1.267740499999999937e+00
1.267740499999999937e+00
1.267852500000000049e+00
1.267852500000000049e+00
1.267998699999999923e+00
1.267998699999999923e+00
1.267998699999999923e+00
1.267998699999999923e+00
1.268250000000000099e+00
1.268250000000000099e+00
1.268311600000000094e+00
1.268311600000000094e+00
1.268311600000000094e+00
1.268328799999999923e+00
1.268328799999999923e+00
1.268390099999999965e+00
1.268390099999999965e+00
1.268405999999999922e+00
1.268405999999999922e+00
1.268474099999999938e+00
1.268474099999999938e+00
1.268474099999999938e+00
1.268474099999999938e+00
1.268474099999999938e+00
1.268483999999999945e+00
1.268483999999999945e+00
1.268533399999999922e+00
1.268533399999999922e+00
1.268877400000000044e+00
1.268877400000000044e+00
1.268920800000000071e+00
1.268920800000000071e+00
1.268928700000000021e+00
1.268928700000000021e+00
1.268928700000000021e+00
1.268928700000000021e+00
1.268928700000000021e+00
1.269007100000000055e+00
1.269007100000000055e+00
1.269073399999999907e+00
1.269073399999999907e+00
1.269079599999999974e+00
1.305198000000000080e+00
1.305198000000000080e+00
1.361619700000000099e+00
1.361619700000000099e+00
1.368928900000000004e+00
1.368928900000000004e+00
1.369107199999999969e+00
1.369107199999999969e+00
1.369371399999999905e+00
1.369371399999999905e+00
1.390441199999999933e+00
1.390441199999999933e+00
1.390455599999999903e+00
1.390455599999999903e+00
1.390476400000000057e+00
1.390476400000000057e+00
1.390484300000000006e+00
1.390484300000000006e+00
1.390909900000000032e+00
1.390909900000000032e+00
1.390946100000000074e+00
1.390946100000000074e+00
1.390961899999999973e+00
1.390961899999999973e+00
1.391085700000000092e+00
1.391085700000000092e+00
1.391271699999999889e+00
1.391271699999999889e+00
1.391382399999999908e+00
1.391382399999999908e+00
1.391386000000000012e+00
1.391386000000000012e+00
1.391446200000000077e+00
1.391446200000000077e+00
1.391448199999999913e+00
1.391448199999999913e+00
1.391453800000000074e+00
1.391453800000000074e+00
1.391542700000000021e+00
1.391542700000000021e+00
1.391780500000000087e+00
1.391780500000000087e+00
1.391945500000000058e+00
1.391945500000000058e+00
1.391945500000000058e+00
1.391960000000000086e+00
1.391960000000000086e+00
1.392414800000000064e+00
1.392414800000000064e+00
1.392476599999999953e+00
1.392476599999999953e+00
1.392481000000000080e+00
1.392481000000000080e+00
1.392596799999999968e+00
1.392596799999999968e+00
1.392637399999999914e+00
1.392637399999999914e+00
1.392637399999999914e+00
1.392637399999999914e+00
1.392811500000000091e+00
1.392811500000000091e+00
1.392825200000000097e+00
1.392825200000000097e+00
1.392901100000000003e+00
1.392901100000000003e+00
1.392973900000000098e+00
1.392973900000000098e+00
1.409155399999999947e+00
1.409155399999999947e+00
1.463430100000000067e+00
1.463430100000000067e+00
1.478420700000000032e+00
1.478420700000000032e+00
1.479612699999999892e+00
1.479612699999999892e+00
1.527286600000000050e+00
1.527286600000000050e+00
1.548911300000000102e+00
1.548911300000000102e+00
1.579798899999999895e+00
1.579906899999999892e+00
1.579906899999999892e+00
1.579988100000000006e+00
1.579988100000000006e+00
1.580005700000000068e+00
1.580005700000000068e+00
1.580097599999999991e+00
1.580097599999999991e+00
1.580561700000000069e+00
1.580561700000000069e+00
1.580802899999999900e+00
1.580802899999999900e+00
1.580884299999999909e+00
1.580884299999999909e+00
1.580890300000000082e+00
1.608528799999999981e+00
1.608528799999999981e+00
1.608605800000000086e+00
1.608605800000000086e+00
1.608721300000000021e+00
1.608721300000000021e+00
1.609230200000000055e+00
1.609230200000000055e+00
1.609272700000000000e+00
1.609272700000000000e+00
1.609393400000000085e+00
1.609393400000000085e+00
1.609642999999999935e+00
1.609642999999999935e+00
1.609931199999999896e+00
1.609931199999999896e+00
1.610112100000000046e+00
1.610112100000000046e+00
1.610230800000000073e+00
1.610230800000000073e+00
1.610489599999999966e+00
1.610489599999999966e+00
1.610490299999999930e+00
1.610490299999999930e+00
1.611118899999999909e+00
1.611118899999999909e+00
1.611207599999999962e+00
1.611207599999999962e+00
1.611396999999999968e+00
1.611396999999999968e+00
1.611829900000000038e+00
1.611829900000000038e+00
1.611829900000000038e+00
1.612454499999999902e+00
1.612454499999999902e+00
1.612454499999999902e+00
1.612478999999999996e+00
1.612478999999999996e+00
1.612505000000000077e+00
1.612505000000000077e+00
1.612511400000000039e+00
1.612511400000000039e+00
1.612530400000000030e+00
1.612530400000000030e+00
1.612875000000000059e+00
1.612875000000000059e+00
1.612993899999999980e+00
1.612993899999999980e+00
1.613100600000000107e+00
1.613100600000000107e+00
1.613128300000000070e+00
1.613128300000000070e+00
1.613363799999999904e+00
1.613363799999999904e+00
1.613556599999999897e+00
1.613556599999999897e+00
1.613690800000000092e+00
1.613690800000000092e+00
1.613820400000000044e+00
1.613820400000000044e+00
1.613873600000000019e+00
1.613873600000000019e+00
1.614136999999999933e+00
1.614136999999999933e+00
1.614299099999999987e+00
1.614299099999999987e+00
1.614299099999999987e+00
1.614299099999999987e+00
1.614513899999999946e+00
1.614513899999999946e+00
1.614585900000000018e+00
1.614585900000000018e+00
1.614605999999999986e+00
1.614605999999999986e+00
1.614656700000000056e+00
1.614656700000000056e+00
1.614678400000000069e+00
1.614678400000000069e+00
1.615096199999999982e+00
1.615096199999999982e+00
1.615645900000000079e+00
1.615645900000000079e+00
1.615857400000000110e+00
1.615857400000000110e+00
1.616023699999999952e+00
1.616023699999999952e+00
1.616310200000000030e+00
1.616310200000000030e+00
1.616369299999999898e+00
1.616369299999999898e+00
1.616911299999999940e+00
1.616911299999999940e+00
1.616911299999999940e+00
1.616929199999999955e+00
1.616929199999999955e+00
1.616973299999999947e+00
1.616973299999999947e+00
1.617236399999999907e+00
1.617236399999999907e+00
1.617236399999999907e+00
1.617648399999999986e+00
1.617648399999999986e+00
1.617648399999999986e+00
1.617685899999999899e+00
1.617685899999999899e+00
1.617800399999999916e+00
1.617800399999999916e+00
1.618089600000000017e+00
1.618089600000000017e+00
1.618103700000000034e+00
1.618103700000000034e+00
1.620358799999999988e+00
1.620358799999999988e+00
1.644900800000000052e+00
1.644900800000000052e+00
1.650223900000000077e+00
1.650683799999999923e+00
1.650683799999999923e+00
1.650969099999999967e+00
1.650969099999999967e+00
1.661065500000000084e+00
1.661065500000000084e+00
1.665935200000000060e+00
1.665935200000000060e+00
1.774154000000000009e+00
1.774492200000000075e+00
1.774492200000000075e+00
1.774568600000000052e+00
1.774568600000000052e+00
1.774994200000000077e+00
1.774994200000000077e+00
1.775089700000000104e+00
1.775089700000000104e+00
1.775396900000000056e+00
1.775396900000000056e+00
1.775396900000000056e+00
1.775448700000000102e+00
1.775448700000000102e+00
1.775491600000000059e+00
1.775491600000000059e+00
1.775554199999999971e+00
1.775554199999999971e+00
1.775686099999999934e+00
1.775686099999999934e+00
1.776736199999999988e+00
1.878341899999999898e+00
1.878341899999999898e+00
1.912444199999999928e+00
1.912444199999999928e+00
1.913286899999999902e+00
1.913286899999999902e+00
1.921748400000000023e+00
1.921748400000000023e+00
1.924720800000000009e+00
1.924720800000000009e+00
1.927243000000000039e+00
1.927243000000000039e+00
1.930367699999999909e+00
1.930367699999999909e+00
1.930542900000000062e+00
1.930542900000000062e+00
1.943444900000000031e+00
1.943444900000000031e+00
1.956442000000000014e+00
1.956442000000000014e+00
1.958182099999999926e+00
1.958182099999999926e+00
1.994672699999999965e+00
1.994806499999999927e+00
1.994806499999999927e+00
1.994911099999999937e+00
1.994911099999999937e+00
1.995526600000000039e+00
1.995526600000000039e+00
1.995951000000000031e+00
1.995951000000000031e+00
1.996057900000000052e+00
1.996057900000000052e+00
1.996282200000000007e+00
1.996282200000000007e+00
1.996474899999999941e+00
1.996474899999999941e+00
1.996474899999999941e+00
1.996474899999999941e+00
1.996479600000000021e+00
1.996479600000000021e+00
1.996598199999999990e+00
1.996598199999999990e+00
1.996643699999999910e+00
1.996643699999999910e+00
1.996643699999999910e+00
1.996734699999999973e+00
1.996734699999999973e+00
1.997175399999999934e+00
1.997175399999999934e+00
1.997234100000000012e+00
1.997234100000000012e+00
1.997260899999999895e+00
1.997260899999999895e+00
1.997279299999999980e+00
1.997279299999999980e+00
1.997279299999999980e+00
1.997279299999999980e+00
1.997350699999999923e+00
1.997350699999999923e+00
1.997381400000000085e+00
1.997381400000000085e+00
1.997428900000000063e+00
1.997428900000000063e+00
1.997676999999999925e+00
1.997676999999999925e+00
1.997775099999999915e+00
1.997775099999999915e+00
1.997879500000000030e+00
1.997879500000000030e+00
1.997879500000000030e+00
1.997886700000000015e+00
1.997886700000000015e+00
1.997918899999999942e+00
1.997918899999999942e+00
1.997929899999999925e+00
1.997929899999999925e+00
1.998038800000000004e+00
1.998038800000000004e+00
1.998083899999999913e+00
1.998083899999999913e+00
1.998307700000000020e+00
1.998307700000000020e+00
1.998692700000000100e+00
1.998692700000000100e+00
1.998991100000000021e+00
1.998991100000000021e+00
1.999214499999999894e+00
1.999214499999999894e+00
1.999722900000000081e+00
1.999722900000000081e+00
1.999749900000000080e+00
1.999749900000000080e+00
2.000355499999999953e+00
2.000355499999999953e+00
2.001265699999999814e+00
2.001265699999999814e+00
2.001265699999999814e+00
2.001345699999999894e+00
2.001345699999999894e+00
2.001429900000000206e+00
2.001429900000000206e+00
2.002388799999999858e+00
2.002388799999999858e+00
2.002629600000000121e+00
2.002629600000000121e+00
2.002656700000000178e+00
2.002656700000000178e+00
2.002657399999999921e+00
2.002657399999999921e+00
2.002828500000000123e+00
2.002828500000000123e+00
2.003266800000000014e+00
2.003266800000000014e+00
2.003266800000000014e+00
2.003269899999999826e+00
2.003269899999999826e+00
2.003298599999999929e+00
2.003298599999999929e+00
2.003427600000000197e+00
2.003427600000000197e+00
2.003732700000000033e+00
2.003732700000000033e+00
2.003981200000000129e+00
2.083464000000000205e+00
2.083464000000000205e+00
2.083488700000000193e+00
2.083488700000000193e+00
2.083589900000000217e+00
2.083589900000000217e+00
2.083597999999999839e+00
2.083597999999999839e+00
2.084115800000000185e+00
2.084115800000000185e+00
2.084170400000000090e+00
2.084170400000000090e+00
2.084290300000000151e+00
2.084290300000000151e+00
2.084347399999999961e+00
2.084347399999999961e+00
2.084438200000000130e+00
2.084438200000000130e+00
2.084726900000000160e+00
2.084726900000000160e+00
2.084726900000000160e+00
2.084726900000000160e+00
2.084726900000000160e+00
2.084829099999999880e+00
2.084829099999999880e+00
2.084909600000000029e+00
2.084909600000000029e+00
2.085021999999999931e+00
2.085021999999999931e+00
2.085181799999999974e+00
2.085181799999999974e+00
2.085402799999999779e+00
2.085402799999999779e+00
2.085402799999999779e+00
2.085402799999999779e+00
2.085402799999999779e+00
2.085402799999999779e+00
2.085747800000000041e+00
2.085747800000000041e+00
2.085764000000000173e+00
2.085764000000000173e+00
2.085888499999999812e+00
2.085888499999999812e+00
2.085930400000000073e+00
2.085930400000000073e+00
2.085959900000000200e+00
2.085959900000000200e+00
2.085959900000000200e+00
2.085959900000000200e+00
2.086393999999999860e+00
2.086393999999999860e+00
2.086394900000000163e+00
2.086394900000000163e+00
2.086565999999999921e+00
2.086565999999999921e+00
2.086565999999999921e+00
2.086625999999999870e+00
2.086625999999999870e+00
2.086716500000000085e+00
2.086716500000000085e+00
2.086756700000000020e+00
2.086756700000000020e+00
2.086783200000000171e+00
2.086783200000000171e+00
2.087154700000000140e+00
2.087154700000000140e+00
2.087253500000000095e+00
2.087253500000000095e+00
2.087423400000000040e+00
2.087423400000000040e+00
2.087434599999999918e+00
2.087434599999999918e+00
2.087444000000000077e+00
2.087444000000000077e+00
2.087561200000000117e+00
2.087561200000000117e+00
2.087662200000000023e+00
2.087662200000000023e+00
2.087670300000000090e+00
2.087670300000000090e+00
2.087690199999999940e+00
2.087690199999999940e+00
2.087858300000000167e+00
2.087858300000000167e+00
2.087918199999999835e+00
2.087918199999999835e+00
2.088061600000000073e+00
2.088061600000000073e+00
2.088150800000000196e+00
2.088150800000000196e+00
2.088226999999999833e+00
2.088226999999999833e+00
2.088286899999999946e+00
2.088286899999999946e+00
2.088340599999999991e+00
2.088340599999999991e+00
2.088893000000000111e+00
2.088893000000000111e+00
2.088913600000000148e+00
2.088913600000000148e+00
2.088939299999999832e+00
2.088939299999999832e+00
2.089009900000000197e+00
2.089009900000000197e+00
2.089148699999999970e+00
2.089148699999999970e+00
2.089388800000000046e+00
2.089388800000000046e+00
2.089417899999999939e+00
2.089417899999999939e+00
2.089509000000000061e+00
2.089509000000000061e+00
2.089620299999999986e+00
2.089620299999999986e+00
2.089620299999999986e+00
2.089708799999999922e+00
2.089708799999999922e+00
2.089731299999999958e+00
2.089731299999999958e+00
2.089761900000000061e+00
2.089761900000000061e+00
2.089770500000000197e+00
2.089770500000000197e+00
2.090041799999999839e+00
2.090041799999999839e+00
2.090055700000000183e+00
2.090055700000000183e+00
2.091054800000000213e+00
2.091054800000000213e+00
2.091264600000000140e+00
2.097494100000000028e+00
2.097494100000000028e+00
2.106835300000000188e+00
2.106835300000000188e+00
2.111646799999999935e+00
2.111646799999999935e+00
2.131016100000000080e+00
2.131151800000000041e+00
2.131151800000000041e+00
2.131155099999999969e+00
2.131155099999999969e+00
2.131271700000000102e+00
2.131271700000000102e+00
2.131437800000000049e+00
2.197678400000000032e+00
2.197856100000000090e+00
2.197856100000000090e+00
2.197976000000000152e+00
2.197976000000000152e+00
2.198616900000000207e+00
2.198617000000000044e+00
2.198844900000000102e+00
2.198844900000000102e+00
2.202801700000000196e+00
2.202801700000000196e+00
2.202838299999999805e+00
2.202838299999999805e+00
2.202917799999999815e+00
2.202917799999999815e+00
2.202962100000000145e+00
2.202962100000000145e+00
2.202971699999999977e+00
2.202971699999999977e+00
2.203008899999999937e+00
2.203008899999999937e+00
2.203328299999999906e+00
2.224619999999999820e+00
2.224619999999999820e+00
2.228904500000000066e+00
2.228904500000000066e+00
2.247604700000000122e+00
2.247604700000000122e+00
2.294721200000000128e+00
2.294721200000000128e+00
2.307929999999999815e+00
2.307929999999999815e+00
2.308612099999999945e+00
2.308612099999999945e+00
2.344253099999999979e+00
2.344253099999999979e+00
2.344268500000000088e+00
2.344268500000000088e+00
2.344542099999999962e+00
2.344542099999999962e+00
2.344590100000000010e+00
2.344590100000000010e+00
2.344628499999999782e+00
2.344628499999999782e+00
2.344693499999999986e+00
2.344693499999999986e+00
2.344723899999999972e+00
2.344723899999999972e+00
2.344731599999999805e+00
2.344731599999999805e+00
2.345002700000000218e+00
2.345002700000000218e+00
2.345040399999999803e+00
2.345040399999999803e+00
2.345041600000000059e+00
2.345041600000000059e+00
2.345072899999999905e+00
2.345072899999999905e+00
2.345218399999999814e+00
2.345218399999999814e+00
2.345381199999999833e+00
2.345381199999999833e+00
2.345442699999999991e+00
2.345442699999999991e+00
2.345482500000000137e+00
2.345482500000000137e+00
2.345568000000000097e+00
2.349299600000000154e+00
2.349657000000000107e+00
2.349657000000000107e+00
2.349744799999999856e+00
2.349744799999999856e+00
2.349744799999999856e+00
2.349769699999999961e+00
2.349769699999999961e+00
2.349769699999999961e+00
2.349784600000000001e+00
2.349784600000000001e+00
2.349903400000000087e+00
2.349903400000000087e+00
2.350061199999999850e+00
2.350061199999999850e+00
2.355645399999999778e+00
2.355872900000000048e+00
2.355872900000000048e+00
2.356954500000000063e+00
2.356954500000000063e+00
2.356990099999999977e+00
2.356990099999999977e+00
2.357755099999999882e+00
2.372139900000000079e+00
2.372139900000000079e+00
2.393660500000000191e+00
2.393713400000000213e+00
2.393713400000000213e+00
2.393718300000000188e+00
2.393718300000000188e+00
2.393744900000000175e+00
2.393744900000000175e+00
2.393976199999999999e+00
2.393976199999999999e+00
2.394187500000000135e+00
2.394187500000000135e+00
2.394308800000000126e+00
2.394308800000000126e+00
2.394355800000000034e+00
2.394355800000000034e+00
2.394369699999999934e+00
2.394369699999999934e+00
2.394469899999999818e+00
2.394469899999999818e+00
2.394469899999999818e+00
2.394802499999999945e+00
2.394802499999999945e+00
2.395296000000000092e+00
2.395296000000000092e+00
2.395296000000000092e+00
2.395391800000000071e+00
2.395391800000000071e+00
2.395418799999999848e+00
2.395418799999999848e+00
2.395418799999999848e+00
2.395564999999999944e+00
2.395564999999999944e+00
2.395649399999999929e+00
2.395649399999999929e+00
2.395649399999999929e+00
2.395750200000000163e+00
2.395750200000000163e+00
2.395863900000000157e+00
2.395863900000000157e+00
2.396095600000000214e+00
2.396095600000000214e+00
2.396197799999999933e+00
2.396197799999999933e+00
2.396206600000000186e+00
2.396206600000000186e+00
2.396206600000000186e+00
2.396222499999999922e+00
2.396222499999999922e+00
2.396756200000000003e+00
2.396756200000000003e+00
2.397614299999999865e+00
2.397614299999999865e+00
2.397730699999999882e+00
2.397730699999999882e+00
2.397914000000000101e+00
2.397914000000000101e+00
2.398858099999999993e+00
2.398858099999999993e+00
2.398858099999999993e+00
2.398908500000000110e+00
2.398908500000000110e+00
2.398930899999999866e+00
2.398930899999999866e+00
2.399129999999999985e+00
2.399129999999999985e+00
2.399362399999999784e+00
2.399362399999999784e+00
2.399406899999999787e+00
2.399406899999999787e+00
2.399409100000000183e+00
2.399409100000000183e+00
2.399409599999999809e+00
2.399409599999999809e+00
2.399758299999999789e+00
2.399758299999999789e+00
2.403451700000000191e+00
2.403451700000000191e+00
2.403775700000000182e+00
2.403775700000000182e+00
2.403898100000000149e+00
2.403898100000000149e+00
2.404326999999999881e+00
2.404326999999999881e+00
2.404537299999999878e+00
2.404537299999999878e+00
2.405812200000000178e+00
2.405812200000000178e+00
2.412205199999999827e+00
2.412322899999999937e+00
2.412322899999999937e+00
2.412483599999999839e+00
2.412483599999999839e+00
2.412593699999999952e+00
2.412593699999999952e+00
2.412767800000000129e+00
2.412767800000000129e+00
2.429720999999999798e+00
2.429720999999999798e+00
2.435934399999999833e+00
2.436068800000000145e+00
2.436068800000000145e+00
2.436068800000000145e+00
2.436068800000000145e+00
2.436172200000000121e+00
2.436172200000000121e+00
2.436280200000000118e+00
2.436280200000000118e+00
2.436308499999999988e+00
2.436308499999999988e+00
2.436381599999999814e+00
2.436381599999999814e+00
2.436759499999999967e+00
2.436759499999999967e+00
2.446287499999999948e+00
2.446287499999999948e+00
2.451262799999999853e+00
2.451262799999999853e+00
2.451756399999999836e+00
2.451756399999999836e+00
2.452442000000000011e+00
2.452442000000000011e+00
2.452485199999999921e+00
2.452485199999999921e+00
2.452534299999999945e+00
2.452534299999999945e+00
2.452572700000000161e+00
2.452572700000000161e+00
2.452575700000000136e+00
2.452575700000000136e+00
2.452809199999999912e+00
2.452809199999999912e+00
2.452888000000000179e+00
2.452888000000000179e+00
2.452925599999999928e+00
2.452925599999999928e+00
2.452925599999999928e+00
2.453098100000000059e+00
2.453098100000000059e+00
2.453341200000000111e+00
2.453341200000000111e+00
2.453439200000000042e+00
2.453439200000000042e+00
2.453595200000000087e+00
2.453595200000000087e+00
2.453624299999999980e+00
2.453624299999999980e+00
2.453919200000000078e+00
2.498212099999999936e+00
2.498212099999999936e+00
2.502250500000000155e+00
2.502250500000000155e+00
2.529022400000000115e+00
2.529022400000000115e+00
2.529063600000000189e+00
2.529063600000000189e+00
2.529099099999999822e+00
2.529099099999999822e+00
2.529099099999999822e+00
2.529099099999999822e+00
2.529099099999999822e+00
2.529199399999999986e+00
2.529199399999999986e+00
2.529206400000000077e+00
2.529206400000000077e+00
2.529206400000000077e+00
2.529896899999999782e+00
2.529896899999999782e+00
2.530222999999999889e+00
2.530222999999999889e+00
2.530374099999999959e+00
2.530374099999999959e+00
2.530595400000000161e+00
2.530595400000000161e+00
2.530609500000000178e+00
2.530609500000000178e+00
2.530831500000000123e+00
2.530831500000000123e+00
2.530942000000000025e+00
2.530942000000000025e+00
2.530977599999999939e+00
2.530977599999999939e+00
2.531013800000000202e+00
2.531013800000000202e+00
2.531028200000000172e+00
2.531028200000000172e+00
2.531302800000000186e+00
2.531302800000000186e+00
2.531302800000000186e+00
2.532308599999999910e+00
2.542961599999999933e+00
2.543654599999999988e+00
2.543654599999999988e+00
2.543847400000000203e+00
2.543847400000000203e+00
2.558799099999999882e+00
2.558799099999999882e+00
2.599632399999999954e+00
2.599632399999999954e+00
2.605449699999999869e+00
2.605449699999999869e+00
2.605602199999999868e+00
2.612681400000000043e+00
2.613280099999999884e+00
2.613280099999999884e+00
2.613363099999999939e+00
2.613363099999999939e+00
2.619551200000000080e+00
2.619551200000000080e+00
2.646869899999999998e+00
2.647159499999999888e+00
2.647159499999999888e+00
2.647683499999999857e+00
2.647683499999999857e+00
2.648236100000000093e+00
2.648236100000000093e+00
2.648353800000000202e+00
2.648353800000000202e+00
2.648359300000000083e+00
2.648359300000000083e+00
2.648395900000000136e+00
2.648395900000000136e+00
2.648395900000000136e+00
2.648453099999999782e+00
2.648453099999999782e+00
2.648513499999999965e+00
2.648513499999999965e+00
2.648519100000000126e+00
2.648519100000000126e+00
2.648577400000000193e+00
2.648577400000000193e+00
2.649179100000000009e+00
2.649179100000000009e+00
2.649179100000000009e+00
2.649224600000000152e+00
2.649224600000000152e+00
2.649224600000000152e+00
2.649346299999999932e+00
2.649346299999999932e+00
2.649427300000000152e+00
2.649427300000000152e+00
2.649506500000000209e+00
2.649506500000000209e+00
2.649563000000000113e+00
2.649563000000000113e+00
2.650148999999999866e+00
2.650148999999999866e+00
2.650437600000000060e+00
2.650437600000000060e+00
2.650437600000000060e+00
2.650438799999999873e+00
2.650438799999999873e+00
2.650498900000000102e+00
2.650498900000000102e+00
2.650968499999999839e+00
2.650968499999999839e+00
2.651047800000000176e+00
2.651047800000000176e+00
2.677721899999999877e+00
2.677721899999999877e+00
2.677765099999999787e+00
2.677765099999999787e+00
2.682946799999999854e+00
2.683069600000000055e+00
2.683069600000000055e+00
2.683385700000000096e+00
2.683385700000000096e+00
2.683409499999999781e+00
2.683409499999999781e+00
2.683414700000000153e+00
2.683414700000000153e+00
2.683495600000000092e+00
2.683495600000000092e+00
2.692787500000000112e+00
2.692787500000000112e+00
2.733883800000000086e+00
2.733883800000000086e+00
2.736496700000000004e+00
2.736496700000000004e+00
2.783972799999999914e+00
2.783972799999999914e+00
2.790224300000000213e+00
2.790331999999999812e+00
2.848367099999999930e+00
2.848835199999999901e+00
2.848835199999999901e+00
2.848849400000000198e+00
2.848849400000000198e+00
2.848863600000000051e+00
2.848863600000000051e+00
2.849003199999999847e+00
2.849003199999999847e+00
2.884896499999999975e+00
2.884896499999999975e+00
2.884945399999999882e+00
2.993582599999999871e+00
2.993805899999999909e+00
3.011812599999999840e+00
3.011812599999999840e+00
3.012033600000000089e+00
3.012033600000000089e+00
3.040568500000000007e+00
3.040568500000000007e+00
3.052602999999999955e+00
3.052602999999999955e+00
3.052775000000000016e+00
3.052775000000000016e+00
3.066829900000000109e+00
3.066959999999999908e+00
3.066959999999999908e+00
3.067080999999999946e+00
3.067080999999999946e+00
3.067408400000000146e+00
3.115494700000000172e+00
3.116111699999999818e+00
3.134291399999999950e+00
3.134732699999999816e+00
3.134732699999999816e+00
3.134744799999999998e+00
3.134744799999999998e+00
3.135650399999999838e+00
3.135650399999999838e+00
3.135677100000000106e+00
3.135677100000000106e+00
3.135777099999999873e+00
3.135777099999999873e+00
3.136199599999999865e+00
3.136199599999999865e+00
3.136305000000000121e+00
3.136305000000000121e+00
3.136468300000000209e+00
3.136468300000000209e+00
3.139683300000000177e+00
3.139683300000000177e+00
3.139683300000000177e+00
3.139683300000000177e+00
3.140235500000000179e+00
3.140235500000000179e+00
3.141026000000000096e+00
3.141026000000000096e+00
3.141396900000000159e+00
3.141396900000000159e+00
3.150372799999999973e+00
3.150372799999999973e+00
3.151160299999999914e+00
3.151160299999999914e+00
3.151501000000000108e+00
3.151501000000000108e+00
3.151524699999999957e+00
3.151524699999999957e+00
3.151660199999999801e+00
3.151660199999999801e+00
3.152206500000000133e+00
3.152206500000000133e+00
3.152873899999999896e+00
3.152873899999999896e+00
3.153833399999999898e+00
3.153833399999999898e+00
3.153877399999999831e+00
3.153877399999999831e+00
3.155964299999999945e+00
3.155964299999999945e+00
3.159794000000000214e+00
3.159794000000000214e+00
3.160397199999999795e+00
3.160660099999999861e+00
3.180829899999999988e+00
3.180829899999999988e+00
3.184214299999999831e+00
3.184214299999999831e+00
3.211156299999999852e+00
3.211407700000000087e+00
3.211407700000000087e+00
3.211410400000000109e+00
3.211410400000000109e+00
3.211457100000000064e+00
3.211457100000000064e+00
3.211475899999999939e+00
3.211475899999999939e+00
3.211518100000000153e+00
3.211518100000000153e+00
3.211518100000000153e+00
3.211518100000000153e+00
3.211606300000000136e+00
3.211606300000000136e+00
3.211824899999999872e+00
3.211824899999999872e+00
3.211842400000000097e+00
3.211842400000000097e+00
3.211861499999999925e+00
3.211861499999999925e+00
3.211861499999999925e+00
3.211906100000000208e+00
3.211906100000000208e+00
3.214957099999999901e+00
3.214957099999999901e+00
3.221406200000000108e+00
3.221406200000000108e+00
3.232915699999999948e+00
3.232915699999999948e+00
3.232984200000000197e+00
3.232984200000000197e+00
3.233183900000000222e+00
3.233183900000000222e+00
3.233219000000000065e+00
3.233219000000000065e+00
3.236272099999999874e+00
3.236272099999999874e+00
3.236338100000000217e+00
3.236338100000000217e+00
3.236546999999999841e+00
3.236546999999999841e+00
3.236554100000000211e+00
3.236554100000000211e+00
3.236580299999999966e+00
3.274027300000000196e+00
3.274245699999999815e+00
3.274245699999999815e+00
3.274403200000000069e+00
3.274403200000000069e+00
3.293959599999999988e+00
3.293959599999999988e+00
3.309578199999999804e+00
3.309578199999999804e+00
3.309588800000000219e+00
3.309588800000000219e+00
3.309755599999999909e+00
3.309755599999999909e+00
3.309818700000000113e+00
3.309818700000000113e+00
3.309900199999999959e+00
3.309900199999999959e+00
3.309930500000000109e+00
3.309930500000000109e+00
3.310002900000000192e+00
3.310002900000000192e+00
3.310002900000000192e+00
3.310023399999999949e+00
3.310023399999999949e+00
3.310167900000000163e+00
3.310167900000000163e+00
3.310173999999999950e+00
3.310173999999999950e+00
3.310224700000000020e+00
3.310224700000000020e+00
3.310781099999999810e+00
3.310781099999999810e+00
3.310868500000000214e+00
3.310868500000000214e+00
3.310977400000000070e+00
3.310977400000000070e+00
3.310987599999999809e+00
3.310987599999999809e+00
3.311204399999999826e+00
3.311204399999999826e+00
3.311282799999999860e+00
3.311282799999999860e+00
3.311282799999999860e+00
3.311282799999999860e+00
3.311326499999999839e+00
3.311326499999999839e+00
3.311406100000000130e+00
3.311406100000000130e+00
3.311459099999999989e+00
3.311459099999999989e+00
3.311612199999999895e+00
3.311612199999999895e+00
3.311612199999999895e+00
3.311612199999999895e+00
3.311626500000000028e+00
3.311626500000000028e+00
3.318239999999999856e+00
3.318278400000000072e+00
3.422259599999999846e+00
3.422259599999999846e+00
3.426584300000000027e+00
3.426584300000000027e+00
3.448111700000000113e+00
3.448488400000000009e+00
3.448488400000000009e+00
3.448863300000000187e+00
3.464694699999999905e+00
3.464694699999999905e+00
3.481759499999999896e+00
3.483054099999999931e+00
3.483054099999999931e+00
3.483054099999999931e+00
3.483462299999999789e+00
3.483462299999999789e+00
3.499079000000000050e+00
3.499079000000000050e+00
3.508377299999999810e+00
3.508565400000000167e+00
3.508565400000000167e+00
3.508962299999999868e+00
3.508962299999999868e+00
3.516775299999999937e+00
3.516775299999999937e+00
3.516782500000000145e+00
3.516782500000000145e+00
3.516860199999999992e+00
3.516860199999999992e+00
3.516888499999999862e+00
3.516888499999999862e+00
3.517630000000000035e+00
3.517630000000000035e+00
3.517786300000000033e+00
3.517786300000000033e+00
3.518045199999999983e+00
3.518045199999999983e+00
3.518045199999999983e+00
3.518130600000000108e+00
3.518130600000000108e+00
3.518259500000000095e+00
3.518259500000000095e+00
3.518377599999999994e+00
3.518377599999999994e+00
3.518580800000000064e+00
3.518580800000000064e+00
3.524735800000000197e+00
3.524757300000000093e+00
3.524757300000000093e+00
3.524823500000000109e+00
3.524823500000000109e+00
3.524823500000000109e+00
3.524890399999999868e+00
3.524890399999999868e+00
3.524925500000000156e+00
3.524925500000000156e+00
3.524949799999999911e+00
3.524949799999999911e+00
3.525017500000000137e+00
3.525017500000000137e+00
3.525143400000000149e+00
3.525143400000000149e+00
3.525157600000000002e+00
3.525157600000000002e+00
3.525180999999999898e+00
3.525180999999999898e+00
3.525221699999999903e+00
3.525221699999999903e+00
3.525433000000000039e+00
3.525433000000000039e+00
3.525461799999999979e+00
3.525461799999999979e+00
3.525468899999999906e+00
3.525468899999999906e+00
3.526190199999999830e+00
3.549388500000000057e+00
3.549599399999999960e+00
3.549599399999999960e+00
3.549819900000000139e+00
3.549819900000000139e+00
3.549857900000000122e+00
3.549857900000000122e+00
3.550169299999999861e+00
3.550169299999999861e+00
3.550172799999999906e+00
3.550172799999999906e+00
3.550351500000000105e+00
3.550351500000000105e+00
3.550381600000000137e+00
3.550381600000000137e+00
3.550471500000000002e+00
3.550471500000000002e+00
3.550538500000000042e+00
3.550538500000000042e+00
3.550592700000000157e+00
3.550592700000000157e+00
3.550732299999999952e+00
3.550732299999999952e+00
3.550804900000000153e+00
3.550804900000000153e+00
3.550804900000000153e+00
3.550838099999999997e+00
3.550838099999999997e+00
3.550887100000000185e+00
3.550887100000000185e+00
3.551442399999999999e+00
3.551442399999999999e+00
3.551512499999999850e+00
3.551512499999999850e+00
3.551522400000000079e+00
3.551522400000000079e+00
3.551522400000000079e+00
3.551892599999999955e+00
3.551892599999999955e+00
3.551897100000000140e+00
3.551897100000000140e+00
3.551917299999999944e+00
3.551917299999999944e+00
3.552164700000000064e+00
3.552164700000000064e+00
3.552217300000000133e+00
3.552217300000000133e+00
3.552247200000000049e+00
3.552247200000000049e+00
3.552309000000000161e+00
3.552309000000000161e+00
3.552330599999999894e+00
3.552330599999999894e+00
3.552425700000000131e+00
3.552425700000000131e+00
3.552489000000000008e+00
3.552489000000000008e+00
3.552905099999999816e+00
3.552905099999999816e+00
3.553016400000000186e+00
3.553016400000000186e+00
3.553153000000000006e+00
3.553153000000000006e+00
3.553340500000000013e+00
3.553340500000000013e+00
3.553363200000000166e+00
3.557408399999999915e+00
3.557408399999999915e+00
3.566588100000000150e+00
3.566769499999999926e+00
3.566769499999999926e+00
3.567071900000000184e+00
3.567071900000000184e+00
3.576765599999999878e+00
3.576765599999999878e+00
3.610859299999999994e+00
3.610879199999999845e+00
3.610879199999999845e+00
3.610988400000000098e+00
3.610988400000000098e+00
3.611504300000000001e+00
3.611504300000000001e+00
3.611542899999999889e+00
3.611542899999999889e+00
3.611827100000000179e+00
3.611827100000000179e+00
3.611910400000000188e+00
3.611910400000000188e+00
3.611910400000000188e+00
3.611910400000000188e+00
3.611910400000000188e+00
3.612098599999999937e+00
3.612098599999999937e+00
3.612100600000000217e+00
3.612100600000000217e+00
3.612144600000000150e+00
3.612144600000000150e+00
3.612278900000000181e+00
3.612278900000000181e+00
3.612280300000000111e+00
3.612280300000000111e+00
3.612296999999999869e+00
3.612296999999999869e+00
3.612331600000000087e+00
3.612331600000000087e+00
3.612639900000000015e+00
3.612639900000000015e+00
3.612796700000000083e+00
3.612796700000000083e+00
3.612796700000000083e+00
3.612893800000000155e+00
3.612893800000000155e+00
3.612893800000000155e+00
3.612923499999999954e+00
3.612923499999999954e+00
3.612923499999999954e+00
3.612923499999999954e+00
3.613084000000000184e+00
3.613084000000000184e+00
3.613108200000000103e+00
3.613108200000000103e+00
3.613142400000000087e+00
3.613142400000000087e+00
3.613142400000000087e+00
3.613300900000000038e+00
3.613300900000000038e+00
3.613320400000000099e+00
3.613320400000000099e+00
3.613367799999999797e+00
3.613367799999999797e+00
3.613386600000000115e+00
3.613386600000000115e+00
3.613386600000000115e+00
3.613585200000000164e+00
3.613585200000000164e+00
3.613911599999999780e+00
3.613911599999999780e+00
3.614024000000000125e+00
3.614024000000000125e+00
3.614117199999999919e+00
3.614117199999999919e+00
3.614388400000000168e+00
3.614388400000000168e+00
3.615101300000000073e+00
3.615101300000000073e+00
3.615124900000000085e+00
3.615124900000000085e+00
3.615350199999999958e+00
3.615350199999999958e+00
3.615452200000000005e+00
3.615452200000000005e+00
3.615455199999999980e+00
3.615455199999999980e+00
3.615535400000000177e+00
3.615535400000000177e+00
3.615607600000000144e+00
3.615607600000000144e+00
3.615621299999999927e+00
3.615621299999999927e+00
3.615621299999999927e+00
3.615663099999999908e+00
3.615663099999999908e+00
3.615829199999999854e+00
3.615829199999999854e+00
3.615916700000000095e+00
3.639937799999999779e+00
3.639962399999999931e+00
3.639962399999999931e+00
3.639962399999999931e+00
3.640022999999999787e+00
3.640022999999999787e+00
3.640116200000000024e+00
3.640116200000000024e+00
3.640150999999999915e+00
3.640150999999999915e+00
3.640242600000000106e+00
3.874884000000000217e+00
3.875346200000000074e+00
3.875346200000000074e+00
3.875529900000000083e+00
3.875529900000000083e+00
3.875694900000000054e+00
3.875694900000000054e+00
3.876086299999999873e+00
3.876086299999999873e+00
3.876098300000000219e+00
3.876098300000000219e+00
3.876215100000000024e+00
3.876215100000000024e+00
3.876416100000000142e+00
3.876416100000000142e+00
3.876487099999999852e+00
3.876487099999999852e+00
3.876636299999999924e+00
3.876636299999999924e+00
3.876736800000000205e+00
3.876736800000000205e+00
3.876772400000000118e+00
3.876772400000000118e+00
3.876772400000000118e+00
3.876832700000000020e+00
3.876832700000000020e+00
3.877112200000000009e+00
3.889127199999999895e+00
3.889127199999999895e+00
3.889441800000000171e+00
3.889441800000000171e+00
3.954690900000000120e+00
3.954848300000000094e+00
3.954848300000000094e+00
3.955417900000000042e+00
3.955417900000000042e+00
3.955442000000000125e+00
3.955442000000000125e+00
3.956009499999999957e+00
3.956009499999999957e+00
3.956023200000000184e+00
3.956023200000000184e+00
3.956058899999999934e+00
3.956058899999999934e+00
3.956109800000000121e+00
3.956109800000000121e+00
3.956143700000000152e+00
3.956143700000000152e+00
3.956211199999999817e+00
3.956211199999999817e+00
3.956561499999999842e+00
3.956561499999999842e+00
3.956561499999999842e+00
3.956578400000000162e+00
3.956578400000000162e+00
3.956680099999999811e+00
3.956680099999999811e+00
3.956997799999999899e+00
3.956997799999999899e+00
3.957215099999999985e+00
3.978034099999999906e+00
3.978149399999999947e+00
3.978149399999999947e+00
3.978226700000000005e+00
3.978226700000000005e+00
3.978352800000000133e+00
3.978352800000000133e+00
3.978383399999999792e+00
3.978383399999999792e+00
3.978604900000000111e+00
3.978604900000000111e+00
3.978604900000000111e+00
3.978609500000000132e+00
3.978609500000000132e+00
3.978609500000000132e+00
3.978716499999999989e+00
3.978716499999999989e+00
3.978730999999999796e+00
3.978730999999999796e+00
3.978785300000000191e+00
3.978785300000000191e+00
3.980351699999999937e+00
3.980351699999999937e+00
3.980618799999999791e+00
3.980618799999999791e+00
3.980618799999999791e+00
3.980618799999999791e+00
3.980672799999999789e+00
3.980672799999999789e+00
3.980951199999999801e+00
3.980951199999999801e+00
3.982500700000000116e+00
3.982500700000000116e+00
3.982581699999999891e+00
3.982581699999999891e+00
3.982775900000000036e+00
3.982775900000000036e+00
3.982793299999999981e+00
3.982793299999999981e+00
3.986555500000000141e+00
3.986555500000000141e+00
4.001760899999999843e+00
4.001760899999999843e+00
4.001789900000000344e+00
4.001789900000000344e+00
4.001789900000000344e+00
4.001789900000000344e+00
4.001827399999999813e+00
4.001827399999999813e+00
4.001890399999999737e+00
4.001890399999999737e+00
4.001904599999999590e+00
4.001904599999999590e+00
4.002009499999999775e+00
4.002009499999999775e+00
4.002016099999999632e+00
4.002016099999999632e+00
4.002074900000000213e+00
4.002074900000000213e+00
4.002145299999999573e+00
4.002145299999999573e+00
4.002796000000000021e+00
4.002796000000000021e+00
4.002911799999999687e+00
4.002911799999999687e+00
4.003482899999999844e+00
4.003482899999999844e+00
4.003676399999999802e+00
4.010235200000000333e+00
4.010645700000000424e+00
4.010645700000000424e+00
4.010645700000000424e+00
4.011239699999999964e+00
4.011239699999999964e+00
4.011745600000000245e+00
4.011745600000000245e+00
4.013868800000000014e+00
4.013868800000000014e+00
4.014081899999999870e+00
4.014081899999999870e+00
4.014338799999999985e+00
4.014338799999999985e+00
4.016596200000000394e+00
4.016861300000000412e+00
4.016861300000000412e+00
4.017185600000000356e+00
4.017185600000000356e+00
4.017377800000000221e+00
4.017377800000000221e+00
4.017571000000000225e+00
4.017571000000000225e+00
4.017847299999999677e+00
4.177299599999999558e+00
4.177487799999999751e+00
4.177487799999999751e+00
4.177623200000000203e+00
4.177623200000000203e+00
4.177682599999999802e+00
4.177682599999999802e+00
4.177686600000000361e+00
4.177686600000000361e+00
4.177932900000000060e+00
4.177932900000000060e+00
4.178407299999999935e+00
4.189975300000000402e+00
4.189975300000000402e+00
4.191533999999999871e+00
4.191712200000000443e+00
4.191712200000000443e+00
4.192471799999999860e+00
4.192471799999999860e+00
4.192755299999999963e+00
4.192755299999999963e+00
4.192849500000000340e+00
4.192849500000000340e+00
4.192849500000000340e+00
4.193044099999999830e+00
4.193044099999999830e+00
4.193080000000000140e+00
4.242124699999999748e+00
4.242124699999999748e+00
4.244536199999999759e+00
4.244536199999999759e+00
4.280213299999999776e+00
4.280469599999999986e+00
4.280469599999999986e+00
4.280717100000000386e+00
4.280717100000000386e+00
4.280807499999999877e+00
4.280807499999999877e+00
4.280932400000000193e+00
4.280932400000000193e+00
4.281378799999999707e+00
4.281378799999999707e+00
4.281390899999999888e+00
4.281390899999999888e+00
4.281647699999999723e+00
4.281647699999999723e+00
4.281706599999999696e+00
4.318244100000000252e+00
4.318244100000000252e+00
4.338058099999999584e+00
4.338058099999999584e+00
4.338174799999999998e+00
4.338174799999999998e+00
4.338192099999999662e+00
4.338192099999999662e+00
4.338382700000000369e+00
4.338382700000000369e+00
4.338462599999999725e+00
4.338462599999999725e+00
4.340232399999999657e+00
4.340234599999999610e+00
4.340234599999999610e+00
4.340463999999999878e+00
4.340463999999999878e+00
4.340513900000000369e+00
4.340513900000000369e+00
4.340553400000000117e+00
4.340553400000000117e+00
4.340676199999999874e+00
4.340676199999999874e+00
4.340676199999999874e+00
4.340676199999999874e+00
4.340698100000000004e+00
4.340698100000000004e+00
4.340793500000000193e+00
4.340793500000000193e+00
4.341027500000000039e+00
4.341027500000000039e+00
4.341027500000000039e+00
4.341057099999999558e+00
4.341057099999999558e+00
4.341192999999999635e+00
4.341192999999999635e+00
4.341813300000000098e+00
4.341813300000000098e+00
4.345079799999999715e+00
4.345079799999999715e+00
4.345108599999999655e+00
4.345108599999999655e+00
4.345108599999999655e+00
4.345186700000000180e+00
4.345186700000000180e+00
4.345432599999999645e+00
4.345432599999999645e+00
4.345501600000000408e+00
4.345501600000000408e+00
4.345506300000000266e+00
4.345506300000000266e+00
4.345528100000000116e+00
4.345528100000000116e+00
4.345782599999999718e+00
4.345782599999999718e+00
4.345966100000000054e+00
4.345966100000000054e+00
4.346112899999999613e+00
4.346112899999999613e+00
4.346117200000000125e+00
4.346117200000000125e+00
4.346184899999999907e+00
4.346184899999999907e+00
4.346308399999999850e+00
4.346308399999999850e+00
4.346308399999999850e+00
4.346360899999999639e+00
4.346360899999999639e+00
4.346381199999999723e+00
4.346381199999999723e+00
4.346548699999999599e+00
4.346548699999999599e+00
4.346548699999999599e+00
4.347307400000000044e+00
4.347307400000000044e+00
4.347495600000000238e+00
4.347495600000000238e+00
4.347540799999999983e+00
4.347540799999999983e+00
4.347540799999999983e+00
4.347592999999999819e+00
4.347592999999999819e+00
4.347796999999999912e+00
4.347796999999999912e+00
4.347837700000000360e+00
4.347837700000000360e+00
4.348008300000000048e+00
4.348008300000000048e+00
4.348145200000000266e+00
4.348145200000000266e+00
4.363099899999999920e+00
4.363099899999999920e+00
4.363197300000000389e+00
4.363197300000000389e+00
4.363260300000000314e+00
4.363260300000000314e+00
4.363548100000000041e+00
4.363548100000000041e+00
4.363696400000000253e+00
4.363696400000000253e+00
4.363696400000000253e+00
4.363758599999999710e+00
4.363758599999999710e+00
4.363777200000000356e+00
4.363777200000000356e+00
4.364029399999999725e+00
4.364029399999999725e+00
4.364086900000000213e+00
4.364086900000000213e+00
4.364086900000000213e+00
4.364245000000000374e+00
4.364245000000000374e+00
4.364424699999999824e+00
4.364424699999999824e+00
4.364452100000000279e+00
4.364452100000000279e+00
4.364452100000000279e+00
4.364452100000000279e+00
4.364537300000000286e+00
4.364537300000000286e+00
4.364590999999999887e+00
4.364590999999999887e+00
4.364619799999999827e+00
4.364619799999999827e+00
4.364695799999999792e+00
4.364695799999999792e+00
4.364895800000000214e+00
4.364895800000000214e+00
4.365194400000000030e+00
4.365194400000000030e+00
4.365202499999999652e+00
4.365202499999999652e+00
4.365268099999999762e+00
4.365268099999999762e+00
4.365504699999999794e+00
4.365504699999999794e+00
4.365504699999999794e+00
4.365978499999999762e+00
4.365978499999999762e+00
4.366067300000000095e+00
4.366067300000000095e+00
4.366168400000000283e+00
4.366168400000000283e+00
4.366218199999999605e+00
4.366218199999999605e+00
4.366257300000000008e+00
4.366257300000000008e+00
4.366257300000000008e+00
4.366257300000000008e+00
4.366262200000000426e+00
4.366262200000000426e+00
4.366689000000000043e+00
4.366689000000000043e+00
4.367107200000000411e+00
4.367107200000000411e+00
4.367167900000000103e+00
4.367167900000000103e+00
4.367175900000000333e+00
4.367175900000000333e+00
4.367366600000000432e+00
4.367366600000000432e+00
4.367461900000000341e+00
4.387628900000000165e+00
4.387628900000000165e+00
4.388837599999999561e+00
4.388837599999999561e+00
4.388956399999999647e+00
4.388956399999999647e+00
4.389055400000000162e+00
4.389055400000000162e+00
4.389089000000000240e+00
4.389089000000000240e+00
4.389094700000000238e+00
4.389094700000000238e+00
4.389096200000000003e+00
4.389096200000000003e+00
4.389102000000000281e+00
4.389102000000000281e+00
4.389119899999999852e+00
4.389119899999999852e+00
4.389204200000000000e+00
4.389204200000000000e+00
4.389204200000000000e+00
4.389259799999999601e+00
4.389259799999999601e+00
4.389370900000000297e+00
4.389370900000000297e+00
4.389370900000000297e+00
4.389370900000000297e+00
4.389450100000000354e+00
4.389450100000000354e+00
4.389450100000000354e+00
4.389450100000000354e+00
4.389774000000000065e+00
4.389774000000000065e+00
4.389897200000000055e+00
4.389897200000000055e+00
4.389926899999999854e+00
4.389926899999999854e+00
4.389928099999999667e+00
4.389928099999999667e+00
4.390108099999999958e+00
4.390108099999999958e+00
4.390151999999999610e+00
4.390151999999999610e+00
4.390503800000000290e+00
4.390503800000000290e+00
4.390767399999999654e+00
4.390767399999999654e+00
4.391146299999999947e+00
4.391146299999999947e+00
4.391199799999999875e+00
4.391199799999999875e+00
4.391199799999999875e+00
4.391460999999999615e+00
4.391460999999999615e+00
4.391579799999999700e+00
4.391579799999999700e+00
4.391579799999999700e+00
4.391717599999999777e+00
4.391717599999999777e+00
4.391874999999999751e+00
4.391874999999999751e+00
4.391967700000000363e+00
4.391967700000000363e+00
4.392009500000000344e+00
4.392009500000000344e+00
4.392075199999999846e+00
4.392075199999999846e+00
4.392201299999999975e+00
4.392201299999999975e+00
4.392271299999999989e+00
4.392271299999999989e+00
4.392337500000000006e+00
4.392337500000000006e+00
4.392337500000000006e+00
4.392425499999999872e+00
4.392425499999999872e+00
4.392441100000000098e+00
4.392441100000000098e+00
4.392441100000000098e+00
4.392580500000000221e+00
4.392580500000000221e+00
4.392778899999999709e+00
4.392778899999999709e+00
4.393335000000000434e+00
4.393335000000000434e+00
4.403529400000000038e+00
4.403671199999999786e+00
4.403671199999999786e+00
4.403999999999999915e+00
4.403999999999999915e+00
4.404035000000000366e+00
4.404035000000000366e+00
4.404229899999999809e+00
4.404229899999999809e+00
4.404379399999999833e+00
4.404379399999999833e+00
4.404563300000000403e+00
4.404563300000000403e+00
4.404568399999999606e+00
4.404568399999999606e+00
4.404586300000000065e+00
4.404586300000000065e+00
4.404586300000000065e+00
4.404596500000000248e+00
4.404596500000000248e+00
4.404608299999999588e+00
4.404608299999999588e+00
4.404631700000000372e+00
4.404631700000000372e+00
4.404678399999999883e+00
4.404678399999999883e+00
4.404678399999999883e+00
4.404715699999999678e+00
4.404715699999999678e+00
4.404739400000000416e+00
4.404739400000000416e+00
4.404808499999999682e+00
4.404808499999999682e+00
4.404808499999999682e+00
4.404813400000000101e+00
4.404813400000000101e+00
4.404863100000000031e+00
4.404863100000000031e+00
4.404946999999999946e+00
4.404946999999999946e+00
4.406032800000000194e+00
4.406032800000000194e+00
4.406039299999999770e+00
4.406039299999999770e+00
4.406063999999999758e+00
4.429012199999999844e+00
4.429012199999999844e+00
4.429045499999999969e+00
4.429045499999999969e+00
4.429091099999999948e+00
4.429091099999999948e+00
4.429155500000000245e+00
4.429155500000000245e+00
4.429169800000000379e+00
4.429169800000000379e+00
4.429172200000000004e+00
4.429172200000000004e+00
4.429172200000000004e+00
4.429178799999999860e+00
4.429178799999999860e+00
4.429266499999999773e+00
4.429266499999999773e+00
4.429779700000000098e+00
4.429779700000000098e+00
4.430212000000000039e+00
4.430212000000000039e+00
4.430269799999999591e+00
4.430269799999999591e+00
4.430301400000000278e+00
4.430301400000000278e+00
4.430466499999999641e+00
4.430466499999999641e+00
4.430486000000000146e+00
4.430486000000000146e+00
4.430513099999999760e+00
4.430513099999999760e+00
4.430515899999999618e+00
4.430515899999999618e+00
4.430553800000000209e+00
4.430553800000000209e+00
4.430676400000000292e+00
4.430676400000000292e+00
4.430893499999999818e+00
4.430893499999999818e+00
4.431011800000000278e+00
4.437571300000000107e+00
4.437853500000000118e+00
4.467398499999999828e+00
4.467398499999999828e+00
4.555282499999999679e+00
4.555639900000000075e+00
4.555639900000000075e+00
4.555816300000000041e+00
4.555816300000000041e+00
4.555982700000000385e+00
4.555982700000000385e+00
4.556151400000000073e+00
4.556151400000000073e+00
4.556235899999999894e+00
4.556235899999999894e+00
4.556567799999999835e+00
4.556567799999999835e+00
4.556802499999999867e+00
4.556802499999999867e+00
4.557259600000000077e+00
4.557259600000000077e+00
4.557541800000000087e+00
4.557541800000000087e+00
4.557555599999999707e+00
4.557555599999999707e+00
4.557586200000000254e+00
4.557586200000000254e+00
4.557593100000000064e+00
4.557593100000000064e+00
4.557599999999999874e+00
4.557599999999999874e+00
4.557612400000000008e+00
4.557612400000000008e+00
4.557727100000000142e+00
4.557727100000000142e+00
4.557727100000000142e+00
4.557727100000000142e+00
4.558180499999999746e+00
4.558180499999999746e+00
4.558184999999999931e+00
4.558184999999999931e+00
4.558187700000000397e+00
4.558187700000000397e+00
4.558344899999999811e+00
4.558344899999999811e+00
4.558728600000000242e+00
4.558728600000000242e+00
4.558824500000000057e+00
4.558824500000000057e+00
4.559263600000000416e+00
4.559263600000000416e+00
4.560052299999999725e+00
4.560052299999999725e+00
4.563655999999999935e+00
4.563655999999999935e+00
4.563695300000000010e+00
4.563695300000000010e+00
4.563706100000000099e+00
4.563706100000000099e+00
4.563728799999999808e+00
4.563728799999999808e+00
4.563830399999999621e+00
4.563830399999999621e+00
4.564559299999999986e+00
4.564657500000000034e+00
4.564657500000000034e+00
4.564708999999999683e+00
4.564708999999999683e+00
4.564750300000000038e+00
4.564750300000000038e+00
4.564766099999999938e+00
4.564766099999999938e+00
4.564770499999999842e+00
4.564770499999999842e+00
4.564802700000000435e+00
4.564802700000000435e+00
4.564805899999999639e+00
4.564805899999999639e+00
4.564921599999999913e+00
4.564921599999999913e+00
4.564978400000000214e+00
4.564978400000000214e+00
4.565297900000000020e+00
4.565297900000000020e+00
4.565459200000000273e+00
4.565459200000000273e+00
4.565598399999999835e+00
4.565598399999999835e+00
4.565617099999999873e+00
4.565617099999999873e+00
4.565617099999999873e+00
4.565654699999999622e+00
4.565654699999999622e+00
4.565659000000000134e+00
4.565659000000000134e+00
4.565718999999999639e+00
4.565718999999999639e+00
4.566159200000000418e+00
4.566159200000000418e+00
4.566159400000000090e+00
4.566159400000000090e+00
4.566251300000000235e+00
4.566251300000000235e+00
4.566277600000000270e+00
4.566277600000000270e+00
4.566626900000000155e+00
4.566626900000000155e+00
4.566665099999999811e+00
4.566665099999999811e+00
4.567196899999999893e+00
4.567196899999999893e+00
4.567289599999999616e+00
4.567289599999999616e+00
4.567292499999999755e+00
4.567292499999999755e+00
4.567366500000000329e+00
4.567366500000000329e+00
4.567381400000000369e+00
4.567381400000000369e+00
4.567484300000000275e+00
4.567484300000000275e+00
4.567486999999999853e+00
4.567486999999999853e+00
4.567506899999999703e+00
4.567506899999999703e+00
4.567527000000000115e+00
4.567527000000000115e+00
4.567537299999999689e+00
4.567537299999999689e+00
4.567537299999999689e+00
4.567538800000000343e+00
4.567538800000000343e+00
4.567569200000000329e+00
4.567569200000000329e+00
4.567671100000000095e+00
4.567671100000000095e+00
4.567683099999999996e+00
4.567683099999999996e+00
4.567788400000000415e+00
4.567788400000000415e+00
4.567897799999999897e+00
4.567897799999999897e+00
4.567897799999999897e+00
4.567920100000000261e+00
4.567920100000000261e+00
4.567923900000000259e+00
4.567923900000000259e+00
4.568306899999999615e+00
4.568306899999999615e+00
4.568446699999999971e+00
4.568446699999999971e+00
4.568586899999999673e+00
4.568586899999999673e+00
4.568586899999999673e+00
4.568705900000000319e+00
4.568705900000000319e+00
4.568772799999999634e+00
4.568772799999999634e+00
4.568816400000000222e+00
4.568816400000000222e+00
4.568886599999999909e+00
4.568886599999999909e+00
4.569208500000000228e+00
4.569208500000000228e+00
4.569326600000000127e+00
4.569326600000000127e+00
4.569351100000000443e+00
4.569351100000000443e+00
4.569351100000000443e+00
4.569353200000000115e+00
4.569353200000000115e+00
4.569697500000000190e+00
4.569697500000000190e+00
4.569830099999999895e+00
4.569830099999999895e+00
4.576165200000000155e+00
4.576165200000000155e+00
4.576288500000000425e+00
4.576288500000000425e+00
4.576288500000000425e+00
4.576693599999999584e+00
4.576693599999999584e+00
4.576901600000000236e+00
4.576901600000000236e+00
4.577460900000000166e+00
4.577460900000000166e+00
4.577559199999999606e+00
4.577559199999999606e+00
4.577915499999999582e+00
4.604257300000000441e+00
4.604257300000000441e+00
4.604346699999999792e+00
4.604346699999999792e+00
4.604625699999999711e+00
4.604625699999999711e+00
4.604654000000000025e+00
4.604654000000000025e+00
4.604737300000000033e+00
4.647594299999999734e+00
4.647594299999999734e+00
4.649413799999999597e+00
4.649413799999999597e+00
4.671814099999999748e+00
4.671814099999999748e+00
4.674267099999999786e+00
4.674303799999999676e+00
4.674303799999999676e+00
4.674369099999999833e+00
4.674369099999999833e+00
4.674369099999999833e+00
4.674374600000000157e+00
4.674374600000000157e+00
4.674389800000000150e+00
4.674389800000000150e+00
4.674411799999999673e+00
4.674411799999999673e+00
4.674411799999999673e+00
4.674420999999999715e+00
4.674420999999999715e+00
4.674507799999999769e+00
4.674507799999999769e+00
4.674561500000000258e+00
4.674561500000000258e+00
4.674564100000000444e+00
4.767103099999999927e+00
4.767103099999999927e+00
4.770847899999999697e+00
4.770847899999999697e+00
4.771557900000000352e+00
4.771557900000000352e+00
4.775081300000000084e+00
4.775081300000000084e+00
4.810979599999999579e+00
4.810979599999999579e+00
4.815134099999999862e+00
4.815134099999999862e+00
4.841097999999999679e+00
4.841097999999999679e+00
4.841117599999999577e+00
4.841117599999999577e+00
4.841128999999999571e+00
4.841128999999999571e+00
4.841430700000000087e+00
4.841430700000000087e+00
4.841437700000000177e+00
4.841437700000000177e+00
4.841437700000000177e+00
4.841439099999999662e+00
4.841439099999999662e+00
4.841456100000000262e+00
4.841456100000000262e+00
4.841966600000000120e+00
4.841966600000000120e+00
4.842055499999999846e+00
4.842055499999999846e+00
4.842078599999999788e+00
4.842078599999999788e+00
4.842089600000000438e+00
4.842089600000000438e+00
4.842146600000000412e+00
4.842146600000000412e+00
4.842151000000000316e+00
4.842151000000000316e+00
4.842319899999999677e+00
4.842319899999999677e+00
4.842512300000000103e+00
4.842512300000000103e+00
4.842523299999999864e+00
4.842523299999999864e+00
4.842585800000000162e+00
4.842585800000000162e+00
4.842636099999999999e+00
4.842636099999999999e+00
4.842646799999999807e+00
4.842646799999999807e+00
4.842654900000000318e+00
4.842654900000000318e+00
4.842954100000000039e+00
4.842954100000000039e+00
4.842954100000000039e+00
4.842997900000000300e+00
4.842997900000000300e+00
4.842997900000000300e+00
4.843035099999999815e+00
4.843035099999999815e+00
4.843035099999999815e+00
4.843056200000000366e+00
4.843056200000000366e+00
4.843056200000000366e+00
4.843056200000000366e+00
4.843056200000000366e+00
4.844035200000000430e+00
4.844035200000000430e+00
4.844935500000000062e+00
4.844935500000000062e+00
4.864968700000000368e+00
4.865273099999999573e+00
4.865273099999999573e+00
4.873066599999999582e+00
4.873066599999999582e+00
4.886599799999999938e+00
4.886599799999999938e+00
4.901145600000000435e+00
4.901769100000000101e+00
4.901769100000000101e+00
4.901902800000000227e+00
4.901902800000000227e+00
4.901942299999999975e+00
4.901942299999999975e+00
4.901981600000000050e+00
4.901981600000000050e+00
4.902137399999999978e+00
4.902137399999999978e+00
4.902151700000000112e+00
4.902151700000000112e+00
4.902185499999999863e+00
4.902185499999999863e+00
4.902704299999999904e+00
4.902704299999999904e+00
4.902871700000000388e+00
4.902871700000000388e+00
4.903569199999999739e+00
4.904472900000000024e+00
4.904474999999999696e+00
4.904474999999999696e+00
4.905024400000000284e+00
4.905024400000000284e+00
4.905113100000000337e+00
4.905113100000000337e+00
4.905120799999999726e+00
4.914852999999999916e+00
4.914852999999999916e+00
4.920073799999999942e+00
4.920073799999999942e+00
4.923811999999999856e+00
4.923942000000000263e+00
4.923942000000000263e+00
4.923942000000000263e+00
4.924034800000000267e+00
4.924034800000000267e+00
4.924055799999999650e+00
4.924055799999999650e+00
4.924086100000000243e+00
4.924086100000000243e+00
4.924097100000000005e+00
4.924097100000000005e+00
4.924172099999999830e+00
4.924172099999999830e+00
4.924610500000000002e+00
4.943647999999999598e+00
4.943647999999999598e+00
4.952491400000000432e+00
4.952491400000000432e+00
4.965633000000000408e+00
4.965633000000000408e+00
4.966101000000000099e+00
4.966101000000000099e+00
4.966288800000000059e+00
4.966288800000000059e+00
5.019139299999999970e+00
5.019139299999999970e+00
5.019340800000000158e+00
5.019340800000000158e+00
5.019381799999999672e+00
5.019381799999999672e+00
5.019442100000000018e+00
5.019442100000000018e+00
5.019460699999999775e+00
5.019460699999999775e+00
5.019461200000000289e+00
5.019461200000000289e+00
5.019545100000000204e+00
5.019545100000000204e+00
5.019588200000000278e+00
5.019588200000000278e+00
5.019664699999999868e+00
5.019664699999999868e+00
5.019674300000000144e+00
5.019674300000000144e+00
5.019803699999999758e+00
5.019803699999999758e+00
5.019917099999999799e+00
5.019917099999999799e+00
5.020094099999999671e+00
5.020094099999999671e+00
5.020124700000000217e+00
5.020124700000000217e+00
5.020229900000000356e+00
5.020229900000000356e+00
5.020336900000000213e+00
5.020336900000000213e+00
5.020340499999999651e+00
5.020340499999999651e+00
5.020600800000000419e+00
5.020600800000000419e+00
5.020620899999999942e+00
5.020620899999999942e+00
5.020752599999999788e+00
5.020752599999999788e+00
5.020931000000000033e+00
5.020931000000000033e+00
5.020935599999999610e+00
5.020935599999999610e+00
5.021026700000000176e+00
5.021026700000000176e+00
5.021385800000000010e+00
5.021385800000000010e+00
5.021491000000000149e+00
5.021491000000000149e+00
5.021491400000000382e+00
5.021491400000000382e+00
5.021893200000000057e+00
5.021893200000000057e+00
5.021894699999999823e+00
5.021894699999999823e+00
5.021945900000000407e+00
5.084349500000000077e+00
5.084431399999999712e+00
5.125875800000000204e+00
5.126108600000000237e+00
5.126108600000000237e+00
5.126134900000000272e+00
5.126134999999999664e+00
5.126160099999999886e+00
5.126160099999999886e+00
5.126185000000000436e+00
5.150113100000000443e+00
5.150142699999999962e+00
5.150142699999999962e+00
5.154899999999999594e+00
5.154899999999999594e+00
5.195556800000000308e+00
5.195556800000000308e+00
5.228279900000000424e+00
5.228696499999999858e+00
5.228696499999999858e+00
5.228765300000000060e+00
5.228765300000000060e+00
5.228836499999999887e+00
5.228836499999999887e+00
5.228845500000000257e+00
5.228845500000000257e+00
5.229052499999999881e+00
5.229052499999999881e+00
5.229074599999999684e+00
5.229074599999999684e+00
5.229116199999999992e+00
5.229116199999999992e+00
5.229173600000000199e+00
5.229173600000000199e+00
5.229455100000000023e+00
5.229455100000000023e+00
5.229498200000000097e+00
5.229498200000000097e+00
5.229733399999999754e+00
5.229733399999999754e+00
5.229921400000000276e+00
5.229921400000000276e+00
5.230039900000000408e+00
5.230039900000000408e+00
5.230255500000000168e+00
5.230255500000000168e+00
5.230306500000000192e+00
5.230306500000000192e+00
5.230306500000000192e+00
5.230326800000000276e+00
5.230326800000000276e+00
5.230497500000000244e+00
5.230497500000000244e+00
5.230512300000000003e+00
5.230512300000000003e+00
5.230605200000000288e+00
5.230605200000000288e+00
5.230661200000000122e+00
5.230661200000000122e+00
5.231028300000000186e+00
5.231028300000000186e+00
5.231037699999999901e+00
5.231037699999999901e+00
5.231087800000000065e+00
5.231087800000000065e+00
5.231136499999999856e+00
5.231136499999999856e+00
5.231146299999999805e+00
5.231146299999999805e+00
5.231146299999999805e+00
5.231385099999999788e+00
5.325228100000000353e+00
5.325292300000000090e+00
5.325292300000000090e+00
5.325446799999999925e+00
5.325446799999999925e+00
5.325468299999999822e+00
5.325468299999999822e+00
5.325483199999999862e+00
5.325483199999999862e+00
5.325497900000000229e+00
5.325497900000000229e+00
5.325498900000000368e+00
5.325498900000000368e+00
5.325513299999999894e+00
5.325513299999999894e+00
5.325513299999999894e+00
5.325513299999999894e+00
5.326023499999999800e+00
5.326023499999999800e+00
5.326422100000000270e+00
5.326422100000000270e+00
5.326422100000000270e+00
5.326441400000000215e+00
5.326441400000000215e+00
5.326705699999999766e+00
5.326705699999999766e+00
5.327303299999999631e+00
5.327303299999999631e+00
5.328055400000000219e+00
5.328055400000000219e+00
5.328070600000000212e+00
5.328070600000000212e+00
5.328436400000000184e+00
5.328436400000000184e+00
5.328493599999999830e+00
5.328493599999999830e+00
5.328519499999999631e+00
5.328519499999999631e+00
5.328741299999999903e+00
5.328741299999999903e+00
5.328744499999999995e+00
5.328744499999999995e+00
5.328848899999999666e+00
5.328848899999999666e+00
5.334521399999999858e+00
5.334521399999999858e+00
5.345784799999999670e+00
5.345784799999999670e+00
5.364477899999999799e+00
5.364477899999999799e+00
5.407567399999999580e+00
5.407567399999999580e+00
5.409274800000000383e+00
5.409274800000000383e+00
5.409291099999999908e+00
5.409291099999999908e+00
5.409911600000000043e+00
5.409911600000000043e+00
5.423882200000000431e+00
5.423909199999999764e+00
5.423909199999999764e+00
5.424370800000000159e+00
5.424370800000000159e+00
5.424517500000000325e+00
5.424517500000000325e+00
5.424806399999999584e+00
5.424806399999999584e+00
5.424860899999999653e+00
5.424860899999999653e+00
5.424891399999999919e+00
5.424891399999999919e+00
5.424894300000000058e+00
5.424894300000000058e+00
5.425195800000000013e+00
5.425195800000000013e+00
5.425346900000000083e+00
5.425346900000000083e+00
5.425698099999999968e+00
5.425698099999999968e+00
5.425785900000000161e+00
5.425785900000000161e+00
5.464940099999999745e+00
5.464940099999999745e+00
5.467994000000000021e+00
5.467994000000000021e+00
5.468003399999999736e+00
5.468003399999999736e+00
5.468031700000000050e+00
5.468031700000000050e+00
5.468035399999999768e+00
5.468035399999999768e+00
5.468078600000000122e+00
5.468078600000000122e+00
5.469219700000000017e+00
5.469219700000000017e+00
5.469361100000000420e+00
5.469361100000000420e+00
5.469414600000000348e+00
5.523640499999999953e+00
5.523640499999999953e+00
5.549671700000000207e+00
5.549691300000000105e+00
5.549691300000000105e+00
5.549691300000000105e+00
5.549822699999999998e+00
5.549822699999999998e+00
5.549879400000000018e+00
5.549879400000000018e+00
5.549891599999999592e+00
5.549891599999999592e+00
5.549911100000000097e+00
5.549911100000000097e+00
5.549920199999999859e+00
5.549920199999999859e+00
5.549952300000000172e+00
5.549952300000000172e+00
5.549952300000000172e+00
5.550231899999999996e+00
5.550231899999999996e+00
5.550293700000000108e+00
5.648398399999999597e+00
5.648398399999999597e+00
5.662124900000000238e+00
5.662124900000000238e+00
5.677834700000000012e+00
5.677834700000000012e+00
5.696409100000000336e+00
5.696409100000000336e+00
5.712007299999999788e+00
5.712007299999999788e+00
5.712315499999999879e+00
5.712315499999999879e+00
5.712324899999999595e+00
5.712324899999999595e+00
5.712726400000000204e+00
5.712726499999999596e+00
5.712833700000000015e+00
5.712833700000000015e+00
5.713310400000000122e+00
5.713310400000000122e+00
5.713310400000000122e+00
5.713341699999999967e+00
5.713341699999999967e+00
5.713676399999999767e+00
5.714116999999999891e+00
5.714116999999999891e+00
5.714135599999999648e+00
5.714135599999999648e+00
5.714245799999999598e+00
5.714245799999999598e+00
5.714357699999999873e+00
5.714357699999999873e+00
5.714402100000000040e+00
5.714402100000000040e+00
5.714419099999999752e+00
5.714419099999999752e+00
5.714424600000000076e+00
5.714424600000000076e+00
5.714486899999999814e+00
5.714486899999999814e+00
5.714489500000000000e+00
5.714489500000000000e+00
5.714517299999999800e+00
5.714517299999999800e+00
5.715384099999999634e+00
5.715384099999999634e+00
5.715384099999999634e+00
5.715384099999999634e+00
5.715384099999999634e+00
5.715490700000000146e+00
5.715490700000000146e+00
5.715575900000000154e+00
5.715575900000000154e+00
5.716031799999999663e+00
5.716031799999999663e+00
5.716051600000000121e+00
5.716051600000000121e+00
5.716219299999999670e+00
5.716219299999999670e+00
5.716219299999999670e+00
5.716274600000000206e+00
5.716274600000000206e+00
5.716425199999999762e+00
5.716425199999999762e+00
5.716533700000000273e+00
5.716533700000000273e+00
5.716555699999999796e+00
5.716555699999999796e+00
5.716708200000000240e+00
5.716708200000000240e+00
5.716870899999999978e+00
5.716870899999999978e+00
5.716870899999999978e+00
5.716904300000000383e+00
5.716904300000000383e+00
5.717051599999999567e+00
5.717051599999999567e+00
5.717091899999999782e+00
5.717091899999999782e+00
5.717132000000000325e+00
5.717132000000000325e+00
5.717132000000000325e+00
5.717190399999999784e+00
5.717190399999999784e+00
5.717190399999999784e+00
5.717295700000000203e+00
5.717295700000000203e+00
5.717329799999999906e+00
5.717329799999999906e+00
5.717377299999999885e+00
5.717377299999999885e+00
5.717415899999999773e+00
5.717415899999999773e+00
5.717903500000000250e+00
5.717903500000000250e+00
5.717979999999999841e+00
5.717979999999999841e+00
5.717979999999999841e+00
5.717979999999999841e+00
5.718056100000000086e+00
5.718056100000000086e+00
5.718089100000000258e+00
5.718089100000000258e+00
5.718089100000000258e+00
5.718200000000000394e+00
5.718200000000000394e+00
5.720549100000000387e+00
5.720549100000000387e+00
5.720663100000000334e+00
5.720663100000000334e+00
5.720966999999999913e+00
5.720966999999999913e+00
5.721011599999999753e+00
5.721011599999999753e+00
5.721132400000000118e+00
5.721132400000000118e+00
5.721139299999999928e+00
5.721139299999999928e+00
5.721139899999999834e+00
5.721139899999999834e+00
5.721156599999999592e+00
5.721156599999999592e+00
5.721175399999999911e+00
5.721175399999999911e+00
5.721270600000000428e+00
5.721270600000000428e+00
5.721285599999999860e+00
5.721285599999999860e+00
5.721435399999999838e+00
5.721435399999999838e+00
5.721441500000000069e+00
5.721441500000000069e+00
5.721453900000000203e+00
5.721453900000000203e+00
5.721473200000000148e+00
5.721473200000000148e+00
5.721502300000000041e+00
5.721502300000000041e+00
5.721503499999999853e+00
5.721503499999999853e+00
5.721515799999999707e+00
5.721515799999999707e+00
5.721515799999999707e+00
5.721648499999999693e+00
5.721648499999999693e+00
5.721648499999999693e+00
5.721670300000000431e+00
5.721670300000000431e+00
5.721740299999999557e+00
5.721740299999999557e+00
5.721787599999999863e+00
5.721787599999999863e+00
5.721885900000000191e+00
5.721885900000000191e+00
5.721885900000000191e+00
5.721893200000000235e+00
5.721893200000000235e+00
5.721907999999999994e+00
5.721907999999999994e+00
5.722400099999999767e+00
5.722400099999999767e+00
5.746810499999999600e+00
5.746810499999999600e+00
5.760528500000000385e+00
5.760528500000000385e+00
5.760569099999999665e+00
5.760569099999999665e+00
5.781347799999999815e+00
5.781347799999999815e+00
5.781439200000000334e+00
5.781439200000000334e+00
5.781481000000000314e+00
5.781481000000000314e+00
5.781569900000000040e+00
5.781569900000000040e+00
5.781800399999999840e+00
5.781800399999999840e+00
5.782140400000000291e+00
5.782140400000000291e+00
5.782231999999999594e+00
5.782231999999999594e+00
5.782231999999999594e+00
5.782301600000000263e+00
5.782301600000000263e+00
5.782395600000000080e+00
5.796140399999999637e+00
5.796140399999999637e+00
5.827086200000000105e+00
5.827086200000000105e+00
5.829403199999999785e+00
5.829403199999999785e+00
5.839270100000000241e+00
5.839270100000000241e+00
5.846369000000000149e+00
5.846369000000000149e+00
5.875124600000000363e+00
5.875124600000000363e+00
5.886096199999999889e+00
5.886096199999999889e+00
5.886122799999999877e+00
5.886122799999999877e+00
5.886190199999999706e+00
5.916178799999999960e+00
5.916178799999999960e+00
5.916184799999999910e+00
5.916184799999999910e+00
5.916613700000000087e+00
5.916613700000000087e+00
5.916724099999999709e+00
5.916724099999999709e+00
5.916878200000000199e+00
5.957605100000000320e+00
5.957684800000000003e+00
5.957684800000000003e+00
5.957793599999999579e+00
5.957793599999999579e+00
5.957821799999999612e+00
5.957821799999999612e+00
5.957976200000000055e+00
5.957976200000000055e+00
5.958467599999999642e+00
5.958467599999999642e+00
5.958467599999999642e+00
5.958542900000000309e+00
5.958542900000000309e+00
5.958601700000000001e+00
5.958601700000000001e+00
5.958719999999999573e+00
5.958719999999999573e+00
5.958769400000000438e+00
5.958769400000000438e+00
5.958910999999999625e+00
5.958910999999999625e+00
5.958947300000000169e+00
5.958947300000000169e+00
5.958960000000000257e+00
5.958960000000000257e+00
5.958960000000000257e+00
5.959000200000000191e+00
5.959000200000000191e+00
5.959571099999999788e+00
5.959571099999999788e+00
5.960815300000000150e+00
5.960815300000000150e+00
5.979258899999999599e+00
5.979862400000000022e+00
5.979862400000000022e+00
5.979862400000000022e+00
5.979864499999999694e+00
5.979864499999999694e+00
5.980267200000000116e+00
5.980267200000000116e+00
5.980292300000000338e+00
5.980292300000000338e+00
5.980369300000000443e+00
5.980369300000000443e+00
5.980421200000000326e+00
5.980421200000000326e+00
5.980421200000000326e+00
5.982382199999999983e+00
5.982382199999999983e+00
5.982382199999999983e+00
5.982414600000000249e+00
5.982414600000000249e+00
5.982414600000000249e+00
5.983184299999999567e+00
5.983184299999999567e+00
5.983193100000000264e+00
5.983193100000000264e+00
5.983193899999999843e+00
5.983193899999999843e+00
5.983549700000000193e+00
5.983549700000000193e+00
6.005631499999999789e+00
6.005631499999999789e+00
6.011027099999999734e+00
6.011027099999999734e+00
6.012171600000000282e+00
6.012171600000000282e+00
6.012220000000000120e+00
6.012220000000000120e+00
6.012221399999999605e+00
6.012221399999999605e+00
6.012299699999999802e+00
6.012299699999999802e+00
6.012299699999999802e+00
6.012343600000000343e+00
6.012343600000000343e+00
6.012343600000000343e+00
6.012359899999999868e+00
6.012359899999999868e+00
6.012392300000000134e+00
6.012392300000000134e+00
6.012526199999999932e+00
6.012526199999999932e+00
6.012577699999999581e+00
6.012577699999999581e+00
6.012587500000000418e+00
6.012587500000000418e+00
6.012587500000000418e+00
6.012588199999999716e+00
6.012588199999999716e+00
6.012663700000000055e+00
6.012663700000000055e+00
6.012735100000000443e+00
6.012761300000000197e+00
6.012761300000000197e+00
6.012941600000000442e+00
6.012941600000000442e+00
6.013323599999999658e+00
6.013323599999999658e+00
6.013751400000000302e+00
6.013751400000000302e+00
6.014009699999999903e+00
6.014009699999999903e+00
6.014025300000000129e+00
6.014025300000000129e+00
6.014072099999999921e+00
6.014072099999999921e+00
6.014213100000000090e+00
6.014213100000000090e+00
6.014242099999999702e+00
6.014242099999999702e+00
6.014242099999999702e+00
6.014260600000000068e+00
6.014260600000000068e+00
6.014260600000000068e+00
6.014260600000000068e+00
6.014260600000000068e+00
6.014276699999999920e+00
6.014276699999999920e+00
6.014321699999999993e+00
6.014321699999999993e+00
6.014351699999999745e+00
6.014351699999999745e+00
6.014402999999999722e+00
6.014402999999999722e+00
6.014468899999999785e+00
6.014468899999999785e+00
6.014504999999999768e+00
6.014504999999999768e+00
6.014524100000000040e+00
6.014524100000000040e+00
6.014751799999999982e+00
6.025964700000000285e+00
6.026590699999999856e+00
6.026590699999999856e+00
6.027117600000000408e+00
6.027117600000000408e+00
6.027117600000000408e+00
6.027127600000000029e+00
6.027127600000000029e+00
6.027275500000000008e+00
6.027275500000000008e+00
6.027317499999999661e+00
6.027317499999999661e+00
6.027590899999999863e+00
6.027590899999999863e+00
6.027590899999999863e+00
6.027615800000000412e+00
6.027615800000000412e+00
6.027676500000000104e+00
6.027676500000000104e+00
6.027681699999999587e+00
6.027681699999999587e+00
6.027767200000000436e+00
6.027767200000000436e+00
6.027797200000000188e+00
6.027797200000000188e+00
6.027857599999999927e+00
6.027857599999999927e+00
6.027956900000000395e+00
6.027956900000000395e+00
6.028224599999999711e+00
6.028224599999999711e+00
6.028457799999999978e+00
6.028457799999999978e+00
6.028478800000000248e+00
6.028478800000000248e+00
6.028882399999999642e+00
6.028882399999999642e+00
6.044883099999999843e+00
6.045052899999999951e+00
6.045052899999999951e+00
6.045063500000000367e+00
6.045063500000000367e+00
6.045101299999999789e+00
6.045101299999999789e+00
6.045208900000000440e+00
6.045208900000000440e+00
6.045493399999999795e+00
6.045493399999999795e+00
6.045579100000000317e+00
6.045579100000000317e+00
6.045668199999999715e+00
6.045668199999999715e+00
6.045688300000000126e+00
6.045688300000000126e+00
6.045705899999999744e+00
6.045705899999999744e+00
6.045753099999999769e+00
6.045753099999999769e+00
6.045911600000000163e+00
6.045911600000000163e+00
6.046017899999999834e+00
6.046017899999999834e+00
6.047520500000000077e+00
6.047520500000000077e+00
6.047673299999999585e+00
6.047673299999999585e+00
6.047892799999999625e+00
6.047892799999999625e+00
6.047905899999999946e+00
6.047905899999999946e+00
6.047905899999999946e+00
6.047995399999999577e+00
6.047995399999999577e+00
6.048011299999999757e+00
6.048011299999999757e+00
6.048034900000000214e+00
6.048034900000000214e+00
6.048063899999999826e+00
6.048063899999999826e+00
6.048063899999999826e+00
6.048078900000000147e+00
6.048078900000000147e+00
6.048103900000000088e+00
6.048103900000000088e+00
6.048103900000000088e+00
6.048470499999999639e+00
6.048470499999999639e+00
6.048470499999999639e+00
6.048503499999999811e+00
6.048503499999999811e+00
6.048527899999999846e+00
6.048527899999999846e+00
6.048567099999999641e+00
6.048567099999999641e+00
6.048584299999999914e+00
6.048584299999999914e+00
6.048598300000000094e+00
6.048598300000000094e+00
6.048598300000000094e+00
6.048600399999999766e+00
6.048600399999999766e+00
6.048703800000000186e+00
6.048703800000000186e+00
6.048751499999999837e+00
6.048751499999999837e+00
6.048850400000000072e+00
6.048850400000000072e+00
6.049009599999999764e+00
6.049009599999999764e+00
6.049077399999999827e+00
6.049077399999999827e+00
6.049226299999999945e+00
6.049226299999999945e+00
6.049274999999999736e+00
6.049274999999999736e+00
6.049275599999999642e+00
6.049275599999999642e+00
6.049279699999999593e+00
6.049279699999999593e+00
6.049402399999999957e+00
6.049402399999999957e+00
6.049414999999999765e+00
6.049414999999999765e+00
6.049433500000000130e+00
6.049433500000000130e+00
6.049493899999999869e+00
6.049493899999999869e+00
6.049493899999999869e+00
6.049571600000000160e+00
6.049571600000000160e+00
6.049862400000000306e+00
6.049862400000000306e+00
6.049877200000000066e+00
6.049877200000000066e+00
6.049931199999999620e+00
6.049931199999999620e+00
6.049962200000000401e+00
6.049962200000000401e+00
6.049999200000000243e+00
6.049999200000000243e+00
6.054344300000000345e+00
6.054344300000000345e+00
6.090521999999999991e+00
6.090521999999999991e+00
6.090545699999999840e+00
6.090545699999999840e+00
6.090573700000000201e+00
6.090573700000000201e+00
6.090803400000000423e+00
6.090803400000000423e+00
6.091119199999999623e+00
6.091119199999999623e+00
6.091363399999999650e+00
6.091363399999999650e+00
6.097023899999999941e+00
6.097023899999999941e+00
6.107520300000000013e+00
6.107639299999999771e+00
6.107639299999999771e+00
6.107639299999999771e+00
6.107902099999999557e+00
6.107902099999999557e+00
6.107902300000000118e+00
6.107902300000000118e+00
6.108038900000000382e+00
6.108038900000000382e+00
6.108047000000000004e+00
6.108047000000000004e+00
6.108079299999999989e+00
6.173592600000000097e+00
6.173592600000000097e+00
6.188525199999999948e+00
6.188949899999999893e+00
6.188949899999999893e+00
6.188964799999999933e+00
6.188964799999999933e+00
6.188978699999999833e+00
6.188978699999999833e+00
6.202786800000000156e+00
6.202786800000000156e+00
6.214876300000000242e+00
6.214876300000000242e+00
6.215019500000000363e+00
6.215019500000000363e+00
6.215075900000000431e+00
6.215075900000000431e+00
6.215964900000000348e+00
6.215964900000000348e+00
6.216360100000000166e+00
6.216360100000000166e+00
6.216704799999999587e+00
6.216704799999999587e+00
6.216740699999999897e+00
6.216740699999999897e+00
6.217114800000000052e+00
6.217114800000000052e+00
6.226465499999999764e+00
6.226664900000000280e+00
6.227167099999999955e+00
6.227729700000000257e+00
6.227729700000000257e+00
6.227909200000000034e+00
6.227909200000000034e+00
6.228013599999999705e+00
6.228013599999999705e+00
6.228033100000000211e+00
6.228033100000000211e+00
6.228154400000000201e+00
6.228154400000000201e+00
6.228308300000000131e+00
6.228308300000000131e+00
6.228569600000000150e+00
6.228569600000000150e+00
6.229450199999999604e+00
6.229450199999999604e+00
6.233957099999999585e+00
6.233957099999999585e+00
6.260367099999999851e+00
6.260381699999999938e+00
6.260381699999999938e+00
6.260412299999999597e+00
6.260412299999999597e+00
6.260817699999999597e+00
6.260817699999999597e+00
6.260972999999999900e+00
6.260972999999999900e+00
6.260973599999999806e+00
6.260973599999999806e+00
6.261000100000000401e+00
6.272737300000000182e+00
6.272810999999999915e+00
6.272810999999999915e+00
6.314422800000000002e+00
6.314422800000000002e+00
6.318634300000000259e+00
6.318634300000000259e+00
6.320989800000000436e+00
6.320989800000000436e+00
6.333912599999999671e+00
6.333912599999999671e+00
6.347884999999999778e+00
6.347884999999999778e+00
6.380438800000000299e+00
6.380438800000000299e+00
6.382123799999999569e+00
6.382123799999999569e+00
6.388232900000000214e+00
6.388232900000000214e+00
6.399269199999999991e+00
6.399269199999999991e+00
6.403548500000000310e+00
6.403548500000000310e+00
6.418942300000000323e+00
6.418942300000000323e+00
6.419147399999999948e+00
6.419147399999999948e+00
6.419149499999999620e+00
6.419149499999999620e+00
6.419162100000000315e+00
6.419162100000000315e+00
6.419401800000000158e+00
6.419401800000000158e+00
6.419555199999999573e+00
6.419555199999999573e+00
6.419700200000000301e+00
6.419700200000000301e+00
6.419706699999999877e+00
6.419706699999999877e+00
6.419715199999999733e+00
6.419715199999999733e+00
6.419718999999999731e+00
6.419718999999999731e+00
6.420652600000000376e+00
6.420652600000000376e+00
6.420652600000000376e+00
6.420703999999999745e+00
6.420703999999999745e+00
6.420703999999999745e+00
6.420747600000000332e+00
6.420747600000000332e+00
6.420794400000000124e+00
6.420794400000000124e+00
6.420794400000000124e+00
6.420794400000000124e+00
6.421425400000000394e+00
6.421425400000000394e+00
6.421425400000000394e+00
6.421573699999999718e+00
6.421573699999999718e+00
6.421826199999999929e+00
6.421826199999999929e+00
6.421826199999999929e+00
6.421826199999999929e+00
6.423114799999999569e+00
6.423114799999999569e+00
6.423207999999999807e+00
6.423207999999999807e+00
6.423274499999999776e+00
6.423274499999999776e+00
6.429605399999999804e+00
6.429605399999999804e+00
6.432909900000000292e+00
6.432909900000000292e+00
6.433079700000000400e+00
6.433079700000000400e+00
6.433278999999999748e+00
6.433278999999999748e+00
6.433278999999999748e+00
6.434119400000000155e+00
6.434119400000000155e+00
6.434508600000000023e+00
6.434508600000000023e+00
6.435078200000000415e+00
6.435078200000000415e+00
6.435182000000000180e+00
6.435182000000000180e+00
6.435182000000000180e+00
6.435211400000000026e+00
6.435211400000000026e+00
6.435215999999999603e+00
6.435215999999999603e+00
6.435244199999999637e+00
6.435244199999999637e+00
6.435550300000000057e+00
6.435550300000000057e+00
6.435550300000000057e+00
6.435559300000000427e+00
6.435559300000000427e+00
6.435559300000000427e+00
6.435634900000000158e+00
6.435634900000000158e+00
6.436907099999999993e+00
6.436907099999999993e+00
6.437340899999999699e+00
6.437340899999999699e+00
6.437666700000000297e+00
6.437666700000000297e+00
6.437666700000000297e+00
6.437706600000000279e+00
6.437706600000000279e+00
6.437875100000000295e+00
6.437875100000000295e+00
6.437975800000000248e+00
6.437975800000000248e+00
6.438076800000000155e+00
6.438076800000000155e+00
6.438929199999999575e+00
6.438929199999999575e+00
6.439085799999999971e+00
6.439085799999999971e+00
6.439345099999999711e+00
6.439345099999999711e+00
6.439345699999999617e+00
6.439345699999999617e+00
6.439614299999999680e+00
6.439614299999999680e+00
6.439763000000000126e+00
6.439763000000000126e+00
6.439845499999999667e+00
6.439845499999999667e+00
6.439975600000000355e+00
6.439975600000000355e+00
6.439983999999999931e+00
6.439983999999999931e+00
6.439992000000000161e+00
6.439992000000000161e+00
6.439992000000000161e+00
6.440065599999999613e+00
6.440065599999999613e+00
6.440219500000000430e+00
6.464558499999999874e+00
6.465571500000000249e+00
6.465571500000000249e+00
6.465705200000000374e+00
6.465705200000000374e+00
6.465705200000000374e+00
6.465780699999999825e+00
6.465780699999999825e+00
6.465780699999999825e+00
6.465794599999999726e+00
6.465794599999999726e+00
6.465806100000000001e+00
6.465806100000000001e+00
6.466259299999999932e+00
6.466259299999999932e+00
6.466665599999999792e+00
6.466665599999999792e+00
6.466926299999999905e+00
6.466926299999999905e+00
6.466934000000000182e+00
6.466934000000000182e+00
6.467001400000000011e+00
6.467001400000000011e+00
6.467020299999999722e+00
6.467020299999999722e+00
6.467095999999999734e+00
6.467095999999999734e+00
6.467204699999999917e+00
6.467204699999999917e+00
6.467319299999999771e+00
6.467319299999999771e+00
6.467344500000000274e+00
6.467344500000000274e+00
6.467506300000000152e+00
6.467506300000000152e+00
6.467541800000000229e+00
6.467541800000000229e+00
6.468031800000000331e+00
6.468031800000000331e+00
6.472920600000000135e+00
6.472920600000000135e+00
6.473026800000000414e+00
6.490700799999999937e+00
6.490788600000000130e+00
6.490788600000000130e+00
6.490832600000000063e+00
6.490832600000000063e+00
6.490832600000000063e+00
6.490994399999999942e+00
6.490994399999999942e+00
6.491148899999999777e+00
6.491148899999999777e+00
6.491217500000000307e+00
6.491217500000000307e+00
6.491268999999999956e+00
6.491268999999999956e+00
6.491322799999999837e+00
6.491322799999999837e+00
6.491322799999999837e+00
6.492232800000000026e+00
6.492232800000000026e+00
6.492301699999999620e+00
6.492301699999999620e+00
6.492301699999999620e+00
6.492308699999999710e+00
6.492308699999999710e+00
6.492313700000000409e+00
6.492313700000000409e+00
6.492533500000000402e+00
6.492533500000000402e+00
6.492894200000000282e+00
6.492894200000000282e+00
6.492894200000000282e+00
6.492902599999999858e+00
6.492902599999999858e+00
6.493017100000000319e+00
6.493017100000000319e+00
6.493243699999999841e+00
6.493243699999999841e+00
6.493292199999999958e+00
6.493292199999999958e+00
6.493344800000000028e+00
6.493344800000000028e+00
6.493344900000000308e+00
6.493344900000000308e+00
6.493350000000000399e+00
6.493350000000000399e+00
6.493381199999999964e+00
6.493381199999999964e+00
6.493410599999999810e+00
6.493410599999999810e+00
6.493566999999999645e+00
6.493566999999999645e+00
6.493585099999999777e+00
6.493585099999999777e+00
6.494093900000000197e+00
6.541148899999999600e+00
6.541148899999999600e+00
6.541231999999999935e+00
6.541231999999999935e+00
6.541572699999999685e+00
6.541572699999999685e+00
6.552906000000000120e+00
6.552906000000000120e+00
6.553071799999999669e+00
6.553071799999999669e+00
6.553117199999999976e+00
6.553117199999999976e+00
6.553117199999999976e+00
6.553552599999999728e+00
6.553552599999999728e+00
6.553575000000000372e+00
6.553575000000000372e+00
6.553579400000000277e+00
6.553579400000000277e+00
6.553596399999999988e+00
6.553596399999999988e+00
6.553623400000000210e+00
6.553623400000000210e+00
6.553691399999999945e+00
6.553691399999999945e+00
6.553827700000000256e+00
6.553827700000000256e+00
6.553891600000000039e+00
6.553891600000000039e+00
6.553891600000000039e+00
6.554281999999999719e+00
6.554281999999999719e+00
6.554315299999999844e+00
6.554315299999999844e+00
6.554451900000000109e+00
6.554451900000000109e+00
6.554606999999999850e+00
6.554606999999999850e+00
6.554723000000000077e+00
6.554723000000000077e+00
6.555098400000000325e+00
6.555098400000000325e+00
6.555370599999999826e+00
6.555370599999999826e+00
6.555447299999999977e+00
6.555447299999999977e+00
6.555483699999999914e+00
6.555483699999999914e+00
6.555530300000000032e+00
6.555530300000000032e+00
6.555539099999999841e+00
6.555539099999999841e+00
6.555577399999999777e+00
6.555577399999999777e+00
6.555597099999999955e+00
6.555597099999999955e+00
6.555895999999999724e+00
6.555895999999999724e+00
6.555895999999999724e+00
6.556126100000000179e+00
6.556126100000000179e+00
6.568052400000000013e+00
6.568130599999999930e+00
6.568130599999999930e+00
6.570508300000000190e+00
6.570508300000000190e+00
6.571516500000000427e+00
6.571516500000000427e+00
6.572643099999999627e+00
6.572643099999999627e+00
6.572707399999999645e+00
6.572707399999999645e+00
6.576022799999999613e+00
6.576022799999999613e+00
6.576449700000000398e+00
6.576449700000000398e+00
6.576553600000000444e+00
6.576553600000000444e+00
6.576553600000000444e+00
6.576730600000000315e+00
6.576730600000000315e+00
6.576854400000000211e+00
6.576854400000000211e+00
6.577101899999999723e+00
6.577101899999999723e+00
6.577101899999999723e+00
6.577182800000000107e+00
6.577182800000000107e+00
6.577225799999999900e+00
6.577225799999999900e+00
6.577270600000000300e+00
6.577270600000000300e+00
6.577383499999999827e+00
6.577383499999999827e+00
6.577547299999999986e+00
6.577547299999999986e+00
