# t	msd	err
9.999999999999423142e-05 8.046436207888721270e+00 9.718635830687734067e-01
2.567134268537062916e-04 1.182716740792435495e+01 9.005470053518297435e-01
4.443661971830975620e-04 1.459164211487897767e+01 1.277123765346771300e+00
9.946160366163655717e-04 6.388052742335158030e+01 1.282045352654273884e+00
1.420779220779215275e-03 1.360875623702442283e+01 4.940835534576237253e-01
2.407130033341860469e-03 5.825040324032689654e+01 9.178225598441361877e-01
4.441287645112427379e-03 6.984019824231475582e+01 1.369262294983664363e+00
7.888555147768946604e-03 4.864643715545268776e+01 6.408311000465545249e-01
1.458909961835020211e-02 5.914326388177853744e+01 6.632869432031262003e-01
2.608155550549781307e-02 7.271166656799314865e+01 8.030416195550309499e-01
4.751299199782983707e-02 1.034008588508754798e+02 7.405031018942244136e-01
8.464906303716852876e-02 1.080487426484463782e+02 4.924356754343852671e-01
1.534600467410383307e-01 1.355134260207027239e+02 4.988552321304126624e-01
2.767041138005398859e-01 1.745435766123717372e+02 3.380751446839838081e-01
4.781652451406412374e-01 2.105218596049082862e+02 2.632733433886156882e-01
8.847105732921999310e-01 2.209079515405145742e+02 2.096850164444071796e-01
1.582552041103512996e+00 2.085692271923112173e+02 1.187003761336089536e-01
2.750990736684343130e+00 2.011241715625761231e+02 1.006128999772710336e-01
4.639325481570439003e+00 2.600671430665868797e+02 1.839679966595383354e-01
