# t
0.000000000000000000e+00
6.651471299999999832e-11
4.387527000000000094e-02
4.387527000000000094e-02
1.576608399999999965e-01
1.576608399999999965e-01
2.075880200000000120e-01
2.075880200000000120e-01
6.513222800000000312e-01
6.513222800000000312e-01
6.515748500000000387e-01
6.515748500000000387e-01
6.962326500000000085e-01
6.962326500000000085e-01
8.488780900000000296e-01
8.488780900000000296e-01
9.979779899999999815e-01
9.979779899999999815e-01
1.009820299999999893e+00
1.009820299999999893e+00
1.411270000000000024e+00
1.411270000000000024e+00
1.556995700000000094e+00
1.556995700000000094e+00
1.572125900000000076e+00
1.572125900000000076e+00
1.653169499999999958e+00
1.653169499999999958e+00
1.728800700000000079e+00
1.728800700000000079e+00
2.037984400000000029e+00
2.037984400000000029e+00
2.127856099999999806e+00
2.127856099999999806e+00
2.283453900000000036e+00
2.283453900000000036e+00
2.304830500000000004e+00
2.304830500000000004e+00
2.361361399999999833e+00
2.361361399999999833e+00
2.489988499999999938e+00
2.489988499999999938e+00
2.524299200000000187e+00
2.524299200000000187e+00
2.618571699999999947e+00
2.618571699999999947e+00
2.654481800000000113e+00
2.654481800000000113e+00
2.714518200000000103e+00
2.714518200000000103e+00
2.978735200000000027e+00
2.978735200000000027e+00
3.150216400000000139e+00
3.150216400000000139e+00
3.225492399999999815e+00
3.225492399999999815e+00
3.314962799999999987e+00
3.314962799999999987e+00
3.384161300000000150e+00
3.384161300000000150e+00
3.411810800000000032e+00
3.411810800000000032e+00
3.623443500000000039e+00
3.623443500000000039e+00
3.687599200000000188e+00
3.687599200000000188e+00
3.711365600000000153e+00
3.711365600000000153e+00
3.768592200000000059e+00
3.768592200000000059e+00
3.841474900000000137e+00
3.841474900000000137e+00
3.881293700000000069e+00
3.881293700000000069e+00
3.923036100000000026e+00
3.923036100000000026e+00
3.924710199999999816e+00
3.924710199999999816e+00
3.932632499999999975e+00
3.932632499999999975e+00
4.011576400000000042e+00
4.011576400000000042e+00
4.059719799999999879e+00
4.059719799999999879e+00
4.085011899999999585e+00
4.085011899999999585e+00
4.116535599999999739e+00
4.116535599999999739e+00
4.154646600000000412e+00
4.154646600000000412e+00
4.175187499999999829e+00
4.175187499999999829e+00
4.450960099999999642e+00
4.450960099999999642e+00
4.484023500000000162e+00
4.484023500000000162e+00
4.547869200000000056e+00
4.547869200000000056e+00
4.558673200000000314e+00
4.558673200000000314e+00
4.572963099999999947e+00
4.572963099999999947e+00
4.599435099999999998e+00
4.599435099999999998e+00
4.631486100000000050e+00
4.631486100000000050e+00
4.688224299999999900e+00
4.688224299999999900e+00
4.762645700000000204e+00
4.762645700000000204e+00
4.790433100000000444e+00
4.790433100000000444e+00
4.878106899999999690e+00
4.878106899999999690e+00
4.883904000000000245e+00
4.883904000000000245e+00
4.886022600000000438e+00
4.886022600000000438e+00
4.916325399999999846e+00
4.916325399999999846e+00
4.982484399999999702e+00
4.982484399999999702e+00
4.997768200000000327e+00
4.997768200000000327e+00
5.220462300000000333e+00
5.220462300000000333e+00
5.248908400000000363e+00
5.248908400000000363e+00
5.311296800000000040e+00
5.311296800000000040e+00
5.416852300000000398e+00
5.416852300000000398e+00
5.456452099999999916e+00
5.456452099999999916e+00
5.482446000000000375e+00
5.482446000000000375e+00
5.571422400000000330e+00
5.571422400000000330e+00
5.599222400000000377e+00
5.599222400000000377e+00
5.755455900000000291e+00
5.755455900000000291e+00
5.782679899999999762e+00
5.782679899999999762e+00
5.796642099999999687e+00
5.796642099999999687e+00
5.871887700000000265e+00
5.871887700000000265e+00
5.894349700000000247e+00
5.894349700000000247e+00
5.912017999999999773e+00
5.912017999999999773e+00
5.948367499999999808e+00
5.948367499999999808e+00
5.971389600000000186e+00
5.971389600000000186e+00
6.009850799999999715e+00
6.009850799999999715e+00
6.033881700000000237e+00
6.033881700000000237e+00
6.037140199999999624e+00
6.037140199999999624e+00
6.055821299999999852e+00
6.055821299999999852e+00
6.099820700000000429e+00
6.099820700000000429e+00
6.125705499999999581e+00
6.125705499999999581e+00
6.142204800000000020e+00
6.142204800000000020e+00
6.142206899999999692e+00
6.142206899999999692e+00
6.172312899999999658e+00
6.172312899999999658e+00
6.183689600000000119e+00
6.183689600000000119e+00
6.244575499999999835e+00
6.244575499999999835e+00
6.325776000000000288e+00
6.325776000000000288e+00
6.334766499999999745e+00
6.334766499999999745e+00
6.376028899999999666e+00
6.376028899999999666e+00
6.388957900000000301e+00
6.388957900000000301e+00
6.434082799999999658e+00
6.434082799999999658e+00
6.515964300000000264e+00
6.515964300000000264e+00
6.519478600000000235e+00
6.519478600000000235e+00
6.546292000000000222e+00
6.546292000000000222e+00
6.560136299999999920e+00
6.560136299999999920e+00
6.619838999999999807e+00
6.619838999999999807e+00
6.717408200000000384e+00
6.717408200000000384e+00
6.731401499999999594e+00
6.731401499999999594e+00
6.777581699999999820e+00
6.777581699999999820e+00
6.810543299999999967e+00
6.810543299999999967e+00
6.813882699999999737e+00
6.813882699999999737e+00
6.818738399999999977e+00
6.818738399999999977e+00
6.878096199999999882e+00
6.878096199999999882e+00
6.916099299999999950e+00
6.916099299999999950e+00
7.114517199999999875e+00
7.114517199999999875e+00
7.255652000000000434e+00
7.255652000000000434e+00
7.291982800000000431e+00
7.291982800000000431e+00
7.322119400000000056e+00
7.322119400000000056e+00
7.436865499999999685e+00
7.436865499999999685e+00
7.521628999999999898e+00
7.521628999999999898e+00
7.680699100000000001e+00
7.680699100000000001e+00
7.714336699999999603e+00
7.714336699999999603e+00
7.792851699999999937e+00
7.792851699999999937e+00
7.967851500000000087e+00
7.967851500000000087e+00
7.987140499999999754e+00
7.987140499999999754e+00
8.068885699999999161e+00
8.068885699999999161e+00
8.102517499999999373e+00
8.102517499999999373e+00
8.146099700000000610e+00
8.146099700000000610e+00
8.213499199999999334e+00
8.213499199999999334e+00
8.257877499999999316e+00
8.257877499999999316e+00
8.270785899999999913e+00
8.270785899999999913e+00
8.289159500000000236e+00
8.289159500000000236e+00
8.301230900000000190e+00
8.301230900000000190e+00
8.542279799999999312e+00
8.542279799999999312e+00
8.569577699999999965e+00
8.569577699999999965e+00
8.594755700000000331e+00
8.594755700000000331e+00
8.690398099999999459e+00
8.690398099999999459e+00
8.738022799999999535e+00
8.738022799999999535e+00
8.746248400000000700e+00
8.746248400000000700e+00
8.747073399999999666e+00
8.747073399999999666e+00
8.764289500000000288e+00
8.764289500000000288e+00
8.776876800000000145e+00
8.776876800000000145e+00
8.787399900000000486e+00
8.787399900000000486e+00
8.795807800000000398e+00
8.795807800000000398e+00
8.804730899999999139e+00
8.804730899999999139e+00
8.906861100000000420e+00
8.906861100000000420e+00
8.932221699999999487e+00
8.932221699999999487e+00
8.963645800000000108e+00
8.963645800000000108e+00
9.070695399999999964e+00
9.070695399999999964e+00
9.073531199999999686e+00
9.073531199999999686e+00
9.119110299999999114e+00
9.119110299999999114e+00
9.150966800000000845e+00
9.150966800000000845e+00
9.323154900000000467e+00
9.323154900000000467e+00
9.325449199999999550e+00
9.325449199999999550e+00
9.430261099999999175e+00
9.430261099999999175e+00
9.442620599999999698e+00
9.442620599999999698e+00
9.446975000000000122e+00
9.446975000000000122e+00
9.452211099999999533e+00
9.452211099999999533e+00
9.589372700000000194e+00
9.589372700000000194e+00
9.735255199999999220e+00
9.735255199999999220e+00
9.753646299999999769e+00
9.753646299999999769e+00
9.948787400000000503e+00
9.948787400000000503e+00
1.006126500000000057e+01
1.006126500000000057e+01
1.007702300000000051e+01
1.007702300000000051e+01
1.017554200000000009e+01
1.017554200000000009e+01
1.022630400000000073e+01
1.022630400000000073e+01
1.026017000000000046e+01
1.026017000000000046e+01
1.031611099999999936e+01
1.031611099999999936e+01
1.034176800000000007e+01
1.034176800000000007e+01
1.049607699999999966e+01
1.049607699999999966e+01
1.055004600000000003e+01
1.055004600000000003e+01
1.057976299999999981e+01
1.057976299999999981e+01
1.073448100000000061e+01
1.073448100000000061e+01
1.074391999999999925e+01
1.074391999999999925e+01
1.075826700000000002e+01
1.075826700000000002e+01
1.081051599999999979e+01
1.081051599999999979e+01
1.086294700000000013e+01
1.086294700000000013e+01
1.095842099999999952e+01
1.095842099999999952e+01
1.097793300000000016e+01
1.097793300000000016e+01
1.098725499999999933e+01
1.098725499999999933e+01
1.101997800000000005e+01
1.101997800000000005e+01
1.121627999999999936e+01
1.121627999999999936e+01
1.125617300000000043e+01
1.125617300000000043e+01
1.126528199999999913e+01
1.126528199999999913e+01
1.129321000000000019e+01
1.129321000000000019e+01
1.133852000000000082e+01
1.133852000000000082e+01
1.139131899999999931e+01
1.139131899999999931e+01
1.140588799999999914e+01
1.140588799999999914e+01
1.141487900000000089e+01
1.141487900000000089e+01
1.149622699999999931e+01
1.149622699999999931e+01
1.160478699999999996e+01
1.160478699999999996e+01
1.162777499999999975e+01
1.162777499999999975e+01
1.163614399999999982e+01
1.163614399999999982e+01
1.183176899999999954e+01
1.183176899999999954e+01
1.185937500000000000e+01
1.185937500000000000e+01
1.189473100000000017e+01
1.189473100000000017e+01
1.202653600000000012e+01
1.202653600000000012e+01
1.209305999999999948e+01
1.209305999999999948e+01
1.214517299999999977e+01
1.214517299999999977e+01
1.217780499999999932e+01
1.217780499999999932e+01
1.223603400000000008e+01
1.223603400000000008e+01
1.227297800000000016e+01
1.227297800000000016e+01
1.229718699999999920e+01
1.229718699999999920e+01
1.232124100000000055e+01
1.232124100000000055e+01
1.233143600000000006e+01
1.233143600000000006e+01
1.235075499999999948e+01
1.235075499999999948e+01
1.236947200000000002e+01
1.236947200000000002e+01
1.246668900000000058e+01
1.246668900000000058e+01
1.248695500000000003e+01
1.248695500000000003e+01
1.252329300000000067e+01
1.252329300000000067e+01
1.267366099999999918e+01
1.267366099999999918e+01
1.269573500000000088e+01
1.269573500000000088e+01
1.274429600000000029e+01
1.274429600000000029e+01
1.286953899999999962e+01
1.286953899999999962e+01
1.297802300000000031e+01
1.297802300000000031e+01
1.297937899999999978e+01
1.297937899999999978e+01
1.298006999999999955e+01
1.298006999999999955e+01
1.307316400000000023e+01
1.307316400000000023e+01
1.307642899999999919e+01
1.307642899999999919e+01
1.309921899999999972e+01
1.309921899999999972e+01
1.310238499999999995e+01
1.310238499999999995e+01
1.312732800000000033e+01
1.312732800000000033e+01
1.321400799999999975e+01
1.321400799999999975e+01
1.331608199999999975e+01
1.331608199999999975e+01
1.331717599999999990e+01
1.331717599999999990e+01
1.333973899999999979e+01
1.333973899999999979e+01
1.335023999999999944e+01
1.335023999999999944e+01
1.335858600000000074e+01
1.335858600000000074e+01
1.358061499999999988e+01
1.358061499999999988e+01
1.359324400000000033e+01
1.359324400000000033e+01
1.364422700000000077e+01
1.364422700000000077e+01
1.368732999999999933e+01
1.368732999999999933e+01
1.377671800000000069e+01
1.377671800000000069e+01
1.385120799999999974e+01
1.385120799999999974e+01
1.388146599999999964e+01
1.388146599999999964e+01
1.389453800000000072e+01
1.389453800000000072e+01
1.390304500000000054e+01
1.390304500000000054e+01
1.391572799999999965e+01
1.391572799999999965e+01
1.402058599999999977e+01
1.402058599999999977e+01
1.404326900000000045e+01
1.404326900000000045e+01
1.424558299999999988e+01
1.424558299999999988e+01
1.424764899999999912e+01
1.424764899999999912e+01
1.426081800000000044e+01
1.426081800000000044e+01
1.443465899999999991e+01
1.443465899999999991e+01
1.447131800000000013e+01
1.447131800000000013e+01
1.458218600000000009e+01
1.458218600000000009e+01
1.462211399999999983e+01
1.462211399999999983e+01
1.471520800000000051e+01
1.471520800000000051e+01
1.478388799999999925e+01
1.478388799999999925e+01
1.481783500000000053e+01
1.481783500000000053e+01
1.490824600000000011e+01
1.490824600000000011e+01
1.492609500000000011e+01
1.492609500000000011e+01
1.492705699999999958e+01
1.492705699999999958e+01
1.497298299999999927e+01
1.497298299999999927e+01
1.497449300000000072e+01
1.497449300000000072e+01
1.503713800000000056e+01
1.503713800000000056e+01
1.507126300000000008e+01
1.507126300000000008e+01
1.514788800000000002e+01
1.514788800000000002e+01
1.515661300000000011e+01
1.515661300000000011e+01
1.535776300000000028e+01
1.535776300000000028e+01
1.536522800000000011e+01
1.536522800000000011e+01
1.540457299999999918e+01
1.540457299999999918e+01
1.541353400000000029e+01
1.541353400000000029e+01
1.543434199999999912e+01
1.543434199999999912e+01
1.546965900000000005e+01
1.546965900000000005e+01
1.550977199999999989e+01
1.550977199999999989e+01
1.569163600000000081e+01
1.569163600000000081e+01
1.573948399999999914e+01
1.573948399999999914e+01
1.579911799999999999e+01
1.579911799999999999e+01
1.581495299999999915e+01
1.581495299999999915e+01
1.581898200000000010e+01
1.581898200000000010e+01
1.582594600000000007e+01
1.582594600000000007e+01
1.585782799999999959e+01
1.585782799999999959e+01
1.586594999999999978e+01
1.586594999999999978e+01
1.590025999999999939e+01
1.590025999999999939e+01
1.596996900000000075e+01
1.596996900000000075e+01
1.601725899999999925e+01
1.601725899999999925e+01
1.604007800000000117e+01
1.604007800000000117e+01
1.612189899999999909e+01
1.612189899999999909e+01
1.618176300000000012e+01
1.618176300000000012e+01
1.620770100000000014e+01
1.620770100000000014e+01
1.621853399999999823e+01
1.621853399999999823e+01
1.623163600000000173e+01
1.623163600000000173e+01
1.633912099999999867e+01
1.633912099999999867e+01
1.634164900000000031e+01
1.634164900000000031e+01
1.634206999999999965e+01
1.634206999999999965e+01
1.634222799999999864e+01
1.634222799999999864e+01
1.643390099999999876e+01
1.643390099999999876e+01
1.645208099999999973e+01
1.645208099999999973e+01
1.645473300000000094e+01
1.645473300000000094e+01
1.652221099999999865e+01
1.652221099999999865e+01
1.655355499999999935e+01
1.655355499999999935e+01
1.657701499999999939e+01
1.657701499999999939e+01
1.661917000000000044e+01
1.661917000000000044e+01
1.662038700000000091e+01
1.662038700000000091e+01
1.662041500000000127e+01
1.662041500000000127e+01
1.662298799999999943e+01
1.662298799999999943e+01
1.664364700000000141e+01
1.664364700000000141e+01
1.669499100000000169e+01
1.669499100000000169e+01
1.679123699999999886e+01
1.679123699999999886e+01
1.693636899999999912e+01
1.693636899999999912e+01
1.694930400000000148e+01
1.694930400000000148e+01
1.696131000000000100e+01
1.696131000000000100e+01
1.697528600000000054e+01
1.697528600000000054e+01
1.697670799999999858e+01
1.697670799999999858e+01
1.697750500000000073e+01
1.697750500000000073e+01
1.697819600000000051e+01
1.697819600000000051e+01
1.700582199999999844e+01
1.700582199999999844e+01
1.701414499999999919e+01
1.701414499999999919e+01
1.713597599999999943e+01
1.713597599999999943e+01
1.721729399999999899e+01
1.721729399999999899e+01
1.726277899999999832e+01
1.726277899999999832e+01
1.731810799999999873e+01
1.731810799999999873e+01
1.733206600000000108e+01
1.733206600000000108e+01
1.747387900000000016e+01
1.747387900000000016e+01
1.747717799999999855e+01
1.747717799999999855e+01
1.753528499999999823e+01
1.753528499999999823e+01
1.759739799999999832e+01
1.759739799999999832e+01
1.774595300000000009e+01
1.774595300000000009e+01
1.797827099999999945e+01
1.797827099999999945e+01
1.803277399999999986e+01
1.803277399999999986e+01
1.805775999999999826e+01
1.805775999999999826e+01
1.805987000000000009e+01
1.805987000000000009e+01
1.809015700000000137e+01
1.809015700000000137e+01
1.818353400000000164e+01
1.818353400000000164e+01
1.832182800000000000e+01
1.832182800000000000e+01
1.838769200000000126e+01
1.838769200000000126e+01
1.841145500000000013e+01
1.841145500000000013e+01
1.854373700000000014e+01
1.854373700000000014e+01
1.857712100000000177e+01
1.857712100000000177e+01
1.859133299999999878e+01
1.859133299999999878e+01
1.865018299999999840e+01
1.865018299999999840e+01
1.866885900000000120e+01
1.866885900000000120e+01
1.875316099999999864e+01
1.875316099999999864e+01
1.875537200000000126e+01
1.875537200000000126e+01
1.878702600000000089e+01
1.878702600000000089e+01
1.885454199999999858e+01
1.885454199999999858e+01
1.888556399999999869e+01
1.888556399999999869e+01
1.888748899999999864e+01
1.888748899999999864e+01
1.892467600000000161e+01
1.892467600000000161e+01
1.907591800000000148e+01
1.907591800000000148e+01
1.918518699999999910e+01
1.918518699999999910e+01
1.919801100000000105e+01
1.919801100000000105e+01
1.923761700000000019e+01
1.923761700000000019e+01
1.923775099999999938e+01
1.923775099999999938e+01
1.927898300000000020e+01
1.927898300000000020e+01
1.932054899999999975e+01
1.932054899999999975e+01
1.935906699999999958e+01
1.935906699999999958e+01
1.936612799999999979e+01
1.936612799999999979e+01
1.941441100000000120e+01
1.941441100000000120e+01
1.950024700000000166e+01
1.950024700000000166e+01
1.951631799999999828e+01
1.951631799999999828e+01
1.957338000000000022e+01
1.957338000000000022e+01
1.967384799999999956e+01
1.967384799999999956e+01
1.972161499999999990e+01
1.972161499999999990e+01
1.984665100000000137e+01
1.984665100000000137e+01
2.003151700000000091e+01
2.003151700000000091e+01
2.006095900000000043e+01
2.006095900000000043e+01
2.013062599999999946e+01
2.013062599999999946e+01
2.015372199999999836e+01
2.015372199999999836e+01
2.023700600000000094e+01
2.023700600000000094e+01
2.023702700000000121e+01
2.023702700000000121e+01
2.024729900000000171e+01
2.024729900000000171e+01
2.031129599999999868e+01
2.031129599999999868e+01
2.036759999999999948e+01
2.036759999999999948e+01
2.040418800000000132e+01
2.040418800000000132e+01
2.050050299999999837e+01
2.050050299999999837e+01
2.055257999999999896e+01
2.055257999999999896e+01
2.059376100000000065e+01
2.059376100000000065e+01
2.061075500000000105e+01
2.061075500000000105e+01
2.068815499999999830e+01
2.068815499999999830e+01
2.075206800000000129e+01
2.075206800000000129e+01
2.085620199999999969e+01
2.085620199999999969e+01
2.087691399999999931e+01
2.087691399999999931e+01
2.087803200000000103e+01
2.087803200000000103e+01
2.098074899999999943e+01
2.098074899999999943e+01
2.098930899999999866e+01
2.098930899999999866e+01
2.099726499999999874e+01
2.099726499999999874e+01
2.109843899999999906e+01
2.109843899999999906e+01
2.112238999999999933e+01
2.112238999999999933e+01
2.136515899999999846e+01
2.136515899999999846e+01
2.137185799999999958e+01
2.137185799999999958e+01
2.137515399999999843e+01
2.137515399999999843e+01
2.142019600000000068e+01
2.142019600000000068e+01
2.168002500000000055e+01
2.168002500000000055e+01
2.176654399999999967e+01
2.176654399999999967e+01
2.187288399999999911e+01
2.187288399999999911e+01
2.196769700000000114e+01
2.196769700000000114e+01
2.207074000000000069e+01
2.207074000000000069e+01
2.207784699999999845e+01
2.207784699999999845e+01
2.208560699999999954e+01
2.208560699999999954e+01
2.210970100000000116e+01
2.210970100000000116e+01
2.218115099999999984e+01
2.218115099999999984e+01
2.220941900000000047e+01
2.220941900000000047e+01
2.222478699999999918e+01
2.222478699999999918e+01
2.225553199999999876e+01
2.225553199999999876e+01
2.228919000000000139e+01
2.228919000000000139e+01
2.229507600000000167e+01
2.229507600000000167e+01
2.243270100000000156e+01
2.243270100000000156e+01
2.245495800000000131e+01
2.245495800000000131e+01
2.245806999999999931e+01
2.245806999999999931e+01
2.260317500000000024e+01
2.260317500000000024e+01
2.264336600000000033e+01
2.264336600000000033e+01
2.281626599999999883e+01
2.281626599999999883e+01
2.283148100000000014e+01
2.283148100000000014e+01
2.284198500000000109e+01
2.284198500000000109e+01
2.296385599999999982e+01
2.296385599999999982e+01
2.297437100000000143e+01
2.297437100000000143e+01
2.302290999999999954e+01
2.302290999999999954e+01
2.304074999999999918e+01
2.304074999999999918e+01
2.323466300000000118e+01
2.323466300000000118e+01
2.326155800000000085e+01
2.326155800000000085e+01
2.331907899999999856e+01
2.331907899999999856e+01
2.335248899999999850e+01
2.335248899999999850e+01
2.337783699999999953e+01
2.337783699999999953e+01
2.352311200000000113e+01
2.352311200000000113e+01
2.357186400000000148e+01
2.357186400000000148e+01
2.366136499999999998e+01
2.366136499999999998e+01
2.382566599999999823e+01
2.382566599999999823e+01
2.387814600000000098e+01
2.387814600000000098e+01
2.391722899999999896e+01
2.391722899999999896e+01
2.396867800000000059e+01
2.396867800000000059e+01
2.397682899999999862e+01
2.397682899999999862e+01
2.408780600000000049e+01
2.408780600000000049e+01
2.409890599999999949e+01
2.409890599999999949e+01
2.410585800000000134e+01
2.410585800000000134e+01
2.412601400000000140e+01
2.412601400000000140e+01
2.414197100000000162e+01
2.414197100000000162e+01
2.421810299999999927e+01
2.421810299999999927e+01
2.429592900000000100e+01
2.429592900000000100e+01
2.432956599999999980e+01
2.432956599999999980e+01
2.433887400000000056e+01
2.433887400000000056e+01
2.436765099999999862e+01
2.436765099999999862e+01
2.437040700000000015e+01
2.437040700000000015e+01
2.442447400000000002e+01
2.442447400000000002e+01
2.450369399999999942e+01
2.450369399999999942e+01
2.462307500000000005e+01
2.462307500000000005e+01
2.465847799999999879e+01
2.465847799999999879e+01
2.473021900000000173e+01
2.473021900000000173e+01
2.489581400000000144e+01
2.489581400000000144e+01
2.492712699999999870e+01
2.492712699999999870e+01
2.493506199999999851e+01
2.493506199999999851e+01
2.498969100000000054e+01
2.498969100000000054e+01
2.499463700000000088e+01
2.499463700000000088e+01
2.500016799999999861e+01
2.500016799999999861e+01
2.506137999999999977e+01
2.506137999999999977e+01
2.509722199999999859e+01
2.509722199999999859e+01
2.515175400000000039e+01
2.515175400000000039e+01
2.534759400000000085e+01
2.534759400000000085e+01
2.535054399999999930e+01
2.535054399999999930e+01
2.537210200000000171e+01
2.537210200000000171e+01
2.537594500000000153e+01
2.537594500000000153e+01
2.541303500000000071e+01
2.541303500000000071e+01
2.541654899999999984e+01
2.541654899999999984e+01
2.557737799999999950e+01
2.557737799999999950e+01
2.563236799999999960e+01
2.563236799999999960e+01
2.565093200000000095e+01
2.565093200000000095e+01
2.566859699999999833e+01
2.566859699999999833e+01
2.572013499999999908e+01
2.572013499999999908e+01
2.576584400000000130e+01
2.576584400000000130e+01
2.579886399999999824e+01
2.579886399999999824e+01
2.585480899999999949e+01
2.585480899999999949e+01
2.590478500000000039e+01
2.590478500000000039e+01
2.611461100000000002e+01
2.611461100000000002e+01
2.614888799999999947e+01
2.614888799999999947e+01
2.623519900000000149e+01
2.623519900000000149e+01
2.624577999999999989e+01
2.624577999999999989e+01
2.627323300000000117e+01
2.627323300000000117e+01
2.641476000000000113e+01
2.641476000000000113e+01
2.659770899999999827e+01
2.659770899999999827e+01
2.666197000000000017e+01
2.666197000000000017e+01
2.668982300000000052e+01
2.668982300000000052e+01
2.676728100000000055e+01
2.676728100000000055e+01
2.687265299999999968e+01
2.687265299999999968e+01
2.687792599999999865e+01
2.687792599999999865e+01
2.696754400000000018e+01
2.696754400000000018e+01
2.697849899999999934e+01
2.697849899999999934e+01
2.698741400000000112e+01
2.698741400000000112e+01
2.699782000000000082e+01
2.699782000000000082e+01
2.706017200000000145e+01
2.706017200000000145e+01
2.710605999999999938e+01
2.710605999999999938e+01
2.718400700000000114e+01
2.718400700000000114e+01
2.720534400000000019e+01
2.720534400000000019e+01
2.723687500000000128e+01
2.723687500000000128e+01
2.724278899999999837e+01
2.724278899999999837e+01
2.733034899999999823e+01
2.733034899999999823e+01
2.733414600000000050e+01
2.733414600000000050e+01
2.737925699999999907e+01
2.737925699999999907e+01
2.738692800000000105e+01
2.738692800000000105e+01
2.740693999999999875e+01
2.740693999999999875e+01
2.747977300000000156e+01
2.747977300000000156e+01
2.748508500000000154e+01
2.748508500000000154e+01
2.752973100000000173e+01
2.752973100000000173e+01
2.759528600000000154e+01
2.759528600000000154e+01
2.765582600000000113e+01
2.765582600000000113e+01
2.770288599999999946e+01
2.770288599999999946e+01
2.774741399999999913e+01
2.774741399999999913e+01
2.787469400000000164e+01
2.787469400000000164e+01
2.788195500000000138e+01
2.788195500000000138e+01
2.788691199999999881e+01
2.788691199999999881e+01
2.789064199999999971e+01
2.789064199999999971e+01
2.799271699999999896e+01
2.799271699999999896e+01
2.800719000000000136e+01
2.800719000000000136e+01
2.805102000000000118e+01
2.805102000000000118e+01
2.808637399999999928e+01
2.808637399999999928e+01
2.814467000000000141e+01
2.814467000000000141e+01
2.821571399999999841e+01
2.821571399999999841e+01
2.822361199999999926e+01
2.822361199999999926e+01
2.832608000000000104e+01
2.832608000000000104e+01
2.840991999999999962e+01
2.840991999999999962e+01
2.841059399999999968e+01
2.841059399999999968e+01
2.842871399999999937e+01
2.842871399999999937e+01
2.843167899999999904e+01
2.843167899999999904e+01
2.845059499999999986e+01
2.845059499999999986e+01
2.847604000000000113e+01
2.847604000000000113e+01
2.849557000000000073e+01
2.849557000000000073e+01
2.853069699999999997e+01
2.853069699999999997e+01
2.859245699999999957e+01
2.859245699999999957e+01
2.860789099999999863e+01
2.860789099999999863e+01
2.860990800000000078e+01
2.860990800000000078e+01
2.862159400000000176e+01
2.862159400000000176e+01
2.863256600000000063e+01
2.863256600000000063e+01
2.873666899999999913e+01
2.873666899999999913e+01
2.878175399999999939e+01
2.878175399999999939e+01
2.883980400000000088e+01
2.883980400000000088e+01
2.896247100000000074e+01
2.896247100000000074e+01
2.896925699999999892e+01
2.896925699999999892e+01
2.898584599999999867e+01
2.898584599999999867e+01
2.901783700000000010e+01
2.901783700000000010e+01
2.909203799999999873e+01
2.909203799999999873e+01
2.910965699999999856e+01
2.910965699999999856e+01
2.912023200000000145e+01
2.912023200000000145e+01
2.922864900000000077e+01
2.922864900000000077e+01
2.927199200000000090e+01
2.927199200000000090e+01
2.930613200000000163e+01
2.930613200000000163e+01
2.932725299999999891e+01
2.932725299999999891e+01
2.946398599999999846e+01
2.946398599999999846e+01
2.946812600000000160e+01
2.946812600000000160e+01
2.947191700000000125e+01
2.947191700000000125e+01
2.954661000000000115e+01
2.954661000000000115e+01
2.959517999999999915e+01
2.959517999999999915e+01
2.961001299999999858e+01
2.961001299999999858e+01
2.961238799999999927e+01
2.961238799999999927e+01
2.973368599999999873e+01
2.973368599999999873e+01
2.986985100000000060e+01
2.986985100000000060e+01
2.990190300000000079e+01
2.990190300000000079e+01
3.000214899999999929e+01
3.000214899999999929e+01
3.001460900000000009e+01
3.001460900000000009e+01
3.004343199999999925e+01
3.004343199999999925e+01
3.008452600000000032e+01
3.008452600000000032e+01
3.013314400000000148e+01
3.013314400000000148e+01
3.016938499999999834e+01
3.016938499999999834e+01
3.017653699999999972e+01
3.017653699999999972e+01
3.030252899999999983e+01
3.030252899999999983e+01
3.040669499999999914e+01
3.040669499999999914e+01
3.042726899999999901e+01
3.042726899999999901e+01
3.044159799999999905e+01
3.044159799999999905e+01
3.047813999999999979e+01
3.047813999999999979e+01
3.056158800000000042e+01
3.056158800000000042e+01
3.056317900000000165e+01
3.056317900000000165e+01
3.059335000000000093e+01
3.059335000000000093e+01
3.073074400000000139e+01
3.073074400000000139e+01
3.075182099999999963e+01
3.075182099999999963e+01
3.079292999999999836e+01
3.079292999999999836e+01
3.088412800000000047e+01
3.088412800000000047e+01
3.095585000000000164e+01
3.095585000000000164e+01
3.098192399999999935e+01
3.098192399999999935e+01
3.098755500000000040e+01
3.098755500000000040e+01
3.100253999999999976e+01
3.100253999999999976e+01
3.115148200000000145e+01
3.115148200000000145e+01
3.115587599999999924e+01
3.115587599999999924e+01
3.118275699999999873e+01
3.118275699999999873e+01
3.123036199999999951e+01
3.123036199999999951e+01
3.123321599999999876e+01
3.123321599999999876e+01
3.129242699999999999e+01
3.129242699999999999e+01
3.129270299999999949e+01
3.129270299999999949e+01
3.131406099999999881e+01
3.131406099999999881e+01
3.140042800000000156e+01
3.140042800000000156e+01
3.144963100000000011e+01
3.144963100000000011e+01
3.145514999999999972e+01
3.145514999999999972e+01
3.149796200000000113e+01
3.149796200000000113e+01
3.150235199999999836e+01
3.150235199999999836e+01
3.156855200000000039e+01
3.156855200000000039e+01
3.157250000000000156e+01
3.157250000000000156e+01
3.159741299999999953e+01
3.159741299999999953e+01
3.165880299999999892e+01
3.165880299999999892e+01
3.168368399999999951e+01
3.168368399999999951e+01
3.168846900000000133e+01
3.168846900000000133e+01
3.172270800000000079e+01
3.172270800000000079e+01
3.185189300000000046e+01
3.185189300000000046e+01
3.186439800000000133e+01
3.186439800000000133e+01
3.193011299999999864e+01
3.193011299999999864e+01
3.200312600000000174e+01
3.200312600000000174e+01
3.201791200000000259e+01
3.201791200000000259e+01
3.217394800000000288e+01
3.217394800000000288e+01
3.226081099999999680e+01
3.226081099999999680e+01
3.233783900000000244e+01
3.233783900000000244e+01
3.248342399999999941e+01
3.248342399999999941e+01
3.263668299999999789e+01
3.263668299999999789e+01
3.270889300000000333e+01
3.270889300000000333e+01
3.272355900000000162e+01
3.272355900000000162e+01
3.273604399999999970e+01
3.273604399999999970e+01
3.276060600000000278e+01
3.276060600000000278e+01
3.286920500000000089e+01
3.286920500000000089e+01
3.288722500000000082e+01
3.288722500000000082e+01
3.289762799999999743e+01
3.289762799999999743e+01
3.294705400000000139e+01
3.294705400000000139e+01
3.305064899999999994e+01
3.305064899999999994e+01
3.307223400000000169e+01
3.307223400000000169e+01
3.316881500000000216e+01
3.316881500000000216e+01
3.320143099999999947e+01
3.320143099999999947e+01
3.321571099999999888e+01
3.321571099999999888e+01
3.324622800000000211e+01
3.324622800000000211e+01
3.335042500000000132e+01
3.335042500000000132e+01
3.336549899999999980e+01
3.336549899999999980e+01
3.339260199999999656e+01
3.339260199999999656e+01
3.340840699999999686e+01
3.340840699999999686e+01
3.348273300000000319e+01
3.348273300000000319e+01
3.352887900000000343e+01
3.352887900000000343e+01
3.353282399999999797e+01
3.353282399999999797e+01
3.354875899999999689e+01
3.354875899999999689e+01
3.355525300000000044e+01
3.355525300000000044e+01
3.356980999999999682e+01
3.356980999999999682e+01
3.361641600000000096e+01
3.361641600000000096e+01
3.363378099999999904e+01
3.363378099999999904e+01
3.367472800000000177e+01
3.367472800000000177e+01
3.370052900000000307e+01
3.370052900000000307e+01
3.381230599999999953e+01
3.381230599999999953e+01
3.381532200000000188e+01
3.381532200000000188e+01
3.384238899999999717e+01
3.384238899999999717e+01
3.386698400000000220e+01
3.386698400000000220e+01
3.391275499999999710e+01
3.391275499999999710e+01
3.395670499999999947e+01
3.395670499999999947e+01
3.396208200000000232e+01
3.396208200000000232e+01
3.401845999999999748e+01
3.401845999999999748e+01
3.406738399999999700e+01
3.406738399999999700e+01
3.411710999999999672e+01
3.411710999999999672e+01
3.412568199999999763e+01
3.412568199999999763e+01
3.413935899999999890e+01
3.413935899999999890e+01
3.417610899999999674e+01
3.417610899999999674e+01
3.418775200000000325e+01
3.418775200000000325e+01
3.419042900000000174e+01
3.419042900000000174e+01
3.421220699999999937e+01
3.421220699999999937e+01
3.423850199999999688e+01
3.423850199999999688e+01
3.426211800000000096e+01
3.426211800000000096e+01
3.435690600000000217e+01
3.435690600000000217e+01
3.441388599999999798e+01
3.441388599999999798e+01
3.449924299999999988e+01
3.449924299999999988e+01
3.453674699999999831e+01
3.453674699999999831e+01
3.465669900000000325e+01
3.465669900000000325e+01
3.472018200000000121e+01
3.472018200000000121e+01
3.472796199999999800e+01
3.472796199999999800e+01
3.479921099999999967e+01
3.479921099999999967e+01
3.483395099999999900e+01
3.483395099999999900e+01
3.490594000000000108e+01
3.490594000000000108e+01
3.494946600000000103e+01
3.494946600000000103e+01
3.499311999999999756e+01
3.499311999999999756e+01
3.500728999999999758e+01
3.500728999999999758e+01
3.502673200000000264e+01
3.502673200000000264e+01
3.506862399999999980e+01
3.506862399999999980e+01
3.510940200000000289e+01
3.510940200000000289e+01
3.511773699999999820e+01
3.511773699999999820e+01
3.512958400000000125e+01
3.512958400000000125e+01
3.513386299999999807e+01
3.513386299999999807e+01
3.517881700000000222e+01
3.517881700000000222e+01
3.520185299999999984e+01
3.520185299999999984e+01
3.535301199999999966e+01
3.535301199999999966e+01
3.541583800000000082e+01
3.541583800000000082e+01
3.545454999999999757e+01
3.545454999999999757e+01
3.549975500000000039e+01
3.549975500000000039e+01
3.554815099999999717e+01
3.554815099999999717e+01
3.556466499999999797e+01
3.556466499999999797e+01
3.564121800000000206e+01
3.564121800000000206e+01
3.564776899999999671e+01
3.564776899999999671e+01
3.575381800000000254e+01
3.575381800000000254e+01
3.575761399999999668e+01
3.575761399999999668e+01
3.578471100000000149e+01
3.578471100000000149e+01
3.585185200000000094e+01
3.585185200000000094e+01
3.593072399999999789e+01
3.593072399999999789e+01
3.594629900000000333e+01
3.594629900000000333e+01
3.598493100000000311e+01
3.598493100000000311e+01
3.601104500000000286e+01
3.601104500000000286e+01
3.608378900000000300e+01
3.608378900000000300e+01
3.609081100000000220e+01
3.609081100000000220e+01
3.610978000000000065e+01
3.610978000000000065e+01
3.617660500000000212e+01
3.617660500000000212e+01
3.641903500000000093e+01
3.641903500000000093e+01
3.642952400000000068e+01
3.642952400000000068e+01
3.643280599999999936e+01
3.643280599999999936e+01
3.655791099999999716e+01
3.655791099999999716e+01
3.670121999999999929e+01
3.670121999999999929e+01
3.674489599999999712e+01
3.674489599999999712e+01
3.681740599999999830e+01
3.681740599999999830e+01
3.691125300000000209e+01
3.691125300000000209e+01
3.691304099999999977e+01
3.691304099999999977e+01
3.693468200000000223e+01
3.693468200000000223e+01
3.695593300000000170e+01
3.695593300000000170e+01
3.697567599999999999e+01
3.697567599999999999e+01
3.698297300000000121e+01
3.698297300000000121e+01
3.698883299999999963e+01
3.698883299999999963e+01
3.704370800000000230e+01
3.704370800000000230e+01
3.706924999999999670e+01
3.706924999999999670e+01
3.708047400000000238e+01
3.708047400000000238e+01
3.713094499999999698e+01
3.713094499999999698e+01
3.715671199999999885e+01
3.715671199999999885e+01
3.724827899999999659e+01
3.724827899999999659e+01
3.730319699999999727e+01
3.730319699999999727e+01
3.736360899999999674e+01
3.736360899999999674e+01
3.744733999999999696e+01
3.744733999999999696e+01
3.749655299999999869e+01
3.749655299999999869e+01
3.754360100000000244e+01
3.754360100000000244e+01
3.754826599999999814e+01
3.754826599999999814e+01
3.759865400000000335e+01
3.759865400000000335e+01
3.770546800000000331e+01
3.770546800000000331e+01
3.772419200000000217e+01
3.772419200000000217e+01
3.790401800000000065e+01
3.790401800000000065e+01
3.790950899999999990e+01
3.790950899999999990e+01
3.792196599999999762e+01
3.792196599999999762e+01
3.798572000000000060e+01
3.798572000000000060e+01
3.801157100000000355e+01
3.801157100000000355e+01
3.809548800000000313e+01
3.809548800000000313e+01
3.813065100000000029e+01
3.813065100000000029e+01
3.817164700000000011e+01
3.817164700000000011e+01
3.817744100000000174e+01
3.817744100000000174e+01
3.838132800000000344e+01
3.838132800000000344e+01
3.839632399999999990e+01
3.839632399999999990e+01
3.847303500000000298e+01
3.847303500000000298e+01
3.848969600000000213e+01
3.848969600000000213e+01
3.850780000000000314e+01
3.850780000000000314e+01
3.852853999999999957e+01
3.852853999999999957e+01
3.859641100000000336e+01
3.859641100000000336e+01
3.888811700000000116e+01
3.888811700000000116e+01
3.894992500000000035e+01
3.894992500000000035e+01
3.895563500000000090e+01
3.895563500000000090e+01
3.897181700000000149e+01
3.897181700000000149e+01
3.900327599999999961e+01
3.900327599999999961e+01
3.902907499999999885e+01
3.902907499999999885e+01
3.903801299999999941e+01
3.903801299999999941e+01
3.903855599999999981e+01
3.903855599999999981e+01
3.918156599999999656e+01
3.918156599999999656e+01
3.918869300000000067e+01
3.918869300000000067e+01
3.924781300000000073e+01
3.924781300000000073e+01
3.937050800000000095e+01
3.937050800000000095e+01
3.946525700000000114e+01
3.946525700000000114e+01
3.964724400000000060e+01
3.964724400000000060e+01
3.970818400000000281e+01
3.970818400000000281e+01
3.990953999999999979e+01
3.990953999999999979e+01
4.000516100000000108e+01
4.000516100000000108e+01
4.008297699999999963e+01
4.008297699999999963e+01
4.009055899999999895e+01
4.009055899999999895e+01
4.013396600000000092e+01
4.013396600000000092e+01
4.013948400000000305e+01
4.013948400000000305e+01
4.015052899999999880e+01
4.015052899999999880e+01
4.020376100000000008e+01
4.020376100000000008e+01
4.022821499999999872e+01
4.022821499999999872e+01
4.026296500000000123e+01
4.026296500000000123e+01
4.027871700000000033e+01
4.027871700000000033e+01
4.028635899999999737e+01
4.028635899999999737e+01
4.031136399999999753e+01
4.031136399999999753e+01
4.045692799999999778e+01
4.045692799999999778e+01
4.051492799999999761e+01
4.051492799999999761e+01
4.057004799999999989e+01
4.057004799999999989e+01
4.069280599999999737e+01
4.069280599999999737e+01
4.073233599999999655e+01
4.073233599999999655e+01
4.074458700000000277e+01
4.074458700000000277e+01
4.083008199999999732e+01
4.083008199999999732e+01
4.114447200000000038e+01
4.114447200000000038e+01
4.126754999999999995e+01
4.126754999999999995e+01
4.127672299999999694e+01
4.127672299999999694e+01
4.128533600000000092e+01
4.128533600000000092e+01
4.131900499999999710e+01
4.131900499999999710e+01
4.135220100000000087e+01
4.135220100000000087e+01
4.135287799999999692e+01
4.135287799999999692e+01
4.141000999999999976e+01
4.141000999999999976e+01
4.143639300000000247e+01
4.143639300000000247e+01
4.144764200000000187e+01
4.144764200000000187e+01
4.148581300000000027e+01
4.148581300000000027e+01
4.163661799999999857e+01
4.163661799999999857e+01
4.168116100000000301e+01
4.168116100000000301e+01
4.171615899999999755e+01
4.171615899999999755e+01
4.189025500000000335e+01
4.189025500000000335e+01
4.189706300000000283e+01
4.189706300000000283e+01
4.191101700000000108e+01
4.191101700000000108e+01
4.192105999999999710e+01
4.192105999999999710e+01
4.200126000000000204e+01
4.200126000000000204e+01
4.215733399999999875e+01
4.215733399999999875e+01
4.233724500000000290e+01
4.233724500000000290e+01
4.243496999999999986e+01
4.243496999999999986e+01
4.245780599999999794e+01
4.245780599999999794e+01
4.255933499999999725e+01
4.255933499999999725e+01
4.263142299999999807e+01
4.263142299999999807e+01
4.263690199999999919e+01
4.263690199999999919e+01
4.265123599999999726e+01
4.265123599999999726e+01
4.268207600000000213e+01
4.268207600000000213e+01
4.268263999999999925e+01
4.268263999999999925e+01
4.270044699999999693e+01
4.270044699999999693e+01
4.281130900000000139e+01
4.281130900000000139e+01
4.284790900000000136e+01
4.284790900000000136e+01
4.292716300000000018e+01
4.292716300000000018e+01
4.297384499999999719e+01
4.297384499999999719e+01
4.307370499999999680e+01
4.307370499999999680e+01
4.313364800000000088e+01
4.313364800000000088e+01
4.314200799999999703e+01
4.314200799999999703e+01
4.320359700000000203e+01
4.320359700000000203e+01
4.320379299999999745e+01
4.320379299999999745e+01
4.324227700000000141e+01
4.324227700000000141e+01
4.327848600000000090e+01
4.327848600000000090e+01
4.333370899999999892e+01
4.333370899999999892e+01
4.334910800000000108e+01
4.334910800000000108e+01
4.335696999999999690e+01
4.335696999999999690e+01
4.341414100000000076e+01
4.341414100000000076e+01
4.346767599999999732e+01
4.346767599999999732e+01
4.354725299999999777e+01
4.354725299999999777e+01
4.354969400000000235e+01
4.354969400000000235e+01
4.355877699999999919e+01
4.355877699999999919e+01
4.356974000000000302e+01
4.356974000000000302e+01
4.389829499999999740e+01
4.389829499999999740e+01
4.398146299999999798e+01
4.398146299999999798e+01
4.403096299999999985e+01
4.403096299999999985e+01
4.405523399999999867e+01
4.405523399999999867e+01
4.424918499999999710e+01
4.424918499999999710e+01
4.425414399999999659e+01
4.425414399999999659e+01
4.425419099999999872e+01
4.425419099999999872e+01
4.425485199999999963e+01
4.425485199999999963e+01
4.425498300000000285e+01
4.425498300000000285e+01
4.430966699999999747e+01
4.430966699999999747e+01
4.432992899999999992e+01
4.432992899999999992e+01
4.440658799999999928e+01
4.440658799999999928e+01
4.440689299999999662e+01
4.440689299999999662e+01
4.440773599999999988e+01
4.440773599999999988e+01
4.440796199999999772e+01
4.440796199999999772e+01
4.442747700000000322e+01
4.442747700000000322e+01
4.443231399999999809e+01
4.443231399999999809e+01
4.444511099999999715e+01
4.444511099999999715e+01
4.447442099999999954e+01
4.447442099999999954e+01
4.451241799999999671e+01
4.451241799999999671e+01
4.458518899999999974e+01
4.458518899999999974e+01
4.480765699999999896e+01
4.480765699999999896e+01
4.490867399999999776e+01
4.490867399999999776e+01
4.495445999999999742e+01
4.495445999999999742e+01
4.499403000000000219e+01
4.499403000000000219e+01
4.501466099999999670e+01
4.501466099999999670e+01
4.502910700000000332e+01
4.502910700000000332e+01
4.508528499999999894e+01
4.508528499999999894e+01
4.514363099999999918e+01
4.514363099999999918e+01
4.522343000000000046e+01
4.522343000000000046e+01
4.531255699999999820e+01
4.531255699999999820e+01
4.534985400000000055e+01
4.534985400000000055e+01
4.537693600000000060e+01
4.537693600000000060e+01
4.538078900000000004e+01
4.538078900000000004e+01
4.539255699999999649e+01
4.539255699999999649e+01
4.550200199999999739e+01
4.550200199999999739e+01
4.553551499999999663e+01
4.553551499999999663e+01
4.555842499999999973e+01
4.555842499999999973e+01
4.558699099999999760e+01
4.558699099999999760e+01
4.558875700000000109e+01
4.558875700000000109e+01
4.561240300000000047e+01
4.561240300000000047e+01
4.564037400000000133e+01
4.564037400000000133e+01
4.576595700000000022e+01
4.576595700000000022e+01
4.581824499999999745e+01
4.581824499999999745e+01
4.585644500000000079e+01
4.585644500000000079e+01
4.586542599999999936e+01
4.586542599999999936e+01
4.592566699999999713e+01
4.592566699999999713e+01
4.596224000000000132e+01
4.596224000000000132e+01
4.606995500000000021e+01
4.606995500000000021e+01
4.617189599999999672e+01
4.617189599999999672e+01
4.619108700000000312e+01
4.619108700000000312e+01
4.624287199999999842e+01
4.624287199999999842e+01
4.624716200000000299e+01
4.624716200000000299e+01
4.626729399999999970e+01
4.626729399999999970e+01
4.643111100000000135e+01
4.643111100000000135e+01
4.645323900000000350e+01
4.645323900000000350e+01
4.652666399999999669e+01
4.652666399999999669e+01
4.660017700000000218e+01
4.660017700000000218e+01
4.670780599999999794e+01
4.670780599999999794e+01
4.672273299999999807e+01
4.672273299999999807e+01
4.673447900000000033e+01
4.673447900000000033e+01
4.703716399999999709e+01
4.703716399999999709e+01
4.705988599999999877e+01
4.705988599999999877e+01
4.708880099999999658e+01
4.708880099999999658e+01
4.711533500000000174e+01
4.711533500000000174e+01
4.717511400000000066e+01
4.717511400000000066e+01
4.721068300000000306e+01
4.721068300000000306e+01
4.723797299999999666e+01
4.723797299999999666e+01
4.728727899999999806e+01
4.728727899999999806e+01
4.736916899999999941e+01
4.736916899999999941e+01
4.738949600000000117e+01
4.738949600000000117e+01
4.746629300000000029e+01
4.746629300000000029e+01
4.746976399999999785e+01
4.746976399999999785e+01
4.748628999999999678e+01
4.748628999999999678e+01
4.752910200000000174e+01
4.752910200000000174e+01
4.755702500000000299e+01
4.755702500000000299e+01
4.757570199999999971e+01
4.757570199999999971e+01
4.759363100000000202e+01
4.759363100000000202e+01
4.760658200000000306e+01
4.760658200000000306e+01
4.760987899999999939e+01
4.760987899999999939e+01
4.763781500000000335e+01
4.763781500000000335e+01
4.766524799999999829e+01
4.766524799999999829e+01
4.770070900000000336e+01
4.770070900000000336e+01
4.776469600000000071e+01
4.776469600000000071e+01
4.779936699999999661e+01
4.779936699999999661e+01
4.809547899999999743e+01
4.809547899999999743e+01
4.818852900000000261e+01
4.818852900000000261e+01
4.819587299999999885e+01
4.819587299999999885e+01
4.824166600000000216e+01
4.824166600000000216e+01
4.824466000000000321e+01
4.824466000000000321e+01
4.844985599999999692e+01
4.844985599999999692e+01
4.849723600000000090e+01
4.849723600000000090e+01
4.858166099999999687e+01
4.858166099999999687e+01
4.873706800000000072e+01
4.873706800000000072e+01
4.874955299999999880e+01
4.874955299999999880e+01
4.875376399999999677e+01
4.875376399999999677e+01
4.876701800000000020e+01
4.876701800000000020e+01
4.880528999999999940e+01
4.880528999999999940e+01
4.890549899999999894e+01
4.890549899999999894e+01
4.901898099999999658e+01
4.901898099999999658e+01
4.902187800000000095e+01
4.902187800000000095e+01
4.904314300000000060e+01
4.904314300000000060e+01
4.904497800000000041e+01
4.904497800000000041e+01
4.910526099999999872e+01
4.910526099999999872e+01
4.920614400000000188e+01
4.920614400000000188e+01
4.922097600000000028e+01
4.922097600000000028e+01
4.929955400000000054e+01
4.929955400000000054e+01
4.930394600000000338e+01
4.930394600000000338e+01
4.931981300000000346e+01
4.931981300000000346e+01
4.936481799999999964e+01
4.936481799999999964e+01
4.937141900000000305e+01
4.937141900000000305e+01
4.937820299999999918e+01
4.937820299999999918e+01
4.945500499999999988e+01
4.945500499999999988e+01
4.953945300000000174e+01
4.953945300000000174e+01
4.955691199999999697e+01
4.955691199999999697e+01
4.964418799999999976e+01
4.964418799999999976e+01
4.971696299999999979e+01
4.971696299999999979e+01
4.972385899999999737e+01
4.972385899999999737e+01
4.979711000000000354e+01
4.979711000000000354e+01
4.990712299999999857e+01
4.990712299999999857e+01
5.000191300000000183e+01
5.000191300000000183e+01
5.006984700000000288e+01
5.006984700000000288e+01
5.011006900000000286e+01
5.011006900000000286e+01
5.027616700000000094e+01
5.027616700000000094e+01
5.029916099999999801e+01
5.029916099999999801e+01
5.032064199999999943e+01
5.032064199999999943e+01
5.036793300000000073e+01
5.036793300000000073e+01
5.042077499999999901e+01
5.042077499999999901e+01
5.045032599999999690e+01
5.045032599999999690e+01
5.054142099999999971e+01
5.054142099999999971e+01
5.059291100000000085e+01
5.059291100000000085e+01
5.061910699999999963e+01
5.061910699999999963e+01
5.065081500000000148e+01
5.065081500000000148e+01
5.065685100000000318e+01
5.065685100000000318e+01
5.071825100000000219e+01
5.071825100000000219e+01
5.078897899999999765e+01
5.078897899999999765e+01
5.079010099999999994e+01
5.079010099999999994e+01
5.081702400000000353e+01
5.081702400000000353e+01
5.090454299999999677e+01
5.090454299999999677e+01
5.092326099999999656e+01
5.092326099999999656e+01
5.092990199999999845e+01
5.092990199999999845e+01
5.097345299999999924e+01
5.097345299999999924e+01
5.114076200000000227e+01
5.114076200000000227e+01
5.119268100000000032e+01
5.119268100000000032e+01
5.121503700000000237e+01
5.121503700000000237e+01
5.124584600000000023e+01
5.124584600000000023e+01
5.126748700000000269e+01
5.126748700000000269e+01
5.127991699999999753e+01
5.127991699999999753e+01
5.133098999999999990e+01
5.133098999999999990e+01
5.136625500000000244e+01
5.136625500000000244e+01
5.147239600000000337e+01
5.147239600000000337e+01
5.157733999999999952e+01
5.157733999999999952e+01
5.170711500000000171e+01
5.170711500000000171e+01
5.176039600000000007e+01
5.176039600000000007e+01
5.177539600000000064e+01
5.177539600000000064e+01
5.186833000000000027e+01
5.186833000000000027e+01
5.191292200000000179e+01
5.191292200000000179e+01
5.196939299999999662e+01
5.196939299999999662e+01
5.197016099999999739e+01
5.197016099999999739e+01
5.197626499999999794e+01
5.197626499999999794e+01
5.206012900000000343e+01
5.206012900000000343e+01
5.214082400000000206e+01
5.214082400000000206e+01
5.231107699999999738e+01
5.231107699999999738e+01
5.246593500000000176e+01
5.246593500000000176e+01
5.249036300000000210e+01
5.249036300000000210e+01
5.249741499999999661e+01
5.249741499999999661e+01
5.250232100000000202e+01
5.250232100000000202e+01
5.266866399999999970e+01
5.266866399999999970e+01
5.270381600000000333e+01
5.270381600000000333e+01
5.272549200000000269e+01
5.272549200000000269e+01
5.275630100000000056e+01
5.275630100000000056e+01
5.283646999999999849e+01
5.283646999999999849e+01
5.283920799999999929e+01
5.283920799999999929e+01
5.284788199999999847e+01
5.284788199999999847e+01
5.284799100000000038e+01
5.284799100000000038e+01
5.287851700000000221e+01
5.287851700000000221e+01
5.292405899999999974e+01
5.292405899999999974e+01
5.297053700000000021e+01
5.297053700000000021e+01
5.297962700000000069e+01
5.297962700000000069e+01
5.300689200000000056e+01
5.300689200000000056e+01
5.305049100000000095e+01
5.305049100000000095e+01
5.305410200000000032e+01
5.305410200000000032e+01
5.308935999999999922e+01
5.308935999999999922e+01
5.310633599999999888e+01
5.310633599999999888e+01
5.317392000000000252e+01
5.317392000000000252e+01
5.319879099999999994e+01
5.319879099999999994e+01
5.327355000000000018e+01
5.327355000000000018e+01
5.337852000000000174e+01
5.337852000000000174e+01
5.340811599999999970e+01
5.340811599999999970e+01
5.346783200000000136e+01
5.346783200000000136e+01
5.348866600000000204e+01
5.348866600000000204e+01
5.356210500000000252e+01
5.356210500000000252e+01
5.360345499999999674e+01
5.360345499999999674e+01
5.365354899999999816e+01
5.365354899999999816e+01
5.365941000000000116e+01
5.365941000000000116e+01
5.370073399999999708e+01
5.370073399999999708e+01
5.371384299999999712e+01
5.371384299999999712e+01
5.371450999999999709e+01
5.371450999999999709e+01
5.371612199999999859e+01
5.371612199999999859e+01
5.374574499999999944e+01
5.374574499999999944e+01
5.379280399999999673e+01
5.379280399999999673e+01
5.391342199999999707e+01
5.391342199999999707e+01
5.393827199999999777e+01
5.393827199999999777e+01
5.394571299999999781e+01
5.394571299999999781e+01
5.397219700000000131e+01
5.397219700000000131e+01
5.397466399999999709e+01
5.397466399999999709e+01
5.402940000000000254e+01
5.402940000000000254e+01
5.406513199999999841e+01
5.406513199999999841e+01
5.431551699999999983e+01
5.431551699999999983e+01
5.435330799999999840e+01
5.435330799999999840e+01
5.437139700000000175e+01
5.437139700000000175e+01
5.444023399999999668e+01
5.444023399999999668e+01
5.446015400000000284e+01
5.446015400000000284e+01
5.448789399999999716e+01
5.448789399999999716e+01
5.456867700000000099e+01
5.456867700000000099e+01
5.458054800000000029e+01
5.458054800000000029e+01
5.470753200000000049e+01
5.470753200000000049e+01
5.471623499999999751e+01
5.471623499999999751e+01
5.499769599999999770e+01
5.499769599999999770e+01
5.523788299999999651e+01
5.523788299999999651e+01
5.531784900000000249e+01
5.531784900000000249e+01
5.531925499999999829e+01
5.531925499999999829e+01
5.532181099999999674e+01
5.532181099999999674e+01
5.540258200000000244e+01
5.540258200000000244e+01
5.540513399999999677e+01
5.540513399999999677e+01
5.544778300000000115e+01
5.544778300000000115e+01
5.556864900000000063e+01
5.556864900000000063e+01
5.563275500000000306e+01
5.563275500000000306e+01
5.563826600000000155e+01
5.563826600000000155e+01
5.563983199999999840e+01
5.563983199999999840e+01
5.572858899999999949e+01
5.572858899999999949e+01
5.574092300000000222e+01
5.574092300000000222e+01
5.584924399999999878e+01
5.584924399999999878e+01
5.585874299999999693e+01
5.585874299999999693e+01
5.592043400000000020e+01
5.592043400000000020e+01
5.592797000000000196e+01
5.592797000000000196e+01
5.594160200000000316e+01
5.594160200000000316e+01
5.594327299999999781e+01
5.594327299999999781e+01
5.621770200000000273e+01
5.621770200000000273e+01
5.629996400000000278e+01
5.629996400000000278e+01
5.632518100000000061e+01
5.632518100000000061e+01
5.641134000000000270e+01
5.641134000000000270e+01
5.643030699999999911e+01
5.643030699999999911e+01
5.644004100000000079e+01
5.644004100000000079e+01
5.644133699999999720e+01
5.644133699999999720e+01
5.651400900000000149e+01
5.651400900000000149e+01
5.660375200000000007e+01
5.660375200000000007e+01
5.669544700000000148e+01
5.669544700000000148e+01
5.670342999999999734e+01
5.670342999999999734e+01
5.678702700000000192e+01
5.678702700000000192e+01
5.679162500000000335e+01
5.679162500000000335e+01
5.684897500000000292e+01
5.684897500000000292e+01
5.685901199999999989e+01
5.685901199999999989e+01
5.689350000000000307e+01
5.689350000000000307e+01
5.700318399999999741e+01
5.700318399999999741e+01
5.701174900000000179e+01
5.701174900000000179e+01
5.703924399999999650e+01
5.703924399999999650e+01
5.704091400000000078e+01
5.704091400000000078e+01
5.706935699999999656e+01
5.706935699999999656e+01
5.711907500000000226e+01
5.711907500000000226e+01
5.714666499999999871e+01
5.714666499999999871e+01
5.716080600000000089e+01
5.716080600000000089e+01
5.718357300000000265e+01
5.718357300000000265e+01
5.724628299999999825e+01
5.724628299999999825e+01
5.729413999999999874e+01
5.729413999999999874e+01
5.730257799999999690e+01
5.730257799999999690e+01
5.738798400000000299e+01
5.738798400000000299e+01
5.740799499999999966e+01
5.740799499999999966e+01
5.743860300000000052e+01
5.743860300000000052e+01
5.751363899999999774e+01
5.751363899999999774e+01
5.753466099999999983e+01
5.753466099999999983e+01
5.753752300000000020e+01
5.753752300000000020e+01
5.767727800000000116e+01
5.767727800000000116e+01
5.770033000000000101e+01
5.770033000000000101e+01
5.775214900000000284e+01
5.775214900000000284e+01
5.784034299999999718e+01
5.784034299999999718e+01
5.794135399999999692e+01
5.794135399999999692e+01
5.798940600000000245e+01
5.798940600000000245e+01
5.800703699999999685e+01
5.800703699999999685e+01
5.804626400000000075e+01
5.804626400000000075e+01
5.806538100000000213e+01
5.806538100000000213e+01
5.809059500000000043e+01
5.809059500000000043e+01
5.809935300000000069e+01
5.809935300000000069e+01
5.810548500000000161e+01
5.810548500000000161e+01
5.822945699999999647e+01
5.822945699999999647e+01
5.824437499999999801e+01
5.824437499999999801e+01
5.837406399999999707e+01
5.837406399999999707e+01
5.845295099999999877e+01
5.845295099999999877e+01
5.846621100000000126e+01
5.846621100000000126e+01
5.851308900000000079e+01
5.851308900000000079e+01
5.856964399999999671e+01
5.856964399999999671e+01
5.859529400000000265e+01
5.859529400000000265e+01
5.876233500000000021e+01
5.876233500000000021e+01
5.876957600000000070e+01
5.876957600000000070e+01
5.881795900000000188e+01
5.881795900000000188e+01
5.882235399999999714e+01
5.882235399999999714e+01
5.882712599999999981e+01
5.882712599999999981e+01
5.884509599999999807e+01
5.884509599999999807e+01
5.888766600000000295e+01
5.888766600000000295e+01
5.893743299999999863e+01
5.893743299999999863e+01
5.910282200000000330e+01
5.910282200000000330e+01
5.912715099999999779e+01
5.912715099999999779e+01
5.925445899999999710e+01
5.925445899999999710e+01
5.942363300000000237e+01
5.942363300000000237e+01
5.942573999999999756e+01
5.942573999999999756e+01
5.943275599999999770e+01
5.943275599999999770e+01
5.955320900000000250e+01
5.955320900000000250e+01
5.956660000000000110e+01
5.956660000000000110e+01
5.963858400000000159e+01
5.963858400000000159e+01
5.965986300000000142e+01
5.965986300000000142e+01
5.970991500000000229e+01
5.970991500000000229e+01
5.972188599999999781e+01
5.972188599999999781e+01
5.973059299999999894e+01
5.973059299999999894e+01
5.979171600000000097e+01
5.979171600000000097e+01
5.980042600000000164e+01
5.980042600000000164e+01
5.981996099999999927e+01
5.981996099999999927e+01
5.985898199999999747e+01
5.985898199999999747e+01
5.990916099999999744e+01
5.990916099999999744e+01
5.993948499999999768e+01
5.993948499999999768e+01
5.995331600000000094e+01
5.995331600000000094e+01
6.003719900000000109e+01
6.003719900000000109e+01
6.012813299999999828e+01
6.012813299999999828e+01
6.017591699999999832e+01
6.017591699999999832e+01
6.017696399999999812e+01
6.017696399999999812e+01
6.018984199999999873e+01
6.018984199999999873e+01
6.022892900000000083e+01
6.022892900000000083e+01
6.025391799999999876e+01
6.025391799999999876e+01
6.026053900000000141e+01
6.026053900000000141e+01
6.038274899999999690e+01
6.038274899999999690e+01
6.040362199999999859e+01
6.040362199999999859e+01
6.041316199999999981e+01
6.041316199999999981e+01
6.043370999999999782e+01
6.043370999999999782e+01
6.044924199999999814e+01
6.044924199999999814e+01
6.058682600000000207e+01
6.058682600000000207e+01
6.058766700000000327e+01
6.058766700000000327e+01
6.063961100000000215e+01
6.063961100000000215e+01
6.065309899999999743e+01
6.065309899999999743e+01
6.070697299999999785e+01
6.070697299999999785e+01
6.071461399999999742e+01
6.071461399999999742e+01
6.078793699999999944e+01
6.078793699999999944e+01
6.092116899999999902e+01
6.092116899999999902e+01
6.093010400000000004e+01
6.093010400000000004e+01
6.100473199999999707e+01
6.100473199999999707e+01
6.106681900000000240e+01
6.106681900000000240e+01
6.114994099999999833e+01
6.114994099999999833e+01
6.120895300000000105e+01
6.120895300000000105e+01
6.126644699999999943e+01
6.126644699999999943e+01
6.137234800000000234e+01
6.137234800000000234e+01
6.142753199999999936e+01
6.142753199999999936e+01
6.147597999999999985e+01
6.147597999999999985e+01
6.158058299999999718e+01
6.158058299999999718e+01
6.160807899999999648e+01
6.160807899999999648e+01
6.161709400000000159e+01
6.161709400000000159e+01
6.163732699999999909e+01
6.163732699999999909e+01
6.187022300000000286e+01
6.187022300000000286e+01
6.193737200000000342e+01
6.193737200000000342e+01
6.201102800000000315e+01
6.201102800000000315e+01
6.210141200000000339e+01
6.210141200000000339e+01
6.211651499999999970e+01
6.211651499999999970e+01
6.216666599999999931e+01
6.216666599999999931e+01
6.217276400000000081e+01
6.217276400000000081e+01
6.224477300000000213e+01
6.224477300000000213e+01
6.227507299999999901e+01
6.227507299999999901e+01
6.233128299999999911e+01
6.233128299999999911e+01
6.241368299999999891e+01
6.241368299999999891e+01
6.243968100000000021e+01
6.243968100000000021e+01
6.248388099999999667e+01
6.248388099999999667e+01
6.254190499999999986e+01
6.254190499999999986e+01
6.264987299999999948e+01
6.264987299999999948e+01
6.265572499999999678e+01
6.265572499999999678e+01
6.267068100000000186e+01
6.267068100000000186e+01
6.269990500000000111e+01
6.269990500000000111e+01
6.271607699999999852e+01
6.271607699999999852e+01
6.278991800000000012e+01
6.278991800000000012e+01
6.290246400000000193e+01
6.290246400000000193e+01
6.292904699999999707e+01
6.292904699999999707e+01
6.293979800000000324e+01
6.293979800000000324e+01
6.302655399999999730e+01
6.302655399999999730e+01
6.306754999999999711e+01
6.306754999999999711e+01
6.307835899999999896e+01
6.307835899999999896e+01
6.309857499999999675e+01
6.309857499999999675e+01
6.335021799999999814e+01
6.335021799999999814e+01
6.335340300000000013e+01
6.335340300000000013e+01
6.341523300000000063e+01
6.341523300000000063e+01
6.344090599999999824e+01
6.344090599999999824e+01
6.348614599999999797e+01
6.348614599999999797e+01
6.364459500000000247e+01
6.364459500000000247e+01
6.366344699999999790e+01
6.366344699999999790e+01
6.367012100000000174e+01
6.367012100000000174e+01
6.370265299999999797e+01
6.370265299999999797e+01
6.374627600000000172e+01
6.374627600000000172e+01
6.375663699999999778e+01
6.375663699999999778e+01
6.376504800000000017e+01
6.376504800000000017e+01
6.383171600000000012e+01
6.383171600000000012e+01
6.384196000000000026e+01
6.384196000000000026e+01
6.394243000000000166e+01
6.394243000000000166e+01
6.405139400000000194e+01
6.405139400000000194e+01
6.405459799999999859e+01
6.405459799999999859e+01
6.407084299999999644e+01
6.407084299999999644e+01
6.410013700000000370e+01
6.410013700000000370e+01
6.412681399999999599e+01
6.412681399999999599e+01
6.415943099999999788e+01
6.415943099999999788e+01
6.418909899999999880e+01
6.418909899999999880e+01
6.422393900000000144e+01
6.422393900000000144e+01
6.431703400000000670e+01
6.431703400000000670e+01
6.432065199999999550e+01
6.432065199999999550e+01
6.459369200000000433e+01
6.459369200000000433e+01
6.463469600000000526e+01
6.463469600000000526e+01
6.466613399999999956e+01
6.466613399999999956e+01
6.469314099999999712e+01
6.469314099999999712e+01
6.470650399999999536e+01
6.470650399999999536e+01
6.475784699999999816e+01
6.475784699999999816e+01
6.478404999999999347e+01
6.478404999999999347e+01
6.487937999999999761e+01
6.487937999999999761e+01
6.497216799999999637e+01
6.497216799999999637e+01
6.510773899999999514e+01
6.510773899999999514e+01
6.521788399999999797e+01
6.521788399999999797e+01
6.536910199999999804e+01
6.536910199999999804e+01
6.553889200000000415e+01
6.553889200000000415e+01
6.555954099999999585e+01
6.555954099999999585e+01
6.556490700000000516e+01
6.556490700000000516e+01
6.560975500000000693e+01
6.560975500000000693e+01
6.578092599999999379e+01
6.578092599999999379e+01
6.580223800000000267e+01
6.580223800000000267e+01
6.585491899999999532e+01
6.585491899999999532e+01
6.593636700000000417e+01
6.593636700000000417e+01
6.604408499999999549e+01
6.604408499999999549e+01
6.605002100000000098e+01
6.605002100000000098e+01
6.610489800000000571e+01
6.610489800000000571e+01
6.610729100000000358e+01
6.610729100000000358e+01
6.624142100000000255e+01
6.624142100000000255e+01
6.625388599999999428e+01
6.625388599999999428e+01
6.625778499999999838e+01
6.625778499999999838e+01
6.631000500000000386e+01
6.631000500000000386e+01
6.633330999999999733e+01
6.633330999999999733e+01
6.637606200000000456e+01
6.637606200000000456e+01
6.647766199999999515e+01
6.647766199999999515e+01
6.649963300000000288e+01
6.649963300000000288e+01
6.662490400000000079e+01
6.662490400000000079e+01
6.675338800000000106e+01
6.675338800000000106e+01
6.676634500000000116e+01
6.676634500000000116e+01
6.683956000000000586e+01
6.683956000000000586e+01
6.685373900000000447e+01
6.685373900000000447e+01
6.686039200000000449e+01
6.686039200000000449e+01
6.691864900000000205e+01
6.691864900000000205e+01
6.693437699999999779e+01
6.693437699999999779e+01
6.694525899999999297e+01
6.694525899999999297e+01
6.695593700000000581e+01
6.695593700000000581e+01
6.698358000000000345e+01
6.698358000000000345e+01
6.700360100000000330e+01
6.700360100000000330e+01
6.700935800000000597e+01
6.700935800000000597e+01
6.704770600000000513e+01
6.704770600000000513e+01
6.710733100000000206e+01
6.710733100000000206e+01
6.711292799999999659e+01
6.711292799999999659e+01
6.713654099999999403e+01
6.713654099999999403e+01
6.713790799999999592e+01
6.713790799999999592e+01
6.721134700000000350e+01
6.721134700000000350e+01
6.738902799999999615e+01
6.738902799999999615e+01
6.745174599999999998e+01
6.745174599999999998e+01
6.751777400000000284e+01
6.751777400000000284e+01
6.753060800000000086e+01
6.753060800000000086e+01
6.762250600000000134e+01
6.762250600000000134e+01
6.766187399999999741e+01
6.766187399999999741e+01
6.782474100000000305e+01
6.782474100000000305e+01
6.795226300000000208e+01
6.795226300000000208e+01
6.802953100000000575e+01
6.802953100000000575e+01
6.806369800000000225e+01
6.806369800000000225e+01
6.812018399999999474e+01
6.812018399999999474e+01
6.814675499999999886e+01
6.814675499999999886e+01
6.832504000000000133e+01
6.832504000000000133e+01
6.832521599999999751e+01
6.832521599999999751e+01
6.840121399999999596e+01
6.840121399999999596e+01
6.841576100000000338e+01
6.841576100000000338e+01
6.856896100000000160e+01
6.856896100000000160e+01
6.870420099999999763e+01
6.870420099999999763e+01
6.871247499999999775e+01
6.871247499999999775e+01
6.875666300000000319e+01
6.875666300000000319e+01
6.877943100000000243e+01
6.877943100000000243e+01
6.889559400000000267e+01
6.889559400000000267e+01
6.893241199999999935e+01
6.893241199999999935e+01
6.902063099999999451e+01
6.902063099999999451e+01
6.909815899999999544e+01
6.909815899999999544e+01
6.911980400000000202e+01
6.911980400000000202e+01
6.917107799999999429e+01
6.917107799999999429e+01
6.921847200000000555e+01
6.921847200000000555e+01
6.926341899999999896e+01
6.926341899999999896e+01
6.927056699999999978e+01
6.927056699999999978e+01
6.930177600000000382e+01
6.930177600000000382e+01
6.930682000000000187e+01
6.930682000000000187e+01
6.937113600000000702e+01
6.937113600000000702e+01
6.941615400000000591e+01
6.941615400000000591e+01
6.942078600000000677e+01
6.942078600000000677e+01
6.962193600000000515e+01
6.962193600000000515e+01
6.973701800000000617e+01
6.973701800000000617e+01
6.988437600000000316e+01
6.988437600000000316e+01
6.995695499999999356e+01
6.995695499999999356e+01
6.999238900000000285e+01
6.999238900000000285e+01
6.999275400000000502e+01
6.999275400000000502e+01
7.017151800000000605e+01
7.017151800000000605e+01
7.019031400000000076e+01
7.019031400000000076e+01
7.019083299999999781e+01
7.019083299999999781e+01
7.029495400000000416e+01
7.029495400000000416e+01
7.029521499999999889e+01
7.029521499999999889e+01
7.032075899999999535e+01
7.032075899999999535e+01
7.032283099999999365e+01
7.032283099999999365e+01
7.032807099999999423e+01
7.032807099999999423e+01
7.039874100000000112e+01
7.039874100000000112e+01
7.040407399999999427e+01
7.040407399999999427e+01
7.041387899999999433e+01
7.041387899999999433e+01
7.042918000000000234e+01
7.042918000000000234e+01
7.044567800000000091e+01
7.044567800000000091e+01
7.046846100000000490e+01
7.046846100000000490e+01
7.055574199999999507e+01
7.055574199999999507e+01
7.067722999999999445e+01
7.067722999999999445e+01
7.070248800000000244e+01
7.070248800000000244e+01
7.075842199999999593e+01
7.075842199999999593e+01
7.076829899999999895e+01
7.076829899999999895e+01
7.083011500000000638e+01
7.083011500000000638e+01
7.085129399999999578e+01
7.085129399999999578e+01
7.107251200000000324e+01
7.107251200000000324e+01
7.117941199999999924e+01
7.117941199999999924e+01
7.119447300000000212e+01
7.119447300000000212e+01
7.124445699999999704e+01
7.124445699999999704e+01
7.126047499999999957e+01
7.126047499999999957e+01
7.138052399999999409e+01
7.138052399999999409e+01
7.144480400000000486e+01
7.144480400000000486e+01
7.152156700000000455e+01
7.152156700000000455e+01
7.152600599999999531e+01
7.152600599999999531e+01
7.153215600000000052e+01
7.153215600000000052e+01
7.153667500000000246e+01
7.153667500000000246e+01
7.159130899999999542e+01
7.159130899999999542e+01
7.168856300000000203e+01
7.168856300000000203e+01
7.177913900000000069e+01
7.177913900000000069e+01
7.179500899999999319e+01
7.179500899999999319e+01
7.180236100000000476e+01
7.180236100000000476e+01
7.180481699999999989e+01
7.180481699999999989e+01
7.204178899999999430e+01
7.204178899999999430e+01
7.206629700000000582e+01
7.206629700000000582e+01
7.211764300000000105e+01
7.211764300000000105e+01
7.234577099999999916e+01
7.234577099999999916e+01
7.236476500000000556e+01
7.236476500000000556e+01
7.236560299999999302e+01
7.236560299999999302e+01
7.240537100000000237e+01
7.240537100000000237e+01
7.241896500000000003e+01
7.241896500000000003e+01
7.244377199999999561e+01
7.244377199999999561e+01
7.245738799999999458e+01
7.245738799999999458e+01
7.250498899999999480e+01
7.250498899999999480e+01
7.256529199999999946e+01
7.256529199999999946e+01
7.256719999999999970e+01
7.256719999999999970e+01
7.258252400000000648e+01
7.258252400000000648e+01
7.259283499999999378e+01
7.259283499999999378e+01
7.260011599999999987e+01
7.260011599999999987e+01
7.263923699999999428e+01
7.263923699999999428e+01
7.268563699999999983e+01
7.268563699999999983e+01
7.274908399999999631e+01
7.274908399999999631e+01
7.278489299999999673e+01
7.278489299999999673e+01
7.283316800000000057e+01
7.283316800000000057e+01
7.283328000000000202e+01
7.283328000000000202e+01
7.302326700000000415e+01
7.302326700000000415e+01
7.307396199999999453e+01
7.307396199999999453e+01
7.318038599999999860e+01
7.318038599999999860e+01
7.323054299999999728e+01
7.323054299999999728e+01
7.329188800000000015e+01
7.329188800000000015e+01
7.331743500000000324e+01
7.331743500000000324e+01
7.336801199999999312e+01
7.336801199999999312e+01
7.337474500000000432e+01
7.337474500000000432e+01
7.343556599999999435e+01
7.343556599999999435e+01
7.343941200000000435e+01
7.343941200000000435e+01
7.348507600000000650e+01
7.348507600000000650e+01
7.364681799999999612e+01
7.364681799999999612e+01
7.365076600000000440e+01
7.365076600000000440e+01
7.370864600000000166e+01
7.370864600000000166e+01
7.372583299999999440e+01
7.372583299999999440e+01
7.373659999999999570e+01
7.373659999999999570e+01
7.376895799999999781e+01
7.376895799999999781e+01
7.384027600000000291e+01
7.384027600000000291e+01
7.396178399999999442e+01
7.396178399999999442e+01
7.404992900000000589e+01
7.404992900000000589e+01
7.408256299999999328e+01
7.408256299999999328e+01
7.415695100000000650e+01
7.415695100000000650e+01
7.418618299999999977e+01
7.418618299999999977e+01
7.419491899999999873e+01
7.419491899999999873e+01
7.424461300000000108e+01
7.424461300000000108e+01
7.424781400000000531e+01
7.424781400000000531e+01
7.430210399999999993e+01
7.430210399999999993e+01
7.434218400000000315e+01
7.434218400000000315e+01
7.434443600000000174e+01
7.434443600000000174e+01
7.449081700000000694e+01
7.449081700000000694e+01
7.450021800000000383e+01
7.450021800000000383e+01
7.451033300000000281e+01
7.451033300000000281e+01
7.454274999999999807e+01
7.454274999999999807e+01
7.459171399999999608e+01
7.459171399999999608e+01
7.467785700000000304e+01
7.467785700000000304e+01
7.469961999999999591e+01
7.469961999999999591e+01
7.471378199999999481e+01
7.471378199999999481e+01
7.510450799999999560e+01
7.510450799999999560e+01
7.515172599999999647e+01
7.515172599999999647e+01
7.516318599999999606e+01
7.516318599999999606e+01
7.521858799999999690e+01
7.521858799999999690e+01
7.524650300000000414e+01
7.524650300000000414e+01
7.531064299999999889e+01
7.531064299999999889e+01
7.532464699999999880e+01
7.532464699999999880e+01
7.534288499999999544e+01
7.534288499999999544e+01
7.534447400000000528e+01
7.534447400000000528e+01
7.538743900000000053e+01
7.538743900000000053e+01
7.542748299999999517e+01
7.542748299999999517e+01
7.547090199999999527e+01
7.547090199999999527e+01
7.552030700000000252e+01
7.552030700000000252e+01
7.552940099999999291e+01
7.552940099999999291e+01
7.558343200000000195e+01
7.558343200000000195e+01
7.558343999999999596e+01
7.558343999999999596e+01
7.561459600000000592e+01
7.561459600000000592e+01
7.565259500000000514e+01
7.565259500000000514e+01
7.569939999999999714e+01
7.569939999999999714e+01
7.571803900000000453e+01
7.571803900000000453e+01
7.574455700000000036e+01
7.574455700000000036e+01
7.576384400000000596e+01
7.576384400000000596e+01
7.577427199999999630e+01
7.577427199999999630e+01
7.579784499999999525e+01
7.579784499999999525e+01
7.582261800000000562e+01
7.582261800000000562e+01
7.583855699999999445e+01
7.583855699999999445e+01
7.588751499999999339e+01
7.588751499999999339e+01
7.593909999999999627e+01
7.593909999999999627e+01
7.599236999999999398e+01
7.599236999999999398e+01
7.603732200000000319e+01
7.603732200000000319e+01
7.630157099999999559e+01
7.630157099999999559e+01
7.631461799999999585e+01
7.631461799999999585e+01
7.631734000000000151e+01
7.631734000000000151e+01
7.635651900000000580e+01
7.635651900000000580e+01
7.648775700000000199e+01
7.648775700000000199e+01
7.650592199999999821e+01
7.650592199999999821e+01
7.661533599999999922e+01
7.661533599999999922e+01
7.673216200000000242e+01
7.673216200000000242e+01
7.673331600000000208e+01
7.673331600000000208e+01
7.677343799999999874e+01
7.677343799999999874e+01
7.684587899999999649e+01
7.684587899999999649e+01
7.685120000000000573e+01
7.685120000000000573e+01
7.688888099999999781e+01
7.688888099999999781e+01
7.689162799999999720e+01
7.689162799999999720e+01
7.698717399999999600e+01
7.698717399999999600e+01
7.705664699999999812e+01
7.705664699999999812e+01
7.706196300000000576e+01
7.706196300000000576e+01
7.717557800000000157e+01
7.717557800000000157e+01
7.722975900000000138e+01
7.722975900000000138e+01
7.725055899999999554e+01
7.725055899999999554e+01
7.730664799999999559e+01
7.730664799999999559e+01
7.737721700000000169e+01
7.737721700000000169e+01
7.741546599999999501e+01
7.741546599999999501e+01
7.744780199999999581e+01
7.744780199999999581e+01
7.745613000000000170e+01
7.745613000000000170e+01
7.746562600000000032e+01
7.746562600000000032e+01
7.748275599999999486e+01
7.748275599999999486e+01
7.751470600000000388e+01
7.751470600000000388e+01
7.758839100000000144e+01
7.758839100000000144e+01
7.763997700000000179e+01
7.763997700000000179e+01
7.769010099999999852e+01
7.769010099999999852e+01
7.769966800000000262e+01
7.769966800000000262e+01
7.775889100000000553e+01
7.775889100000000553e+01
7.787619499999999562e+01
7.787619499999999562e+01
7.792066400000000215e+01
7.792066400000000215e+01
7.793015800000000581e+01
7.793015800000000581e+01
7.798823799999999551e+01
7.798823799999999551e+01
7.799345800000000395e+01
7.799345800000000395e+01
7.803051800000000071e+01
7.803051800000000071e+01
7.805781700000000001e+01
7.805781700000000001e+01
7.811597000000000435e+01
7.811597000000000435e+01
7.814586799999999300e+01
7.814586799999999300e+01
7.821342199999999423e+01
7.821342199999999423e+01
7.845967500000000427e+01
7.845967500000000427e+01
7.846750799999999515e+01
7.846750799999999515e+01
7.849090099999999381e+01
7.849090099999999381e+01
7.855088000000000648e+01
7.855088000000000648e+01
7.859657300000000646e+01
7.859657300000000646e+01
7.860340100000000518e+01
7.860340100000000518e+01
7.867228199999999561e+01
7.867228199999999561e+01
7.871394899999999950e+01
7.871394899999999950e+01
7.872991100000000131e+01
7.872991100000000131e+01
7.889261199999999974e+01
7.889261199999999974e+01
7.895861700000000383e+01
7.895861700000000383e+01
7.914627400000000534e+01
7.914627400000000534e+01
7.917275499999999511e+01
7.917275499999999511e+01
7.919962999999999909e+01
7.919962999999999909e+01
7.921047199999999577e+01
7.921047199999999577e+01
7.923136700000000587e+01
7.923136700000000587e+01
7.926084899999999323e+01
7.926084899999999323e+01
7.930244700000000080e+01
7.930244700000000080e+01
7.930847799999999381e+01
7.930847799999999381e+01
7.942471299999999701e+01
7.942471299999999701e+01
7.947147200000000566e+01
7.947147200000000566e+01
7.954324200000000644e+01
7.954324200000000644e+01
7.961090099999999836e+01
7.961090099999999836e+01
7.973121100000000183e+01
7.973121100000000183e+01
7.974320099999999911e+01
7.974320099999999911e+01
8.000118999999999403e+01
8.000118999999999403e+01
8.015734000000000492e+01
8.015734000000000492e+01
8.016038100000000099e+01
8.016038100000000099e+01
8.020712199999999825e+01
8.020712199999999825e+01
8.020999100000000226e+01
8.020999100000000226e+01
8.028829500000000507e+01
8.028829500000000507e+01
8.035917899999999747e+01
8.035917899999999747e+01
8.043300399999999684e+01
8.043300399999999684e+01
8.044097899999999868e+01
8.044097899999999868e+01
8.056362500000000182e+01
8.056362500000000182e+01
8.071733000000000402e+01
8.071733000000000402e+01
8.072212100000000135e+01
8.072212100000000135e+01
8.089733099999999411e+01
8.089733099999999411e+01
8.097552399999999295e+01
8.097552399999999295e+01
8.109407600000000116e+01
8.109407600000000116e+01
8.110370699999999999e+01
8.110370699999999999e+01
8.133920600000000434e+01
8.133920600000000434e+01
8.142112400000000605e+01
8.142112400000000605e+01
8.153708000000000311e+01
8.153708000000000311e+01
8.154469500000000437e+01
8.154469500000000437e+01
8.157607899999999290e+01
8.157607899999999290e+01
8.159356099999999401e+01
8.159356099999999401e+01
8.163405299999999443e+01
8.163405299999999443e+01
8.166057000000000698e+01
8.166057000000000698e+01
8.167969800000000191e+01
8.167969800000000191e+01
8.180841999999999814e+01
8.180841999999999814e+01
8.185096000000000060e+01
8.185096000000000060e+01
8.188752800000000320e+01
8.188752800000000320e+01
8.202127400000000534e+01
8.202127400000000534e+01
8.202297900000000652e+01
8.202297900000000652e+01
8.206952099999999461e+01
8.206952099999999461e+01
8.210383500000000367e+01
8.210383500000000367e+01
8.214337799999999845e+01
8.214337799999999845e+01
8.215974400000000344e+01
8.215974400000000344e+01
8.216418600000000083e+01
8.216418600000000083e+01
8.221830900000000497e+01
8.221830900000000497e+01
8.228371300000000588e+01
8.228371300000000588e+01
8.228537300000000698e+01
8.228537300000000698e+01
8.237907699999999522e+01
8.237907699999999522e+01
8.247523900000000197e+01
8.247523900000000197e+01
8.247849300000000028e+01
8.247849300000000028e+01
8.248221900000000062e+01
8.248221900000000062e+01
8.258941900000000658e+01
8.258941900000000658e+01
8.265171399999999835e+01
8.265171399999999835e+01
8.270336500000000513e+01
8.270336500000000513e+01
8.273852700000000482e+01
8.273852700000000482e+01
8.277193200000000672e+01
8.277193200000000672e+01
8.277668900000000463e+01
8.277668900000000463e+01
8.284947900000000232e+01
8.284947900000000232e+01
8.290938099999999622e+01
8.290938099999999622e+01
8.297288700000000006e+01
8.297288700000000006e+01
8.308270600000000172e+01
8.308270600000000172e+01
8.313389100000000553e+01
8.313389100000000553e+01
8.315166000000000679e+01
8.315166000000000679e+01
8.329482000000000141e+01
8.329482000000000141e+01
8.347052999999999656e+01
8.347052999999999656e+01
8.348809300000000633e+01
8.348809300000000633e+01
8.358626999999999896e+01
8.358626999999999896e+01
8.359524600000000305e+01
8.359524600000000305e+01
8.360377200000000641e+01
8.360377200000000641e+01
8.366440699999999708e+01
8.366440699999999708e+01
8.367317099999999641e+01
8.367317099999999641e+01
8.368443999999999505e+01
8.368443999999999505e+01
8.384845300000000634e+01
8.384845300000000634e+01
8.385178100000000256e+01
8.385178100000000256e+01
8.389797400000000493e+01
8.389797400000000493e+01
8.397979800000000239e+01
8.397979800000000239e+01
8.404903299999999433e+01
8.404903299999999433e+01
8.408598299999999881e+01
8.408598299999999881e+01
8.411160200000000486e+01
8.411160200000000486e+01
8.418813500000000261e+01
8.418813500000000261e+01
8.425222899999999981e+01
8.425222899999999981e+01
8.425816000000000372e+01
8.425816000000000372e+01
8.428698199999999474e+01
8.428698199999999474e+01
8.453963899999999398e+01
8.453963899999999398e+01
8.461835700000000315e+01
8.461835700000000315e+01
8.463175300000000334e+01
8.463175300000000334e+01
8.464196099999999490e+01
8.464196099999999490e+01
8.472711499999999774e+01
8.472711499999999774e+01
8.476537500000000591e+01
8.476537500000000591e+01
8.484051900000000046e+01
8.484051900000000046e+01
8.486997700000000577e+01
8.486997700000000577e+01
8.487116199999999822e+01
8.487116199999999822e+01
8.491550499999999602e+01
8.491550499999999602e+01
8.503389599999999859e+01
8.503389599999999859e+01
8.508458000000000254e+01
8.508458000000000254e+01
8.514817299999999989e+01
8.514817299999999989e+01
8.516749400000000492e+01
8.516749400000000492e+01
8.520300100000000043e+01
8.520300100000000043e+01
8.524368200000000684e+01
8.524368200000000684e+01
8.542780199999999979e+01
8.542780199999999979e+01
8.544717599999999891e+01
8.544717599999999891e+01
8.549430599999999458e+01
8.549430599999999458e+01
8.556043499999999824e+01
8.556043499999999824e+01
8.564272200000000623e+01
8.564272200000000623e+01
8.565612500000000296e+01
8.565612500000000296e+01
8.575958099999999718e+01
8.575958099999999718e+01
8.581607900000000200e+01
8.581607900000000200e+01
8.582263100000000122e+01
8.582263100000000122e+01
8.584820000000000562e+01
8.584820000000000562e+01
8.593882700000000341e+01
8.593882700000000341e+01
8.600875600000000532e+01
8.600875600000000532e+01
8.607522500000000321e+01
8.607522500000000321e+01
8.632362000000000535e+01
8.632362000000000535e+01
8.635610599999999692e+01
8.635610599999999692e+01
8.649468699999999899e+01
8.649468699999999899e+01
8.652982400000000496e+01
8.652982400000000496e+01
8.653058699999999703e+01
8.653058699999999703e+01
8.655834900000000687e+01
8.655834900000000687e+01
8.660832899999999768e+01
8.660832899999999768e+01
8.662663399999999569e+01
8.662663399999999569e+01
8.665144300000000044e+01
8.665144300000000044e+01
8.666013900000000092e+01
8.666013900000000092e+01
8.667590599999999768e+01
8.667590599999999768e+01
8.669024100000000033e+01
8.669024100000000033e+01
8.672339200000000403e+01
8.672339200000000403e+01
8.673338900000000251e+01
8.673338900000000251e+01
8.674925199999999847e+01
8.674925199999999847e+01
8.675479900000000555e+01
8.675479900000000555e+01
8.675546799999999337e+01
8.675546799999999337e+01
8.676301399999999830e+01
8.676301399999999830e+01
8.681779799999999625e+01
8.681779799999999625e+01
8.682717800000000352e+01
8.682717800000000352e+01
8.697976900000000455e+01
8.697976900000000455e+01
8.703290200000000709e+01
8.703290200000000709e+01
8.712378599999999551e+01
8.712378599999999551e+01
8.713778700000000299e+01
8.713778700000000299e+01
8.716770099999999388e+01
8.716770099999999388e+01
8.721990300000000218e+01
8.721990300000000218e+01
8.732546000000000674e+01
8.732546000000000674e+01
8.737603500000000167e+01
8.737603500000000167e+01
8.738724600000000464e+01
8.738724600000000464e+01
8.739365100000000552e+01
8.739365100000000552e+01
8.741835100000000125e+01
8.741835100000000125e+01
8.743924499999999966e+01
8.743924499999999966e+01
8.746941099999999381e+01
8.746941099999999381e+01
8.752991199999999594e+01
8.752991199999999594e+01
8.756664999999999566e+01
8.756664999999999566e+01
8.759071299999999383e+01
8.759071299999999383e+01
8.759414999999999907e+01
8.759414999999999907e+01
8.763140599999999836e+01
8.763140599999999836e+01
8.764460300000000359e+01
8.764460300000000359e+01
8.764481200000000172e+01
8.764481200000000172e+01
8.772144699999999773e+01
8.772144699999999773e+01
8.772738400000000070e+01
8.772738400000000070e+01
8.778911999999999694e+01
8.778911999999999694e+01
8.781308500000000095e+01
8.781308500000000095e+01
8.784323500000000706e+01
8.784323500000000706e+01
8.790461700000000178e+01
8.790461700000000178e+01
8.790874599999999361e+01
8.790874599999999361e+01
8.801944500000000460e+01
8.801944500000000460e+01
8.806940600000000074e+01
8.806940600000000074e+01
8.810021000000000413e+01
8.810021000000000413e+01
8.810890999999999451e+01
8.810890999999999451e+01
8.817199100000000556e+01
8.817199100000000556e+01
8.823464699999999539e+01
8.823464699999999539e+01
8.823946499999999560e+01
8.823946499999999560e+01
8.827003399999999544e+01
8.827003399999999544e+01
8.828476700000000221e+01
8.828476700000000221e+01
8.831347399999999936e+01
8.831347399999999936e+01
8.831935900000000572e+01
8.831935900000000572e+01
8.833254499999999609e+01
8.833254499999999609e+01
8.835757999999999868e+01
8.835757999999999868e+01
8.836873300000000597e+01
8.836873300000000597e+01
8.841118199999999661e+01
8.841118199999999661e+01
8.841832800000000248e+01
8.841832800000000248e+01
8.847038799999999981e+01
8.847038799999999981e+01
8.856500599999999679e+01
8.856500599999999679e+01
8.859651399999999910e+01
8.859651399999999910e+01
8.861205699999999297e+01
8.861205699999999297e+01
8.865141699999999503e+01
8.865141699999999503e+01
8.868081499999999551e+01
8.868081499999999551e+01
8.869598000000000582e+01
8.869598000000000582e+01
8.871151000000000408e+01
8.871151000000000408e+01
8.877703400000000045e+01
8.877703400000000045e+01
8.877843599999999924e+01
8.877843599999999924e+01
8.878886400000000378e+01
8.878886400000000378e+01
8.900351799999999969e+01
8.900351799999999969e+01
8.900753100000000018e+01
8.900753100000000018e+01
8.901169000000000153e+01
8.901169000000000153e+01
8.911327199999999493e+01
8.911327199999999493e+01
8.912019899999999950e+01
8.912019899999999950e+01
8.918644399999999450e+01
8.918644399999999450e+01
8.927720399999999756e+01
8.927720399999999756e+01
8.931029200000000401e+01
8.931029200000000401e+01
8.931738300000000663e+01
8.931738300000000663e+01
8.933029899999999657e+01
8.933029899999999657e+01
8.937180700000000400e+01
8.937180700000000400e+01
8.943864399999999648e+01
8.943864399999999648e+01
8.944885700000000384e+01
8.944885700000000384e+01
8.953582600000000014e+01
8.953582600000000014e+01
8.964239999999999498e+01
8.964239999999999498e+01
8.974905300000000352e+01
8.974905300000000352e+01
8.976504699999999559e+01
8.976504699999999559e+01
8.982151000000000352e+01
8.982151000000000352e+01
8.986113899999999433e+01
8.986113899999999433e+01
8.991464399999999557e+01
8.991464399999999557e+01
8.997488199999999381e+01
8.997488199999999381e+01
8.998877899999999386e+01
8.998877899999999386e+01
9.001478600000000085e+01
9.001478600000000085e+01
9.008935200000000521e+01
9.008935200000000521e+01
9.010417499999999791e+01
9.010417499999999791e+01
9.012749700000000530e+01
9.012749700000000530e+01
9.025864500000000135e+01
9.025864500000000135e+01
9.026820100000000480e+01
9.026820100000000480e+01
9.030003200000000163e+01
9.030003200000000163e+01
9.030870099999999923e+01
9.030870099999999923e+01
9.033523200000000486e+01
9.033523200000000486e+01
9.035550899999999785e+01
9.035550899999999785e+01
9.047714999999999463e+01
9.047714999999999463e+01
9.053927899999999340e+01
9.053927899999999340e+01
9.055111200000000338e+01
9.055111200000000338e+01
9.070507999999999527e+01
9.070507999999999527e+01
9.075538600000000145e+01
9.075538600000000145e+01
9.088938500000000431e+01
9.088938500000000431e+01
9.089225100000000168e+01
9.089225100000000168e+01
9.090561800000000403e+01
9.090561800000000403e+01
9.090797700000000248e+01
9.090797700000000248e+01
9.125861199999999940e+01
9.125861199999999940e+01
9.143212499999999920e+01
9.143212499999999920e+01
9.146802700000000641e+01
9.146802700000000641e+01
9.165926699999999983e+01
9.165926699999999983e+01
9.166265900000000499e+01
9.166265900000000499e+01
9.193837600000000521e+01
9.193837600000000521e+01
9.222162699999999802e+01
9.222162699999999802e+01
9.229115199999999675e+01
9.229115199999999675e+01
9.235478899999999669e+01
9.235478899999999669e+01
9.236125300000000493e+01
9.236125300000000493e+01
9.247073600000000226e+01
9.247073600000000226e+01
9.249190299999999354e+01
9.249190299999999354e+01
9.257777199999999596e+01
9.257777199999999596e+01
9.265107199999999921e+01
9.265107199999999921e+01
9.272984499999999741e+01
9.272984499999999741e+01
9.273158999999999708e+01
9.273158999999999708e+01
9.278632600000000252e+01
9.278632600000000252e+01
9.281704600000000482e+01
9.281704600000000482e+01
9.283540200000000198e+01
9.283540200000000198e+01
9.288444900000000359e+01
9.288444900000000359e+01
9.289175199999999677e+01
9.289175199999999677e+01
9.290535800000000677e+01
9.290535800000000677e+01
9.293327200000000232e+01
9.293327200000000232e+01
9.301143100000000175e+01
9.301143100000000175e+01
9.303898700000000588e+01
9.303898700000000588e+01
9.304625900000000627e+01
9.304625900000000627e+01
9.305214100000000599e+01
9.305214100000000599e+01
9.338264800000000321e+01
9.338264800000000321e+01
9.344863900000000001e+01
9.344863900000000001e+01
9.364953800000000683e+01
9.364953800000000683e+01
9.371189999999999998e+01
9.371189999999999998e+01
9.373077499999999418e+01
9.373077499999999418e+01
9.375500099999999293e+01
9.375500099999999293e+01
9.385655599999999765e+01
9.385655599999999765e+01
9.386569199999999569e+01
9.386569199999999569e+01
9.393344299999999691e+01
9.393344299999999691e+01
9.394183400000000006e+01
9.394183400000000006e+01
9.400927000000000078e+01
9.400927000000000078e+01
9.402239899999999295e+01
9.402239899999999295e+01
9.411153000000000191e+01
9.411153000000000191e+01
9.411696399999999585e+01
9.411696399999999585e+01
9.415515499999999349e+01
9.415515499999999349e+01
9.419114799999999832e+01
9.419114799999999832e+01
9.423478900000000635e+01
9.423478900000000635e+01
9.426077999999999690e+01
9.426077999999999690e+01
9.428577900000000511e+01
9.428577900000000511e+01
9.431517800000000307e+01
9.431517800000000307e+01
9.434532000000000096e+01
9.434532000000000096e+01
9.441678899999999430e+01
9.441678899999999430e+01
9.447436500000000592e+01
9.447436500000000592e+01
9.457702399999999443e+01
9.457702399999999443e+01
9.461868800000000590e+01
9.461868800000000590e+01
9.463053700000000390e+01
9.463053700000000390e+01
9.463251599999999542e+01
9.463251599999999542e+01
9.468690899999999999e+01
9.468690899999999999e+01
9.485068300000000363e+01
9.485068300000000363e+01
9.492526200000000358e+01
9.492526200000000358e+01
9.492547500000000582e+01
9.492547500000000582e+01
9.492821100000000456e+01
9.492821100000000456e+01
9.494477700000000198e+01
9.494477700000000198e+01
9.496711299999999767e+01
9.496711299999999767e+01
9.502390499999999918e+01
9.502390499999999918e+01
9.507364400000000160e+01
9.507364400000000160e+01
9.507894100000000037e+01
9.507894100000000037e+01
9.514117000000000246e+01
9.514117000000000246e+01
9.520517999999999859e+01
9.520517999999999859e+01
9.524058300000000088e+01
9.524058300000000088e+01
9.525527099999999336e+01
9.525527099999999336e+01
9.539553300000000036e+01
9.539553300000000036e+01
9.542449999999999477e+01
9.542449999999999477e+01
9.558844399999999553e+01
9.558844399999999553e+01
9.580542699999999456e+01
9.580542699999999456e+01
9.597763000000000488e+01
9.597763000000000488e+01
9.599833200000000488e+01
9.599833200000000488e+01
9.605069299999999544e+01
9.605069299999999544e+01
9.605136400000000663e+01
9.605136400000000663e+01
9.608821700000000021e+01
9.608821700000000021e+01
9.613341300000000444e+01
9.613341300000000444e+01
9.615322500000000616e+01
9.615322500000000616e+01
9.622086899999999332e+01
9.622086899999999332e+01
9.622992200000000196e+01
9.622992200000000196e+01
9.624126499999999851e+01
9.624126499999999851e+01
9.630476600000000076e+01
9.630476600000000076e+01
9.637180700000000400e+01
9.637180700000000400e+01
9.644437600000000543e+01
9.644437600000000543e+01
9.646299600000000396e+01
9.646299600000000396e+01
9.649167799999999318e+01
9.649167799999999318e+01
9.652654900000000282e+01
9.652654900000000282e+01
9.653633100000000411e+01
9.653633100000000411e+01
9.655053200000000402e+01
9.655053200000000402e+01
9.656056599999999435e+01
9.656056599999999435e+01
9.658197900000000402e+01
9.658197900000000402e+01
9.660085800000000233e+01
9.660085800000000233e+01
9.669426400000000399e+01
9.669426400000000399e+01
9.672105100000000277e+01
9.672105100000000277e+01
9.674042199999999525e+01
9.674042199999999525e+01
9.675518900000000144e+01
9.675518900000000144e+01
9.684884999999999877e+01
9.684884999999999877e+01
9.696023700000000645e+01
9.696023700000000645e+01
9.696351400000000353e+01
9.696351400000000353e+01
9.701821900000000198e+01
9.701821900000000198e+01
9.711837699999999529e+01
9.711837699999999529e+01
9.717829999999999302e+01
9.717829999999999302e+01
9.721559899999999743e+01
9.721559899999999743e+01
9.722721599999999853e+01
9.722721599999999853e+01
9.723456799999999589e+01
9.723456799999999589e+01
9.734398699999999849e+01
9.734398699999999849e+01
9.740741099999999619e+01
9.740741099999999619e+01
9.743070500000000322e+01
9.743070500000000322e+01
9.752634600000000376e+01
9.752634600000000376e+01
9.753525399999999479e+01
9.753525399999999479e+01
9.759953099999999893e+01
9.759953099999999893e+01
9.764476799999999912e+01
9.764476799999999912e+01
9.773073899999999981e+01
9.773073899999999981e+01
9.777715100000000348e+01
9.777715100000000348e+01
9.782479899999999873e+01
9.782479899999999873e+01
9.788794099999999787e+01
9.788794099999999787e+01
9.793641300000000172e+01
9.793641300000000172e+01
9.795749200000000201e+01
9.795749200000000201e+01
9.816315299999999411e+01
9.816315299999999411e+01
9.821674000000000149e+01
9.821674000000000149e+01
9.823748799999999903e+01
9.823748799999999903e+01
9.834300199999999847e+01
9.834300199999999847e+01
9.839371099999999615e+01
9.839371099999999615e+01
9.839691299999999785e+01
9.839691299999999785e+01
9.842967600000000061e+01
9.842967600000000061e+01
9.846407899999999813e+01
9.846407899999999813e+01
9.847198600000000113e+01
9.847198600000000113e+01
9.850298800000000199e+01
9.850298800000000199e+01
9.851029200000000685e+01
9.851029200000000685e+01
9.851525599999999372e+01
9.851525599999999372e+01
9.853388599999999542e+01
9.853388599999999542e+01
9.856476100000000429e+01
9.856476100000000429e+01
9.857313000000000613e+01
9.857313000000000613e+01
9.860632400000000075e+01
9.860632400000000075e+01
9.865097500000000252e+01
9.865097500000000252e+01
9.878747599999999807e+01
9.878747599999999807e+01
9.881967899999999361e+01
9.881967899999999361e+01
9.881983200000000522e+01
9.881983200000000522e+01
9.885074199999999678e+01
9.885074199999999678e+01
9.886618199999999490e+01
9.886618199999999490e+01
9.912303099999999745e+01
9.912303099999999745e+01
9.918644500000000619e+01
9.918644500000000619e+01
9.921501700000000312e+01
9.921501700000000312e+01
9.931545599999999752e+01
9.931545599999999752e+01
9.933586200000000588e+01
9.933586200000000588e+01
9.942265399999999431e+01
9.942265399999999431e+01
9.942508300000000077e+01
9.942508300000000077e+01
9.944629799999999875e+01
9.944629799999999875e+01
9.949911099999999919e+01
9.949911099999999919e+01
9.955903200000000197e+01
9.955903200000000197e+01
9.962560499999999308e+01
9.962560499999999308e+01
9.967667099999999891e+01
9.967667099999999891e+01
9.968090100000000575e+01
9.968090100000000575e+01
9.971386400000000094e+01
9.971386400000000094e+01
9.973063899999999649e+01
9.973063899999999649e+01
9.974878499999999804e+01
9.974878499999999804e+01
9.982310999999999979e+01
9.982310999999999979e+01
9.999698399999999765e+01
9.999698399999999765e+01
1.000480699999999956e+02
