# t	msd	err
2.999999999999669598e-04 2.725180291836701851e+00 1.306863230804902853e+00
9.999999999994457767e-04 2.725050262011838864e+00 1.306772958173632260e+00
1.999999999999483528e-03 2.806381560931739116e+01 1.538734091343387966e+01
3.200000000000002755e-03 3.540233625725644373e+01 1.470578023247567323e+01
6.857142857143116998e-03 5.868911737836959475e+01 1.409005036231774888e+01
1.008474576271163430e-02 6.960273792200871057e+00 5.966172724938217931e-01
1.996045197740130978e-02 6.936366713778009618e+00 5.263975169199014426e-01
3.471988388969525496e-02 9.900524844273242309e+00 4.906199669363922045e-01
5.995015989036087817e-02 1.133264107912159879e+01 3.661911256494658762e-01
1.046523765144454776e-01 1.586211598696091585e+01 3.283353048109510230e-01
1.803605854836273503e-01 2.236680074167815491e+01 2.953943585006700845e-01
3.102409083319419558e-01 3.120527669604426535e+01 2.479761104745268618e-01
5.451990227703991110e-01 4.654123954360857596e+01 2.271866844327945500e-01
9.512492243996690799e-01 6.800710149344872946e+01 2.111414587111094254e-01
1.651688536987004019e+00 1.092729488527820791e+02 2.556023270401585612e-01
2.863692370526472519e+00 1.975643265083453457e+02 3.691169266987267550e-01
4.977366349361903808e+00 3.605102868210107090e+02 5.245276232050651855e-01
8.655853836603395024e+00 6.652442460890442817e+02 7.452501369621898908e-01
1.500546552780237519e+01 1.585505596022526106e+03 1.206822630832109722e+00
2.598635685790002015e+01 4.234126510134607088e+03 2.123362929729359916e+00
4.466680820048942024e+01 1.214148863607341445e+04 3.900874342404418105e+00
7.133777947757042170e+01 2.527976098367074155e+04 5.478322645511186195e+00
