# t
0.000000000000000000e+00
5.847970400000000041e-02
5.847970400000000041e-02
6.467601700000000231e-02
6.467601700000000231e-02
7.656898600000000554e-02
7.656898600000000554e-02
1.307137399999999949e-01
1.307137399999999949e-01
1.672946899999999959e-01
1.672946899999999959e-01
2.039025499999999880e-01
2.039025499999999880e-01
3.139413899999999868e-01
3.139413899999999868e-01
4.848877300000000168e-01
4.848877300000000168e-01
5.216022700000000345e-01
5.216022700000000345e-01
5.227059200000000461e-01
5.227059200000000461e-01
5.770259199999999700e-01
5.770259199999999700e-01
6.626933999999999880e-01
6.626933999999999880e-01
7.223377899999999796e-01
7.223377899999999796e-01
7.566903099999999771e-01
7.566903099999999771e-01
7.827135200000000514e-01
7.827135200000000514e-01
7.918030200000000240e-01
7.918030200000000240e-01
8.041049799999999692e-01
8.041049799999999692e-01
8.058010399999999684e-01
8.058010399999999684e-01
8.282869000000000481e-01
8.282869000000000481e-01
9.033160199999999973e-01
9.033160199999999973e-01
9.094564099999999929e-01
9.094564099999999929e-01
9.139284199999999636e-01
9.139284199999999636e-01
9.372627900000000123e-01
9.372627900000000123e-01
1.080701499999999982e+00
1.080701499999999982e+00
1.088351899999999928e+00
1.088351899999999928e+00
1.129139799999999916e+00
1.129139799999999916e+00
1.201464899999999947e+00
1.201464899999999947e+00
1.227250600000000080e+00
1.227250600000000080e+00
1.298428600000000044e+00
1.298428600000000044e+00
1.383392699999999920e+00
1.383392699999999920e+00
1.496875900000000037e+00
1.496875900000000037e+00
1.517826899999999979e+00
1.517826899999999979e+00
1.546704999999999997e+00
1.546704999999999997e+00
1.564233100000000043e+00
1.564233100000000043e+00
1.589952100000000090e+00
1.589952100000000090e+00
1.594399499999999970e+00
1.594399499999999970e+00
1.676984299999999983e+00
1.676984299999999983e+00
1.807018999999999931e+00
1.807018999999999931e+00
1.860986400000000041e+00
1.860986400000000041e+00
1.885751200000000072e+00
1.885751200000000072e+00
1.935993800000000098e+00
1.935993800000000098e+00
1.958455599999999963e+00
1.958455599999999963e+00
1.978478100000000017e+00
1.978478100000000017e+00
2.028705400000000214e+00
2.028705400000000214e+00
2.048176900000000078e+00
2.048176900000000078e+00
2.067168500000000186e+00
2.067168500000000186e+00
2.071008299999999913e+00
2.071008299999999913e+00
2.143657699999999888e+00
2.143657699999999888e+00
2.154050600000000149e+00
2.154050600000000149e+00
2.161938399999999927e+00
2.161938399999999927e+00
2.247283700000000106e+00
2.247283700000000106e+00
2.280952999999999786e+00
2.280952999999999786e+00
2.296948800000000013e+00
2.296948800000000013e+00
2.317771599999999932e+00
2.317771599999999932e+00
2.432388899999999854e+00
2.432388899999999854e+00
2.435826699999999789e+00
2.435826699999999789e+00
2.509125699999999792e+00
2.509125699999999792e+00
2.525285499999999850e+00
2.525285499999999850e+00
2.530656399999999806e+00
2.530656399999999806e+00
2.568527099999999841e+00
2.568527099999999841e+00
2.662432900000000213e+00
2.662432900000000213e+00
2.673461399999999877e+00
2.673461399999999877e+00
2.739707999999999810e+00
2.739707999999999810e+00
2.742463799999999896e+00
2.742463799999999896e+00
2.744152500000000217e+00
2.744152500000000217e+00
2.763082600000000166e+00
2.763082600000000166e+00
2.809242400000000028e+00
2.809242400000000028e+00
2.821497799999999945e+00
2.821497799999999945e+00
2.839107900000000129e+00
2.839107900000000129e+00
2.882346599999999981e+00
2.882346599999999981e+00
2.883479700000000090e+00
2.883479700000000090e+00
2.887272700000000025e+00
2.887272700000000025e+00
2.888811200000000134e+00
2.888811200000000134e+00
2.933737100000000098e+00
2.933737100000000098e+00
3.058180199999999793e+00
3.058180199999999793e+00
3.088140500000000177e+00
3.088140500000000177e+00
3.095873800000000120e+00
3.095873800000000120e+00
3.170171100000000131e+00
3.170171100000000131e+00
3.171940999999999899e+00
3.171940999999999899e+00
3.172743099999999927e+00
3.172743099999999927e+00
3.176934699999999889e+00
3.176934699999999889e+00
3.194975599999999805e+00
3.194975599999999805e+00
3.208982100000000059e+00
3.208982100000000059e+00
3.253895299999999935e+00
3.253895299999999935e+00
3.419176900000000074e+00
3.419176900000000074e+00
3.429521700000000006e+00
3.429521700000000006e+00
3.437675000000000036e+00
3.437675000000000036e+00
3.463153699999999890e+00
3.463153699999999890e+00
3.484308299999999914e+00
3.484308299999999914e+00
3.550138800000000039e+00
3.550138800000000039e+00
3.554610900000000129e+00
3.554610900000000129e+00
3.555523599999999895e+00
3.555523599999999895e+00
3.764177300000000059e+00
3.764177300000000059e+00
3.770976099999999942e+00
3.770976099999999942e+00
3.831251099999999798e+00
3.831251099999999798e+00
3.895583199999999913e+00
3.895583199999999913e+00
3.904968699999999959e+00
3.904968699999999959e+00
3.934282399999999846e+00
3.934282399999999846e+00
3.943389999999999951e+00
3.943389999999999951e+00
3.944382000000000055e+00
3.944382000000000055e+00
3.947805799999999810e+00
3.947805799999999810e+00
3.976535000000000153e+00
3.976535000000000153e+00
3.987690499999999805e+00
3.987690499999999805e+00
4.032195299999999705e+00
4.032195299999999705e+00
4.074080399999999713e+00
4.074080399999999713e+00
4.097268900000000436e+00
4.097268900000000436e+00
4.124167500000000430e+00
4.124167500000000430e+00
4.127972599999999659e+00
4.127972599999999659e+00
4.140780099999999742e+00
4.140780099999999742e+00
4.176505200000000251e+00
4.176505200000000251e+00
4.247428600000000110e+00
4.247428600000000110e+00
4.357670099999999991e+00
4.357670099999999991e+00
4.366762900000000336e+00
4.366762900000000336e+00
4.432025399999999671e+00
4.432025399999999671e+00
4.488686900000000257e+00
4.488686900000000257e+00
4.554943599999999648e+00
4.554943599999999648e+00
4.584456199999999981e+00
4.584456199999999981e+00
4.615486999999999895e+00
4.615486999999999895e+00
4.629301700000000075e+00
4.629301700000000075e+00
4.667086799999999869e+00
4.667086799999999869e+00
4.730987500000000345e+00
4.730987500000000345e+00
4.876041999999999987e+00
4.876041999999999987e+00
4.927047899999999814e+00
4.927047899999999814e+00
4.961688699999999841e+00
4.961688699999999841e+00
4.973684600000000344e+00
4.973684600000000344e+00
4.978584599999999583e+00
4.978584599999999583e+00
5.104136099999999843e+00
5.104136099999999843e+00
5.246288100000000121e+00
5.246288100000000121e+00
5.286048199999999753e+00
5.286048199999999753e+00
5.296807499999999891e+00
5.296807499999999891e+00
5.298261600000000016e+00
5.298261600000000016e+00
5.301419499999999729e+00
5.301419499999999729e+00
5.330395199999999889e+00
5.330395199999999889e+00
5.332783899999999910e+00
5.332783899999999910e+00
5.369176099999999785e+00
5.369176099999999785e+00
5.478382599999999769e+00
5.478382599999999769e+00
5.487697999999999965e+00
5.487697999999999965e+00
5.510749299999999629e+00
5.510749299999999629e+00
5.543026700000000417e+00
5.543026700000000417e+00
5.544781099999999796e+00
5.544781099999999796e+00
5.563973299999999789e+00
5.563973299999999789e+00
5.746594499999999606e+00
5.746594499999999606e+00
5.769795000000000229e+00
5.769795000000000229e+00
5.814560900000000032e+00
5.814560900000000032e+00
5.847425300000000270e+00
5.847425300000000270e+00
5.850689299999999982e+00
5.850689299999999982e+00
5.861309300000000277e+00
5.861309300000000277e+00
5.971954199999999879e+00
5.971954199999999879e+00
6.036379900000000021e+00
6.036379900000000021e+00
6.058782599999999796e+00
6.058782599999999796e+00
6.117936000000000263e+00
6.117936000000000263e+00
6.162875099999999939e+00
6.162875099999999939e+00
6.198686699999999661e+00
6.198686699999999661e+00
6.224725699999999584e+00
6.224725699999999584e+00
6.254920799999999836e+00
6.254920799999999836e+00
6.295397099999999746e+00
6.295397099999999746e+00
6.300369400000000120e+00
6.300369400000000120e+00
6.301752200000000137e+00
6.301752200000000137e+00
6.304329899999999931e+00
6.304329899999999931e+00
6.340018200000000270e+00
6.340018200000000270e+00
6.395537299999999981e+00
6.395537299999999981e+00
6.413363399999999714e+00
6.413363399999999714e+00
6.447771399999999709e+00
6.447771399999999709e+00
6.459043999999999563e+00
6.459043999999999563e+00
6.460142000000000273e+00
6.460142000000000273e+00
6.477662900000000334e+00
6.477662900000000334e+00
6.529660299999999751e+00
6.529660299999999751e+00
6.536215999999999582e+00
6.536215999999999582e+00
6.574607300000000265e+00
6.574607300000000265e+00
6.621565399999999713e+00
6.621565399999999713e+00
6.653145000000000309e+00
6.653145000000000309e+00
6.679999500000000090e+00
6.679999500000000090e+00
6.717734899999999953e+00
6.717734899999999953e+00
6.736599000000000004e+00
6.736599000000000004e+00
6.755203299999999800e+00
6.755203299999999800e+00
6.756891000000000425e+00
6.756891000000000425e+00
6.767859800000000092e+00
6.767859800000000092e+00
6.835565899999999750e+00
6.835565899999999750e+00
6.870055899999999660e+00
6.870055899999999660e+00
6.873505899999999613e+00
6.873505899999999613e+00
6.885778499999999802e+00
6.885778499999999802e+00
6.940092700000000114e+00
6.940092700000000114e+00
6.940387999999999558e+00
6.940387999999999558e+00
7.003611199999999926e+00
7.003611199999999926e+00
7.019642499999999785e+00
7.019642499999999785e+00
7.077033100000000410e+00
7.077033100000000410e+00
7.085186600000000112e+00
7.085186600000000112e+00
7.136926700000000068e+00
7.136926700000000068e+00
7.186888599999999627e+00
7.186888599999999627e+00
7.190093899999999927e+00
7.190093899999999927e+00
7.201716799999999807e+00
7.201716799999999807e+00
7.219055599999999906e+00
7.219055599999999906e+00
7.364793399999999934e+00
7.364793399999999934e+00
7.365991099999999570e+00
7.365991099999999570e+00
7.366518199999999794e+00
7.366518199999999794e+00
7.370975500000000125e+00
7.370975500000000125e+00
7.407755100000000148e+00
7.407755100000000148e+00
7.445167999999999786e+00
7.445167999999999786e+00
7.485042199999999646e+00
7.485042199999999646e+00
7.494445500000000315e+00
7.494445500000000315e+00
7.511581800000000086e+00
7.511581800000000086e+00
7.530445399999999623e+00
7.530445399999999623e+00
7.551970500000000364e+00
7.551970500000000364e+00
7.571941899999999670e+00
7.571941899999999670e+00
7.596694300000000233e+00
7.596694300000000233e+00
7.600842199999999771e+00
7.600842199999999771e+00
7.613114200000000054e+00
7.613114200000000054e+00
7.628472499999999989e+00
7.628472499999999989e+00
7.636999699999999613e+00
7.636999699999999613e+00
7.764303899999999814e+00
7.764303899999999814e+00
7.774683399999999800e+00
7.774683399999999800e+00
7.800604100000000152e+00
7.800604100000000152e+00
7.880399899999999569e+00
7.880399899999999569e+00
7.888529499999999750e+00
7.888529499999999750e+00
7.900344500000000103e+00
7.900344500000000103e+00
7.961709400000000159e+00
7.961709400000000159e+00
7.995996400000000115e+00
7.995996400000000115e+00
8.085817199999999261e+00
8.085817199999999261e+00
8.092745499999999481e+00
8.092745499999999481e+00
8.118379400000000246e+00
8.118379400000000246e+00
8.131301999999999808e+00
8.131301999999999808e+00
8.205159500000000605e+00
8.205159500000000605e+00
8.219713399999999837e+00
8.219713399999999837e+00
8.244636699999999152e+00
8.244636699999999152e+00
8.269324299999999184e+00
8.269324299999999184e+00
8.362957700000000827e+00
8.362957700000000827e+00
8.384958199999999806e+00
8.384958199999999806e+00
8.466953000000000173e+00
8.466953000000000173e+00
8.477936100000000863e+00
8.477936100000000863e+00
8.544985000000000497e+00
8.544985000000000497e+00
8.547018899999999419e+00
8.547018899999999419e+00
8.712141600000000707e+00
8.712141600000000707e+00
8.809879699999999758e+00
8.809879699999999758e+00
8.814359400000000733e+00
8.814359400000000733e+00
8.933216599999999730e+00
8.933216599999999730e+00
8.935333599999999876e+00
8.935333599999999876e+00
8.955340700000000709e+00
8.955340700000000709e+00
9.010207299999999364e+00
9.010207299999999364e+00
9.032927400000000162e+00
9.032927400000000162e+00
9.055899300000000096e+00
9.055899300000000096e+00
9.068049600000000154e+00
9.068049600000000154e+00
9.090953199999999512e+00
9.090953199999999512e+00
9.111402899999999860e+00
9.111402899999999860e+00
9.145462399999999548e+00
9.145462399999999548e+00
9.174711200000000844e+00
9.174711200000000844e+00
9.233624999999999972e+00
9.233624999999999972e+00
9.317575100000000887e+00
9.317575100000000887e+00
9.333781699999999404e+00
9.333781699999999404e+00
9.333899999999999864e+00
9.333899999999999864e+00
9.366472200000000470e+00
9.366472200000000470e+00
9.412493800000000022e+00
9.412493800000000022e+00
9.416554100000000815e+00
9.416554100000000815e+00
9.466791399999999967e+00
9.466791399999999967e+00
9.491808799999999380e+00
9.491808799999999380e+00
9.508747100000000785e+00
9.508747100000000785e+00
9.508909799999999635e+00
9.508909799999999635e+00
9.519251499999999311e+00
9.519251499999999311e+00
9.591807599999999212e+00
9.591807599999999212e+00
9.629148499999999444e+00
9.629148499999999444e+00
9.682103200000000243e+00
9.682103200000000243e+00
9.807059699999999935e+00
9.807059699999999935e+00
9.935344000000000619e+00
9.935344000000000619e+00
9.979714599999999436e+00
9.979714599999999436e+00
9.985084399999999860e+00
9.985084399999999860e+00
9.986450800000000072e+00
9.986450800000000072e+00
1.001102299999999978e+01
1.001102299999999978e+01
1.004242900000000027e+01
1.004242900000000027e+01
1.004686000000000057e+01
1.004686000000000057e+01
1.010910499999999956e+01
1.010910499999999956e+01
1.017236699999999949e+01
1.017236699999999949e+01
1.017972199999999994e+01
1.017972199999999994e+01
1.019240600000000008e+01
1.019240600000000008e+01
1.020705700000000071e+01
1.020705700000000071e+01
1.021139800000000086e+01
1.021139800000000086e+01
1.023281500000000044e+01
1.023281500000000044e+01
1.023905700000000074e+01
1.023905700000000074e+01
1.029033399999999965e+01
1.029033399999999965e+01
1.029904299999999928e+01
1.029904299999999928e+01
1.030246299999999948e+01
1.030246299999999948e+01
1.031517799999999951e+01
1.031517799999999951e+01
1.032061900000000065e+01
1.032061900000000065e+01
1.035568999999999917e+01
1.035568999999999917e+01
1.036769499999999944e+01
1.036769499999999944e+01
1.038470500000000030e+01
1.038470500000000030e+01
1.038761599999999952e+01
1.038761599999999952e+01
1.045875500000000002e+01
1.045875500000000002e+01
1.049515000000000065e+01
1.049515000000000065e+01
1.061095899999999936e+01
1.061095899999999936e+01
1.068161600000000000e+01
1.068161600000000000e+01
1.068170199999999959e+01
1.068170199999999959e+01
1.071425699999999992e+01
1.071425699999999992e+01
1.096027800000000063e+01
1.096027800000000063e+01
1.100172300000000014e+01
1.100172300000000014e+01
1.101257299999999972e+01
1.101257299999999972e+01
1.102577100000000065e+01
1.102577100000000065e+01
1.103819900000000054e+01
1.103819900000000054e+01
1.104553300000000071e+01
1.104553300000000071e+01
1.106587400000000088e+01
1.106587400000000088e+01
1.111023299999999914e+01
1.111023299999999914e+01
1.113007200000000019e+01
1.113007200000000019e+01
1.114364600000000038e+01
1.114364600000000038e+01
1.117850699999999975e+01
1.117850699999999975e+01
1.118954699999999924e+01
1.118954699999999924e+01
1.142564499999999938e+01
1.142564499999999938e+01
1.148211099999999973e+01
1.148211099999999973e+01
1.150679399999999930e+01
1.150679399999999930e+01
1.154227200000000053e+01
1.154227200000000053e+01
1.157610999999999990e+01
1.157610999999999990e+01
1.163369499999999945e+01
1.163369499999999945e+01
1.163435699999999962e+01
1.163435699999999962e+01
1.165260100000000065e+01
1.165260100000000065e+01
1.171552600000000055e+01
1.171552600000000055e+01
1.172078300000000084e+01
1.172078300000000084e+01
1.173527400000000043e+01
1.173527400000000043e+01
1.175615699999999997e+01
1.175615699999999997e+01
1.176542899999999925e+01
1.176542899999999925e+01
1.177168099999999917e+01
1.177168099999999917e+01
1.177946599999999933e+01
1.177946599999999933e+01
1.182057900000000039e+01
1.182057900000000039e+01
1.183632799999999996e+01
1.183632799999999996e+01
1.190248599999999968e+01
1.190248599999999968e+01
1.194414300000000040e+01
1.194414300000000040e+01
1.195821399999999990e+01
1.195821399999999990e+01
1.199263000000000012e+01
1.199263000000000012e+01
1.207197599999999937e+01
1.207197599999999937e+01
1.208558900000000058e+01
1.208558900000000058e+01
1.215048600000000079e+01
1.215048600000000079e+01
1.222623199999999954e+01
1.222623199999999954e+01
1.238303100000000079e+01
1.238303100000000079e+01
1.239667900000000067e+01
1.239667900000000067e+01
1.241115300000000055e+01
1.241115300000000055e+01
1.242509899999999945e+01
1.242509899999999945e+01
1.242751999999999946e+01
1.242751999999999946e+01
1.243730200000000075e+01
1.243730200000000075e+01
1.251146400000000014e+01
1.251146400000000014e+01
1.251634199999999986e+01
1.251634199999999986e+01
1.252413199999999982e+01
1.252413199999999982e+01
1.258948600000000084e+01
1.258948600000000084e+01
1.263531399999999927e+01
1.263531399999999927e+01
1.265211000000000041e+01
1.265211000000000041e+01
1.268613700000000044e+01
1.268613700000000044e+01
1.277952400000000033e+01
1.277952400000000033e+01
1.278524299999999947e+01
1.278524299999999947e+01
1.278611899999999935e+01
1.278611899999999935e+01
1.285126600000000074e+01
1.285126600000000074e+01
1.294743899999999925e+01
1.294743899999999925e+01
1.295898299999999992e+01
1.295898299999999992e+01
1.295922700000000027e+01
1.295922700000000027e+01
1.297016900000000028e+01
1.297016900000000028e+01
1.302153500000000008e+01
1.302153500000000008e+01
1.306977999999999973e+01
1.306977999999999973e+01
1.312424000000000035e+01
1.312424000000000035e+01
1.321682599999999930e+01
1.321682599999999930e+01
1.330423099999999970e+01
1.330423099999999970e+01
1.332997600000000027e+01
1.332997600000000027e+01
1.339513600000000082e+01
1.339513600000000082e+01
1.344557000000000002e+01
1.344557000000000002e+01
1.347188899999999911e+01
1.347188899999999911e+01
1.348132900000000056e+01
1.348132900000000056e+01
1.357555799999999913e+01
1.357555799999999913e+01
1.358939699999999995e+01
1.358939699999999995e+01
1.363557699999999961e+01
1.363557699999999961e+01
1.367542500000000061e+01
1.367542500000000061e+01
1.369010899999999964e+01
1.369010899999999964e+01
1.370196699999999979e+01
1.370196699999999979e+01
1.374074700000000071e+01
1.374074700000000071e+01
1.374134100000000025e+01
1.374134100000000025e+01
1.377235300000000073e+01
1.377235300000000073e+01
1.385429500000000047e+01
1.385429500000000047e+01
1.394646200000000036e+01
1.394646200000000036e+01
1.399990999999999985e+01
1.399990999999999985e+01
1.405603999999999942e+01
1.405603999999999942e+01
1.414953900000000075e+01
1.414953900000000075e+01
1.415946600000000011e+01
1.415946600000000011e+01
1.416107500000000030e+01
1.416107500000000030e+01
1.417336700000000071e+01
1.417336700000000071e+01
1.418941899999999912e+01
1.418941899999999912e+01
1.427774699999999974e+01
1.427774699999999974e+01
1.429033000000000087e+01
1.429033000000000087e+01
1.433778900000000078e+01
1.433778900000000078e+01
1.440743900000000011e+01
1.440743900000000011e+01
1.441861899999999963e+01
1.441861899999999963e+01
1.455884499999999981e+01
1.455884499999999981e+01
1.462206100000000042e+01
1.462206100000000042e+01
1.463991599999999949e+01
1.463991599999999949e+01
1.469929100000000055e+01
1.469929100000000055e+01
1.473125500000000088e+01
1.473125500000000088e+01
1.476608200000000082e+01
1.476608200000000082e+01
1.488238699999999959e+01
1.488238699999999959e+01
1.504527700000000046e+01
1.504527700000000046e+01
1.509421999999999997e+01
1.509421999999999997e+01
1.512483800000000045e+01
1.512483800000000045e+01
1.515530799999999978e+01
1.515530799999999978e+01
1.516023099999999957e+01
1.516023099999999957e+01
1.516739399999999982e+01
1.516739399999999982e+01
1.517833500000000058e+01
1.517833500000000058e+01
1.520778800000000075e+01
1.520778800000000075e+01
1.521737500000000054e+01
1.521737500000000054e+01
1.525600400000000079e+01
1.525600400000000079e+01
1.529417300000000068e+01
1.529417300000000068e+01
1.534919499999999992e+01
1.534919499999999992e+01
1.540809400000000018e+01
1.540809400000000018e+01
1.549379799999999996e+01
1.549379799999999996e+01
1.550051700000000032e+01
1.550051700000000032e+01
1.561847999999999992e+01
1.561847999999999992e+01
1.563030599999999914e+01
1.563030599999999914e+01
1.565438600000000058e+01
1.565438600000000058e+01
1.568688399999999916e+01
1.568688399999999916e+01
1.573626800000000081e+01
1.573626800000000081e+01
1.579408300000000054e+01
1.579408300000000054e+01
1.580898200000000031e+01
1.580898200000000031e+01
1.584583800000000053e+01
1.584583800000000053e+01
1.585800200000000082e+01
1.585800200000000082e+01
1.588289499999999954e+01
1.588289499999999954e+01
1.596590499999999935e+01
1.596590499999999935e+01
1.596913999999999945e+01
1.596913999999999945e+01
1.597916500000000006e+01
1.597916500000000006e+01
1.612792800000000071e+01
1.612792800000000071e+01
1.615017800000000037e+01
1.615017800000000037e+01
1.617315500000000128e+01
1.617315500000000128e+01
1.620650300000000144e+01
1.620650300000000144e+01
1.625651300000000177e+01
1.625651300000000177e+01
1.628223200000000048e+01
1.628223200000000048e+01
1.637128399999999928e+01
1.637128399999999928e+01
1.637613199999999836e+01
1.637613199999999836e+01
1.639231300000000147e+01
1.639231300000000147e+01
1.640080000000000027e+01
1.640080000000000027e+01
1.645149500000000131e+01
1.645149500000000131e+01
1.646052299999999846e+01
1.646052299999999846e+01
1.648651299999999864e+01
1.648651299999999864e+01
1.648738399999999871e+01
1.648738399999999871e+01
1.649390800000000112e+01
1.649390800000000112e+01
1.665648099999999943e+01
1.665648099999999943e+01
1.672002799999999922e+01
1.672002799999999922e+01
1.677426799999999929e+01
1.677426799999999929e+01
1.680419600000000102e+01
1.680419600000000102e+01
1.680670699999999940e+01
1.680670699999999940e+01
1.682431400000000110e+01
1.682431400000000110e+01
1.683730100000000007e+01
1.683730100000000007e+01
1.685661800000000099e+01
1.685661800000000099e+01
1.689030199999999837e+01
1.689030199999999837e+01
1.689830100000000002e+01
1.689830100000000002e+01
1.692538100000000156e+01
1.692538100000000156e+01
1.693242599999999953e+01
1.693242599999999953e+01
1.693670399999999887e+01
1.693670399999999887e+01
1.696989999999999910e+01
1.696989999999999910e+01
1.699718500000000176e+01
1.699718500000000176e+01
1.702683899999999895e+01
1.702683899999999895e+01
1.704192799999999863e+01
1.704192799999999863e+01
1.706584799999999902e+01
1.706584799999999902e+01
1.712531200000000098e+01
1.712531200000000098e+01
1.713255499999999998e+01
1.713255499999999998e+01
1.717835699999999832e+01
1.717835699999999832e+01
1.718514899999999912e+01
1.718514899999999912e+01
1.719096800000000158e+01
1.719096800000000158e+01
1.722718700000000069e+01
1.722718700000000069e+01
1.725516800000000117e+01
1.725516800000000117e+01
1.726498300000000086e+01
1.726498300000000086e+01
1.727005300000000076e+01
1.727005300000000076e+01
1.737253899999999973e+01
1.737253899999999973e+01
1.740286700000000053e+01
1.740286700000000053e+01
1.753786099999999948e+01
1.753786099999999948e+01
1.756345699999999965e+01
1.756345699999999965e+01
1.756955699999999965e+01
1.756955699999999965e+01
1.779653199999999913e+01
1.779653199999999913e+01
1.780679900000000160e+01
1.780679900000000160e+01
1.784025099999999853e+01
1.784025099999999853e+01
1.785535199999999989e+01
1.785535199999999989e+01
1.796613800000000083e+01
1.796613800000000083e+01
1.799192100000000138e+01
1.799192100000000138e+01
1.804568899999999942e+01
1.804568899999999942e+01
1.810616999999999877e+01
1.810616999999999877e+01
1.817381500000000116e+01
1.817381500000000116e+01
1.821045399999999859e+01
1.821045399999999859e+01
1.821151100000000156e+01
1.821151100000000156e+01
1.821634699999999896e+01
1.821634699999999896e+01
1.822454600000000013e+01
1.822454600000000013e+01
1.825820399999999921e+01
1.825820399999999921e+01
1.832066400000000073e+01
1.832066400000000073e+01
1.833433099999999882e+01
1.833433099999999882e+01
1.833793299999999959e+01
1.833793299999999959e+01
1.835450900000000019e+01
1.835450900000000019e+01
1.843266600000000111e+01
1.843266600000000111e+01
1.850016199999999955e+01
1.850016199999999955e+01
1.851547400000000110e+01
1.851547400000000110e+01
1.853028499999999923e+01
1.853028499999999923e+01
1.853299099999999910e+01
1.853299099999999910e+01
1.853855300000000028e+01
1.853855300000000028e+01
1.861788800000000066e+01
1.861788800000000066e+01
1.862772400000000061e+01
1.862772400000000061e+01
1.864678299999999922e+01
1.864678299999999922e+01
1.869211400000000012e+01
1.869211400000000012e+01
1.872110500000000144e+01
1.872110500000000144e+01
1.878730600000000095e+01
1.878730600000000095e+01
1.879031799999999919e+01
1.879031799999999919e+01
1.880045300000000097e+01
1.880045300000000097e+01
1.881463799999999864e+01
1.881463799999999864e+01
1.891981799999999936e+01
1.891981799999999936e+01
1.892548800000000142e+01
1.892548800000000142e+01
1.893197599999999881e+01
1.893197599999999881e+01
