# t	msd	err
1.114285714285702649e-03 2.997758309534561239e+00 6.329887850787065950e-01
2.300000000000057641e-03 3.827030842423743451e+01 1.070922859048484277e+01
4.355555555555600325e-03 3.451948963786756508e+01 7.264654913356954680e+00
7.931818181818201322e-03 5.541298060589451069e+01 8.745138358408052426e+00
1.414923076923081495e-02 1.905024687273673578e+01 4.188903417171023769e+00
2.571636363636365871e-02 2.633224844519433105e+01 3.609903632190065714e+00
4.521497757847542376e-02 3.365324091724918532e+01 2.886514597339284283e+00
8.319685483870958853e-02 4.717897450586037422e+01 2.441711318863062807e+00
1.499999667774079282e-01 5.193015878242083261e+01 1.903598029750214193e+00
2.690676719576735598e-01 5.761385927287165032e+01 1.375077308040739021e+00
4.796777400581943018e-01 7.649936820386405145e+01 9.879446215609644089e-01
8.604382889518364941e-01 9.388791718182342549e+01 8.325432210458352245e-01
1.547074563687541593e+00 1.185979322770207318e+02 8.166781688931874505e-01
2.730036347044079825e+00 1.108569872481966172e+02 6.158570633922988424e-01
4.550623868661999083e+00 1.219852623216048926e+02 1.228394358332595582e+00
