# t	msd	err
1.008695652173835706e-04 1.407729532922234794e+00 1.425331287950547532e-01
2.033333333333285089e-04 1.648675778703193373e+00 2.714393332552409444e-01
3.800000000000044119e-04 1.087029740437167380e+00 1.854251615538257125e-01
5.931034482758551192e-04 2.010933257308535893e+00 1.565292064089990332e-01
1.119999999999987759e-03 9.744966675174822068e-01 1.735928843231826224e-01
1.884615384615379334e-03 1.786383923602746560e+00 1.928202612749130573e-01
3.618543046357613601e-03 3.535145808398498790e+00 5.336647463702205441e-01
5.923294117647060451e-03 3.494373116566564796e+00 2.994292231711451202e-01
1.005353168469851066e-02 1.392029545526409073e+01 2.261294494566871704e-01
1.999972403153884096e-02 1.829446023080210892e+01 2.324931377772484209e-01
3.504123949778086000e-02 1.990374129052022312e+01 1.877567605426080088e-01
6.476009461065859729e-02 2.394804179731207228e+01 1.514686019878169476e-01
1.152598992088260943e-01 2.906716092531972251e+01 1.370780348028718398e-01
2.044152319715892563e-01 3.508418068401224588e+01 1.038657317737083086e-01
3.689762309726302147e-01 3.954810930535905555e+01 8.521256809618400763e-02
6.634231794504540369e-01 4.472624552907976181e+01 6.689005164909850309e-02
1.182487605059958202e+00 5.593205539820780103e+01 5.889962386457181509e-02
2.101118883330197917e+00 6.708765293546480279e+01 4.655455316524750170e-02
3.726269595597474282e+00 9.111746863780287242e+01 4.327159741539110538e-02
6.265668178259597099e+00 1.168855034681832308e+02 4.697002754907851629e-02
1.258528279433250674e+01 4.532622998179510887e+01 1.047155956748844208e-01
1.849513059257673930e+01 1.038242210465058122e+02 7.129939640158471093e-02
4.362350579552033736e+01 5.590547554861678492e+01 5.005876802708594114e-02
