# t
0.000000000000000000e+00
2.660607900000000036e-03
2.660608000000000070e-03
4.186582999999999798e-03
4.186582999999999798e-03
4.186582999999999798e-03
5.408342600000000215e-03
5.408342600000000215e-03
3.257581999999999839e-02
3.257581999999999839e-02
3.295923399999999698e-02
3.295923399999999698e-02
3.367277400000000254e-02
3.367277400000000254e-02
3.427260099999999976e-02
3.427260099999999976e-02
3.571698599999999918e-02
3.571698599999999918e-02
3.643039199999999894e-02
3.643039199999999894e-02
4.301887499999999809e-02
4.301887499999999809e-02
4.664681100000000330e-02
4.664681100000000330e-02
4.690675400000000189e-02
4.690675400000000189e-02
4.761395999999999684e-02
4.761395999999999684e-02
4.873608900000000327e-02
4.873608900000000327e-02
4.947315299999999888e-02
4.947315299999999888e-02
5.043762799999999824e-02
5.043762799999999824e-02
5.192074800000000268e-02
5.192074800000000268e-02
5.216053300000000198e-02
5.216053300000000198e-02
5.227819999999999689e-02
5.227819999999999689e-02
5.280248399999999676e-02
5.280248399999999676e-02
5.502889999999999865e-02
5.502889999999999865e-02
5.812197799999999775e-02
5.812197799999999775e-02
6.271248000000000100e-02
6.271248000000000100e-02
6.305159200000000352e-02
6.305159200000000352e-02
6.465306799999999410e-02
6.465306799999999410e-02
6.859558600000000006e-02
6.859558600000000006e-02
6.927065000000000305e-02
6.927065000000000305e-02
7.050477099999999386e-02
7.050477099999999386e-02
7.280968899999999688e-02
7.280968899999999688e-02
7.349485199999999940e-02
7.349485199999999940e-02
7.366808699999999321e-02
7.366808699999999321e-02
7.370470699999999431e-02
7.370470699999999431e-02
7.391096299999999619e-02
7.391096299999999619e-02
7.402576800000000568e-02
7.402576800000000568e-02
7.644033699999999709e-02
7.644033699999999709e-02
7.874789799999999673e-02
7.874789799999999673e-02
7.927545699999999362e-02
7.927545699999999362e-02
7.979236100000000609e-02
7.979236100000000609e-02
8.028736499999999943e-02
8.028736499999999943e-02
8.042234199999999389e-02
8.042234199999999389e-02
8.056506300000000620e-02
8.056506300000000620e-02
8.088694400000000229e-02
8.088694400000000229e-02
8.093434600000000423e-02
8.093434600000000423e-02
8.100130699999999462e-02
8.100130699999999462e-02
8.127164300000000452e-02
8.127164300000000452e-02
8.152973800000000437e-02
8.152973800000000437e-02
8.155296600000000451e-02
8.155296600000000451e-02
8.163618200000000158e-02
8.163618200000000158e-02
8.187378700000000342e-02
8.187378700000000342e-02
8.199752200000000324e-02
8.199752200000000324e-02
8.217877699999999452e-02
8.217877699999999452e-02
8.239989300000000183e-02
8.239989300000000183e-02
8.241337899999999494e-02
8.241337899999999494e-02
8.340629200000000687e-02
8.340629200000000687e-02
8.359561199999999970e-02
8.359561199999999970e-02
8.400817800000000279e-02
8.400817800000000279e-02
8.415332999999999841e-02
8.415332999999999841e-02
8.453375700000000104e-02
8.453375700000000104e-02
8.534862199999999899e-02
8.534862199999999899e-02
8.548839499999999481e-02
8.548839599999999428e-02
8.604164400000000046e-02
8.604164400000000046e-02
8.616222599999999454e-02
8.616336500000000564e-02
8.730495400000000406e-02
8.740758999999999335e-02
9.559920299999999371e-02
9.559920299999999371e-02
1.002381499999999981e-01
1.005538599999999949e-01
1.009067399999999948e-01
1.025768100000000044e-01
1.192878500000000008e-01
1.192878500000000008e-01
1.193184600000000012e-01
2.131475300000000017e-01
2.131475300000000017e-01
2.138853199999999899e-01
2.138853199999999899e-01
2.259640300000000102e-01
2.259640400000000049e-01
2.294486500000000040e-01
2.305904400000000076e-01
2.313813600000000081e-01
2.453284599999999982e-01
2.520880300000000185e-01
2.527497100000000163e-01
2.542353800000000108e-01
2.584659799999999841e-01
2.598401900000000264e-01
2.598401900000000264e-01
2.918202500000000033e-01
2.918202500000000033e-01
2.994782599999999961e-01
2.994782699999999909e-01
3.517199699999999929e-01
3.517199699999999929e-01
3.517199699999999929e-01
3.517199699999999929e-01
3.517199699999999929e-01
3.517199699999999929e-01
3.517199699999999929e-01
3.517199699999999929e-01
3.517199699999999929e-01
3.517199699999999929e-01
4.484283000000000019e-01
4.484283000000000019e-01
4.766545300000000207e-01
4.766545300000000207e-01
4.818821200000000249e-01
4.818821200000000249e-01
4.985060800000000181e-01
4.985060800000000181e-01
5.126487899999999653e-01
5.126487899999999653e-01
5.168969399999999714e-01
5.168969399999999714e-01
5.867678699999999692e-01
5.867678699999999692e-01
5.911074499999999787e-01
5.911074499999999787e-01
5.997876199999999658e-01
5.997876199999999658e-01
6.048332299999999995e-01
6.048332299999999995e-01
6.148818000000000339e-01
6.148818000000000339e-01
6.154122699999999835e-01
6.154122699999999835e-01
6.167029800000000117e-01
6.167819399999999730e-01
6.171999900000000316e-01
6.172648200000000474e-01
6.184069899999999897e-01
6.258944400000000519e-01
6.258944400000000519e-01
6.321001099999999928e-01
6.321001099999999928e-01
6.433292600000000139e-01
6.433292600000000139e-01
6.433619699999999497e-01
6.433619699999999497e-01
6.474733400000000083e-01
6.474735200000000246e-01
6.474735200000000246e-01
6.474735200000000246e-01
6.485987399999999514e-01
6.485987399999999514e-01
6.488752899999999935e-01
6.488752899999999935e-01
6.490231400000000539e-01
6.490231400000000539e-01
6.508384499999999573e-01
6.508561800000000064e-01
6.537326900000000052e-01
6.537326900000000052e-01
6.540253700000000503e-01
6.541029999999999900e-01
6.547407400000000433e-01
6.547918499999999531e-01
6.548982500000000151e-01
6.550378000000000034e-01
6.553916699999999818e-01
6.554018000000000344e-01
6.557878200000000213e-01
6.557899299999999654e-01
6.567607100000000253e-01
6.568599099999999913e-01
6.592438999999999938e-01
6.592438999999999938e-01
6.791506200000000382e-01
6.791506200000000382e-01
6.800104500000000440e-01
7.680156099999999597e-01
7.680156099999999597e-01
7.680156099999999597e-01
7.856278199999999767e-01
7.856278199999999767e-01
7.914255599999999724e-01
7.914255599999999724e-01
8.042005100000000350e-01
8.042005100000000350e-01
8.352058900000000063e-01
8.352058900000000063e-01
8.622056999999999638e-01
8.622056999999999638e-01
9.004573500000000452e-01
9.004573500000000452e-01
9.068354699999999768e-01
9.068354699999999768e-01
9.378732400000000524e-01
9.378732400000000524e-01
9.411908700000000128e-01
9.411908700000000128e-01
9.452408900000000003e-01
9.452408900000000003e-01
9.454885699999999726e-01
9.454885699999999726e-01
9.681705299999999736e-01
9.681705299999999736e-01
9.778382799999999486e-01
9.778382799999999486e-01
9.786378999999999495e-01
9.786378999999999495e-01
9.946962499999999485e-01
9.946962499999999485e-01
1.015616199999999969e+00
1.015616199999999969e+00
1.028756299999999957e+00
1.028756299999999957e+00
1.028756299999999957e+00
1.035478899999999980e+00
1.035478899999999980e+00
1.038792099999999996e+00
1.038792099999999996e+00
1.040030900000000091e+00
1.040030900000000091e+00
1.045911199999999930e+00
1.045911199999999930e+00
1.051414999999999988e+00
1.051414999999999988e+00
1.058529800000000076e+00
1.058529800000000076e+00
1.078765699999999939e+00
1.078765699999999939e+00
1.088214500000000085e+00
1.088214500000000085e+00
1.117284500000000014e+00
1.117284500000000014e+00
1.117369400000000068e+00
1.117383400000000027e+00
1.118163699999999983e+00
1.118163699999999983e+00
1.118292099999999900e+00
1.118292099999999900e+00
1.118916500000000092e+00
1.118930800000000003e+00
1.118930800000000003e+00
1.122808999999999946e+00
1.122808999999999946e+00
1.135869599999999924e+00
1.135869599999999924e+00
1.135869599999999924e+00
1.135869599999999924e+00
1.149720599999999981e+00
1.149720599999999981e+00
1.197887799999999947e+00
1.197887799999999947e+00
1.202892199999999967e+00
1.202892199999999967e+00
1.212549099999999935e+00
1.212549099999999935e+00
1.212769699999999951e+00
1.212999299999999891e+00
1.213608800000000043e+00
1.214791699999999919e+00
1.214962400000000109e+00
1.214974800000000021e+00
1.215938600000000092e+00
1.216022500000000006e+00
1.216609199999999946e+00
1.216686200000000051e+00
1.216840600000000050e+00
1.216840600000000050e+00
1.220068900000000012e+00
1.220068900000000012e+00
1.221459499999999920e+00
1.221459499999999920e+00
1.226393800000000089e+00
1.226447400000000076e+00
1.226820000000000022e+00
1.226820000000000022e+00
1.227686199999999950e+00
1.227686199999999950e+00
1.228313699999999953e+00
1.228313699999999953e+00
1.228579800000000111e+00
1.228883699999999912e+00
1.230058099999999932e+00
1.230088000000000070e+00
1.230694500000000025e+00
1.230740399999999957e+00
1.231314000000000020e+00
1.231365199999999938e+00
1.233524899999999924e+00
1.263887800000000006e+00
1.268694999999999906e+00
1.271985399999999933e+00
1.273982699999999912e+00
1.273982699999999912e+00
1.273995200000000105e+00
1.274535200000000090e+00
1.274537999999999949e+00
1.274603500000000000e+00
1.275032600000000071e+00
1.275032600000000071e+00
1.280970399999999954e+00
1.280970399999999954e+00
1.281553799999999965e+00
1.281553799999999965e+00
1.282515599999999978e+00
1.282983500000000054e+00
1.282983500000000054e+00
1.284432100000000077e+00
1.285781199999999957e+00
1.286855000000000082e+00
1.287693100000000035e+00
1.287693100000000035e+00
1.297615900000000044e+00
1.297615900000000044e+00
1.320846799999999988e+00
1.320846799999999988e+00
1.331010999999999944e+00
1.331010999999999944e+00
1.336776699999999929e+00
1.336776699999999929e+00
1.347481200000000046e+00
1.347481200000000046e+00
1.357093799999999906e+00
1.357093799999999906e+00
1.369188800000000095e+00
1.369188800000000095e+00
1.381673699999999894e+00
1.381673699999999894e+00
1.399517200000000017e+00
1.399517200000000017e+00
1.399517200000000017e+00
1.399517200000000017e+00
1.401424000000000003e+00
1.401424000000000003e+00
1.401880100000000073e+00
1.402952100000000035e+00
1.403719500000000009e+00
1.403719500000000009e+00
1.406618900000000005e+00
1.406618900000000005e+00
1.406618900000000005e+00
