# t	msd	err
9.999999999999336744e-07 1.872002502563704929e-01 1.538996346146309646e-02
2.479338842975230748e-06 3.013019576787139830e-01 1.712459536759504061e-02
4.545193687231032245e-06 4.538254496066193022e-01 2.485600750051241911e-02
7.469733656174319314e-06 3.744853915167544733e-01 1.732056499918427014e-02
1.131160957866041555e-05 5.148493043508087785e-01 7.092859988095556734e-03
2.480187332229199436e-05 6.275426668939627639e-01 8.451092328820734856e-03
4.310015444932778196e-05 8.408929004955897346e-01 1.162943159261883852e-02
7.493295010130559338e-05 1.193741660878548716e+00 1.209712417456757123e-02
1.290309756243601116e-04 1.964891565710900956e+00 1.573611569216712067e-02
2.461121497691431503e-04 1.078171868633246877e+00 1.045767151464484755e-02
4.521248632654946615e-04 1.179281566056966435e+00 6.060204470988821319e-03
7.176488562175004212e-04 1.056442410818508426e+00 7.362524321453872700e-03
1.330871590981457095e-03 1.004608715658107165e+00 5.858480763753779082e-03
2.401899911678806107e-03 1.343929017845438167e+00 7.764520907885420938e-03
4.153491687782829428e-03 1.440049196539772147e+00 8.441836240244006417e-03
7.075377028304291084e-03 1.618526838786974453e+00 8.262556612686749319e-03
1.385139179079997174e-02 1.267314721959183643e+01 4.062510901472575486e-02
2.324900877731765625e-02 2.162946209095269623e+01 2.058772365001389562e-02
4.540083954408626749e-02 3.199655765209974234e+01 5.724124156777089280e-03
