# AtomId eventId barrier
2.660000000000000000e+02 5.820280000000000000e+05 9.242599999999999705e-01
2.670000000000000000e+02 6.520990000000000000e+05 3.042190000000000172e-01
2.670000000000000000e+02 1.020815000000000000e+06 4.188529999999999753e-01
2.690000000000000000e+02 7.672520000000000000e+05 7.385899999999999410e-02
2.570000000000000000e+02 8.977150000000000000e+05 2.560790000000000011e-01
2.570000000000000000e+02 5.066040000000000000e+05 8.028220000000000356e-01
2.580000000000000000e+02 2.856160000000000000e+05 3.788320000000000021e-01
2.590000000000000000e+02 1.021899000000000000e+06 1.838819999999999899e-01
2.600000000000000000e+02 1.020433000000000000e+06 1.147980999999999918e+00
2.680000000000000000e+02 5.826300000000000000e+05 6.803759999999999808e-01
2.590000000000000000e+02 1.170029000000000000e+06 7.183799999999999908e-02
2.670000000000000000e+02 2.360550000000000000e+05 4.164579999999999949e-01
2.680000000000000000e+02 1.663620000000000000e+05 6.460949999999999749e-01
2.570000000000000000e+02 8.977150000000000000e+05 2.560810000000000031e-01
2.570000000000000000e+02 5.066040000000000000e+05 8.028389999999999693e-01
2.580000000000000000e+02 2.856160000000000000e+05 3.788449999999999873e-01
2.590000000000000000e+02 1.021899000000000000e+06 1.838849999999999929e-01
2.680000000000000000e+02 5.826300000000000000e+05 6.803780000000000383e-01
2.590000000000000000e+02 1.170029000000000000e+06 7.183799999999999908e-02
2.670000000000000000e+02 2.360550000000000000e+05 4.164590000000000236e-01
2.680000000000000000e+02 1.663620000000000000e+05 6.460979999999999501e-01
2.610000000000000000e+02 9.361550000000000000e+05 1.273890000000000022e-01
2.610000000000000000e+02 9.767480000000000000e+05 1.383630000000000138e-01
2.620000000000000000e+02 5.437500000000000000e+04 8.053749999999999520e-01
2.670000000000000000e+02 1.995360000000000000e+05 4.400950000000000140e-01
2.610000000000000000e+02 9.767480000000000000e+05 1.336579999999999990e-01
2.610000000000000000e+02 9.361550000000000000e+05 1.197809999999999986e-01
2.670000000000000000e+02 4.298750000000000000e+05 4.164590000000000236e-01
2.680000000000000000e+02 1.663620000000000000e+05 6.460970000000000324e-01
2.630000000000000000e+02 1.034813000000000000e+06 3.343240000000000101e-01
2.640000000000000000e+02 7.618000000000000000e+05 1.913360000000000061e-01
2.650000000000000000e+02 8.698170000000000000e+05 3.517529999999999824e-01
2.650000000000000000e+02 7.279690000000000000e+05 4.841440000000000188e-01
2.670000000000000000e+02 2.360550000000000000e+05 4.105469999999999953e-01
2.620000000000000000e+02 6.999170000000000000e+05 1.165510000000000018e-01
2.620000000000000000e+02 1.036810000000000000e+06 9.474499999999999589e-02
2.640000000000000000e+02 2.745630000000000000e+05 2.874289999999999901e-01
2.640000000000000000e+02 3.280270000000000000e+05 3.350029999999999952e-01
2.650000000000000000e+02 2.443000000000000000e+04 2.581080000000000041e-01
2.670000000000000000e+02 1.143009000000000000e+06 3.269230000000000191e-01
2.670000000000000000e+02 1.262623000000000000e+06 4.398549999999999960e-01
2.670000000000000000e+02 4.545130000000000000e+05 4.155209999999999737e-01
2.680000000000000000e+02 1.198784000000000000e+06 1.585610000000000075e-01
2.620000000000000000e+02 4.546010000000000000e+05 8.202600000000000169e-02
2.640000000000000000e+02 6.961560000000000000e+05 2.725259999999999905e-01
2.650000000000000000e+02 4.867660000000000000e+05 7.908300000000000052e-02
2.650000000000000000e+02 5.076580000000000000e+05 2.073480000000000045e-01
2.670000000000000000e+02 1.182817000000000000e+06 4.664470000000000005e-01
2.680000000000000000e+02 2.810810000000000000e+05 6.588479999999999892e-01
2.590000000000000000e+02 2.412700000000000000e+05 1.037876999999999938e+00
2.620000000000000000e+02 1.103119000000000000e+06 1.677919999999999967e-01
2.630000000000000000e+02 9.229770000000000000e+05 3.575300000000000145e-01
2.680000000000000000e+02 8.879220000000000000e+05 5.292599999999999527e-01
2.630000000000000000e+02 1.214507000000000000e+06 2.737600000000000033e-01
2.630000000000000000e+02 4.198950000000000000e+05 3.605059999999999931e-01
2.640000000000000000e+02 6.961560000000000000e+05 2.722879999999999745e-01
2.650000000000000000e+02 4.867660000000000000e+05 7.885699999999999654e-02
2.650000000000000000e+02 5.076580000000000000e+05 4.982099999999999723e-02
2.670000000000000000e+02 1.182817000000000000e+06 4.663999999999999813e-01
2.680000000000000000e+02 2.810810000000000000e+05 6.589059999999999917e-01
2.620000000000000000e+02 1.036810000000000000e+06 9.479799999999999338e-02
2.640000000000000000e+02 2.745630000000000000e+05 2.874639999999999973e-01
2.640000000000000000e+02 3.280270000000000000e+05 3.350690000000000057e-01
2.650000000000000000e+02 9.264080000000000000e+05 2.580819999999999781e-01
2.670000000000000000e+02 1.143009000000000000e+06 3.269310000000000271e-01
2.670000000000000000e+02 1.262623000000000000e+06 4.399770000000000070e-01
2.670000000000000000e+02 4.545130000000000000e+05 4.156679999999999819e-01
2.680000000000000000e+02 1.198784000000000000e+06 1.586809999999999887e-01
2.580000000000000000e+02 1.160623000000000000e+06 3.563999999999999946e-01
2.600000000000000000e+02 9.164550000000000000e+05 9.973610000000000531e-01
2.610000000000000000e+02 1.072908000000000000e+06 4.183069999999999844e-01
2.620000000000000000e+02 2.425000000000000000e+04 2.748780000000000112e-01
2.620000000000000000e+02 2.831260000000000000e+05 3.576559999999999739e-01
2.660000000000000000e+02 1.864000000000000000e+03 8.400379999999999514e-01
2.670000000000000000e+02 8.876020000000000000e+05 4.571310000000000096e-01
2.670000000000000000e+02 1.216898000000000000e+06 6.711700000000000443e-01
2.680000000000000000e+02 1.052286000000000000e+06 1.745140000000000025e-01
2.680000000000000000e+02 1.165799000000000000e+06 1.391726000000000019e+00
2.680000000000000000e+02 2.959300000000000000e+05 9.801779999999999937e-01
2.580000000000000000e+02 1.160623000000000000e+06 3.517370000000000219e-01
2.610000000000000000e+02 7.207800000000000000e+04 3.765209999999999946e-01
2.620000000000000000e+02 2.819900000000000000e+05 3.150009999999999755e-01
2.620000000000000000e+02 8.169770000000000000e+05 3.580150000000000277e-01
2.660000000000000000e+02 1.864000000000000000e+03 8.370319999999999983e-01
2.670000000000000000e+02 8.876020000000000000e+05 4.505680000000000240e-01
2.670000000000000000e+02 1.216898000000000000e+06 6.789450000000000207e-01
2.680000000000000000e+02 1.052286000000000000e+06 1.727299999999999947e-01
2.680000000000000000e+02 1.165799000000000000e+06 1.381374000000000102e+00
2.680000000000000000e+02 2.959300000000000000e+05 9.964359999999999884e-01
2.600000000000000000e+02 9.551640000000000000e+05 3.975700000000000067e-02
2.630000000000000000e+02 8.306470000000000000e+05 1.817209999999999936e-01
2.670000000000000000e+02 6.498400000000000000e+04 4.325039999999999996e-01
2.570000000000000000e+02 5.089510000000000000e+05 2.731009999999999827e-01
2.610000000000000000e+02 1.121460000000000000e+06 2.916300000000000003e-01
2.610000000000000000e+02 1.166852000000000000e+06 4.840249999999999830e-01
2.630000000000000000e+02 8.306470000000000000e+05 2.002279999999999893e-01
2.660000000000000000e+02 2.871200000000000000e+04 1.379479999999999873e-01
2.660000000000000000e+02 9.345000000000000000e+04 8.088910000000000267e-01
2.670000000000000000e+02 4.276130000000000000e+05 4.197219999999999840e-01
2.570000000000000000e+02 4.931540000000000000e+05 2.606400000000000036e-02
2.570000000000000000e+02 2.313420000000000000e+05 1.886359999999999981e-01
2.590000000000000000e+02 3.866390000000000000e+05 8.697570000000000023e-01
2.610000000000000000e+02 9.535430000000000000e+05 5.186739999999999684e-01
2.620000000000000000e+02 6.356270000000000000e+05 7.732729999999999881e-01
2.630000000000000000e+02 8.306470000000000000e+05 2.110489999999999866e-01
2.640000000000000000e+02 1.055101000000000000e+06 3.876999999999999804e-03
2.660000000000000000e+02 1.083621000000000000e+06 5.579699999999999938e-02
2.660000000000000000e+02 1.083621000000000000e+06 2.893199999999999938e-02
2.680000000000000000e+02 5.922640000000000000e+05 2.343840000000000090e-01
2.570000000000000000e+02 8.482400000000000000e+05 8.433359999999999745e-01
2.580000000000000000e+02 1.280778000000000000e+06 3.425099999999999811e-01
2.580000000000000000e+02 5.400600000000000000e+04 3.354210000000000247e-01
2.590000000000000000e+02 1.290605000000000000e+06 2.217629999999999879e-01
2.590000000000000000e+02 3.232470000000000000e+05 8.273549999999999516e-01
2.630000000000000000e+02 8.306470000000000000e+05 1.900179999999999925e-01
2.650000000000000000e+02 1.081264000000000000e+06 2.915030000000000121e-01
2.670000000000000000e+02 7.499530000000000000e+05 5.024910000000000210e-01
2.690000000000000000e+02 1.139486000000000000e+06 1.203541999999999890e+00
2.570000000000000000e+02 3.773100000000000000e+04 1.788639999999999952e-01
2.590000000000000000e+02 8.741240000000000000e+05 7.870059999999999834e-01
2.600000000000000000e+02 4.629950000000000000e+05 1.202644999999999964e+00
2.610000000000000000e+02 2.105720000000000000e+05 3.657750000000000168e-01
2.630000000000000000e+02 6.790850000000000000e+05 1.098879999999999996e-01
2.640000000000000000e+02 1.166940000000000000e+06 1.067700000000000073e-02
2.650000000000000000e+02 3.258780000000000000e+05 2.406989999999999963e-01
2.650000000000000000e+02 3.258780000000000000e+05 2.419640000000000124e-01
2.660000000000000000e+02 8.538230000000000000e+05 8.771579999999999933e-01
2.670000000000000000e+02 8.675960000000000000e+05 2.688269999999999826e-01
2.670000000000000000e+02 1.203221000000000000e+06 2.865840000000000054e-01
2.680000000000000000e+02 3.094960000000000000e+05 1.618020000000000014e-01
2.570000000000000000e+02 5.599780000000000000e+05 2.698039999999999883e-01
2.570000000000000000e+02 8.364420000000000000e+05 2.613389999999999880e-01
2.580000000000000000e+02 2.845570000000000000e+05 1.299919999999999964e-01
2.590000000000000000e+02 4.858650000000000000e+05 1.980689999999999951e-01
2.590000000000000000e+02 4.664670000000000000e+05 2.019120000000000081e-01
2.600000000000000000e+02 2.315420000000000000e+05 1.160482000000000014e+00
2.610000000000000000e+02 9.344300000000000000e+05 1.094889999999999919e+00
2.610000000000000000e+02 9.079860000000000000e+05 1.241201999999999916e+00
2.630000000000000000e+02 7.968260000000000000e+05 2.998489999999999767e-01
2.640000000000000000e+02 4.271960000000000000e+05 7.287059999999999649e-01
2.670000000000000000e+02 5.362800000000000000e+04 3.553490000000000260e-01
2.670000000000000000e+02 9.122340000000000000e+05 3.907070000000000265e-01
2.590000000000000000e+02 6.644490000000000000e+05 1.734610000000000041e-01
2.590000000000000000e+02 1.248904000000000000e+06 8.435519999999999685e-01
2.600000000000000000e+02 1.024703000000000000e+06 1.404565999999999981e+00
2.630000000000000000e+02 7.463140000000000000e+05 1.572000000000000047e-03
2.650000000000000000e+02 8.106820000000000000e+05 1.078999999999999959e-01
2.670000000000000000e+02 1.039520000000000000e+06 3.773310000000000275e-01
2.670000000000000000e+02 2.478250000000000000e+05 1.458990000000000009e-01
2.690000000000000000e+02 5.888970000000000000e+05 1.245025999999999966e+00
2.690000000000000000e+02 6.464940000000000000e+05 1.403243000000000018e+00
2.590000000000000000e+02 1.641620000000000000e+05 1.125260000000000010e-01
2.600000000000000000e+02 2.038030000000000000e+05 2.882609999999999895e-01
2.600000000000000000e+02 4.032300000000000000e+05 1.242283000000000026e+00
2.630000000000000000e+02 4.053780000000000000e+05 4.094340000000000201e-01
2.660000000000000000e+02 1.654890000000000000e+05 1.118506999999999918e+00
2.670000000000000000e+02 1.888830000000000000e+05 4.088879999999999737e-01
2.670000000000000000e+02 8.629100000000000000e+05 5.463299999999999823e-01
2.670000000000000000e+02 1.888830000000000000e+05 4.095249999999999724e-01
2.690000000000000000e+02 1.292666000000000000e+06 2.885440000000000227e-01
2.630000000000000000e+02 4.053780000000000000e+05 3.892939999999999734e-01
2.640000000000000000e+02 4.197200000000000000e+04 6.440080000000000249e-01
2.660000000000000000e+02 1.169568000000000000e+06 9.309380000000000432e-01
2.670000000000000000e+02 1.888830000000000000e+05 4.679070000000000173e-01
2.670000000000000000e+02 8.629100000000000000e+05 5.488459999999999450e-01
2.570000000000000000e+02 9.025600000000000000e+04 2.307319999999999927e-01
2.580000000000000000e+02 3.492800000000000000e+04 3.365029999999999966e-01
2.620000000000000000e+02 9.639890000000000000e+05 8.379750000000000254e-01
2.630000000000000000e+02 6.666870000000000000e+05 4.641040000000000165e-01
2.670000000000000000e+02 1.888830000000000000e+05 4.822699999999999765e-01
2.670000000000000000e+02 8.629100000000000000e+05 5.551150000000000251e-01
2.590000000000000000e+02 1.486900000000000000e+05 2.701999999999999975e-03
2.630000000000000000e+02 3.515670000000000000e+05 4.269729999999999914e-01
2.670000000000000000e+02 5.075720000000000000e+05 3.895170000000000021e-01
2.570000000000000000e+02 4.949850000000000000e+05 2.720159999999999800e-01
2.600000000000000000e+02 5.108810000000000000e+05 3.200549999999999784e-01
2.650000000000000000e+02 1.198382000000000000e+06 1.062379999999999991e-01
2.670000000000000000e+02 1.652700000000000000e+05 3.637100000000000055e-02
2.670000000000000000e+02 3.515670000000000000e+05 3.606499999999999984e-02
2.670000000000000000e+02 1.486900000000000000e+05 2.701999999999999975e-03
2.670000000000000000e+02 7.900140000000000000e+05 3.573999999999999920e-03
2.570000000000000000e+02 4.949850000000000000e+05 2.624000000000000221e-01
2.590000000000000000e+02 1.486900000000000000e+05 2.701999999999999975e-03
2.630000000000000000e+02 3.515670000000000000e+05 4.269729999999999914e-01
2.670000000000000000e+02 5.075720000000000000e+05 3.895170000000000021e-01
2.570000000000000000e+02 3.558800000000000000e+04 2.932000000000000144e-03
2.570000000000000000e+02 3.558900000000000000e+04 8.670000000000000623e-03
2.630000000000000000e+02 3.515670000000000000e+05 4.120900000000000118e-01
2.640000000000000000e+02 1.117843000000000000e+06 6.320759999999999712e-01
2.670000000000000000e+02 3.431180000000000000e+05 5.429059999999999997e-01
2.570000000000000000e+02 7.310430000000000000e+05 2.625100000000000211e-01
2.590000000000000000e+02 1.486900000000000000e+05 2.701999999999999975e-03
2.630000000000000000e+02 3.515670000000000000e+05 4.271340000000000137e-01
2.670000000000000000e+02 5.075720000000000000e+05 3.895739999999999759e-01
2.570000000000000000e+02 9.025600000000000000e+04 2.302659999999999985e-01
2.580000000000000000e+02 3.492800000000000000e+04 3.373789999999999845e-01
2.620000000000000000e+02 9.639890000000000000e+05 8.373199999999999532e-01
2.630000000000000000e+02 6.666870000000000000e+05 4.658030000000000226e-01
2.570000000000000000e+02 9.025600000000000000e+04 2.674380000000000090e-01
2.630000000000000000e+02 1.571190000000000000e+05 3.895500000000000074e-01
2.580000000000000000e+02 7.404940000000000000e+05 3.164850000000000163e-01
2.580000000000000000e+02 7.014770000000000000e+05 3.552699999999999747e-01
2.580000000000000000e+02 6.321430000000000000e+05 3.861290000000000000e-01
2.640000000000000000e+02 4.822090000000000000e+05 1.152905000000000069e+00
2.660000000000000000e+02 4.266000000000000000e+05 5.079399999999999887e-02
2.670000000000000000e+02 1.888830000000000000e+05 5.202320000000000277e-01
2.680000000000000000e+02 1.290781000000000000e+06 1.035794000000000104e+00
2.580000000000000000e+02 5.348770000000000000e+05 2.540419999999999900e-01
2.590000000000000000e+02 8.050280000000000000e+05 1.464574000000000042e+00
2.600000000000000000e+02 1.255507000000000000e+06 1.036360000000000059e-01
2.660000000000000000e+02 9.116600000000000000e+04 1.472279999999999978e-01
2.670000000000000000e+02 1.888830000000000000e+05 4.786190000000000166e-01
2.580000000000000000e+02 1.295437000000000000e+06 3.445239999999999969e-01
2.600000000000000000e+02 5.827450000000000000e+05 2.030000000000000120e-03
2.620000000000000000e+02 8.849160000000000000e+05 8.661790000000000322e-01
2.650000000000000000e+02 4.737280000000000000e+05 3.870699999999999835e-02
2.670000000000000000e+02 1.888830000000000000e+05 3.779089999999999949e-01
2.690000000000000000e+02 1.164008000000000000e+06 1.709739999999999871e-01
2.690000000000000000e+02 1.267488000000000000e+06 3.223019999999999774e-01
2.580000000000000000e+02 5.348770000000000000e+05 2.813339999999999730e-01
2.590000000000000000e+02 8.050280000000000000e+05 1.546173000000000020e+00
2.620000000000000000e+02 7.598000000000000000e+05 1.334518000000000093e+00
2.640000000000000000e+02 1.005701000000000000e+06 1.152835999999999972e+00
2.660000000000000000e+02 8.804690000000000000e+05 1.537699999999999900e-01
2.670000000000000000e+02 1.888830000000000000e+05 5.120329999999999604e-01
2.580000000000000000e+02 1.030614000000000000e+06 1.281999999999999980e-02
2.590000000000000000e+02 8.050280000000000000e+05 1.183319000000000010e+00
2.670000000000000000e+02 1.888830000000000000e+05 5.205899999999999972e-01
2.580000000000000000e+02 5.348770000000000000e+05 2.813339999999999730e-01
2.590000000000000000e+02 8.050280000000000000e+05 1.545717999999999925e+00
2.620000000000000000e+02 7.598000000000000000e+05 1.334516999999999953e+00
2.640000000000000000e+02 1.005701000000000000e+06 1.152835999999999972e+00
2.660000000000000000e+02 8.804690000000000000e+05 1.537719999999999920e-01
2.670000000000000000e+02 1.888830000000000000e+05 5.115119999999999667e-01
2.580000000000000000e+02 1.030614000000000000e+06 1.281999999999999980e-02
2.590000000000000000e+02 8.050280000000000000e+05 1.590335999999999972e+00
2.670000000000000000e+02 1.888830000000000000e+05 5.205520000000000147e-01
2.580000000000000000e+02 5.348770000000000000e+05 2.813370000000000037e-01
2.590000000000000000e+02 8.050280000000000000e+05 1.545525000000000038e+00
2.620000000000000000e+02 7.598000000000000000e+05 1.334519999999999929e+00
2.640000000000000000e+02 1.005701000000000000e+06 1.152840000000000087e+00
2.660000000000000000e+02 8.804690000000000000e+05 1.537759999999999960e-01
2.670000000000000000e+02 1.888830000000000000e+05 5.119580000000000242e-01
2.580000000000000000e+02 1.030614000000000000e+06 1.281999999999999980e-02
2.590000000000000000e+02 8.050280000000000000e+05 1.183334000000000108e+00
2.670000000000000000e+02 1.888830000000000000e+05 5.206849999999999534e-01
2.580000000000000000e+02 1.030614000000000000e+06 2.138800000000000076e-02
2.600000000000000000e+02 2.220020000000000000e+05 3.106610000000000205e-01
2.610000000000000000e+02 1.105652000000000000e+06 8.454390000000000516e-01
2.620000000000000000e+02 8.734450000000000000e+05 1.367202999999999946e+00
2.660000000000000000e+02 1.035146000000000000e+06 9.008099999999999441e-02
2.670000000000000000e+02 6.802800000000000000e+04 3.833770000000000233e-01
2.680000000000000000e+02 3.367450000000000000e+05 8.555869999999999864e-01
2.690000000000000000e+02 3.359200000000000000e+05 1.461981999999999893e+00
2.580000000000000000e+02 1.030614000000000000e+06 2.138800000000000076e-02
2.590000000000000000e+02 8.050280000000000000e+05 1.223152000000000017e+00
2.670000000000000000e+02 8.897550000000000000e+05 5.207289999999999974e-01
2.580000000000000000e+02 5.348770000000000000e+05 2.899470000000000103e-01
2.590000000000000000e+02 8.050280000000000000e+05 1.545846999999999971e+00
2.620000000000000000e+02 7.598000000000000000e+05 1.334456000000000087e+00
2.640000000000000000e+02 1.005701000000000000e+06 1.153238999999999903e+00
2.660000000000000000e+02 8.804690000000000000e+05 1.539540000000000075e-01
2.670000000000000000e+02 1.888830000000000000e+05 5.118589999999999529e-01
2.580000000000000000e+02 7.404940000000000000e+05 3.593700000000000228e-01
2.580000000000000000e+02 7.014770000000000000e+05 3.320670000000000011e-01
2.580000000000000000e+02 6.321430000000000000e+05 3.863340000000000107e-01
2.580000000000000000e+02 1.151036000000000000e+06 3.600300000000000167e-01
2.590000000000000000e+02 5.332380000000000000e+05 1.041490000000000055e-01
2.650000000000000000e+02 4.535870000000000000e+05 6.195300000000000112e-02
2.650000000000000000e+02 2.650110000000000000e+05 8.400929999999999787e-01
2.660000000000000000e+02 8.408240000000000000e+05 4.813200000000000117e-02
2.670000000000000000e+02 1.888830000000000000e+05 4.981400000000000272e-01
2.670000000000000000e+02 8.629100000000000000e+05 5.493320000000000425e-01
2.580000000000000000e+02 5.348770000000000000e+05 2.816049999999999942e-01
2.590000000000000000e+02 8.050280000000000000e+05 1.546211000000000002e+00
2.620000000000000000e+02 7.598000000000000000e+05 1.334634000000000098e+00
2.640000000000000000e+02 1.005701000000000000e+06 1.153213999999999961e+00
2.660000000000000000e+02 1.007510000000000000e+06 1.539969999999999950e-01
2.670000000000000000e+02 1.888830000000000000e+05 5.112809999999999855e-01
2.580000000000000000e+02 7.404940000000000000e+05 3.593910000000000160e-01
2.580000000000000000e+02 7.014770000000000000e+05 3.320580000000000198e-01
2.580000000000000000e+02 6.321430000000000000e+05 3.863590000000000080e-01
2.580000000000000000e+02 1.151036000000000000e+06 3.600300000000000167e-01
2.590000000000000000e+02 5.332380000000000000e+05 1.041519999999999946e-01
2.650000000000000000e+02 4.535870000000000000e+05 6.195300000000000112e-02
2.650000000000000000e+02 2.650110000000000000e+05 8.400929999999999787e-01
2.660000000000000000e+02 8.408240000000000000e+05 4.813200000000000117e-02
2.670000000000000000e+02 1.888830000000000000e+05 4.981550000000000145e-01
2.670000000000000000e+02 8.629100000000000000e+05 5.493540000000000090e-01
2.580000000000000000e+02 1.012410000000000000e+06 5.898790000000000422e-01
2.640000000000000000e+02 4.064780000000000000e+05 1.109345000000000026e+00
2.650000000000000000e+02 1.864560000000000000e+05 4.824699999999999822e-02
2.670000000000000000e+02 1.888830000000000000e+05 5.134940000000000060e-01
2.670000000000000000e+02 8.629100000000000000e+05 5.370099999999999874e-01
2.690000000000000000e+02 7.109710000000000000e+05 1.220641000000000087e+00
2.580000000000000000e+02 7.404940000000000000e+05 3.594970000000000110e-01
2.580000000000000000e+02 7.014770000000000000e+05 3.158389999999999809e-01
2.580000000000000000e+02 6.321430000000000000e+05 3.863030000000000075e-01
2.580000000000000000e+02 1.151036000000000000e+06 3.601070000000000104e-01
2.590000000000000000e+02 1.821450000000000000e+05 1.042010000000000020e-01
2.640000000000000000e+02 4.822090000000000000e+05 1.164948000000000095e+00
2.650000000000000000e+02 4.535870000000000000e+05 6.203199999999999686e-02
2.650000000000000000e+02 2.650110000000000000e+05 8.400900000000000034e-01
2.660000000000000000e+02 8.408240000000000000e+05 4.752100000000000074e-02
2.670000000000000000e+02 1.888830000000000000e+05 4.981760000000000077e-01
2.670000000000000000e+02 8.629100000000000000e+05 5.487330000000000263e-01
2.580000000000000000e+02 7.404940000000000000e+05 3.820219999999999727e-01
2.580000000000000000e+02 1.151036000000000000e+06 3.014830000000000010e-01
2.580000000000000000e+02 7.014770000000000000e+05 3.143989999999999840e-01
2.580000000000000000e+02 6.321430000000000000e+05 3.935379999999999989e-01
2.640000000000000000e+02 7.543620000000000000e+05 1.036310000000000064e+00
2.650000000000000000e+02 4.919300000000000000e+04 5.000799999999999690e-01
2.650000000000000000e+02 1.287852000000000000e+06 9.131869999999999710e-01
2.670000000000000000e+02 1.128301000000000000e+06 1.166869999999999991e-01
2.580000000000000000e+02 4.480940000000000000e+05 9.196500000000000508e-02
2.580000000000000000e+02 1.166285000000000000e+06 1.050429999999999975e-01
2.610000000000000000e+02 4.373320000000000000e+05 9.274630000000000374e-01
2.620000000000000000e+02 1.255777000000000000e+06 8.100140000000000118e-01
2.630000000000000000e+02 5.615850000000000000e+05 3.535059999999999869e-01
2.640000000000000000e+02 5.867670000000000000e+05 1.391831000000000040e+00
2.650000000000000000e+02 5.562530000000000000e+05 5.110599999999999588e-01
2.650000000000000000e+02 1.027173000000000000e+06 5.737769999999999815e-01
2.580000000000000000e+02 6.281210000000000000e+05 3.405600000000000294e-02
2.600000000000000000e+02 4.589730000000000000e+05 2.370809999999999862e-01
2.610000000000000000e+02 4.373320000000000000e+05 9.295930000000000026e-01
2.610000000000000000e+02 9.644870000000000000e+05 1.021188999999999902e+00
2.610000000000000000e+02 9.220650000000000000e+05 1.201908999999999894e+00
2.620000000000000000e+02 7.743080000000000000e+05 9.545059999999999656e-01
2.640000000000000000e+02 5.763970000000000000e+05 1.162190999999999974e+00
2.650000000000000000e+02 5.421640000000000000e+05 5.795960000000000001e-01
2.690000000000000000e+02 5.957970000000000000e+05 1.179710000000000064e-01
2.690000000000000000e+02 5.957970000000000000e+05 1.170640000000000014e-01
2.580000000000000000e+02 3.219790000000000000e+05 2.366779999999999995e-01
2.590000000000000000e+02 6.924190000000000000e+05 7.795799999999999952e-02
2.610000000000000000e+02 4.373320000000000000e+05 8.486510000000000442e-01
2.610000000000000000e+02 9.644870000000000000e+05 1.210029999999999939e+00
2.610000000000000000e+02 9.220650000000000000e+05 1.196118000000000015e+00
2.620000000000000000e+02 2.069190000000000000e+05 7.856199999999999850e-01
2.620000000000000000e+02 1.255777000000000000e+06 9.312009999999999454e-01
2.650000000000000000e+02 5.562530000000000000e+05 5.109249999999999625e-01
2.650000000000000000e+02 1.027173000000000000e+06 4.341849999999999876e-01
2.580000000000000000e+02 3.493060000000000000e+05 3.405600000000000294e-02
2.600000000000000000e+02 4.589730000000000000e+05 2.375279999999999891e-01
2.610000000000000000e+02 4.373320000000000000e+05 9.290819999999999634e-01
2.610000000000000000e+02 9.644870000000000000e+05 1.021115999999999913e+00
2.610000000000000000e+02 9.220650000000000000e+05 1.201929999999999943e+00
2.620000000000000000e+02 7.743080000000000000e+05 9.546090000000000408e-01
2.640000000000000000e+02 5.763970000000000000e+05 1.162419000000000091e+00
2.650000000000000000e+02 5.421640000000000000e+05 5.795120000000000271e-01
2.690000000000000000e+02 1.103420000000000000e+05 1.171679999999999944e-01
2.690000000000000000e+02 1.103420000000000000e+05 1.176620000000000027e-01
2.580000000000000000e+02 3.219790000000000000e+05 2.786460000000000048e-01
2.590000000000000000e+02 8.059330000000000000e+05 5.494090000000000362e-01
2.610000000000000000e+02 4.373320000000000000e+05 9.331599999999999895e-01
2.610000000000000000e+02 9.644870000000000000e+05 1.304186999999999985e+00
2.610000000000000000e+02 9.220650000000000000e+05 1.238032999999999939e+00
2.620000000000000000e+02 1.255777000000000000e+06 9.683629999999999738e-01
2.630000000000000000e+02 5.615850000000000000e+05 3.515949999999999909e-01
2.650000000000000000e+02 5.562530000000000000e+05 5.494409999999999572e-01
2.650000000000000000e+02 1.027173000000000000e+06 4.834280000000000244e-01
2.660000000000000000e+02 6.096500000000000000e+04 1.093630000000000019e-01
2.660000000000000000e+02 4.249150000000000000e+05 1.919289999999999885e-01
2.680000000000000000e+02 5.013950000000000000e+05 1.084792999999999896e+00
2.580000000000000000e+02 3.493060000000000000e+05 3.405600000000000294e-02
2.600000000000000000e+02 4.589730000000000000e+05 2.374469999999999914e-01
2.610000000000000000e+02 4.373320000000000000e+05 9.290690000000000337e-01
2.610000000000000000e+02 9.644870000000000000e+05 1.021057000000000103e+00
2.610000000000000000e+02 9.220650000000000000e+05 1.201907000000000059e+00
2.620000000000000000e+02 7.743080000000000000e+05 9.546249999999999458e-01
2.640000000000000000e+02 5.763970000000000000e+05 1.162346000000000101e+00
2.650000000000000000e+02 5.421640000000000000e+05 5.794820000000000526e-01
2.690000000000000000e+02 7.271380000000000000e+05 1.176429999999999976e-01
2.690000000000000000e+02 5.957970000000000000e+05 1.175699999999999940e-01
2.580000000000000000e+02 6.420400000000000000e+04 2.293379999999999863e-01
2.600000000000000000e+02 4.692750000000000000e+05 1.015458999999999889e+00
2.620000000000000000e+02 1.304800000000000000e+04 1.061249999999999971e-01
2.630000000000000000e+02 8.043000000000000000e+05 2.018909999999999871e-01
2.640000000000000000e+02 6.955370000000000000e+05 9.921419999999999684e-01
2.650000000000000000e+02 8.058640000000000000e+05 5.586339999999999639e-01
2.690000000000000000e+02 7.271380000000000000e+05 1.307119999999999949e-01
2.580000000000000000e+02 1.054734000000000000e+06 1.454370000000000107e-01
2.580000000000000000e+02 8.152730000000000000e+05 3.278860000000000108e-01
2.590000000000000000e+02 6.749700000000000000e+04 1.326779999999999904e-01
2.600000000000000000e+02 3.547190000000000000e+05 1.387577999999999978e+00
2.620000000000000000e+02 3.157720000000000000e+05 9.467609999999999637e-01
2.620000000000000000e+02 9.161410000000000000e+05 1.004353000000000051e+00
2.630000000000000000e+02 5.973390000000000000e+05 8.363800000000000401e-02
2.630000000000000000e+02 1.088926000000000000e+06 8.758499999999999619e-02
2.630000000000000000e+02 1.062509000000000000e+06 3.405730000000000146e-01
2.630000000000000000e+02 5.840940000000000000e+05 2.249859999999999915e-01
2.650000000000000000e+02 1.045654000000000000e+06 5.248699999999999477e-01
2.650000000000000000e+02 1.203141000000000000e+06 5.444250000000000478e-01
2.690000000000000000e+02 4.927130000000000000e+05 3.757929999999999882e-01
2.580000000000000000e+02 4.395780000000000000e+05 2.298119999999999885e-01
2.600000000000000000e+02 4.692750000000000000e+05 1.015463999999999922e+00
2.610000000000000000e+02 1.004267000000000000e+06 7.197099999999999609e-01
2.620000000000000000e+02 1.304800000000000000e+04 1.061209999999999931e-01
2.630000000000000000e+02 8.043000000000000000e+05 2.018909999999999871e-01
2.640000000000000000e+02 6.955370000000000000e+05 9.922779999999999934e-01
2.650000000000000000e+02 1.045654000000000000e+06 5.299519999999999786e-01
2.650000000000000000e+02 8.058640000000000000e+05 5.589619999999999589e-01
2.650000000000000000e+02 1.203141000000000000e+06 5.338990000000000125e-01
2.690000000000000000e+02 7.271380000000000000e+05 1.307190000000000019e-01
2.580000000000000000e+02 3.493060000000000000e+05 3.449100000000000082e-02
2.600000000000000000e+02 4.589730000000000000e+05 2.375059999999999949e-01
2.610000000000000000e+02 4.373320000000000000e+05 9.290239999999999609e-01
2.610000000000000000e+02 9.644870000000000000e+05 1.021141999999999994e+00
2.610000000000000000e+02 9.220650000000000000e+05 1.201883999999999952e+00
2.620000000000000000e+02 7.743080000000000000e+05 9.545449999999999768e-01
2.640000000000000000e+02 5.763970000000000000e+05 1.163702000000000014e+00
2.650000000000000000e+02 5.421640000000000000e+05 5.794500000000000206e-01
2.690000000000000000e+02 7.271380000000000000e+05 1.176500000000000046e-01
2.690000000000000000e+02 5.957970000000000000e+05 1.174359999999999987e-01
2.580000000000000000e+02 9.177530000000000000e+05 2.298109999999999875e-01
2.600000000000000000e+02 4.692750000000000000e+05 1.015457999999999972e+00
2.610000000000000000e+02 1.004267000000000000e+06 7.191859999999999919e-01
2.620000000000000000e+02 1.304800000000000000e+04 1.061290000000000011e-01
2.630000000000000000e+02 8.043000000000000000e+05 2.018939999999999901e-01
2.640000000000000000e+02 6.955370000000000000e+05 9.929700000000000193e-01
2.650000000000000000e+02 1.045654000000000000e+06 5.299639999999999906e-01
2.650000000000000000e+02 8.058640000000000000e+05 5.576539999999999830e-01
2.650000000000000000e+02 1.203141000000000000e+06 5.334560000000000413e-01
2.690000000000000000e+02 7.271380000000000000e+05 1.307419999999999971e-01
2.580000000000000000e+02 1.054734000000000000e+06 1.454280000000000017e-01
2.580000000000000000e+02 8.152730000000000000e+05 3.278860000000000108e-01
2.590000000000000000e+02 6.749700000000000000e+04 1.326779999999999904e-01
2.600000000000000000e+02 3.547190000000000000e+05 1.387348000000000026e+00
2.620000000000000000e+02 3.157720000000000000e+05 9.467600000000000460e-01
2.620000000000000000e+02 9.161410000000000000e+05 1.003991000000000078e+00
2.630000000000000000e+02 5.973390000000000000e+05 8.364199999999999413e-02
2.630000000000000000e+02 1.088926000000000000e+06 8.708899999999999975e-02
2.630000000000000000e+02 1.062509000000000000e+06 3.405790000000000206e-01
2.630000000000000000e+02 5.840940000000000000e+05 2.249859999999999915e-01
2.640000000000000000e+02 3.781540000000000000e+05 3.566250000000000253e-01
2.650000000000000000e+02 1.045654000000000000e+06 5.248720000000000052e-01
2.650000000000000000e+02 8.058640000000000000e+05 5.579579999999999540e-01
2.650000000000000000e+02 1.203141000000000000e+06 5.445969999999999978e-01
2.690000000000000000e+02 7.955130000000000000e+05 3.739890000000000159e-01
2.570000000000000000e+02 2.674960000000000000e+05 1.764519999999999977e-01
2.580000000000000000e+02 1.096300000000000000e+04 1.293910000000000060e-01
2.580000000000000000e+02 6.924470000000000000e+05 1.247400000000000037e-01
2.600000000000000000e+02 4.589730000000000000e+05 2.971320000000000072e-01
2.610000000000000000e+02 6.114340000000000000e+05 1.223424999999999985e+00
2.630000000000000000e+02 1.253465000000000000e+06 4.218609999999999860e-01
2.630000000000000000e+02 1.039005000000000000e+06 3.690620000000000012e-01
2.630000000000000000e+02 1.100792000000000000e+06 3.787380000000000191e-01
2.650000000000000000e+02 1.159861000000000000e+06 4.321470000000000034e-01
2.650000000000000000e+02 8.058640000000000000e+05 5.817940000000000333e-01
2.650000000000000000e+02 1.203141000000000000e+06 5.587069999999999537e-01
2.650000000000000000e+02 1.045654000000000000e+06 5.287739999999999663e-01
2.690000000000000000e+02 7.271380000000000000e+05 1.349130000000000051e-01
2.570000000000000000e+02 3.278700000000000000e+04 6.753850000000000131e-01
2.580000000000000000e+02 7.595650000000000000e+05 2.202759999999999996e-01
2.590000000000000000e+02 7.424100000000000000e+04 2.610480000000000023e-01
2.600000000000000000e+02 1.221387000000000000e+06 1.114983999999999975e+00
2.610000000000000000e+02 7.312970000000000000e+05 9.811069999999999514e-01
2.620000000000000000e+02 9.796310000000000000e+05 7.840920000000000112e-01
2.620000000000000000e+02 5.836680000000000000e+05 1.126992999999999912e+00
2.620000000000000000e+02 2.696630000000000000e+05 1.088859999999999939e+00
2.630000000000000000e+02 1.100792000000000000e+06 3.822380000000000222e-01
2.630000000000000000e+02 1.039005000000000000e+06 3.713600000000000234e-01
2.630000000000000000e+02 1.253465000000000000e+06 4.081389999999999740e-01
2.640000000000000000e+02 9.560960000000000000e+05 1.853849999999999942e-01
2.640000000000000000e+02 7.654650000000000000e+05 1.188646000000000091e+00
2.650000000000000000e+02 1.159861000000000000e+06 5.647060000000000413e-01
2.650000000000000000e+02 8.058640000000000000e+05 5.533040000000000180e-01
2.650000000000000000e+02 1.045654000000000000e+06 5.821749999999999980e-01
2.650000000000000000e+02 1.203141000000000000e+06 6.727610000000000534e-01
2.690000000000000000e+02 1.038626000000000000e+06 6.047099999999999698e-02
2.580000000000000000e+02 1.366480000000000000e+05 1.407120000000000037e-01
2.580000000000000000e+02 7.595650000000000000e+05 1.918269999999999975e-01
2.580000000000000000e+02 9.507410000000000000e+05 2.240469999999999962e-01
2.590000000000000000e+02 2.125410000000000000e+05 1.941440000000000110e-01
2.590000000000000000e+02 1.012422000000000000e+06 1.310373000000000010e+00
2.590000000000000000e+02 3.407400000000000000e+04 2.693490000000000051e-01
2.600000000000000000e+02 3.787420000000000000e+05 1.244386999999999910e+00
2.600000000000000000e+02 1.109179000000000000e+06 1.298089999999999966e+00
2.610000000000000000e+02 5.614020000000000000e+05 1.030277000000000109e+00
2.610000000000000000e+02 8.909440000000000000e+05 1.362243000000000093e+00
2.610000000000000000e+02 8.872940000000000000e+05 1.310640999999999945e+00
2.620000000000000000e+02 1.309350000000000000e+05 1.219363999999999892e+00
2.620000000000000000e+02 1.285090000000000000e+05 1.298564999999999969e+00
2.630000000000000000e+02 1.100792000000000000e+06 3.815149999999999930e-01
2.630000000000000000e+02 1.039005000000000000e+06 3.599280000000000257e-01
2.630000000000000000e+02 1.253465000000000000e+06 4.176409999999999845e-01
2.640000000000000000e+02 1.753490000000000000e+05 1.350316000000000072e+00
2.650000000000000000e+02 1.819600000000000000e+04 1.030900000000000011e-01
2.650000000000000000e+02 8.058640000000000000e+05 5.674409999999999732e-01
2.650000000000000000e+02 1.203141000000000000e+06 7.007919999999999705e-01
2.650000000000000000e+02 1.045654000000000000e+06 5.766280000000000294e-01
2.650000000000000000e+02 1.159861000000000000e+06 5.789039999999999742e-01
2.660000000000000000e+02 6.417870000000000000e+05 2.799909999999999899e-01
2.660000000000000000e+02 9.141090000000000000e+05 8.607019999999999671e-01
2.680000000000000000e+02 8.661710000000000000e+05 1.127199999999999980e+00
2.680000000000000000e+02 5.801380000000000000e+05 1.529052999999999995e+00
2.680000000000000000e+02 1.169947000000000000e+06 1.380636999999999892e+00
2.680000000000000000e+02 3.264800000000000000e+04 1.244750999999999941e+00
2.690000000000000000e+02 9.659850000000000000e+05 1.390710000000000002e-01
2.690000000000000000e+02 6.910240000000000000e+05 1.356244999999999923e+00
2.690000000000000000e+02 6.627970000000000000e+05 1.325901999999999914e+00
2.690000000000000000e+02 6.985680000000000000e+05 1.294019999999999893e-01
2.570000000000000000e+02 3.278700000000000000e+04 6.754269999999999996e-01
2.580000000000000000e+02 1.366480000000000000e+05 1.471079999999999888e-01
2.580000000000000000e+02 9.507410000000000000e+05 2.128520000000000134e-01
2.580000000000000000e+02 7.595650000000000000e+05 2.202280000000000071e-01
2.590000000000000000e+02 7.424100000000000000e+04 2.618039999999999812e-01
2.600000000000000000e+02 1.221387000000000000e+06 1.115069000000000088e+00
2.610000000000000000e+02 7.312970000000000000e+05 9.809379999999999766e-01
2.620000000000000000e+02 9.796310000000000000e+05 7.841439999999999522e-01
2.620000000000000000e+02 5.836680000000000000e+05 1.126954000000000011e+00
2.620000000000000000e+02 2.696630000000000000e+05 1.088772999999999991e+00
2.630000000000000000e+02 1.100792000000000000e+06 3.822729999999999739e-01
2.630000000000000000e+02 1.039005000000000000e+06 3.714629999999999876e-01
2.630000000000000000e+02 1.253465000000000000e+06 4.077049999999999841e-01
2.640000000000000000e+02 9.560960000000000000e+05 1.852050000000000085e-01
2.640000000000000000e+02 7.654650000000000000e+05 1.188639999999999919e+00
2.650000000000000000e+02 6.945880000000000000e+05 7.790930000000000355e-01
2.690000000000000000e+02 2.390990000000000000e+05 7.946999999999999204e-03
2.690000000000000000e+02 1.038626000000000000e+06 6.048800000000000010e-02
2.570000000000000000e+02 3.064400000000000000e+05 1.412130000000000052e-01
2.580000000000000000e+02 3.040960000000000000e+05 3.466069999999999984e-01
2.580000000000000000e+02 2.927170000000000000e+05 3.523069999999999813e-01
2.600000000000000000e+02 6.172080000000000000e+05 1.086707000000000090e+00
2.610000000000000000e+02 1.176620000000000000e+06 1.464232999999999896e+00
2.620000000000000000e+02 4.433500000000000000e+05 1.038704999999999989e+00
2.620000000000000000e+02 1.247785000000000000e+06 1.252194999999999947e+00
2.620000000000000000e+02 3.497580000000000000e+05 1.290823999999999971e+00
2.630000000000000000e+02 1.100792000000000000e+06 4.106339999999999990e-01
2.630000000000000000e+02 1.039005000000000000e+06 4.228390000000000204e-01
2.630000000000000000e+02 1.253465000000000000e+06 4.101049999999999973e-01
2.640000000000000000e+02 7.774370000000000000e+05 1.075757999999999992e+00
2.640000000000000000e+02 5.846870000000000000e+05 1.310426000000000091e+00
2.650000000000000000e+02 1.532370000000000000e+05 5.129179999999999851e-01
2.650000000000000000e+02 1.016540000000000000e+05 6.642460000000000031e-01
2.690000000000000000e+02 2.768670000000000000e+05 8.049000000000000599e-03
2.570000000000000000e+02 9.633200000000000000e+05 1.893940000000000068e-01
2.570000000000000000e+02 6.420130000000000000e+05 5.800060000000000215e-01
2.570000000000000000e+02 9.221400000000000000e+05 4.352400000000000158e-01
2.580000000000000000e+02 3.040960000000000000e+05 3.457759999999999723e-01
2.580000000000000000e+02 2.927170000000000000e+05 3.637670000000000070e-01
2.600000000000000000e+02 8.908470000000000000e+05 2.310679999999999956e-01
2.600000000000000000e+02 4.833270000000000000e+05 1.318054999999999977e+00
2.600000000000000000e+02 4.583130000000000000e+05 1.193461000000000105e+00
2.600000000000000000e+02 3.782880000000000000e+05 1.240167000000000019e+00
2.600000000000000000e+02 1.184590000000000000e+05 1.176778000000000102e+00
2.620000000000000000e+02 9.771460000000000000e+05 1.015031999999999934e+00
2.620000000000000000e+02 1.247785000000000000e+06 1.251384000000000052e+00
2.620000000000000000e+02 3.497580000000000000e+05 1.306138999999999939e+00
2.620000000000000000e+02 4.433500000000000000e+05 1.054945000000000022e+00
2.630000000000000000e+02 1.100792000000000000e+06 4.121929999999999761e-01
2.630000000000000000e+02 1.039005000000000000e+06 4.248589999999999867e-01
2.630000000000000000e+02 1.253465000000000000e+06 4.135829999999999784e-01
2.640000000000000000e+02 7.774370000000000000e+05 1.031409999999999938e+00
2.640000000000000000e+02 5.846870000000000000e+05 1.349731999999999932e+00
2.690000000000000000e+02 6.130400000000000000e+05 1.072649999999999992e-01
2.570000000000000000e+02 9.633200000000000000e+05 1.633070000000000077e-01
2.570000000000000000e+02 9.221400000000000000e+05 3.860509999999999775e-01
2.580000000000000000e+02 3.040960000000000000e+05 3.471259999999999901e-01
2.580000000000000000e+02 2.927170000000000000e+05 3.465420000000000167e-01
2.600000000000000000e+02 1.931230000000000000e+05 1.193751000000000007e+00
2.620000000000000000e+02 4.860610000000000000e+05 1.020332000000000017e+00
2.630000000000000000e+02 1.287806000000000000e+06 2.827089999999999881e-01
2.630000000000000000e+02 1.261080000000000000e+06 4.281499999999999750e-01
2.630000000000000000e+02 1.247702000000000000e+06 3.802130000000000232e-01
2.640000000000000000e+02 7.774370000000000000e+05 9.998620000000000285e-01
2.640000000000000000e+02 5.846870000000000000e+05 1.332351999999999981e+00
2.650000000000000000e+02 4.372800000000000000e+05 5.966690000000000049e-01
2.660000000000000000e+02 3.310440000000000000e+05 1.726669999999999872e-01
2.690000000000000000e+02 9.897940000000000000e+05 1.049699999999999939e-01
2.690000000000000000e+02 3.703920000000000000e+05 1.637409999999999977e-01
2.620000000000000000e+02 4.860610000000000000e+05 1.004242000000000079e+00
2.630000000000000000e+02 2.248400000000000000e+04 2.889660000000000006e-01
2.630000000000000000e+02 1.261080000000000000e+06 4.196900000000000075e-01
2.630000000000000000e+02 1.247702000000000000e+06 3.770540000000000003e-01
2.640000000000000000e+02 7.774370000000000000e+05 8.465840000000000032e-01
2.640000000000000000e+02 2.149550000000000000e+05 1.385780999999999930e+00
2.640000000000000000e+02 5.846870000000000000e+05 9.158770000000000522e-01
2.650000000000000000e+02 4.372800000000000000e+05 5.894859999999999545e-01
2.690000000000000000e+02 7.125580000000000000e+05 1.074400000000000008e-02
2.570000000000000000e+02 6.183190000000000000e+05 6.380199999999999760e-02
2.570000000000000000e+02 4.981070000000000000e+05 1.000100000000000017e-01
2.600000000000000000e+02 1.104823000000000000e+06 1.123879000000000072e+00
2.610000000000000000e+02 2.599000000000000000e+04 1.169805999999999901e+00
2.620000000000000000e+02 1.788380000000000000e+05 1.046718000000000037e+00
2.630000000000000000e+02 2.248400000000000000e+04 2.970749999999999780e-01
2.630000000000000000e+02 1.247702000000000000e+06 3.924150000000000138e-01
2.640000000000000000e+02 7.006800000000000000e+04 1.122314999999999952e+00
2.640000000000000000e+02 3.340490000000000000e+05 1.557898000000000005e+00
2.640000000000000000e+02 4.991640000000000000e+05 1.180665000000000076e+00
2.640000000000000000e+02 1.174390000000000000e+06 1.154312999999999922e+00
2.650000000000000000e+02 2.870200000000000000e+05 4.227790000000000159e-01
2.650000000000000000e+02 1.030928000000000000e+06 6.351799999999999669e-01
2.680000000000000000e+02 1.094524000000000000e+06 1.106726000000000099e+00
2.680000000000000000e+02 5.896110000000000000e+05 1.333321999999999896e+00
2.690000000000000000e+02 3.757870000000000000e+05 1.191979999999999984e-01
2.690000000000000000e+02 6.962100000000000000e+04 1.691179999999999906e-01
2.570000000000000000e+02 7.036030000000000000e+05 5.268140000000000045e-01
2.570000000000000000e+02 1.286072000000000000e+06 9.157119999999999704e-01
2.570000000000000000e+02 7.794680000000000000e+05 7.405829999999999913e-01
2.600000000000000000e+02 1.220107000000000000e+06 1.284194000000000058e+00
2.610000000000000000e+02 1.176620000000000000e+06 1.369590000000000085e+00
2.630000000000000000e+02 3.740260000000000000e+05 4.153470000000000217e-01
2.630000000000000000e+02 1.039005000000000000e+06 4.251849999999999796e-01
2.630000000000000000e+02 1.100792000000000000e+06 4.140179999999999971e-01
2.640000000000000000e+02 1.260304000000000000e+06 1.206614999999999993e+00
2.650000000000000000e+02 1.206142000000000000e+06 1.802360000000000073e-01
2.650000000000000000e+02 1.030928000000000000e+06 6.466490000000000293e-01
2.650000000000000000e+02 1.874380000000000000e+05 4.806730000000000169e-01
2.650000000000000000e+02 2.870200000000000000e+05 4.373460000000000125e-01
2.690000000000000000e+02 8.698620000000000000e+05 1.750960000000000016e-01
2.690000000000000000e+02 4.361500000000000000e+05 1.549850000000000116e-01
2.690000000000000000e+02 5.328140000000000000e+05 1.575469999999999926e-01
2.590000000000000000e+02 1.009675000000000000e+06 2.767999999999999974e-02
2.600000000000000000e+02 6.721730000000000000e+05 9.739630000000000232e-01
2.630000000000000000e+02 1.100792000000000000e+06 4.099800000000000111e-01
2.630000000000000000e+02 1.039005000000000000e+06 4.222449999999999815e-01
2.630000000000000000e+02 1.253465000000000000e+06 4.162680000000000269e-01
2.640000000000000000e+02 3.931680000000000000e+05 1.072284999999999933e+00
2.660000000000000000e+02 1.920950000000000000e+05 1.424670000000000103e-01
2.660000000000000000e+02 4.225460000000000000e+05 1.147790000000000060e-01
2.580000000000000000e+02 8.624760000000000000e+05 3.580610000000000182e-01
2.610000000000000000e+02 2.559370000000000000e+05 1.222836000000000034e+00
2.620000000000000000e+02 4.798000000000000000e+05 1.192644000000000037e+00
2.630000000000000000e+02 1.100792000000000000e+06 4.084510000000000085e-01
2.630000000000000000e+02 1.039005000000000000e+06 4.222969999999999779e-01
2.630000000000000000e+02 1.253465000000000000e+06 4.183060000000000112e-01
2.650000000000000000e+02 1.128143000000000000e+06 2.699800000000000116e-02
2.660000000000000000e+02 1.127912000000000000e+06 1.596579999999999944e-01
2.690000000000000000e+02 2.898640000000000000e+05 1.340069999999999872e-01
2.690000000000000000e+02 1.910620000000000000e+05 1.298694000000000015e+00
2.580000000000000000e+02 1.160246000000000000e+06 2.961300000000000043e-02
2.580000000000000000e+02 3.193130000000000000e+05 2.750889999999999724e-01
2.580000000000000000e+02 1.109766000000000000e+06 7.944199999999999873e-02
2.600000000000000000e+02 5.644980000000000000e+05 2.738430000000000031e-01
2.600000000000000000e+02 8.415910000000000000e+05 1.038616999999999901e+00
2.600000000000000000e+02 2.649960000000000000e+05 3.755700000000000149e-01
2.610000000000000000e+02 1.262303000000000000e+06 8.910080000000000222e-01
2.630000000000000000e+02 1.100792000000000000e+06 3.877570000000000183e-01
2.630000000000000000e+02 1.039005000000000000e+06 3.641349999999999865e-01
2.630000000000000000e+02 1.253465000000000000e+06 4.188640000000000141e-01
2.650000000000000000e+02 1.128143000000000000e+06 2.699800000000000116e-02
2.650000000000000000e+02 1.267969000000000000e+06 8.247849999999999904e-01
2.660000000000000000e+02 1.037599000000000000e+06 1.490420000000000078e-01
2.660000000000000000e+02 4.623510000000000000e+05 1.019196999999999909e+00
2.690000000000000000e+02 2.939310000000000000e+05 1.332309999999999883e-01
2.580000000000000000e+02 2.460820000000000000e+05 3.092500000000000110e-02
2.580000000000000000e+02 3.193130000000000000e+05 2.640779999999999794e-01
2.580000000000000000e+02 1.109766000000000000e+06 8.424800000000000344e-02
2.600000000000000000e+02 5.644980000000000000e+05 2.677769999999999873e-01
2.600000000000000000e+02 2.649960000000000000e+05 3.649560000000000026e-01
2.610000000000000000e+02 1.262303000000000000e+06 8.845709999999999962e-01
2.630000000000000000e+02 2.063900000000000000e+04 3.058299999999999907e-01
2.630000000000000000e+02 1.247702000000000000e+06 4.471789999999999932e-01
2.650000000000000000e+02 1.128143000000000000e+06 2.699800000000000116e-02
2.650000000000000000e+02 1.267969000000000000e+06 8.174590000000000467e-01
2.660000000000000000e+02 9.130390000000000000e+05 1.470200000000000118e-01
2.660000000000000000e+02 4.623510000000000000e+05 1.015071000000000057e+00
2.690000000000000000e+02 2.939310000000000000e+05 1.313300000000000023e-01
2.580000000000000000e+02 8.880120000000000000e+05 4.189899999999999874e-02
2.610000000000000000e+02 2.403160000000000000e+05 8.856889999999999485e-01
2.630000000000000000e+02 3.819750000000000000e+05 3.063339999999999952e-01
2.640000000000000000e+02 9.483800000000000000e+05 1.129151000000000016e+00
2.660000000000000000e+02 9.103690000000000000e+05 5.306000000000000300e-02
2.680000000000000000e+02 7.580440000000000000e+05 1.186579999999999968e+00
2.580000000000000000e+02 2.460820000000000000e+05 3.098800000000000165e-02
2.580000000000000000e+02 3.193130000000000000e+05 2.640859999999999874e-01
2.580000000000000000e+02 1.109766000000000000e+06 8.424600000000000144e-02
2.600000000000000000e+02 5.644980000000000000e+05 2.678369999999999918e-01
2.600000000000000000e+02 8.415910000000000000e+05 1.046418000000000070e+00
2.600000000000000000e+02 2.649960000000000000e+05 3.649129999999999874e-01
2.620000000000000000e+02 4.017860000000000000e+05 1.046893999999999991e+00
2.630000000000000000e+02 3.819750000000000000e+05 3.059299999999999797e-01
2.660000000000000000e+02 1.499050000000000000e+05 1.470839999999999925e-01
2.660000000000000000e+02 4.623510000000000000e+05 1.015039000000000025e+00
2.690000000000000000e+02 2.939310000000000000e+05 1.312149999999999983e-01
2.580000000000000000e+02 2.460820000000000000e+05 2.918000000000000108e-02
2.580000000000000000e+02 3.193130000000000000e+05 2.749030000000000085e-01
2.580000000000000000e+02 1.109766000000000000e+06 7.939899999999999736e-02
2.600000000000000000e+02 5.644980000000000000e+05 2.738169999999999771e-01
2.600000000000000000e+02 8.415910000000000000e+05 1.038097000000000047e+00
2.600000000000000000e+02 2.649960000000000000e+05 3.753589999999999982e-01
2.610000000000000000e+02 1.262303000000000000e+06 8.909920000000000062e-01
2.630000000000000000e+02 4.906760000000000000e+05 3.877559999999999896e-01
2.630000000000000000e+02 1.039005000000000000e+06 3.646340000000000137e-01
2.630000000000000000e+02 1.253465000000000000e+06 4.190840000000000121e-01
2.650000000000000000e+02 1.128143000000000000e+06 2.699800000000000116e-02
2.650000000000000000e+02 1.267969000000000000e+06 8.247240000000000126e-01
2.660000000000000000e+02 9.130390000000000000e+05 1.485950000000000049e-01
2.660000000000000000e+02 4.623510000000000000e+05 1.019187000000000065e+00
2.690000000000000000e+02 2.939310000000000000e+05 1.332520000000000093e-01
