# t
0.000000000000000000e+00
3.006719799999999921e-13
4.202334300000000188e-13
5.279821000000000389e-13
5.394263800000000254e-13
6.245321799999999514e-13
8.009547199999999934e-13
8.680615699999999964e-13
9.421279800000000308e-13
9.583584700000000536e-13
1.002946999999999967e-12
1.337668299999999922e-12
1.344771600000000049e-12
1.371604800000000077e-12
1.486994199999999908e-12
1.637996199999999915e-12
1.685690799999999916e-12
1.692459099999999925e-12
1.705158700000000033e-12
1.707876699999999901e-12
1.715119300000000067e-12
1.721809399999999968e-12
1.724791600000000080e-12
1.765618599999999902e-12
1.808646700000000087e-12
1.918331399999999966e-12
2.055486899999999987e-12
2.131675399999999829e-12
2.132954900000000117e-12
2.156841000000000099e-12
2.165275500000000067e-12
2.206233899999999809e-12
2.432831100000000074e-12
2.485199999999999952e-12
2.515981899999999833e-12
2.545377199999999802e-12
2.592933000000000055e-12
2.776838700000000168e-12
2.778478199999999861e-12
3.233105700000000086e-12
3.238725400000000044e-12
3.247828100000000019e-12
3.332229900000000174e-12
3.469283299999999821e-12
3.751668300000000137e-12
3.760086299999999869e-12
3.822544599999999815e-12
3.860350899999999918e-12
3.898075399999999653e-12
3.979844000000000020e-12
4.089682599999999883e-12
4.094316300000000152e-12
4.249614100000000048e-12
4.340286999999999760e-12
4.408677099999999691e-12
4.544267300000000039e-12
4.570400799999999647e-12
4.733414699999999606e-12
4.765075399999999897e-12
4.780751999999999742e-12
4.791446600000000204e-12
4.837559999999999836e-12
4.869732499999999920e-12
4.891828299999999996e-12
4.895460999999999995e-12
4.915664299999999734e-12
4.929548300000000364e-12
4.978899399999999774e-12
5.075323400000000172e-12
5.148096300000000131e-12
5.247924600000000351e-12
5.254611299999999905e-12
5.273616200000000129e-12
5.295291900000000034e-12
5.306999300000000308e-12
5.334219400000000324e-12
5.355700899999999600e-12
5.471216700000000302e-12
5.479969400000000183e-12
5.535617000000000080e-12
