# t	msd	err
1.281885900000000056e-07 2.031385936955093507e-01 8.960766955333670028e-03
1.315800000000000175e-06 5.154604177945989463e-01 6.487755474896093888e-02
1.443988590000000393e-06 1.062570807597442268e+00 7.921844666764231435e-02
4.109999999999999613e-06 5.110979627681335735e-01 4.954734934881818015e-02
5.926117717999995768e-06 1.162964851366100838e+00 1.130739672516382632e-01
1.999999999999918510e-05 4.837253074559022537e-01 1.002609512458388918e-01
3.872422428687489733e-05 1.046237321283449262e+00 8.049311418054359846e-02
6.409908408428571477e-05 1.264767476111153144e+00 1.966131515686450615e-01
1.010093919791396118e-04 5.015972690972356762e-01 5.874897838921824822e-02
1.988601036269366251e-04 3.503033536437669682e-01 2.990826736273506301e-02
3.476033057851300582e-04 6.197728507841948620e-01 1.476979738799849007e-01
6.710734463276908472e-04 7.388887546307555398e-01 1.482978718483015657e-01
1.185301775147936873e-03 9.826965217358885063e-01 1.297131566859197616e-01
2.183993410214178990e-03 1.071435671465885253e+00 1.018831607940434009e-01
3.840879362033112424e-03 1.370451259963751722e+00 8.393952275910002148e-02
6.710142728783388341e-03 1.531942886059283637e+00 6.537103860786448728e-02
1.223928886805937359e-02 1.454941407204642045e+00 4.041987601402514951e-02
2.199027015247495900e-02 1.762698795434356480e+00 3.368384228854903045e-02
3.983368149563699945e-02 1.920500410718015472e+00 2.208471966358978647e-02
7.103092801870630746e-02 2.362306733410833637e+00 1.795768256261017978e-02
1.277280696322586062e-01 2.918895457697022966e+00 1.359990622909255063e-02
2.281450892095188421e-01 3.232059137938054327e+00 1.144131557225761854e-02
4.049402820785028001e-01 3.781319656529939621e+00 8.689462386386135120e-03
6.723717945992403466e-01 7.844676414594918157e+00 1.475004068291061766e-02
