# Barrier Energy Step Time
0.000000000000000000e+00 -2.131295999999999822e+03 0.000000000000000000e+00 0.000000000000000000e+00
2.740000000000000213e-01 -2.133137000000000171e+03 5.000000000000000000e-01 2.101000000000000034e-12
0.000000000000000000e+00 -2.133409999999999854e+03 1.000000000000000000e+00 2.101000000000000034e-12
5.989999999999999769e-01 -2.134313999999999851e+03 1.500000000000000000e+00 5.101000000000000176e-12
0.000000000000000000e+00 -2.134913000000000011e+03 2.000000000000000000e+00 5.101000000000000176e-12
3.430000000000000271e-01 -2.136242000000000189e+03 2.500000000000000000e+00 6.987000000000000016e-12
0.000000000000000000e+00 -2.136585000000000036e+03 3.000000000000000000e+00 6.987000000000000016e-12
4.129999999999999782e-01 -2.138452999999999975e+03 3.500000000000000000e+00 8.935999999999999890e-12
0.000000000000000000e+00 -2.138867000000000189e+03 4.000000000000000000e+00 8.935999999999999890e-12
4.560000000000000164e-01 -2.140228999999999814e+03 4.500000000000000000e+00 9.966000000000000146e-12
0.000000000000000000e+00 -2.140684999999999945e+03 5.000000000000000000e+00 9.966000000000000146e-12
4.909999999999999920e-01 -2.142248999999999796e+03 5.500000000000000000e+00 3.988999999999999744e-11
0.000000000000000000e+00 -2.142739999999999782e+03 6.000000000000000000e+00 3.988999999999999744e-11
1.104000000000000092e+00 -2.141186000000000149e+03 6.500000000000000000e+00 2.980000000000000049e-10
0.000000000000000000e+00 -2.142289999999999964e+03 7.000000000000000000e+00 2.980000000000000049e-10
2.100000000000000130e-02 -2.143864999999999782e+03 7.500000000000000000e+00 2.980000000000000049e-10
0.000000000000000000e+00 -2.143885999999999967e+03 8.000000000000000000e+00 2.980000000000000049e-10
1.741000000000000103e+00 -2.141001999999999953e+03 8.500000000000000000e+00 2.059000000000000107e-07
0.000000000000000000e+00 -2.142742999999999938e+03 9.000000000000000000e+00 2.059000000000000107e-07
3.519999999999999796e-01 -2.144193000000000211e+03 9.500000000000000000e+00 2.059999999999999917e-07
0.000000000000000000e+00 -2.144545000000000073e+03 1.000000000000000000e+01 2.059999999999999917e-07
2.056999999999999940e+00 -2.140829999999999927e+03 1.050000000000000000e+01 6.629999999999999609e-04
0.000000000000000000e+00 -2.142887000000000171e+03 1.100000000000000000e+01 6.629999999999999609e-04
4.119999999999999774e-01 -2.144130999999999858e+03 1.150000000000000000e+01 6.629999999999999609e-04
0.000000000000000000e+00 -2.144543000000000120e+03 1.200000000000000000e+01 6.629999999999999609e-04
1.899000000000000021e+00 -2.141425999999999931e+03 1.250000000000000000e+01 8.402999999999999879e-04
0.000000000000000000e+00 -2.143324999999999818e+03 1.300000000000000000e+01 8.402999999999999879e-04
6.900000000000000577e-02 -2.143634000000000015e+03 1.350000000000000000e+01 8.402999999999999879e-04
0.000000000000000000e+00 -2.143702999999999975e+03 1.400000000000000000e+01 8.402999999999999879e-04
7.189999999999999725e-01 -2.144349000000000160e+03 1.450000000000000000e+01 8.402999999999999879e-04
0.000000000000000000e+00 -2.145068000000000211e+03 1.500000000000000000e+01 8.402999999999999879e-04
1.885000000000000009e+00 -2.141815999999999804e+03 1.550000000000000000e+01 9.120000000000000502e-04
0.000000000000000000e+00 -2.143701000000000022e+03 1.600000000000000000e+01 9.120000000000000502e-04
4.889999999999999902e-01 -2.144496000000000095e+03 1.650000000000000000e+01 9.120000000000000502e-04
0.000000000000000000e+00 -2.144985000000000127e+03 1.700000000000000000e+01 9.120000000000000502e-04
1.772999999999999909e+00 -2.141927999999999884e+03 1.750000000000000000e+01 9.613999999999999499e-04
0.000000000000000000e+00 -2.143701000000000022e+03 1.800000000000000000e+01 9.613999999999999499e-04
4.889999999999999902e-01 -2.144496000000000095e+03 1.850000000000000000e+01 9.613999999999999499e-04
0.000000000000000000e+00 -2.144985000000000127e+03 1.900000000000000000e+01 9.613999999999999499e-04
2.013999999999999790e+00 -2.141483000000000175e+03 1.950000000000000000e+01 9.692000000000000311e-04
0.000000000000000000e+00 -2.143496999999999844e+03 2.000000000000000000e+01 9.692000000000000311e-04
4.849999999999999867e-01 -2.144501999999999953e+03 2.050000000000000000e+01 9.692000000000000311e-04
0.000000000000000000e+00 -2.144987000000000080e+03 2.100000000000000000e+01 9.692000000000000311e-04
1.921000000000000041e+00 -2.141630999999999858e+03 2.150000000000000000e+01 9.917000000000000901e-04
0.000000000000000000e+00 -2.143552999999999884e+03 2.200000000000000000e+01 9.917000000000000901e-04
6.069999999999999840e-01 -2.144380000000000109e+03 2.250000000000000000e+01 9.917000000000000901e-04
0.000000000000000000e+00 -2.144985999999999876e+03 2.300000000000000000e+01 9.917000000000000901e-04
1.911999999999999922e+00 -2.141641999999999825e+03 2.350000000000000000e+01 1.048000000000000103e-03
0.000000000000000000e+00 -2.143554000000000087e+03 2.400000000000000000e+01 1.048000000000000103e-03
4.530000000000000138e-01 -2.144532999999999902e+03 2.450000000000000000e+01 1.048000000000000103e-03
0.000000000000000000e+00 -2.144985999999999876e+03 2.500000000000000000e+01 1.048000000000000103e-03
2.129000000000000004e+00 -2.141177999999999884e+03 2.550000000000000000e+01 1.095999999999999969e-03
0.000000000000000000e+00 -2.143306999999999789e+03 2.600000000000000000e+01 1.095999999999999969e-03
4.269999999999999907e-01 -2.144557999999999993e+03 2.650000000000000000e+01 1.095999999999999969e-03
0.000000000000000000e+00 -2.144985000000000127e+03 2.700000000000000000e+01 1.095999999999999969e-03
2.254999999999999893e+00 -2.140606999999999971e+03 2.750000000000000000e+01 1.165000000000000020e-03
0.000000000000000000e+00 -2.142862000000000080e+03 2.800000000000000000e+01 1.165000000000000020e-03
1.189999999999999947e-01 -2.144889999999999873e+03 2.850000000000000000e+01 1.165000000000000020e-03
0.000000000000000000e+00 -2.145009000000000015e+03 2.900000000000000000e+01 1.165000000000000020e-03
1.993999999999999995e+00 -2.141440000000000055e+03 2.950000000000000000e+01 1.227000000000000009e-03
0.000000000000000000e+00 -2.143434999999999945e+03 3.000000000000000000e+01 1.227000000000000009e-03
4.520000000000000129e-01 -2.144548999999999978e+03 3.050000000000000000e+01 1.227000000000000009e-03
0.000000000000000000e+00 -2.145001000000000204e+03 3.100000000000000000e+01 1.227000000000000009e-03
1.786999999999999922e+00 -2.141934999999999945e+03 3.150000000000000000e+01 1.250000000000000026e-03
0.000000000000000000e+00 -2.143722000000000207e+03 3.200000000000000000e+01 1.250000000000000026e-03
4.989999999999999991e-01 -2.144586999999999989e+03 3.250000000000000000e+01 1.250000000000000026e-03
0.000000000000000000e+00 -2.145085999999999785e+03 3.300000000000000000e+01 1.250000000000000026e-03
2.067000000000000171e+00 -2.141396999999999935e+03 3.350000000000000000e+01 1.435000000000000078e-03
0.000000000000000000e+00 -2.143463999999999942e+03 3.400000000000000000e+01 1.435000000000000078e-03
3.990000000000000213e-01 -2.144690000000000055e+03 3.450000000000000000e+01 1.435000000000000078e-03
0.000000000000000000e+00 -2.145088999999999942e+03 3.500000000000000000e+01 1.435000000000000078e-03
1.879999999999999893e+00 -2.141840000000000146e+03 3.550000000000000000e+01 1.598000000000000028e-03
0.000000000000000000e+00 -2.143721000000000004e+03 3.600000000000000000e+01 1.598000000000000028e-03
4.859999999999999876e-01 -2.144523000000000138e+03 3.650000000000000000e+01 1.598000000000000028e-03
0.000000000000000000e+00 -2.145009000000000015e+03 3.700000000000000000e+01 1.598000000000000028e-03
2.043000000000000149e+00 -2.141530000000000200e+03 3.750000000000000000e+01 1.621000000000000045e-03
0.000000000000000000e+00 -2.143572000000000116e+03 3.800000000000000000e+01 1.621000000000000045e-03
4.570000000000000173e-01 -2.144552000000000135e+03 3.850000000000000000e+01 1.621000000000000045e-03
0.000000000000000000e+00 -2.145007999999999811e+03 3.900000000000000000e+01 1.621000000000000045e-03
2.060000000000000053e+00 -2.142557999999999993e+03 3.950000000000000000e+01 1.636000000000000084e-03
0.000000000000000000e+00 -2.144617999999999938e+03 4.000000000000000000e+01 1.636000000000000084e-03
1.516000000000000014e+00 -2.143425999999999931e+03 4.050000000000000000e+01 1.637999999999999916e-03
0.000000000000000000e+00 -2.144942000000000007e+03 4.100000000000000000e+01 1.637999999999999916e-03
1.840000000000000080e+00 -2.142778999999999996e+03 4.150000000000000000e+01 1.696999999999999941e-03
0.000000000000000000e+00 -2.144617999999999938e+03 4.200000000000000000e+01 1.696999999999999941e-03
1.516000000000000014e+00 -2.143425999999999931e+03 4.250000000000000000e+01 1.696999999999999941e-03
0.000000000000000000e+00 -2.144942000000000007e+03 4.300000000000000000e+01 1.696999999999999941e-03
1.840000000000000080e+00 -2.142778999999999996e+03 4.350000000000000000e+01 1.708000000000000100e-03
0.000000000000000000e+00 -2.144617999999999938e+03 4.400000000000000000e+01 1.708000000000000100e-03
1.516000000000000014e+00 -2.143425999999999931e+03 4.450000000000000000e+01 1.709999999999999932e-03
0.000000000000000000e+00 -2.144942000000000007e+03 4.500000000000000000e+01 1.709999999999999932e-03
1.840000000000000080e+00 -2.142778999999999996e+03 4.550000000000000000e+01 2.119999999999999923e-03
0.000000000000000000e+00 -2.144617999999999938e+03 4.600000000000000000e+01 2.119999999999999923e-03
1.516000000000000014e+00 -2.143425999999999931e+03 4.650000000000000000e+01 2.121000000000000055e-03
0.000000000000000000e+00 -2.144942000000000007e+03 4.700000000000000000e+01 2.121000000000000055e-03
1.840000000000000080e+00 -2.142778999999999996e+03 4.750000000000000000e+01 2.124000000000000020e-03
0.000000000000000000e+00 -2.144617999999999938e+03 4.800000000000000000e+01 2.124000000000000020e-03
1.516000000000000014e+00 -2.143425999999999931e+03 4.850000000000000000e+01 2.134000000000000046e-03
0.000000000000000000e+00 -2.144942000000000007e+03 4.900000000000000000e+01 2.134000000000000046e-03
1.840000000000000080e+00 -2.142778999999999996e+03 4.950000000000000000e+01 2.141000000000000108e-03
0.000000000000000000e+00 -2.144617999999999938e+03 5.000000000000000000e+01 2.141000000000000108e-03
1.516000000000000014e+00 -2.143425999999999931e+03 5.050000000000000000e+01 2.148999999999999869e-03
0.000000000000000000e+00 -2.144942000000000007e+03 5.100000000000000000e+01 2.148999999999999869e-03
2.168000000000000149e+00 -2.140864999999999782e+03 5.150000000000000000e+01 2.209000000000000026e-03
0.000000000000000000e+00 -2.143032999999999902e+03 5.200000000000000000e+01 2.209000000000000026e-03
2.590000000000000080e-01 -2.144681999999999789e+03 5.250000000000000000e+01 2.209000000000000026e-03
0.000000000000000000e+00 -2.144940999999999804e+03 5.300000000000000000e+01 2.209000000000000026e-03
2.512999999999999901e+00 -2.140384000000000015e+03 5.350000000000000000e+01 2.245000000000000034e-03
0.000000000000000000e+00 -2.142898000000000138e+03 5.400000000000000000e+01 2.245000000000000034e-03
3.539999999999999813e-01 -2.142804000000000087e+03 5.450000000000000000e+01 2.245000000000000034e-03
0.000000000000000000e+00 -2.143157999999999902e+03 5.500000000000000000e+01 2.245000000000000034e-03
4.859999999999999876e-01 -2.144094000000000051e+03 5.550000000000000000e+01 2.245000000000000034e-03
0.000000000000000000e+00 -2.144581000000000131e+03 5.600000000000000000e+01 2.245000000000000034e-03
1.794999999999999929e+00 -2.141567000000000007e+03 5.650000000000000000e+01 2.292999999999999899e-03
0.000000000000000000e+00 -2.143362000000000080e+03 5.700000000000000000e+01 2.292999999999999899e-03
5.360000000000000320e-01 -2.144291000000000167e+03 5.750000000000000000e+01 2.292999999999999899e-03
0.000000000000000000e+00 -2.144826000000000022e+03 5.800000000000000000e+01 2.292999999999999899e-03
1.838999999999999968e+00 -2.141670000000000073e+03 5.850000000000000000e+01 2.484000000000000097e-03
0.000000000000000000e+00 -2.143510000000000218e+03 5.900000000000000000e+01 2.484000000000000097e-03
5.040000000000000036e-01 -2.144219000000000051e+03 5.950000000000000000e+01 2.484000000000000097e-03
0.000000000000000000e+00 -2.144724000000000160e+03 6.000000000000000000e+01 2.484000000000000097e-03
2.158999999999999808e+00 -2.140902000000000044e+03 6.050000000000000000e+01 2.484999999999999796e-03
0.000000000000000000e+00 -2.143061000000000149e+03 6.100000000000000000e+01 2.484999999999999796e-03
4.050000000000000266e-01 -2.144324000000000069e+03 6.150000000000000000e+01 2.484999999999999796e-03
0.000000000000000000e+00 -2.144728000000000065e+03 6.200000000000000000e+01 2.484999999999999796e-03
2.081999999999999851e+00 -2.141106000000000222e+03 6.250000000000000000e+01 2.514999999999999875e-03
0.000000000000000000e+00 -2.143188000000000102e+03 6.300000000000000000e+01 2.514999999999999875e-03
4.689999999999999725e-01 -2.144260999999999967e+03 6.350000000000000000e+01 2.514999999999999875e-03
0.000000000000000000e+00 -2.144730000000000018e+03 6.400000000000000000e+01 2.514999999999999875e-03
2.044000000000000039e+00 -2.140938999999999851e+03 6.450000000000000000e+01 2.539000000000000024e-03
0.000000000000000000e+00 -2.142983000000000175e+03 6.500000000000000000e+01 2.539000000000000024e-03
2.979999999999999871e-01 -2.144434000000000196e+03 6.550000000000000000e+01 2.539000000000000024e-03
0.000000000000000000e+00 -2.144731999999999971e+03 6.600000000000000000e+01 2.539000000000000024e-03
2.021999999999999797e+00 -2.141306000000000040e+03 6.650000000000000000e+01 2.567999999999999970e-03
0.000000000000000000e+00 -2.143327000000000226e+03 6.700000000000000000e+01 2.567999999999999970e-03
4.259999999999999898e-01 -2.144235999999999876e+03 6.750000000000000000e+01 2.567999999999999970e-03
0.000000000000000000e+00 -2.144661999999999807e+03 6.800000000000000000e+01 2.567999999999999970e-03
1.725999999999999979e+00 -2.141782999999999902e+03 6.850000000000000000e+01 2.592999999999999819e-03
0.000000000000000000e+00 -2.143509000000000015e+03 6.900000000000000000e+01 2.592999999999999819e-03
5.080000000000000071e-01 -2.144318999999999960e+03 6.950000000000000000e+01 2.592999999999999819e-03
0.000000000000000000e+00 -2.144827000000000226e+03 7.000000000000000000e+01 2.592999999999999819e-03
1.961999999999999966e+00 -2.141413000000000011e+03 7.050000000000000000e+01 2.713999999999999833e-03
0.000000000000000000e+00 -2.143373999999999796e+03 7.100000000000000000e+01 2.713999999999999833e-03
4.570000000000000173e-01 -2.144369999999999891e+03 7.150000000000000000e+01 2.713999999999999833e-03
0.000000000000000000e+00 -2.144827000000000226e+03 7.200000000000000000e+01 2.713999999999999833e-03
1.838000000000000078e+00 -2.141672000000000025e+03 7.250000000000000000e+01 2.727999999999999956e-03
0.000000000000000000e+00 -2.143510000000000218e+03 7.300000000000000000e+01 2.727999999999999956e-03
5.080000000000000071e-01 -2.144318000000000211e+03 7.350000000000000000e+01 2.727999999999999956e-03
0.000000000000000000e+00 -2.144827000000000226e+03 7.400000000000000000e+01 2.727999999999999956e-03
1.824999999999999956e+00 -2.141684000000000196e+03 7.450000000000000000e+01 2.807000000000000033e-03
0.000000000000000000e+00 -2.143510000000000218e+03 7.500000000000000000e+01 2.807000000000000033e-03
5.000000000000000000e-01 -2.144327000000000226e+03 7.550000000000000000e+01 2.807000000000000033e-03
0.000000000000000000e+00 -2.144827000000000226e+03 7.600000000000000000e+01 2.807000000000000033e-03
2.073999999999999844e+00 -2.141090000000000146e+03 7.650000000000000000e+01 2.910999999999999959e-03
0.000000000000000000e+00 -2.143164999999999964e+03 7.700000000000000000e+01 2.910999999999999959e-03
4.899999999999999911e-01 -2.144336999999999989e+03 7.750000000000000000e+01 2.910999999999999959e-03
0.000000000000000000e+00 -2.144827000000000226e+03 7.800000000000000000e+01 2.910999999999999959e-03
2.056000000000000050e+00 -2.141130000000000109e+03 7.850000000000000000e+01 2.991000000000000169e-03
0.000000000000000000e+00 -2.143186000000000149e+03 7.900000000000000000e+01 2.991000000000000169e-03
4.259999999999999898e-01 -2.144367000000000189e+03 7.950000000000000000e+01 2.991000000000000169e-03
0.000000000000000000e+00 -2.144793000000000120e+03 8.000000000000000000e+01 2.991000000000000169e-03
1.993999999999999995e+00 -2.141275000000000091e+03 8.050000000000000000e+01 3.020999999999999814e-03
0.000000000000000000e+00 -2.143268999999999778e+03 8.100000000000000000e+01 3.020999999999999814e-03
4.699999999999999734e-01 -2.144322999999999865e+03 8.150000000000000000e+01 3.020999999999999814e-03
0.000000000000000000e+00 -2.144793000000000120e+03 8.200000000000000000e+01 3.020999999999999814e-03
2.035000000000000142e+00 -2.141306000000000040e+03 8.250000000000000000e+01 3.027999999999999876e-03
0.000000000000000000e+00 -2.143340999999999894e+03 8.300000000000000000e+01 3.027999999999999876e-03
6.330000000000000071e-01 -2.144213000000000193e+03 8.350000000000000000e+01 3.027999999999999876e-03
0.000000000000000000e+00 -2.144846000000000004e+03 8.400000000000000000e+01 3.027999999999999876e-03
2.225999999999999979e+00 -2.140514999999999873e+03 8.450000000000000000e+01 3.027999999999999876e-03
0.000000000000000000e+00 -2.142740999999999985e+03 8.500000000000000000e+01 3.027999999999999876e-03
1.209999999999999964e-01 -2.144726000000000113e+03 8.550000000000000000e+01 3.027999999999999876e-03
0.000000000000000000e+00 -2.144846000000000004e+03 8.600000000000000000e+01 3.027999999999999876e-03
2.120999999999999996e+00 -2.141141000000000076e+03 8.650000000000000000e+01 3.082000000000000104e-03
0.000000000000000000e+00 -2.143262999999999920e+03 8.700000000000000000e+01 3.082000000000000104e-03
4.279999999999999916e-01 -2.144423999999999978e+03 8.750000000000000000e+01 3.082000000000000104e-03
0.000000000000000000e+00 -2.144851999999999862e+03 8.800000000000000000e+01 3.082000000000000104e-03
2.154999999999999805e+00 -2.140628999999999905e+03 8.850000000000000000e+01 3.141000000000000129e-03
0.000000000000000000e+00 -2.142784999999999854e+03 8.900000000000000000e+01 3.141000000000000129e-03
8.200000000000000344e-02 -2.144795000000000073e+03 8.950000000000000000e+01 3.141000000000000129e-03
0.000000000000000000e+00 -2.144876999999999953e+03 9.000000000000000000e+01 3.141000000000000129e-03
2.326999999999999957e+00 -2.140748000000000047e+03 9.050000000000000000e+01 3.240999999999999957e-03
0.000000000000000000e+00 -2.143074000000000069e+03 9.100000000000000000e+01 3.240999999999999957e-03
5.250000000000000222e-01 -2.144351999999999862e+03 9.150000000000000000e+01 3.240999999999999957e-03
0.000000000000000000e+00 -2.144876999999999953e+03 9.200000000000000000e+01 3.240999999999999957e-03
1.931999999999999940e+00 -2.141543999999999869e+03 9.250000000000000000e+01 3.344000000000000184e-03
0.000000000000000000e+00 -2.143476000000000113e+03 9.300000000000000000e+01 3.344000000000000184e-03
5.140000000000000124e-01 -2.144362000000000080e+03 9.350000000000000000e+01 3.344000000000000184e-03
0.000000000000000000e+00 -2.144876999999999953e+03 9.400000000000000000e+01 3.344000000000000184e-03
2.024000000000000021e+00 -2.141295999999999822e+03 9.450000000000000000e+01 3.429000000000000190e-03
0.000000000000000000e+00 -2.143320000000000164e+03 9.500000000000000000e+01 3.429000000000000190e-03
5.000000000000000000e-01 -2.144668999999999869e+03 9.550000000000000000e+01 3.429000000000000190e-03
0.000000000000000000e+00 -2.145170000000000073e+03 9.600000000000000000e+01 3.429000000000000190e-03
1.923000000000000043e+00 -2.141851000000000113e+03 9.650000000000000000e+01 3.569000000000000124e-03
0.000000000000000000e+00 -2.143773999999999887e+03 9.700000000000000000e+01 3.569000000000000124e-03
7.449999999999999956e-01 -2.144307999999999993e+03 9.750000000000000000e+01 3.569000000000000124e-03
0.000000000000000000e+00 -2.145052999999999884e+03 9.800000000000000000e+01 3.569000000000000124e-03
1.794000000000000039e+00 -2.141980000000000018e+03 9.850000000000000000e+01 3.750999999999999994e-03
0.000000000000000000e+00 -2.143773000000000138e+03 9.900000000000000000e+01 3.750999999999999994e-03
5.140000000000000124e-01 -2.144539999999999964e+03 9.950000000000000000e+01 3.750999999999999994e-03
0.000000000000000000e+00 -2.145054000000000087e+03 1.000000000000000000e+02 3.750999999999999994e-03
1.794999999999999929e+00 -2.141978000000000065e+03 1.005000000000000000e+02 3.755999999999999790e-03
0.000000000000000000e+00 -2.143773000000000138e+03 1.010000000000000000e+02 3.755999999999999790e-03
5.140000000000000124e-01 -2.144539999999999964e+03 1.015000000000000000e+02 3.755999999999999790e-03
0.000000000000000000e+00 -2.145054000000000087e+03 1.020000000000000000e+02 3.755999999999999790e-03
1.794999999999999929e+00 -2.141978000000000065e+03 1.025000000000000000e+02 3.758000000000000056e-03
0.000000000000000000e+00 -2.143773000000000138e+03 1.030000000000000000e+02 3.758000000000000056e-03
5.080000000000000071e-01 -2.144661000000000058e+03 1.035000000000000000e+02 3.758000000000000056e-03
0.000000000000000000e+00 -2.145170000000000073e+03 1.040000000000000000e+02 3.758000000000000056e-03
2.036999999999999922e+00 -2.141362999999999829e+03 1.045000000000000000e+02 4.348999999999999568e-03
0.000000000000000000e+00 -2.143400000000000091e+03 1.050000000000000000e+02 4.348999999999999568e-03
4.329999999999999960e-01 -2.144150000000000091e+03 1.055000000000000000e+02 4.348999999999999568e-03
0.000000000000000000e+00 -2.144583000000000084e+03 1.060000000000000000e+02 4.348999999999999568e-03
1.612000000000000099e+00 -2.141793000000000120e+03 1.065000000000000000e+02 4.351999999999999966e-03
0.000000000000000000e+00 -2.143405000000000200e+03 1.070000000000000000e+02 4.351999999999999966e-03
5.240000000000000213e-01 -2.142606999999999971e+03 1.075000000000000000e+02 4.351999999999999966e-03
0.000000000000000000e+00 -2.143130999999999858e+03 1.080000000000000000e+02 4.351999999999999966e-03
2.469999999999999973e-01 -2.144918999999999869e+03 1.085000000000000000e+02 4.351999999999999966e-03
0.000000000000000000e+00 -2.145166000000000167e+03 1.090000000000000000e+02 4.351999999999999966e-03
2.120000000000000107e+00 -2.141626000000000204e+03 1.095000000000000000e+02 4.543000000000000163e-03
0.000000000000000000e+00 -2.143746999999999844e+03 1.100000000000000000e+02 4.543000000000000163e-03
4.800000000000000100e-02 -2.143967000000000098e+03 1.105000000000000000e+02 4.543000000000000163e-03
0.000000000000000000e+00 -2.144014999999999873e+03 1.110000000000000000e+02 4.543000000000000163e-03
3.160000000000000031e-01 -2.143431000000000040e+03 1.115000000000000000e+02 4.543000000000000163e-03
0.000000000000000000e+00 -2.143746999999999844e+03 1.120000000000000000e+02 4.543000000000000163e-03
4.800000000000000100e-02 -2.143967000000000098e+03 1.125000000000000000e+02 4.543000000000000163e-03
0.000000000000000000e+00 -2.144014999999999873e+03 1.130000000000000000e+02 4.543000000000000163e-03
3.160000000000000031e-01 -2.143431000000000040e+03 1.135000000000000000e+02 4.543000000000000163e-03
0.000000000000000000e+00 -2.143746999999999844e+03 1.140000000000000000e+02 4.543000000000000163e-03
4.800000000000000100e-02 -2.143967000000000098e+03 1.145000000000000000e+02 4.543000000000000163e-03
0.000000000000000000e+00 -2.144014999999999873e+03 1.150000000000000000e+02 4.543000000000000163e-03
3.160000000000000031e-01 -2.143431000000000040e+03 1.155000000000000000e+02 4.543000000000000163e-03
0.000000000000000000e+00 -2.143746999999999844e+03 1.160000000000000000e+02 4.543000000000000163e-03
4.800000000000000100e-02 -2.143967000000000098e+03 1.165000000000000000e+02 4.543000000000000163e-03
0.000000000000000000e+00 -2.144014999999999873e+03 1.170000000000000000e+02 4.543000000000000163e-03
3.160000000000000031e-01 -2.143431000000000040e+03 1.175000000000000000e+02 4.543000000000000163e-03
0.000000000000000000e+00 -2.143746999999999844e+03 1.180000000000000000e+02 4.543000000000000163e-03
4.800000000000000100e-02 -2.143967000000000098e+03 1.185000000000000000e+02 4.543000000000000163e-03
0.000000000000000000e+00 -2.144014999999999873e+03 1.190000000000000000e+02 4.543000000000000163e-03
3.160000000000000031e-01 -2.143431000000000040e+03 1.195000000000000000e+02 4.543000000000000163e-03
0.000000000000000000e+00 -2.143746999999999844e+03 1.200000000000000000e+02 4.543000000000000163e-03
4.800000000000000100e-02 -2.143967000000000098e+03 1.205000000000000000e+02 4.543000000000000163e-03
0.000000000000000000e+00 -2.144014999999999873e+03 1.210000000000000000e+02 4.543000000000000163e-03
3.160000000000000031e-01 -2.143431000000000040e+03 1.215000000000000000e+02 4.543000000000000163e-03
0.000000000000000000e+00 -2.143746999999999844e+03 1.220000000000000000e+02 4.543000000000000163e-03
4.800000000000000100e-02 -2.143967999999999847e+03 1.225000000000000000e+02 4.543000000000000163e-03
0.000000000000000000e+00 -2.144014999999999873e+03 1.230000000000000000e+02 4.543000000000000163e-03
3.160000000000000031e-01 -2.143431000000000040e+03 1.235000000000000000e+02 4.543000000000000163e-03
0.000000000000000000e+00 -2.143746999999999844e+03 1.240000000000000000e+02 4.543000000000000163e-03
4.800000000000000100e-02 -2.143967999999999847e+03 1.245000000000000000e+02 4.543000000000000163e-03
0.000000000000000000e+00 -2.144014999999999873e+03 1.250000000000000000e+02 4.543000000000000163e-03
3.160000000000000031e-01 -2.143431000000000040e+03 1.255000000000000000e+02 4.543000000000000163e-03
0.000000000000000000e+00 -2.143746999999999844e+03 1.260000000000000000e+02 4.543000000000000163e-03
4.800000000000000100e-02 -2.143967999999999847e+03 1.265000000000000000e+02 4.543000000000000163e-03
0.000000000000000000e+00 -2.144014999999999873e+03 1.270000000000000000e+02 4.543000000000000163e-03
3.160000000000000031e-01 -2.143431000000000040e+03 1.275000000000000000e+02 4.543000000000000163e-03
0.000000000000000000e+00 -2.143746999999999844e+03 1.280000000000000000e+02 4.543000000000000163e-03
4.800000000000000100e-02 -2.143967999999999847e+03 1.285000000000000000e+02 4.543000000000000163e-03
0.000000000000000000e+00 -2.144016000000000076e+03 1.290000000000000000e+02 4.543000000000000163e-03
3.160000000000000031e-01 -2.143431000000000040e+03 1.295000000000000000e+02 4.543000000000000163e-03
0.000000000000000000e+00 -2.143746999999999844e+03 1.300000000000000000e+02 4.543000000000000163e-03
4.800000000000000100e-02 -2.143967999999999847e+03 1.305000000000000000e+02 4.543000000000000163e-03
0.000000000000000000e+00 -2.144016000000000076e+03 1.310000000000000000e+02 4.543000000000000163e-03
3.160000000000000031e-01 -2.143431000000000040e+03 1.315000000000000000e+02 4.543000000000000163e-03
0.000000000000000000e+00 -2.143746999999999844e+03 1.320000000000000000e+02 4.543000000000000163e-03
4.800000000000000100e-02 -2.143967999999999847e+03 1.325000000000000000e+02 4.543000000000000163e-03
0.000000000000000000e+00 -2.144016000000000076e+03 1.330000000000000000e+02 4.543000000000000163e-03
3.160000000000000031e-01 -2.143431000000000040e+03 1.335000000000000000e+02 4.543000000000000163e-03
0.000000000000000000e+00 -2.143746999999999844e+03 1.340000000000000000e+02 4.543000000000000163e-03
4.800000000000000100e-02 -2.143967999999999847e+03 1.345000000000000000e+02 4.543000000000000163e-03
0.000000000000000000e+00 -2.144016000000000076e+03 1.350000000000000000e+02 4.543000000000000163e-03
3.160000000000000031e-01 -2.143429999999999836e+03 1.355000000000000000e+02 4.543000000000000163e-03
0.000000000000000000e+00 -2.143746999999999844e+03 1.360000000000000000e+02 4.543000000000000163e-03
4.800000000000000100e-02 -2.143967999999999847e+03 1.365000000000000000e+02 4.543000000000000163e-03
0.000000000000000000e+00 -2.144016000000000076e+03 1.370000000000000000e+02 4.543000000000000163e-03
3.170000000000000040e-01 -2.143429999999999836e+03 1.375000000000000000e+02 4.543000000000000163e-03
0.000000000000000000e+00 -2.143746999999999844e+03 1.380000000000000000e+02 4.543000000000000163e-03
4.800000000000000100e-02 -2.143967999999999847e+03 1.385000000000000000e+02 4.543000000000000163e-03
0.000000000000000000e+00 -2.144016000000000076e+03 1.390000000000000000e+02 4.543000000000000163e-03
3.170000000000000040e-01 -2.143429999999999836e+03 1.395000000000000000e+02 4.543000000000000163e-03
0.000000000000000000e+00 -2.143746999999999844e+03 1.400000000000000000e+02 4.543000000000000163e-03
4.800000000000000100e-02 -2.143967999999999847e+03 1.405000000000000000e+02 4.543000000000000163e-03
0.000000000000000000e+00 -2.144016000000000076e+03 1.410000000000000000e+02 4.543000000000000163e-03
3.170000000000000040e-01 -2.143429999999999836e+03 1.415000000000000000e+02 4.543000000000000163e-03
0.000000000000000000e+00 -2.143746999999999844e+03 1.420000000000000000e+02 4.543000000000000163e-03
4.800000000000000100e-02 -2.143967999999999847e+03 1.425000000000000000e+02 4.543000000000000163e-03
0.000000000000000000e+00 -2.144016000000000076e+03 1.430000000000000000e+02 4.543000000000000163e-03
3.170000000000000040e-01 -2.143429999999999836e+03 1.435000000000000000e+02 4.543000000000000163e-03
0.000000000000000000e+00 -2.143746999999999844e+03 1.440000000000000000e+02 4.543000000000000163e-03
4.800000000000000100e-02 -2.143967999999999847e+03 1.445000000000000000e+02 4.543000000000000163e-03
0.000000000000000000e+00 -2.144016000000000076e+03 1.450000000000000000e+02 4.543000000000000163e-03
3.170000000000000040e-01 -2.143429999999999836e+03 1.455000000000000000e+02 4.543000000000000163e-03
0.000000000000000000e+00 -2.143746999999999844e+03 1.460000000000000000e+02 4.543000000000000163e-03
4.800000000000000100e-02 -2.143967999999999847e+03 1.465000000000000000e+02 4.543000000000000163e-03
0.000000000000000000e+00 -2.144016000000000076e+03 1.470000000000000000e+02 4.543000000000000163e-03
3.170000000000000040e-01 -2.143429999999999836e+03 1.475000000000000000e+02 4.543000000000000163e-03
0.000000000000000000e+00 -2.143746999999999844e+03 1.480000000000000000e+02 4.543000000000000163e-03
4.800000000000000100e-02 -2.143967999999999847e+03 1.485000000000000000e+02 4.543000000000000163e-03
0.000000000000000000e+00 -2.144016000000000076e+03 1.490000000000000000e+02 4.543000000000000163e-03
3.170000000000000040e-01 -2.143429999999999836e+03 1.495000000000000000e+02 4.543000000000000163e-03
0.000000000000000000e+00 -2.143746999999999844e+03 1.500000000000000000e+02 4.543000000000000163e-03
4.800000000000000100e-02 -2.143967999999999847e+03 1.505000000000000000e+02 4.543000000000000163e-03
0.000000000000000000e+00 -2.144016000000000076e+03 1.510000000000000000e+02 4.543000000000000163e-03
3.170000000000000040e-01 -2.143429999999999836e+03 1.515000000000000000e+02 4.543000000000000163e-03
0.000000000000000000e+00 -2.143746999999999844e+03 1.520000000000000000e+02 4.543000000000000163e-03
4.800000000000000100e-02 -2.143967999999999847e+03 1.525000000000000000e+02 4.543000000000000163e-03
0.000000000000000000e+00 -2.144016000000000076e+03 1.530000000000000000e+02 4.543000000000000163e-03
3.170000000000000040e-01 -2.143429999999999836e+03 1.535000000000000000e+02 4.543000000000000163e-03
0.000000000000000000e+00 -2.143746999999999844e+03 1.540000000000000000e+02 4.543000000000000163e-03
4.800000000000000100e-02 -2.143967999999999847e+03 1.545000000000000000e+02 4.543000000000000163e-03
0.000000000000000000e+00 -2.144016000000000076e+03 1.550000000000000000e+02 4.543000000000000163e-03
3.170000000000000040e-01 -2.143429999999999836e+03 1.555000000000000000e+02 4.543000000000000163e-03
0.000000000000000000e+00 -2.143746999999999844e+03 1.560000000000000000e+02 4.543000000000000163e-03
4.800000000000000100e-02 -2.143967999999999847e+03 1.565000000000000000e+02 4.543000000000000163e-03
0.000000000000000000e+00 -2.144016000000000076e+03 1.570000000000000000e+02 4.543000000000000163e-03
3.170000000000000040e-01 -2.143429999999999836e+03 1.575000000000000000e+02 4.543000000000000163e-03
0.000000000000000000e+00 -2.143746999999999844e+03 1.580000000000000000e+02 4.543000000000000163e-03
4.800000000000000100e-02 -2.143967999999999847e+03 1.585000000000000000e+02 4.543000000000000163e-03
0.000000000000000000e+00 -2.144016000000000076e+03 1.590000000000000000e+02 4.543000000000000163e-03
3.170000000000000040e-01 -2.143429999999999836e+03 1.595000000000000000e+02 4.543000000000000163e-03
0.000000000000000000e+00 -2.143746999999999844e+03 1.600000000000000000e+02 4.543000000000000163e-03
4.800000000000000100e-02 -2.143967999999999847e+03 1.605000000000000000e+02 4.543000000000000163e-03
0.000000000000000000e+00 -2.144016000000000076e+03 1.610000000000000000e+02 4.543000000000000163e-03
3.170000000000000040e-01 -2.143429999999999836e+03 1.615000000000000000e+02 4.543000000000000163e-03
0.000000000000000000e+00 -2.143746999999999844e+03 1.620000000000000000e+02 4.543000000000000163e-03
4.800000000000000100e-02 -2.143967999999999847e+03 1.625000000000000000e+02 4.543000000000000163e-03
0.000000000000000000e+00 -2.144016000000000076e+03 1.630000000000000000e+02 4.543000000000000163e-03
3.170000000000000040e-01 -2.143429999999999836e+03 1.635000000000000000e+02 4.543000000000000163e-03
0.000000000000000000e+00 -2.143746999999999844e+03 1.640000000000000000e+02 4.543000000000000163e-03
4.800000000000000100e-02 -2.143967999999999847e+03 1.645000000000000000e+02 4.543000000000000163e-03
0.000000000000000000e+00 -2.144016000000000076e+03 1.650000000000000000e+02 4.543000000000000163e-03
3.170000000000000040e-01 -2.143429999999999836e+03 1.655000000000000000e+02 4.543000000000000163e-03
0.000000000000000000e+00 -2.143746999999999844e+03 1.660000000000000000e+02 4.543000000000000163e-03
4.800000000000000100e-02 -2.143967999999999847e+03 1.665000000000000000e+02 4.543000000000000163e-03
0.000000000000000000e+00 -2.144016000000000076e+03 1.670000000000000000e+02 4.543000000000000163e-03
3.170000000000000040e-01 -2.143429999999999836e+03 1.675000000000000000e+02 4.543000000000000163e-03
0.000000000000000000e+00 -2.143746999999999844e+03 1.680000000000000000e+02 4.543000000000000163e-03
4.800000000000000100e-02 -2.143967999999999847e+03 1.685000000000000000e+02 4.543000000000000163e-03
0.000000000000000000e+00 -2.144016000000000076e+03 1.690000000000000000e+02 4.543000000000000163e-03
3.170000000000000040e-01 -2.143429999999999836e+03 1.695000000000000000e+02 4.543000000000000163e-03
0.000000000000000000e+00 -2.143746999999999844e+03 1.700000000000000000e+02 4.543000000000000163e-03
4.800000000000000100e-02 -2.143967999999999847e+03 1.705000000000000000e+02 4.543000000000000163e-03
0.000000000000000000e+00 -2.144016000000000076e+03 1.710000000000000000e+02 4.543000000000000163e-03
3.170000000000000040e-01 -2.143429999999999836e+03 1.715000000000000000e+02 4.543000000000000163e-03
0.000000000000000000e+00 -2.143746999999999844e+03 1.720000000000000000e+02 4.543000000000000163e-03
4.800000000000000100e-02 -2.143967999999999847e+03 1.725000000000000000e+02 4.543000000000000163e-03
0.000000000000000000e+00 -2.144016000000000076e+03 1.730000000000000000e+02 4.543000000000000163e-03
3.170000000000000040e-01 -2.143429999999999836e+03 1.735000000000000000e+02 4.543000000000000163e-03
0.000000000000000000e+00 -2.143746999999999844e+03 1.740000000000000000e+02 4.543000000000000163e-03
4.800000000000000100e-02 -2.143969000000000051e+03 1.745000000000000000e+02 4.543000000000000163e-03
0.000000000000000000e+00 -2.144016000000000076e+03 1.750000000000000000e+02 4.543000000000000163e-03
3.170000000000000040e-01 -2.143429999999999836e+03 1.755000000000000000e+02 4.543000000000000163e-03
0.000000000000000000e+00 -2.143746999999999844e+03 1.760000000000000000e+02 4.543000000000000163e-03
4.800000000000000100e-02 -2.143969000000000051e+03 1.765000000000000000e+02 4.543000000000000163e-03
0.000000000000000000e+00 -2.144016000000000076e+03 1.770000000000000000e+02 4.543000000000000163e-03
3.170000000000000040e-01 -2.143429999999999836e+03 1.775000000000000000e+02 4.543000000000000163e-03
0.000000000000000000e+00 -2.143746999999999844e+03 1.780000000000000000e+02 4.543000000000000163e-03
4.800000000000000100e-02 -2.143969000000000051e+03 1.785000000000000000e+02 4.543000000000000163e-03
0.000000000000000000e+00 -2.144016000000000076e+03 1.790000000000000000e+02 4.543000000000000163e-03
3.170000000000000040e-01 -2.143429999999999836e+03 1.795000000000000000e+02 4.543000000000000163e-03
0.000000000000000000e+00 -2.143746999999999844e+03 1.800000000000000000e+02 4.543000000000000163e-03
4.800000000000000100e-02 -2.143969000000000051e+03 1.805000000000000000e+02 4.543000000000000163e-03
0.000000000000000000e+00 -2.144016000000000076e+03 1.810000000000000000e+02 4.543000000000000163e-03
3.170000000000000040e-01 -2.143429999999999836e+03 1.815000000000000000e+02 4.543000000000000163e-03
0.000000000000000000e+00 -2.143746999999999844e+03 1.820000000000000000e+02 4.543000000000000163e-03
4.800000000000000100e-02 -2.143969000000000051e+03 1.825000000000000000e+02 4.543000000000000163e-03
0.000000000000000000e+00 -2.144016000000000076e+03 1.830000000000000000e+02 4.543000000000000163e-03
3.170000000000000040e-01 -2.143429999999999836e+03 1.835000000000000000e+02 4.543000000000000163e-03
0.000000000000000000e+00 -2.143746999999999844e+03 1.840000000000000000e+02 4.543000000000000163e-03
4.800000000000000100e-02 -2.143969000000000051e+03 1.845000000000000000e+02 4.543000000000000163e-03
0.000000000000000000e+00 -2.144016000000000076e+03 1.850000000000000000e+02 4.543000000000000163e-03
3.170000000000000040e-01 -2.143429999999999836e+03 1.855000000000000000e+02 4.543000000000000163e-03
0.000000000000000000e+00 -2.143746999999999844e+03 1.860000000000000000e+02 4.543000000000000163e-03
4.800000000000000100e-02 -2.143969000000000051e+03 1.865000000000000000e+02 4.543000000000000163e-03
0.000000000000000000e+00 -2.144016000000000076e+03 1.870000000000000000e+02 4.543000000000000163e-03
3.170000000000000040e-01 -2.143429999999999836e+03 1.875000000000000000e+02 4.543000000000000163e-03
0.000000000000000000e+00 -2.143746999999999844e+03 1.880000000000000000e+02 4.543000000000000163e-03
4.800000000000000100e-02 -2.143969000000000051e+03 1.885000000000000000e+02 4.543000000000000163e-03
0.000000000000000000e+00 -2.144016000000000076e+03 1.890000000000000000e+02 4.543000000000000163e-03
3.170000000000000040e-01 -2.143429999999999836e+03 1.895000000000000000e+02 4.543000000000000163e-03
0.000000000000000000e+00 -2.143746999999999844e+03 1.900000000000000000e+02 4.543000000000000163e-03
4.800000000000000100e-02 -2.143969000000000051e+03 1.905000000000000000e+02 4.543000000000000163e-03
0.000000000000000000e+00 -2.144016000000000076e+03 1.910000000000000000e+02 4.543000000000000163e-03
3.170000000000000040e-01 -2.143429999999999836e+03 1.915000000000000000e+02 4.543000000000000163e-03
0.000000000000000000e+00 -2.143746999999999844e+03 1.920000000000000000e+02 4.543000000000000163e-03
4.800000000000000100e-02 -2.143969000000000051e+03 1.925000000000000000e+02 4.543000000000000163e-03
0.000000000000000000e+00 -2.144016000000000076e+03 1.930000000000000000e+02 4.543000000000000163e-03
3.170000000000000040e-01 -2.143429999999999836e+03 1.935000000000000000e+02 4.543000000000000163e-03
0.000000000000000000e+00 -2.143746999999999844e+03 1.940000000000000000e+02 4.543000000000000163e-03
4.800000000000000100e-02 -2.143969000000000051e+03 1.945000000000000000e+02 4.543000000000000163e-03
0.000000000000000000e+00 -2.144016000000000076e+03 1.950000000000000000e+02 4.543000000000000163e-03
3.170000000000000040e-01 -2.143429999999999836e+03 1.955000000000000000e+02 4.543000000000000163e-03
0.000000000000000000e+00 -2.143746999999999844e+03 1.960000000000000000e+02 4.543000000000000163e-03
4.800000000000000100e-02 -2.143969000000000051e+03 1.965000000000000000e+02 4.543000000000000163e-03
0.000000000000000000e+00 -2.144016000000000076e+03 1.970000000000000000e+02 4.543000000000000163e-03
3.170000000000000040e-01 -2.143429999999999836e+03 1.975000000000000000e+02 4.543000000000000163e-03
0.000000000000000000e+00 -2.143746999999999844e+03 1.980000000000000000e+02 4.543000000000000163e-03
4.800000000000000100e-02 -2.143969000000000051e+03 1.985000000000000000e+02 4.543000000000000163e-03
0.000000000000000000e+00 -2.144016000000000076e+03 1.990000000000000000e+02 4.543000000000000163e-03
3.170000000000000040e-01 -2.143429999999999836e+03 1.995000000000000000e+02 4.543000000000000163e-03
0.000000000000000000e+00 -2.143746999999999844e+03 2.000000000000000000e+02 4.543000000000000163e-03
4.800000000000000100e-02 -2.143969000000000051e+03 2.005000000000000000e+02 4.543000000000000163e-03
0.000000000000000000e+00 -2.144016000000000076e+03 2.010000000000000000e+02 4.543000000000000163e-03
3.170000000000000040e-01 -2.143429999999999836e+03 2.015000000000000000e+02 4.543000000000000163e-03
0.000000000000000000e+00 -2.143746999999999844e+03 2.020000000000000000e+02 4.543000000000000163e-03
4.800000000000000100e-02 -2.143969000000000051e+03 2.025000000000000000e+02 4.543000000000000163e-03
0.000000000000000000e+00 -2.144016000000000076e+03 2.030000000000000000e+02 4.543000000000000163e-03
3.170000000000000040e-01 -2.143429999999999836e+03 2.035000000000000000e+02 4.543000000000000163e-03
0.000000000000000000e+00 -2.143746999999999844e+03 2.040000000000000000e+02 4.543000000000000163e-03
4.800000000000000100e-02 -2.143969000000000051e+03 2.045000000000000000e+02 4.543000000000000163e-03
0.000000000000000000e+00 -2.144016000000000076e+03 2.050000000000000000e+02 4.543000000000000163e-03
3.170000000000000040e-01 -2.143429999999999836e+03 2.055000000000000000e+02 4.543000000000000163e-03
0.000000000000000000e+00 -2.143746999999999844e+03 2.060000000000000000e+02 4.543000000000000163e-03
4.800000000000000100e-02 -2.143969000000000051e+03 2.065000000000000000e+02 4.543000000000000163e-03
0.000000000000000000e+00 -2.144016000000000076e+03 2.070000000000000000e+02 4.543000000000000163e-03
3.170000000000000040e-01 -2.143429999999999836e+03 2.075000000000000000e+02 4.543000000000000163e-03
0.000000000000000000e+00 -2.143746999999999844e+03 2.080000000000000000e+02 4.543000000000000163e-03
4.800000000000000100e-02 -2.143969000000000051e+03 2.085000000000000000e+02 4.543000000000000163e-03
0.000000000000000000e+00 -2.144016000000000076e+03 2.090000000000000000e+02 4.543000000000000163e-03
3.170000000000000040e-01 -2.143429999999999836e+03 2.095000000000000000e+02 4.543000000000000163e-03
0.000000000000000000e+00 -2.143746999999999844e+03 2.100000000000000000e+02 4.543000000000000163e-03
4.800000000000000100e-02 -2.143969000000000051e+03 2.105000000000000000e+02 4.543000000000000163e-03
0.000000000000000000e+00 -2.144016000000000076e+03 2.110000000000000000e+02 4.543000000000000163e-03
3.170000000000000040e-01 -2.143429999999999836e+03 2.115000000000000000e+02 4.543000000000000163e-03
0.000000000000000000e+00 -2.143746999999999844e+03 2.120000000000000000e+02 4.543000000000000163e-03
4.800000000000000100e-02 -2.143969000000000051e+03 2.125000000000000000e+02 4.543000000000000163e-03
0.000000000000000000e+00 -2.144016000000000076e+03 2.130000000000000000e+02 4.543000000000000163e-03
3.170000000000000040e-01 -2.143429999999999836e+03 2.135000000000000000e+02 4.543000000000000163e-03
0.000000000000000000e+00 -2.143746999999999844e+03 2.140000000000000000e+02 4.543000000000000163e-03
4.800000000000000100e-02 -2.143969000000000051e+03 2.145000000000000000e+02 4.543000000000000163e-03
0.000000000000000000e+00 -2.144016000000000076e+03 2.150000000000000000e+02 4.543000000000000163e-03
3.170000000000000040e-01 -2.143699000000000069e+03 2.155000000000000000e+02 4.543000000000000163e-03
0.000000000000000000e+00 -2.144016000000000076e+03 2.160000000000000000e+02 4.543000000000000163e-03
3.170000000000000040e-01 -2.143699000000000069e+03 2.165000000000000000e+02 4.543000000000000163e-03
0.000000000000000000e+00 -2.144016000000000076e+03 2.170000000000000000e+02 4.543000000000000163e-03
3.170000000000000040e-01 -2.143699000000000069e+03 2.175000000000000000e+02 4.543000000000000163e-03
0.000000000000000000e+00 -2.144016000000000076e+03 2.180000000000000000e+02 4.543000000000000163e-03
3.170000000000000040e-01 -2.143699000000000069e+03 2.185000000000000000e+02 4.543000000000000163e-03
0.000000000000000000e+00 -2.144016000000000076e+03 2.190000000000000000e+02 4.543000000000000163e-03
3.170000000000000040e-01 -2.143699000000000069e+03 2.195000000000000000e+02 4.543000000000000163e-03
0.000000000000000000e+00 -2.144016000000000076e+03 2.200000000000000000e+02 4.543000000000000163e-03
3.170000000000000040e-01 -2.143699000000000069e+03 2.205000000000000000e+02 4.543000000000000163e-03
0.000000000000000000e+00 -2.144016000000000076e+03 2.210000000000000000e+02 4.543000000000000163e-03
3.170000000000000040e-01 -2.143699000000000069e+03 2.215000000000000000e+02 4.543000000000000163e-03
0.000000000000000000e+00 -2.144016000000000076e+03 2.220000000000000000e+02 4.543000000000000163e-03
3.170000000000000040e-01 -2.143699000000000069e+03 2.225000000000000000e+02 4.543000000000000163e-03
0.000000000000000000e+00 -2.144016000000000076e+03 2.230000000000000000e+02 4.543000000000000163e-03
3.170000000000000040e-01 -2.143699000000000069e+03 2.235000000000000000e+02 4.543000000000000163e-03
0.000000000000000000e+00 -2.144016000000000076e+03 2.240000000000000000e+02 4.543000000000000163e-03
3.170000000000000040e-01 -2.143699000000000069e+03 2.245000000000000000e+02 4.543000000000000163e-03
0.000000000000000000e+00 -2.144016000000000076e+03 2.250000000000000000e+02 4.543000000000000163e-03
3.170000000000000040e-01 -2.143699000000000069e+03 2.255000000000000000e+02 4.543000000000000163e-03
0.000000000000000000e+00 -2.144016000000000076e+03 2.260000000000000000e+02 4.543000000000000163e-03
3.170000000000000040e-01 -2.143699000000000069e+03 2.265000000000000000e+02 4.543000000000000163e-03
0.000000000000000000e+00 -2.144016000000000076e+03 2.270000000000000000e+02 4.543000000000000163e-03
3.170000000000000040e-01 -2.143699000000000069e+03 2.275000000000000000e+02 4.543000000000000163e-03
0.000000000000000000e+00 -2.144016000000000076e+03 2.280000000000000000e+02 4.543000000000000163e-03
3.170000000000000040e-01 -2.143699000000000069e+03 2.285000000000000000e+02 4.543000000000000163e-03
0.000000000000000000e+00 -2.144016000000000076e+03 2.290000000000000000e+02 4.543000000000000163e-03
3.170000000000000040e-01 -2.143699000000000069e+03 2.295000000000000000e+02 4.543000000000000163e-03
0.000000000000000000e+00 -2.144016000000000076e+03 2.300000000000000000e+02 4.543000000000000163e-03
3.170000000000000040e-01 -2.143699000000000069e+03 2.305000000000000000e+02 4.543000000000000163e-03
0.000000000000000000e+00 -2.144016000000000076e+03 2.310000000000000000e+02 4.543000000000000163e-03
3.170000000000000040e-01 -2.143699000000000069e+03 2.315000000000000000e+02 4.543000000000000163e-03
0.000000000000000000e+00 -2.144016000000000076e+03 2.320000000000000000e+02 4.543000000000000163e-03
3.170000000000000040e-01 -2.143699000000000069e+03 2.325000000000000000e+02 4.543000000000000163e-03
0.000000000000000000e+00 -2.144016000000000076e+03 2.330000000000000000e+02 4.543000000000000163e-03
3.170000000000000040e-01 -2.143699000000000069e+03 2.335000000000000000e+02 4.543000000000000163e-03
0.000000000000000000e+00 -2.144016000000000076e+03 2.340000000000000000e+02 4.543000000000000163e-03
3.170000000000000040e-01 -2.143699000000000069e+03 2.345000000000000000e+02 4.543000000000000163e-03
0.000000000000000000e+00 -2.144016000000000076e+03 2.350000000000000000e+02 4.543000000000000163e-03
3.170000000000000040e-01 -2.143699000000000069e+03 2.355000000000000000e+02 4.543000000000000163e-03
0.000000000000000000e+00 -2.144016000000000076e+03 2.360000000000000000e+02 4.543000000000000163e-03
3.170000000000000040e-01 -2.143699000000000069e+03 2.365000000000000000e+02 4.543000000000000163e-03
0.000000000000000000e+00 -2.144016000000000076e+03 2.370000000000000000e+02 4.543000000000000163e-03
3.170000000000000040e-01 -2.143699000000000069e+03 2.375000000000000000e+02 4.543000000000000163e-03
0.000000000000000000e+00 -2.144016000000000076e+03 2.380000000000000000e+02 4.543000000000000163e-03
3.170000000000000040e-01 -2.143699000000000069e+03 2.385000000000000000e+02 4.543000000000000163e-03
0.000000000000000000e+00 -2.144016000000000076e+03 2.390000000000000000e+02 4.543000000000000163e-03
3.170000000000000040e-01 -2.143699000000000069e+03 2.395000000000000000e+02 4.543000000000000163e-03
0.000000000000000000e+00 -2.144016000000000076e+03 2.400000000000000000e+02 4.543000000000000163e-03
3.170000000000000040e-01 -2.143699000000000069e+03 2.405000000000000000e+02 4.543000000000000163e-03
0.000000000000000000e+00 -2.144016000000000076e+03 2.410000000000000000e+02 4.543000000000000163e-03
3.170000000000000040e-01 -2.143699000000000069e+03 2.415000000000000000e+02 4.543000000000000163e-03
0.000000000000000000e+00 -2.144016000000000076e+03 2.420000000000000000e+02 4.543000000000000163e-03
3.170000000000000040e-01 -2.143699000000000069e+03 2.425000000000000000e+02 4.543000000000000163e-03
0.000000000000000000e+00 -2.144016000000000076e+03 2.430000000000000000e+02 4.543000000000000163e-03
3.170000000000000040e-01 -2.143699000000000069e+03 2.435000000000000000e+02 4.543000000000000163e-03
0.000000000000000000e+00 -2.144016000000000076e+03 2.440000000000000000e+02 4.543000000000000163e-03
3.170000000000000040e-01 -2.143699000000000069e+03 2.445000000000000000e+02 4.543000000000000163e-03
0.000000000000000000e+00 -2.144016000000000076e+03 2.450000000000000000e+02 4.543000000000000163e-03
3.170000000000000040e-01 -2.143699000000000069e+03 2.455000000000000000e+02 4.543000000000000163e-03
0.000000000000000000e+00 -2.144016000000000076e+03 2.460000000000000000e+02 4.543000000000000163e-03
3.170000000000000040e-01 -2.143699000000000069e+03 2.465000000000000000e+02 4.543000000000000163e-03
0.000000000000000000e+00 -2.144016000000000076e+03 2.470000000000000000e+02 4.543000000000000163e-03
3.170000000000000040e-01 -2.143699000000000069e+03 2.475000000000000000e+02 4.543000000000000163e-03
0.000000000000000000e+00 -2.144016000000000076e+03 2.480000000000000000e+02 4.543000000000000163e-03
3.170000000000000040e-01 -2.143699000000000069e+03 2.485000000000000000e+02 4.543000000000000163e-03
0.000000000000000000e+00 -2.144016000000000076e+03 2.490000000000000000e+02 4.543000000000000163e-03
3.170000000000000040e-01 -2.143699000000000069e+03 2.495000000000000000e+02 4.543000000000000163e-03
0.000000000000000000e+00 -2.144016000000000076e+03 2.500000000000000000e+02 4.543000000000000163e-03
3.170000000000000040e-01 -2.143699000000000069e+03 2.505000000000000000e+02 4.543000000000000163e-03
0.000000000000000000e+00 -2.144016000000000076e+03 2.510000000000000000e+02 4.543000000000000163e-03
3.170000000000000040e-01 -2.143699000000000069e+03 2.515000000000000000e+02 4.543000000000000163e-03
0.000000000000000000e+00 -2.144016000000000076e+03 2.520000000000000000e+02 4.543000000000000163e-03
3.170000000000000040e-01 -2.143699000000000069e+03 2.525000000000000000e+02 4.543000000000000163e-03
0.000000000000000000e+00 -2.144016000000000076e+03 2.530000000000000000e+02 4.543000000000000163e-03
3.170000000000000040e-01 -2.143699000000000069e+03 2.535000000000000000e+02 4.543000000000000163e-03
0.000000000000000000e+00 -2.144016000000000076e+03 2.540000000000000000e+02 4.543000000000000163e-03
3.170000000000000040e-01 -2.143699000000000069e+03 2.545000000000000000e+02 4.543000000000000163e-03
0.000000000000000000e+00 -2.144016000000000076e+03 2.550000000000000000e+02 4.543000000000000163e-03
3.170000000000000040e-01 -2.143699000000000069e+03 2.555000000000000000e+02 4.543000000000000163e-03
0.000000000000000000e+00 -2.144016000000000076e+03 2.560000000000000000e+02 4.543000000000000163e-03
3.170000000000000040e-01 -2.143699000000000069e+03 2.565000000000000000e+02 4.543000000000000163e-03
0.000000000000000000e+00 -2.144016000000000076e+03 2.570000000000000000e+02 4.543000000000000163e-03
3.170000000000000040e-01 -2.143699000000000069e+03 2.575000000000000000e+02 4.543000000000000163e-03
0.000000000000000000e+00 -2.144016000000000076e+03 2.580000000000000000e+02 4.543000000000000163e-03
3.170000000000000040e-01 -2.143699000000000069e+03 2.585000000000000000e+02 4.543000000000000163e-03
0.000000000000000000e+00 -2.144016000000000076e+03 2.590000000000000000e+02 4.543000000000000163e-03
3.170000000000000040e-01 -2.143699000000000069e+03 2.595000000000000000e+02 4.543000000000000163e-03
0.000000000000000000e+00 -2.144016000000000076e+03 2.600000000000000000e+02 4.543000000000000163e-03
3.170000000000000040e-01 -2.143699000000000069e+03 2.605000000000000000e+02 4.543000000000000163e-03
0.000000000000000000e+00 -2.144016000000000076e+03 2.610000000000000000e+02 4.543000000000000163e-03
3.170000000000000040e-01 -2.143699000000000069e+03 2.615000000000000000e+02 4.543000000000000163e-03
0.000000000000000000e+00 -2.144016000000000076e+03 2.620000000000000000e+02 4.543000000000000163e-03
3.170000000000000040e-01 -2.143699000000000069e+03 2.625000000000000000e+02 4.543000000000000163e-03
0.000000000000000000e+00 -2.144016000000000076e+03 2.630000000000000000e+02 4.543000000000000163e-03
3.170000000000000040e-01 -2.143699000000000069e+03 2.635000000000000000e+02 4.543000000000000163e-03
0.000000000000000000e+00 -2.144016000000000076e+03 2.640000000000000000e+02 4.543000000000000163e-03
3.170000000000000040e-01 -2.143699000000000069e+03 2.645000000000000000e+02 4.543000000000000163e-03
0.000000000000000000e+00 -2.144016000000000076e+03 2.650000000000000000e+02 4.543000000000000163e-03
3.170000000000000040e-01 -2.143699000000000069e+03 2.655000000000000000e+02 4.543000000000000163e-03
0.000000000000000000e+00 -2.144016000000000076e+03 2.660000000000000000e+02 4.543000000000000163e-03
3.170000000000000040e-01 -2.143699000000000069e+03 2.665000000000000000e+02 4.543000000000000163e-03
0.000000000000000000e+00 -2.144016000000000076e+03 2.670000000000000000e+02 4.543000000000000163e-03
3.170000000000000040e-01 -2.143699000000000069e+03 2.675000000000000000e+02 4.543000000000000163e-03
0.000000000000000000e+00 -2.144016000000000076e+03 2.680000000000000000e+02 4.543000000000000163e-03
3.170000000000000040e-01 -2.143699000000000069e+03 2.685000000000000000e+02 4.543000000000000163e-03
0.000000000000000000e+00 -2.144016000000000076e+03 2.690000000000000000e+02 4.543000000000000163e-03
3.170000000000000040e-01 -2.143699000000000069e+03 2.695000000000000000e+02 4.543000000000000163e-03
0.000000000000000000e+00 -2.144016000000000076e+03 2.700000000000000000e+02 4.543000000000000163e-03
3.170000000000000040e-01 -2.143699000000000069e+03 2.705000000000000000e+02 4.543000000000000163e-03
0.000000000000000000e+00 -2.144016000000000076e+03 2.710000000000000000e+02 4.543000000000000163e-03
3.170000000000000040e-01 -2.143699000000000069e+03 2.715000000000000000e+02 4.543000000000000163e-03
0.000000000000000000e+00 -2.144016000000000076e+03 2.720000000000000000e+02 4.543000000000000163e-03
3.170000000000000040e-01 -2.143699000000000069e+03 2.725000000000000000e+02 4.543000000000000163e-03
0.000000000000000000e+00 -2.144016000000000076e+03 2.730000000000000000e+02 4.543000000000000163e-03
3.170000000000000040e-01 -2.143699000000000069e+03 2.735000000000000000e+02 4.543000000000000163e-03
0.000000000000000000e+00 -2.144016000000000076e+03 2.740000000000000000e+02 4.543000000000000163e-03
3.170000000000000040e-01 -2.143699000000000069e+03 2.745000000000000000e+02 4.543000000000000163e-03
0.000000000000000000e+00 -2.144016000000000076e+03 2.750000000000000000e+02 4.543000000000000163e-03
3.170000000000000040e-01 -2.143699000000000069e+03 2.755000000000000000e+02 4.543000000000000163e-03
0.000000000000000000e+00 -2.144016000000000076e+03 2.760000000000000000e+02 4.543000000000000163e-03
3.170000000000000040e-01 -2.143699000000000069e+03 2.765000000000000000e+02 4.543000000000000163e-03
0.000000000000000000e+00 -2.144016000000000076e+03 2.770000000000000000e+02 4.543000000000000163e-03
3.170000000000000040e-01 -2.143699000000000069e+03 2.775000000000000000e+02 4.543000000000000163e-03
0.000000000000000000e+00 -2.144016000000000076e+03 2.780000000000000000e+02 4.543000000000000163e-03
3.170000000000000040e-01 -2.143699000000000069e+03 2.785000000000000000e+02 4.543000000000000163e-03
0.000000000000000000e+00 -2.144016000000000076e+03 2.790000000000000000e+02 4.543000000000000163e-03
3.170000000000000040e-01 -2.143699000000000069e+03 2.795000000000000000e+02 4.543000000000000163e-03
0.000000000000000000e+00 -2.144016000000000076e+03 2.800000000000000000e+02 4.543000000000000163e-03
3.170000000000000040e-01 -2.143699000000000069e+03 2.805000000000000000e+02 4.543000000000000163e-03
0.000000000000000000e+00 -2.144016000000000076e+03 2.810000000000000000e+02 4.543000000000000163e-03
3.170000000000000040e-01 -2.143699000000000069e+03 2.815000000000000000e+02 4.543000000000000163e-03
0.000000000000000000e+00 -2.144016000000000076e+03 2.820000000000000000e+02 4.543000000000000163e-03
3.170000000000000040e-01 -2.143699000000000069e+03 2.825000000000000000e+02 4.543000000000000163e-03
0.000000000000000000e+00 -2.144016000000000076e+03 2.830000000000000000e+02 4.543000000000000163e-03
3.170000000000000040e-01 -2.143699000000000069e+03 2.835000000000000000e+02 4.543000000000000163e-03
0.000000000000000000e+00 -2.144016000000000076e+03 2.840000000000000000e+02 4.543000000000000163e-03
3.170000000000000040e-01 -2.143699000000000069e+03 2.845000000000000000e+02 4.543000000000000163e-03
0.000000000000000000e+00 -2.144016000000000076e+03 2.850000000000000000e+02 4.543000000000000163e-03
3.170000000000000040e-01 -2.143699000000000069e+03 2.855000000000000000e+02 4.543000000000000163e-03
0.000000000000000000e+00 -2.144016000000000076e+03 2.860000000000000000e+02 4.543000000000000163e-03
3.170000000000000040e-01 -2.143699000000000069e+03 2.865000000000000000e+02 4.543000000000000163e-03
0.000000000000000000e+00 -2.144016000000000076e+03 2.870000000000000000e+02 4.543000000000000163e-03
3.170000000000000040e-01 -2.143699000000000069e+03 2.875000000000000000e+02 4.543000000000000163e-03
0.000000000000000000e+00 -2.144016000000000076e+03 2.880000000000000000e+02 4.543000000000000163e-03
3.170000000000000040e-01 -2.143699000000000069e+03 2.885000000000000000e+02 4.543000000000000163e-03
0.000000000000000000e+00 -2.144016000000000076e+03 2.890000000000000000e+02 4.543000000000000163e-03
3.170000000000000040e-01 -2.143699000000000069e+03 2.895000000000000000e+02 4.543000000000000163e-03
0.000000000000000000e+00 -2.144016000000000076e+03 2.900000000000000000e+02 4.543000000000000163e-03
3.170000000000000040e-01 -2.143699000000000069e+03 2.905000000000000000e+02 4.543000000000000163e-03
0.000000000000000000e+00 -2.144016000000000076e+03 2.910000000000000000e+02 4.543000000000000163e-03
3.170000000000000040e-01 -2.143699000000000069e+03 2.915000000000000000e+02 4.543000000000000163e-03
0.000000000000000000e+00 -2.144016000000000076e+03 2.920000000000000000e+02 4.543000000000000163e-03
3.170000000000000040e-01 -2.143699000000000069e+03 2.925000000000000000e+02 4.543000000000000163e-03
0.000000000000000000e+00 -2.144016000000000076e+03 2.930000000000000000e+02 4.543000000000000163e-03
3.170000000000000040e-01 -2.143699000000000069e+03 2.935000000000000000e+02 4.543000000000000163e-03
0.000000000000000000e+00 -2.144016000000000076e+03 2.940000000000000000e+02 4.543000000000000163e-03
3.170000000000000040e-01 -2.143699000000000069e+03 2.945000000000000000e+02 4.543000000000000163e-03
0.000000000000000000e+00 -2.144016000000000076e+03 2.950000000000000000e+02 4.543000000000000163e-03
3.170000000000000040e-01 -2.143699000000000069e+03 2.955000000000000000e+02 4.543000000000000163e-03
0.000000000000000000e+00 -2.144016000000000076e+03 2.960000000000000000e+02 4.543000000000000163e-03
3.170000000000000040e-01 -2.143699000000000069e+03 2.965000000000000000e+02 4.543000000000000163e-03
0.000000000000000000e+00 -2.144016000000000076e+03 2.970000000000000000e+02 4.543000000000000163e-03
3.170000000000000040e-01 -2.143699000000000069e+03 2.975000000000000000e+02 4.543000000000000163e-03
0.000000000000000000e+00 -2.144016000000000076e+03 2.980000000000000000e+02 4.543000000000000163e-03
3.170000000000000040e-01 -2.143699000000000069e+03 2.985000000000000000e+02 4.543000000000000163e-03
0.000000000000000000e+00 -2.144016000000000076e+03 2.990000000000000000e+02 4.543000000000000163e-03
3.170000000000000040e-01 -2.143699000000000069e+03 2.995000000000000000e+02 4.543000000000000163e-03
0.000000000000000000e+00 -2.144016000000000076e+03 3.000000000000000000e+02 4.543000000000000163e-03
3.170000000000000040e-01 -2.143699000000000069e+03 3.005000000000000000e+02 4.543000000000000163e-03
0.000000000000000000e+00 -2.144016000000000076e+03 3.010000000000000000e+02 4.543000000000000163e-03
3.170000000000000040e-01 -2.143699000000000069e+03 3.015000000000000000e+02 4.543000000000000163e-03
0.000000000000000000e+00 -2.144016000000000076e+03 3.020000000000000000e+02 4.543000000000000163e-03
3.170000000000000040e-01 -2.143699000000000069e+03 3.025000000000000000e+02 4.543000000000000163e-03
0.000000000000000000e+00 -2.144016000000000076e+03 3.030000000000000000e+02 4.543000000000000163e-03
3.170000000000000040e-01 -2.143699000000000069e+03 3.035000000000000000e+02 4.543000000000000163e-03
0.000000000000000000e+00 -2.144016000000000076e+03 3.040000000000000000e+02 4.543000000000000163e-03
3.170000000000000040e-01 -2.143699000000000069e+03 3.045000000000000000e+02 4.543000000000000163e-03
0.000000000000000000e+00 -2.144016000000000076e+03 3.050000000000000000e+02 4.543000000000000163e-03
3.170000000000000040e-01 -2.143699000000000069e+03 3.055000000000000000e+02 4.543000000000000163e-03
0.000000000000000000e+00 -2.144016000000000076e+03 3.060000000000000000e+02 4.543000000000000163e-03
3.170000000000000040e-01 -2.143699000000000069e+03 3.065000000000000000e+02 4.543000000000000163e-03
0.000000000000000000e+00 -2.144016000000000076e+03 3.070000000000000000e+02 4.543000000000000163e-03
3.170000000000000040e-01 -2.143699000000000069e+03 3.075000000000000000e+02 4.543000000000000163e-03
0.000000000000000000e+00 -2.144016000000000076e+03 3.080000000000000000e+02 4.543000000000000163e-03
7.510000000000000009e-01 -2.144690999999999804e+03 3.085000000000000000e+02 4.543000000000000163e-03
0.000000000000000000e+00 -2.145443000000000211e+03 3.090000000000000000e+02 4.543000000000000163e-03
2.100999999999999979e+00 -2.141608000000000175e+03 3.095000000000000000e+02 4.743999999999999953e-03
0.000000000000000000e+00 -2.143708999999999833e+03 3.100000000000000000e+02 4.743999999999999953e-03
4.400000000000000022e-01 -2.145003000000000156e+03 3.105000000000000000e+02 4.743999999999999953e-03
0.000000000000000000e+00 -2.145443000000000211e+03 3.110000000000000000e+02 4.743999999999999953e-03
2.317000000000000171e+00 -2.141389000000000124e+03 3.115000000000000000e+02 4.887999999999999984e-03
0.000000000000000000e+00 -2.143706000000000131e+03 3.120000000000000000e+02 4.887999999999999984e-03
4.829999999999999849e-01 -2.144974000000000160e+03 3.125000000000000000e+02 4.887999999999999984e-03
0.000000000000000000e+00 -2.145456999999999880e+03 3.130000000000000000e+02 4.887999999999999984e-03
1.941999999999999948e+00 -2.141769999999999982e+03 3.135000000000000000e+02 4.902000000000000107e-03
0.000000000000000000e+00 -2.143711999999999989e+03 3.140000000000000000e+02 4.902000000000000107e-03
1.970000000000000084e-01 -2.145259000000000015e+03 3.145000000000000000e+02 4.902000000000000107e-03
0.000000000000000000e+00 -2.145456000000000131e+03 3.150000000000000000e+02 4.902000000000000107e-03
2.225000000000000089e+00 -2.141431999999999789e+03 3.155000000000000000e+02 4.904000000000000373e-03
0.000000000000000000e+00 -2.143657000000000153e+03 3.160000000000000000e+02 4.904000000000000373e-03
3.220000000000000084e-01 -2.145108000000000175e+03 3.165000000000000000e+02 4.904000000000000373e-03
0.000000000000000000e+00 -2.145429999999999836e+03 3.170000000000000000e+02 4.904000000000000373e-03
2.305000000000000160e+00 -2.141300999999999931e+03 3.175000000000000000e+02 4.912999999999999833e-03
0.000000000000000000e+00 -2.143606000000000222e+03 3.180000000000000000e+02 4.912999999999999833e-03
4.600000000000000200e-01 -2.144922999999999774e+03 3.185000000000000000e+02 4.912999999999999833e-03
0.000000000000000000e+00 -2.145382999999999811e+03 3.190000000000000000e+02 4.912999999999999833e-03
2.185999999999999943e+00 -2.141295000000000073e+03 3.195000000000000000e+02 4.932999999999999885e-03
0.000000000000000000e+00 -2.143481000000000222e+03 3.200000000000000000e+02 4.932999999999999885e-03
3.800000000000000044e-01 -2.145003000000000156e+03 3.205000000000000000e+02 4.932999999999999885e-03
0.000000000000000000e+00 -2.145382999999999811e+03 3.210000000000000000e+02 4.932999999999999885e-03
1.937999999999999945e+00 -2.141706999999999880e+03 3.215000000000000000e+02 5.171000000000000249e-03
0.000000000000000000e+00 -2.143644999999999982e+03 3.220000000000000000e+02 5.171000000000000249e-03
2.000000000000000111e-01 -2.145181999999999789e+03 3.225000000000000000e+02 5.171000000000000249e-03
0.000000000000000000e+00 -2.145382999999999811e+03 3.230000000000000000e+02 5.171000000000000249e-03
2.052999999999999936e+00 -2.141715999999999894e+03 3.235000000000000000e+02 5.178000000000000311e-03
0.000000000000000000e+00 -2.143768999999999778e+03 3.240000000000000000e+02 5.178000000000000311e-03
4.400000000000000022e-01 -2.144943000000000211e+03 3.245000000000000000e+02 5.178000000000000311e-03
0.000000000000000000e+00 -2.145382999999999811e+03 3.250000000000000000e+02 5.178000000000000311e-03
1.937999999999999945e+00 -2.141706999999999880e+03 3.255000000000000000e+02 5.219999999999999814e-03
0.000000000000000000e+00 -2.143644999999999982e+03 3.260000000000000000e+02 5.219999999999999814e-03
4.169999999999999818e-01 -2.144362000000000080e+03 3.265000000000000000e+02 5.219999999999999814e-03
0.000000000000000000e+00 -2.144778999999999996e+03 3.270000000000000000e+02 5.219999999999999814e-03
1.572000000000000064e+00 -2.142090999999999894e+03 3.275000000000000000e+02 5.222000000000000079e-03
0.000000000000000000e+00 -2.143664000000000215e+03 3.280000000000000000e+02 5.222000000000000079e-03
3.380000000000000226e-01 -2.145010999999999967e+03 3.285000000000000000e+02 5.222000000000000079e-03
0.000000000000000000e+00 -2.145349000000000160e+03 3.290000000000000000e+02 5.222000000000000079e-03
2.202999999999999847e+00 -2.141307999999999993e+03 3.295000000000000000e+02 5.274000000000000042e-03
0.000000000000000000e+00 -2.143510999999999967e+03 3.300000000000000000e+02 5.274000000000000042e-03
2.409999999999999920e-01 -2.145108999999999924e+03 3.305000000000000000e+02 5.274000000000000042e-03
0.000000000000000000e+00 -2.145349999999999909e+03 3.310000000000000000e+02 5.274000000000000042e-03
1.875000000000000000e+00 -2.141791000000000167e+03 3.315000000000000000e+02 5.392000000000000091e-03
0.000000000000000000e+00 -2.143666999999999916e+03 3.320000000000000000e+02 5.392000000000000091e-03
1.920000000000000040e-01 -2.145157999999999902e+03 3.325000000000000000e+02 5.392000000000000091e-03
0.000000000000000000e+00 -2.145349000000000160e+03 3.330000000000000000e+02 5.392000000000000091e-03
1.895999999999999908e+00 -2.141766999999999825e+03 3.335000000000000000e+02 5.570000000000000298e-03
0.000000000000000000e+00 -2.143663000000000011e+03 3.340000000000000000e+02 5.570000000000000298e-03
2.099999999999999922e-01 -2.145137000000000171e+03 3.345000000000000000e+02 5.570000000000000298e-03
0.000000000000000000e+00 -2.145347000000000207e+03 3.350000000000000000e+02 5.570000000000000298e-03
2.153999999999999915e+00 -2.141268999999999778e+03 3.355000000000000000e+02 5.702999999999999736e-03
0.000000000000000000e+00 -2.143422999999999774e+03 3.360000000000000000e+02 5.702999999999999736e-03
1.980000000000000093e-01 -2.145155000000000200e+03 3.365000000000000000e+02 5.702999999999999736e-03
0.000000000000000000e+00 -2.145353000000000065e+03 3.370000000000000000e+02 5.702999999999999736e-03
2.024000000000000021e+00 -2.141731999999999971e+03 3.375000000000000000e+02 5.733000000000000249e-03
0.000000000000000000e+00 -2.143755999999999858e+03 3.380000000000000000e+02 5.733000000000000249e-03
3.960000000000000187e-01 -2.145003000000000156e+03 3.385000000000000000e+02 5.733000000000000249e-03
0.000000000000000000e+00 -2.145398999999999887e+03 3.390000000000000000e+02 5.733000000000000249e-03
2.043000000000000149e+00 -2.142190000000000055e+03 3.395000000000000000e+02 5.743999999999999974e-03
0.000000000000000000e+00 -2.144233000000000175e+03 3.400000000000000000e+02 5.743999999999999974e-03
6.330000000000000071e-01 -2.145034999999999854e+03 3.405000000000000000e+02 5.743999999999999974e-03
0.000000000000000000e+00 -2.145668000000000120e+03 3.410000000000000000e+02 5.743999999999999974e-03
2.072999999999999954e+00 -2.141956999999999880e+03 3.415000000000000000e+02 5.870000000000000218e-03
0.000000000000000000e+00 -2.144028999999999996e+03 3.420000000000000000e+02 5.870000000000000218e-03
4.159999999999999809e-01 -2.145260000000000218e+03 3.425000000000000000e+02 5.870000000000000218e-03
0.000000000000000000e+00 -2.145675999999999931e+03 3.430000000000000000e+02 5.870000000000000218e-03
2.068000000000000060e+00 -2.141958999999999833e+03 3.435000000000000000e+02 5.969999999999999613e-03
0.000000000000000000e+00 -2.144027000000000044e+03 3.440000000000000000e+02 5.969999999999999613e-03
4.000000000000000222e-01 -2.145275999999999840e+03 3.445000000000000000e+02 5.969999999999999613e-03
0.000000000000000000e+00 -2.145675999999999931e+03 3.450000000000000000e+02 5.969999999999999613e-03
2.092000000000000082e+00 -2.142132999999999811e+03 3.455000000000000000e+02 6.029999999999999770e-03
0.000000000000000000e+00 -2.144224999999999909e+03 3.460000000000000000e+02 6.029999999999999770e-03
6.420000000000000151e-01 -2.145034000000000106e+03 3.465000000000000000e+02 6.029999999999999770e-03
0.000000000000000000e+00 -2.145675999999999931e+03 3.470000000000000000e+02 6.029999999999999770e-03
2.075000000000000178e+00 -2.141893000000000029e+03 3.475000000000000000e+02 6.100999999999999653e-03
0.000000000000000000e+00 -2.143967999999999847e+03 3.480000000000000000e+02 6.100999999999999653e-03
4.620000000000000218e-01 -2.145155999999999949e+03 3.485000000000000000e+02 6.100999999999999653e-03
0.000000000000000000e+00 -2.145617999999999938e+03 3.490000000000000000e+02 6.100999999999999653e-03
2.248000000000000220e+00 -2.141579999999999927e+03 3.495000000000000000e+02 6.453000000000000402e-03
0.000000000000000000e+00 -2.143827999999999975e+03 3.500000000000000000e+02 6.453000000000000402e-03
4.640000000000000235e-01 -2.145172000000000025e+03 3.505000000000000000e+02 6.453000000000000402e-03
0.000000000000000000e+00 -2.145635999999999967e+03 3.510000000000000000e+02 6.453000000000000402e-03
2.068000000000000060e+00 -2.142135999999999967e+03 3.515000000000000000e+02 6.664999999999999918e-03
0.000000000000000000e+00 -2.144204000000000178e+03 3.520000000000000000e+02 6.664999999999999918e-03
6.350000000000000089e-01 -2.145001000000000204e+03 3.525000000000000000e+02 6.664999999999999918e-03
0.000000000000000000e+00 -2.145635999999999967e+03 3.530000000000000000e+02 6.664999999999999918e-03
2.068000000000000060e+00 -2.142135999999999967e+03 3.535000000000000000e+02 6.743999999999999995e-03
0.000000000000000000e+00 -2.144204000000000178e+03 3.540000000000000000e+02 6.743999999999999995e-03
7.920000000000000373e-01 -2.144570000000000164e+03 3.545000000000000000e+02 6.743999999999999995e-03
0.000000000000000000e+00 -2.145362000000000080e+03 3.550000000000000000e+02 6.743999999999999995e-03
1.875000000000000000e+00 -2.141802999999999884e+03 3.555000000000000000e+02 6.786999999999999630e-03
0.000000000000000000e+00 -2.143677999999999884e+03 3.560000000000000000e+02 6.786999999999999630e-03
4.020000000000000240e-01 -2.144358999999999924e+03 3.565000000000000000e+02 6.786999999999999630e-03
0.000000000000000000e+00 -2.144760999999999967e+03 3.570000000000000000e+02 6.786999999999999630e-03
1.794000000000000039e+00 -2.141547000000000025e+03 3.575000000000000000e+02 6.787999999999999763e-03
0.000000000000000000e+00 -2.143340999999999894e+03 3.580000000000000000e+02 6.787999999999999763e-03
2.159999999999999976e-01 -2.145144999999999982e+03 3.585000000000000000e+02 6.787999999999999763e-03
0.000000000000000000e+00 -2.145360999999999876e+03 3.590000000000000000e+02 6.787999999999999763e-03
2.105999999999999872e+00 -2.141260999999999967e+03 3.595000000000000000e+02 7.034000000000000322e-03
0.000000000000000000e+00 -2.143367000000000189e+03 3.600000000000000000e+02 7.034000000000000322e-03
1.120000000000000023e-01 -2.145250000000000000e+03 3.605000000000000000e+02 7.034000000000000322e-03
0.000000000000000000e+00 -2.145360999999999876e+03 3.610000000000000000e+02 7.034000000000000322e-03
2.166999999999999815e+00 -2.141152999999999793e+03 3.615000000000000000e+02 7.099000000000000275e-03
0.000000000000000000e+00 -2.143320000000000164e+03 3.620000000000000000e+02 7.099000000000000275e-03
1.189999999999999947e-01 -2.145235000000000127e+03 3.625000000000000000e+02 7.099000000000000275e-03
0.000000000000000000e+00 -2.145353999999999814e+03 3.630000000000000000e+02 7.099000000000000275e-03
2.133000000000000007e+00 -2.141701000000000022e+03 3.635000000000000000e+02 7.106000000000000337e-03
0.000000000000000000e+00 -2.143833999999999833e+03 3.640000000000000000e+02 7.106000000000000337e-03
5.050000000000000044e-01 -2.144849000000000160e+03 3.645000000000000000e+02 7.106000000000000337e-03
0.000000000000000000e+00 -2.145353999999999814e+03 3.650000000000000000e+02 7.106000000000000337e-03
2.137999999999999901e+00 -2.141331000000000131e+03 3.655000000000000000e+02 7.122999999999999991e-03
0.000000000000000000e+00 -2.143469000000000051e+03 3.660000000000000000e+02 7.122999999999999991e-03
2.530000000000000027e-01 -2.145099999999999909e+03 3.665000000000000000e+02 7.122999999999999991e-03
0.000000000000000000e+00 -2.145353999999999814e+03 3.670000000000000000e+02 7.122999999999999991e-03
1.989999999999999991e+00 -2.141846000000000004e+03 3.675000000000000000e+02 7.335999999999999639e-03
0.000000000000000000e+00 -2.143835000000000036e+03 3.680000000000000000e+02 7.335999999999999639e-03
4.570000000000000173e-01 -2.144958000000000084e+03 3.685000000000000000e+02 7.335999999999999639e-03
0.000000000000000000e+00 -2.145416000000000167e+03 3.690000000000000000e+02 7.335999999999999639e-03
2.063000000000000167e+00 -2.141677000000000135e+03 3.695000000000000000e+02 7.399000000000000195e-03
0.000000000000000000e+00 -2.143740999999999985e+03 3.700000000000000000e+02 7.399000000000000195e-03
5.050000000000000044e-01 -2.144913000000000011e+03 3.705000000000000000e+02 7.399000000000000195e-03
0.000000000000000000e+00 -2.145418000000000120e+03 3.710000000000000000e+02 7.399000000000000195e-03
2.068999999999999950e+00 -2.141884000000000015e+03 3.715000000000000000e+02 7.453000000000000423e-03
0.000000000000000000e+00 -2.143954000000000178e+03 3.720000000000000000e+02 7.453000000000000423e-03
1.883999999999999897e+00 -2.140382000000000062e+03 3.725000000000000000e+02 7.483000000000000068e-03
0.000000000000000000e+00 -2.142266000000000076e+03 3.730000000000000000e+02 7.483000000000000068e-03
4.239999999999999880e-01 -2.142947999999999865e+03 3.735000000000000000e+02 7.483000000000000068e-03
0.000000000000000000e+00 -2.143371999999999844e+03 3.740000000000000000e+02 7.483000000000000068e-03
5.859999999999999654e-01 -2.144262999999999920e+03 3.745000000000000000e+02 7.483000000000000068e-03
0.000000000000000000e+00 -2.144849000000000160e+03 3.750000000000000000e+02 7.483000000000000068e-03
1.550999999999999934e+00 -2.142168999999999869e+03 3.755000000000000000e+02 7.483000000000000068e-03
0.000000000000000000e+00 -2.143721000000000004e+03 3.760000000000000000e+02 7.483000000000000068e-03
1.789999999999999925e-01 -2.145527000000000044e+03 3.765000000000000000e+02 7.483000000000000068e-03
0.000000000000000000e+00 -2.145706000000000131e+03 3.770000000000000000e+02 7.483000000000000068e-03
2.197000000000000064e+00 -2.141382000000000062e+03 3.775000000000000000e+02 7.582000000000000198e-03
0.000000000000000000e+00 -2.143579000000000178e+03 3.780000000000000000e+02 7.582000000000000198e-03
7.000000000000000666e-02 -2.145637999999999920e+03 3.785000000000000000e+02 7.582000000000000198e-03
0.000000000000000000e+00 -2.145708000000000084e+03 3.790000000000000000e+02 7.582000000000000198e-03
2.117999999999999883e+00 -2.141818000000000211e+03 3.795000000000000000e+02 7.673000000000000133e-03
0.000000000000000000e+00 -2.143936000000000149e+03 3.800000000000000000e+02 7.673000000000000133e-03
5.210000000000000187e-01 -2.145170000000000073e+03 3.805000000000000000e+02 7.673000000000000133e-03
0.000000000000000000e+00 -2.145690999999999804e+03 3.810000000000000000e+02 7.673000000000000133e-03
2.182999999999999829e+00 -2.141443000000000211e+03 3.815000000000000000e+02 7.861999999999999197e-03
0.000000000000000000e+00 -2.143626000000000204e+03 3.820000000000000000e+02 7.861999999999999197e-03
1.160000000000000059e-01 -2.145610999999999876e+03 3.825000000000000000e+02 7.861999999999999197e-03
0.000000000000000000e+00 -2.145726999999999862e+03 3.830000000000000000e+02 7.861999999999999197e-03
2.279999999999999805e+00 -2.141643000000000029e+03 3.835000000000000000e+02 8.016999999999999821e-03
0.000000000000000000e+00 -2.143922999999999774e+03 3.840000000000000000e+02 8.016999999999999821e-03
4.919999999999999929e-01 -2.143436999999999898e+03 3.845000000000000000e+02 8.016999999999999821e-03
0.000000000000000000e+00 -2.143929000000000087e+03 3.850000000000000000e+02 8.016999999999999821e-03
4.969999999999999973e-01 -2.143425999999999931e+03 3.855000000000000000e+02 8.016999999999999821e-03
0.000000000000000000e+00 -2.143923999999999978e+03 3.860000000000000000e+02 8.016999999999999821e-03
4.749999999999999778e-01 -2.145251999999999953e+03 3.865000000000000000e+02 8.016999999999999821e-03
0.000000000000000000e+00 -2.145726999999999862e+03 3.870000000000000000e+02 8.016999999999999821e-03
2.075000000000000178e+00 -2.141987000000000080e+03 3.875000000000000000e+02 8.311000000000000679e-03
0.000000000000000000e+00 -2.144061999999999898e+03 3.880000000000000000e+02 8.311000000000000679e-03
4.099999999999999756e-01 -2.145318000000000211e+03 3.885000000000000000e+02 8.311000000000000679e-03
0.000000000000000000e+00 -2.145726999999999862e+03 3.890000000000000000e+02 8.311000000000000679e-03
2.185000000000000053e+00 -2.141460999999999785e+03 3.895000000000000000e+02 8.607000000000000067e-03
0.000000000000000000e+00 -2.143646000000000186e+03 3.900000000000000000e+02 8.607000000000000067e-03
1.039999999999999952e-01 -2.145623000000000047e+03 3.905000000000000000e+02 8.607000000000000067e-03
0.000000000000000000e+00 -2.145726999999999862e+03 3.910000000000000000e+02 8.607000000000000067e-03
2.093999999999999861e+00 -2.142181000000000040e+03 3.915000000000000000e+02 8.973000000000000073e-03
0.000000000000000000e+00 -2.144275000000000091e+03 3.920000000000000000e+02 8.973000000000000073e-03
6.420000000000000151e-01 -2.145085000000000036e+03 3.925000000000000000e+02 8.973000000000000073e-03
0.000000000000000000e+00 -2.145726999999999862e+03 3.930000000000000000e+02 8.973000000000000073e-03
2.068999999999999950e+00 -2.142231999999999971e+03 3.935000000000000000e+02 9.136999999999999289e-03
0.000000000000000000e+00 -2.144300999999999931e+03 3.940000000000000000e+02 9.136999999999999289e-03
6.440000000000000169e-01 -2.145083999999999833e+03 3.945000000000000000e+02 9.136999999999999289e-03
0.000000000000000000e+00 -2.145726999999999862e+03 3.950000000000000000e+02 9.136999999999999289e-03
2.322000000000000064e+00 -2.141621999999999844e+03 3.955000000000000000e+02 9.211999999999999703e-03
0.000000000000000000e+00 -2.143945000000000164e+03 3.960000000000000000e+02 9.211999999999999703e-03
5.729999999999999538e-01 -2.143088999999999942e+03 3.965000000000000000e+02 9.211999999999999703e-03
0.000000000000000000e+00 -2.143663000000000011e+03 3.970000000000000000e+02 9.211999999999999703e-03
1.300000000000000044e-01 -2.145632000000000062e+03 3.975000000000000000e+02 9.211999999999999703e-03
0.000000000000000000e+00 -2.145762000000000171e+03 3.980000000000000000e+02 9.211999999999999703e-03
2.075000000000000178e+00 -2.142021999999999935e+03 3.985000000000000000e+02 1.009000000000000001e-02
0.000000000000000000e+00 -2.144097000000000207e+03 3.990000000000000000e+02 1.009000000000000001e-02
5.600000000000000533e-01 -2.145202000000000226e+03 3.995000000000000000e+02 1.009000000000000001e-02
0.000000000000000000e+00 -2.145762000000000171e+03 4.000000000000000000e+02 1.009000000000000001e-02
2.068000000000000060e+00 -2.142268000000000029e+03 4.005000000000000000e+02 1.016000000000000063e-02
0.000000000000000000e+00 -2.144335999999999785e+03 4.010000000000000000e+02 1.016000000000000063e-02
6.430000000000000160e-01 -2.145119000000000142e+03 4.015000000000000000e+02 1.016000000000000063e-02
0.000000000000000000e+00 -2.145762000000000171e+03 4.020000000000000000e+02 1.016000000000000063e-02
2.282999999999999918e+00 -2.141737999999999829e+03 4.025000000000000000e+02 1.017000000000000022e-02
0.000000000000000000e+00 -2.144021000000000186e+03 4.030000000000000000e+02 1.017000000000000022e-02
5.430000000000000382e-01 -2.145219000000000051e+03 4.035000000000000000e+02 1.017000000000000022e-02
0.000000000000000000e+00 -2.145760999999999967e+03 4.040000000000000000e+02 1.017000000000000022e-02
2.130999999999999783e+00 -2.141878000000000156e+03 4.045000000000000000e+02 1.059000000000000045e-02
0.000000000000000000e+00 -2.144009000000000015e+03 4.050000000000000000e+02 1.059000000000000045e-02
3.790000000000000036e-01 -2.145382999999999811e+03 4.055000000000000000e+02 1.059000000000000045e-02
0.000000000000000000e+00 -2.145760999999999967e+03 4.060000000000000000e+02 1.059000000000000045e-02
2.068000000000000060e+00 -2.142268000000000029e+03 4.065000000000000000e+02 1.086999999999999945e-02
0.000000000000000000e+00 -2.144335999999999785e+03 4.070000000000000000e+02 1.086999999999999945e-02
8.000000000000000444e-01 -2.144684999999999945e+03 4.075000000000000000e+02 1.086999999999999945e-02
0.000000000000000000e+00 -2.145483999999999924e+03 4.080000000000000000e+02 1.086999999999999945e-02
2.184000000000000163e+00 -2.141623999999999796e+03 4.085000000000000000e+02 1.116999999999999937e-02
0.000000000000000000e+00 -2.143807999999999993e+03 4.090000000000000000e+02 1.116999999999999937e-02
3.910000000000000142e-01 -2.145096000000000004e+03 4.095000000000000000e+02 1.116999999999999937e-02
0.000000000000000000e+00 -2.145487000000000080e+03 4.100000000000000000e+02 1.116999999999999937e-02
2.192000000000000171e+00 -2.141248999999999796e+03 4.105000000000000000e+02 1.141000000000000000e-02
0.000000000000000000e+00 -2.143440000000000055e+03 4.110000000000000000e+02 1.141000000000000000e-02
1.799999999999999933e-01 -2.145251000000000204e+03 4.115000000000000000e+02 1.141000000000000000e-02
0.000000000000000000e+00 -2.145429999999999836e+03 4.120000000000000000e+02 1.141000000000000000e-02
