Spec eventId                         26
Original eventId                 926364
Refinement step                       0
event label            :         602651        602651       1217370
energy barrier         :       0.00360109
initial energy          :  -2904.05758622
FINAL energy            :  -2904.76533808
rate constant prefactor :  0.95907225E+13
rate htst prefactor     :  0.00000000E+00
rate of event           :  0.95907225E+13
delr initial-SADDLE     :      0.02923567
delr initial-FINAL      :      1.16516181
delr main atom (normalized) :      -1.00000000     -0.00000343      0.00000254
npar initial-SADDLE     :             0
npar initial-FINAL      :             7
active atom label       :           865
ncluster                :            19
cluster atoms           :
            27
            98
           102
            31
           146
           150
            79
            75
             8
           104
           173
            77
           865
            74
            99
           103
            78
           101
            80
             0
             0
             0
             0
             0
             0
             0
             0
             0
             0
             0
             0
             0
             0
             0
             0
             0
             0
             0
             0
             0
             0
             0
             0
             0
             0
             0
             0
             0
             0
             0
             0
             0
             0
             0
             0
             0
             0
             0
             0
             0
             0
             0
             0
             0
             0
             0
             0
             0
             0
             0
             0
             0
             0
             0
             0
             0
             0
             0
             0
             0
             0
             0
             0
             0
             0
             0
             0
             0
             0
             0
             0
             0
             0
             0
             0
             0
             0
             0
             0
             0
             0
             0
             0
             0
             0
             0
             0
             0
             0
             0
             0
             0
             0
             0
             0
             0
             0
             0
             0
             0
             0
             0
             0
             0
             0
             0
             0
             0
             0
             0
             0
             0
             0
             0
             0
             0
             0
             0
             0
             0
             0
             0
             0
             0
             0
             0
             0
             0
             0
             0
             0
             0
             0
             0
             0
             0
             0
             0
             0
             0
             0
             0
             0
             0
             0
             0
             0
             0
             0
             0
             0
             0
             0
             0
             0
             0
             0
             0
             0
             0
             0
             0
             0
             0
             0
             0
             0
             0
             0
             0
             0
             0
             0
             0
             0
             0
             0
             0
             0
             0
             0
             0
             0
             0
             0
             0
             0
             0
             0
             0
             0
             0
             0
             0
             0
             0
             0
             0
             0
             0
             0
             0
             0
             0
             0
             0
             0
             0
             0
             0
             0
             0
             0
             0
             0
             0
             0
             0
             0
             0
             0
             0
             0
             0
             0
             0
             0
             0
             0
             0
             0
             0
             0
             0
             0
             0
             0
             0
             0
             0
             0
             0
             0
             0
             0
             0
             0
             0
             0
             0
             0
             0
             0
             0
             0
             0
             0
             0
             0
             0
             0
             0
             0
             0
             0
             0
             0
             0
             0
             0
             0
             0
             0
             0
             0
             0
             0
             0
             0
             0
             0
             0
             0
             0
             0
             0
             0
             0
             0
             0
             0
             0
             0
             0
             0
             0
             0
             0
             0
             0
             0
             0
             0
             0
             0
             0
             0
             0
             0
             0
             0
             0
             0
             0
             0
             0
             0
             0
             0
             0
             0
             0
             0
             0
             0
             0
             0
             0
             0
             0
             0
             0
             0
             0
             0
             0
             0
             0
             0
             0
             0
             0
             0
             0
             0
             0
             0
             0
             0
             0
             0
             0
             0
             0
             0
             0
             0
             0
             0
             0
             0
             0
             0
             0
             0
             0
             0
             0
             0
             0
             0
             0
             0
             0
             0
             0
             0
             0
             0
             0
             0
             0
             0
             0
             0
             0
             0
             0
             0
             0
             0
             0
             0
             0
             0
             0
             0
             0
             0
             0
             0
             0
             0
             0
             0
             0
             0
             0
             0
             0
             0
             0
             0
             0
             0
             0
             0
             0
             0
             0
             0
             0
             0
             0
             0
             0
             0
             0
             0
             0
             0
             0
             0
             0
             0
             0
             0
             0
             0
             0
             0
             0
             0
             0
             0
             0
             0
             0
             0
             0
             0
             0
             0
             0
             0
             0
             0
             0
             0
             0
             0
             0
             0
             0
             0
             0
             0
             0
             0
             0
             0
             0
             0
             0
             0
             0
             0
             0
             0
             0
             0
             0
             0
             0
             0
             0
             0
             0
             0
             0
             0
             0

  Initial pos 

  -2.0227445563250348        1.0063146162656722       -3.0536083394478180       -2.0227445569533336        3.0536083359757322       -1.0063146222984654        2.0203902777244691        3.0534861372428370       -1.0063088364773938        2.0203902770969542        1.0063088304398533       -3.0534861407106915       -2.0227445560646111       -1.0063146211871745        3.0536083319979777        2.0203902768444220       -1.0063088353642962        3.0534861332710928        2.0203902782204128       -3.0534860947812033        1.0063088295153677       -2.0227445574401344       -3.0536082935037907        1.0063146153340017       -1.0927715737421018E-003 -0.96895405145472036       -3.1011508879646428       -1.0927715755064682E-003   3.1011508863608030       0.96895404489057091       -1.0927715736976928E-003  0.96895404529502493        3.1011508830768926       -1.0927715754176504E-003  -3.1011508413176001      -0.96895405276754243        0.0000000000000000        0.0000000000000000        0.0000000000000000       -1.8481260025382851      -0.98374436425408684      -0.98374436235779861       -1.8481260032577000       0.98374436165289647       0.98374435750306821        1.8459477230823893       0.98379540439064006       0.98379540022312950        1.8459477223624257      -0.98379540700040047      -0.98379540506693486       -1.4651254574129524E-003   1.1679190221461357       -1.1679190242835529       -1.4651254400113167E-003  -1.1679190290985697        1.1679190170969389     

 SADDLE  pos 

  -2.0203649171623983       0.99654288943208047       -3.0617200687084991       -2.0207639060753371        3.0486008795230646       -1.0088419640666033        2.0197819256489611        3.0475959078638795       -1.0071724025755162        2.0256381405830082       0.99935799778143264       -3.0556241276649114       -2.0225910906197195       -1.0065218148641089        3.0520699741857293        2.0215409694186910       -1.0066826050569491        3.0550150855838214        2.0203632121457913       -3.0534251723455803        1.0063611637199696       -2.0214850376751361       -3.0509189192712629        1.0036122309982196        3.9099445076145045E-003 -0.98091538062397143       -3.1067934868585221       -9.0286162424479954E-004   3.0986407237859330       0.96693059179873453       -1.4713661817284951E-003  0.96935835171063389        3.1000398803525395        5.7422680821428429E-004  -3.1006290215530683      -0.97118162800149799        1.4127798343466225E-004  -1.0455892044700654E-003  -1.1900433180307424E-003  -1.8487913414753876      -0.98345889978210088      -0.99289437134927150       -1.8491343248876777       0.98177044168310990       0.98145432547375266        1.8480518663729413       0.98119951946100570       0.98659953325357685        1.8479870362081696      -0.98430309762033852      -0.98419092615277304       -3.9623512136834904E-003   1.1593201827584074       -1.1756523959894372        3.3014819244177041E-003  -1.1660266724066974        1.1689038337599542     

  FINAL pos

  -2.0054913904264033       0.99490772225443869       -3.0277120281894745       -2.0054921618547290        3.0277071808451890      -0.99491272290428334        2.0323670779263683        3.0433737280999607       -1.0132038038034739        2.0323686064910680        1.0131991009049155       -3.0433764102079990       -2.0054877601363610      -0.99491930206598789        3.0277158824551731        2.0323686619855259       -1.0132122648621136        3.0433835898762092        2.0323684663100705       -3.0433845998971440        1.0132115099031878       -2.0054873479274917       -3.0277174462874221       0.99491734693615319       -1.6521209511416668E-002 -0.99424816503844349       -3.0274461064003413       -1.6521635826579839E-002   3.0274443160934501       0.99424603338593665       -1.6521596112655246E-002  0.99423699263237775        3.0274533551655440       -1.6521171318224948E-002  -3.0274531746520630      -0.99423931214368011       -1.0111613743112036       -3.4656960736789699E-006   2.5651442085994347E-006  -2.0349721268655236       -1.0236373925223681       -1.0236325464648890       -2.0349728668780247        1.0236291665622741        1.0236386059765761        2.0169224694918277       0.99429102393806468       0.99430091136849486        2.0169200674619603      -0.99430294370372874      -0.99429408126281871        1.2746549650688443E-002   1.0238574737827928       -1.0238570380330354        1.2748849288376718E-002  -1.0238635558111191        1.0238609400023191     
