Spec eventId                         20
Original eventId                1174944
Refinement step                       0
event label            :         602651        602651         17638
energy barrier         :       0.00309173
initial energy          :  -2904.05758622
FINAL energy            :  -2904.31949644
rate constant prefactor :  0.96475797E+13
rate htst prefactor     :  0.00000000E+00
rate of event           :  0.96475797E+13
delr initial-SADDLE     :      0.08916116
delr initial-FINAL      :      0.59995630
delr main atom (normalized) :       0.89340780     -0.31766865      0.31766197
npar initial-SADDLE     :             0
npar initial-FINAL      :             5
active atom label       :           865
ncluster                :            19
cluster atoms           :
            27
            98
           102
            31
           146
           150
            79
            75
             8
           104
           173
            77
           865
            74
            99
           103
            78
           101
            80
             0
             0
             0
             0
             0
             0
             0
             0
             0
             0
             0
             0
             0
             0
             0
             0
             0
             0
             0
             0
             0
             0
             0
             0
             0
             0
             0
             0
             0
             0
             0
             0
             0
             0
             0
             0
             0
             0
             0
             0
             0
             0
             0
             0
             0
             0
             0
             0
             0
             0
             0
             0
             0
             0
             0
             0
             0
             0
             0
             0
             0
             0
             0
             0
             0
             0
             0
             0
             0
             0
             0
             0
             0
             0
             0
             0
             0
             0
             0
             0
             0
             0
             0
             0
             0
             0
             0
             0
             0
             0
             0
             0
             0
             0
             0
             0
             0
             0
             0
             0
             0
             0
             0
             0
             0
             0
             0
             0
             0
             0
             0
             0
             0
             0
             0
             0
             0
             0
             0
             0
             0
             0
             0
             0
             0
             0
             0
             0
             0
             0
             0
             0
             0
             0
             0
             0
             0
             0
             0
             0
             0
             0
             0
             0
             0
             0
             0
             0
             0
             0
             0
             0
             0
             0
             0
             0
             0
             0
             0
             0
             0
             0
             0
             0
             0
             0
             0
             0
             0
             0
             0
             0
             0
             0
             0
             0
             0
             0
             0
             0
             0
             0
             0
             0
             0
             0
             0
             0
             0
             0
             0
             0
             0
             0
             0
             0
             0
             0
             0
             0
             0
             0
             0
             0
             0
             0
             0
             0
             0
             0
             0
             0
             0
             0
             0
             0
             0
             0
             0
             0
             0
             0
             0
             0
             0
             0
             0
             0
             0
             0
             0
             0
             0
             0
             0
             0
             0
             0
             0
             0
             0
             0
             0
             0
             0
             0
             0
             0
             0
             0
             0
             0
             0
             0
             0
             0
             0
             0
             0
             0
             0
             0
             0
             0
             0
             0
             0
             0
             0
             0
             0
             0
             0
             0
             0
             0
             0
             0
             0
             0
             0
             0
             0
             0
             0
             0
             0
             0
             0
             0
             0
             0
             0
             0
             0
             0
             0
             0
             0
             0
             0
             0
             0
             0
             0
             0
             0
             0
             0
             0
             0
             0
             0
             0
             0
             0
             0
             0
             0
             0
             0
             0
             0
             0
             0
             0
             0
             0
             0
             0
             0
             0
             0
             0
             0
             0
             0
             0
             0
             0
             0
             0
             0
             0
             0
             0
             0
             0
             0
             0
             0
             0
             0
             0
             0
             0
             0
             0
             0
             0
             0
             0
             0
             0
             0
             0
             0
             0
             0
             0
             0
             0
             0
             0
             0
             0
             0
             0
             0
             0
             0
             0
             0
             0
             0
             0
             0
             0
             0
             0
             0
             0
             0
             0
             0
             0
             0
             0
             0
             0
             0
             0
             0
             0
             0
             0
             0
             0
             0
             0
             0
             0
             0
             0
             0
             0
             0
             0
             0
             0
             0
             0
             0
             0
             0
             0
             0
             0
             0
             0
             0
             0
             0
             0
             0
             0
             0
             0
             0
             0
             0
             0
             0
             0
             0
             0
             0
             0
             0
             0
             0
             0
             0
             0
             0
             0
             0
             0
             0
             0
             0
             0
             0
             0
             0
             0
             0
             0
             0
             0
             0
             0
             0
             0
             0
             0
             0
             0
             0
             0
             0
             0
             0
             0
             0
             0
             0
             0
             0
             0
             0
             0
             0

  Initial pos 

  -2.0227445563250348        1.0063146162656722       -3.0536083394478180       -2.0227445569533336        3.0536083359757322       -1.0063146222984654        2.0203902777244691        3.0534861372428370       -1.0063088364773938        2.0203902770969542        1.0063088304398533       -3.0534861407106915       -2.0227445560646111       -1.0063146211871745        3.0536083319979777        2.0203902768444220       -1.0063088353642962        3.0534861332710928        2.0203902782204128       -3.0534860947812033        1.0063088295153677       -2.0227445574401344       -3.0536082935037907        1.0063146153340017       -1.0927715737421018E-003 -0.96895405145472036       -3.1011508879646428       -1.0927715755064682E-003   3.1011508863608030       0.96895404489057091       -1.0927715736976928E-003  0.96895404529502493        3.1011508830768926       -1.0927715754176504E-003  -3.1011508413176001      -0.96895405276754243        0.0000000000000000        0.0000000000000000        0.0000000000000000       -1.8481260025382851      -0.98374436425408684      -0.98374436235779861       -1.8481260032577000       0.98374436165289647       0.98374435750306821        1.8459477230823893       0.98379540439064006       0.98379540022312950        1.8459477223624257      -0.98379540700040047      -0.98379540506693486       -1.4651254574129524E-003   1.1679190221461357       -1.1679190242835529       -1.4651254400113167E-003  -1.1679190290985697        1.1679190170969389     

 SADDLE  pos 

  -2.0152176149402075        1.0045664975586213       -3.0510309069306190       -2.0132407534611185        3.0467165949294701       -1.0131801139197361        2.0215724344876858        3.0574368957774478       -1.0110187381669333        2.0201305921863026        1.0099431991485439       -3.0542038141204415       -2.0293064349883521       -1.0052565348868008        3.0560856665576863        2.0130185496996571       -1.0035189283039758        3.0515521344760743        2.0178369041293491       -3.0584384289456792        1.0106457869850050       -2.0382165824888339       -3.0676746867779134        1.0094322400517650       -7.6737532336466074E-003 -0.97263045725853770       -3.0909439182809146        7.6753860824840814E-005   3.1055924547848690       0.97203642821389957       -4.0637495318565087E-003  0.96178377386671321        3.1071860685566715       -1.1522496605679056E-002  -3.1025196864953575      -0.96670690313601160       -1.3083333514348983E-002  -6.1204202420022114E-003   4.0020781510325509E-002  -1.8662738186748387      -0.99198742316793387      -0.97458707335374317       -1.8453752318627630       0.98871208238337593       0.98403019271017689        1.8518501735664810        1.0057698670728150       0.98471066298297805        1.8232745710968299      -0.97296485888873008      -0.96733650896767243        1.3877736517919903E-002   1.1527704676606041       -1.1441677698790360       -2.3646715735891721E-002  -1.2033119697038597        1.1769571726581822     

  FINAL pos

  -1.9952856525099787        1.0111805605665307       -3.0299130665098941       -1.9952872597418114        3.0299105219916056       -1.0111812908464133        2.0425232328134175        3.0758252128861470       -1.0376885902616584        2.0425245379328496        1.0376875275113695       -3.0758224376405328       -2.0696360559043372       -1.0283937607876950        3.0954882413678892        1.9895275663964096       -1.0078582952797699        3.0300994777943813        1.9895310136149966       -3.0301005428345302        1.0078614856081782       -2.0696373794673653       -3.0954904222549340        1.0283991106582122        1.6598781437864307E-002 -0.98365999464023290       -3.0812300043325922        1.6595985964940052E-002   3.0812306132856060       0.98366233361411082       -2.4750331273550863E-003  0.95202955274986345        3.0873598757574485       -2.4752011797875006E-003  -3.0873598144892673      -0.95202640154875562       0.39064898154805894      -0.13890290025878471       0.13889997751798200       -1.9074139261805003      -0.99062324070306995      -0.97232621910823358       -1.9074068208945625       0.97232480960686396       0.99062735995089080        1.9225591776998163        1.0524445478242515       0.88511519981707787        1.9225602829360948      -0.88511589480118080       -1.0524407377428742       0.13926645293841711        1.0778062885359885       -1.0778073234846755       -9.9841303303962903E-002  -1.1994571639137666        1.1994511837131330     
