Spec eventId                         18
Original eventId                1174946
Refinement step                       0
event label            :         602651        602651         17638
energy barrier         :       0.00302951
initial energy          :  -2904.05758622
FINAL energy            :  -2904.31949633
rate constant prefactor :  0.96545487E+13
rate htst prefactor     :  0.00000000E+00
rate of event           :  0.96545487E+13
delr initial-SADDLE     :      0.06749288
delr initial-FINAL      :      0.60139126
delr main atom (normalized) :      -0.89442841      0.31622985     -0.31622224
npar initial-SADDLE     :             0
npar initial-FINAL      :             5
active atom label       :           865
ncluster                :            19
cluster atoms           :
            27
            98
           102
            31
           146
           150
            79
            75
             8
           104
           173
            77
           865
            74
            99
           103
            78
           101
            80
             0
             0
             0
             0
             0
             0
             0
             0
             0
             0
             0
             0
             0
             0
             0
             0
             0
             0
             0
             0
             0
             0
             0
             0
             0
             0
             0
             0
             0
             0
             0
             0
             0
             0
             0
             0
             0
             0
             0
             0
             0
             0
             0
             0
             0
             0
             0
             0
             0
             0
             0
             0
             0
             0
             0
             0
             0
             0
             0
             0
             0
             0
             0
             0
             0
             0
             0
             0
             0
             0
             0
             0
             0
             0
             0
             0
             0
             0
             0
             0
             0
             0
             0
             0
             0
             0
             0
             0
             0
             0
             0
             0
             0
             0
             0
             0
             0
             0
             0
             0
             0
             0
             0
             0
             0
             0
             0
             0
             0
             0
             0
             0
             0
             0
             0
             0
             0
             0
             0
             0
             0
             0
             0
             0
             0
             0
             0
             0
             0
             0
             0
             0
             0
             0
             0
             0
             0
             0
             0
             0
             0
             0
             0
             0
             0
             0
             0
             0
             0
             0
             0
             0
             0
             0
             0
             0
             0
             0
             0
             0
             0
             0
             0
             0
             0
             0
             0
             0
             0
             0
             0
             0
             0
             0
             0
             0
             0
             0
             0
             0
             0
             0
             0
             0
             0
             0
             0
             0
             0
             0
             0
             0
             0
             0
             0
             0
             0
             0
             0
             0
             0
             0
             0
             0
             0
             0
             0
             0
             0
             0
             0
             0
             0
             0
             0
             0
             0
             0
             0
             0
             0
             0
             0
             0
             0
             0
             0
             0
             0
             0
             0
             0
             0
             0
             0
             0
             0
             0
             0
             0
             0
             0
             0
             0
             0
             0
             0
             0
             0
             0
             0
             0
             0
             0
             0
             0
             0
             0
             0
             0
             0
             0
             0
             0
             0
             0
             0
             0
             0
             0
             0
             0
             0
             0
             0
             0
             0
             0
             0
             0
             0
             0
             0
             0
             0
             0
             0
             0
             0
             0
             0
             0
             0
             0
             0
             0
             0
             0
             0
             0
             0
             0
             0
             0
             0
             0
             0
             0
             0
             0
             0
             0
             0
             0
             0
             0
             0
             0
             0
             0
             0
             0
             0
             0
             0
             0
             0
             0
             0
             0
             0
             0
             0
             0
             0
             0
             0
             0
             0
             0
             0
             0
             0
             0
             0
             0
             0
             0
             0
             0
             0
             0
             0
             0
             0
             0
             0
             0
             0
             0
             0
             0
             0
             0
             0
             0
             0
             0
             0
             0
             0
             0
             0
             0
             0
             0
             0
             0
             0
             0
             0
             0
             0
             0
             0
             0
             0
             0
             0
             0
             0
             0
             0
             0
             0
             0
             0
             0
             0
             0
             0
             0
             0
             0
             0
             0
             0
             0
             0
             0
             0
             0
             0
             0
             0
             0
             0
             0
             0
             0
             0
             0
             0
             0
             0
             0
             0
             0
             0
             0
             0
             0
             0
             0
             0
             0
             0
             0
             0
             0
             0
             0
             0
             0
             0
             0
             0
             0
             0
             0
             0
             0
             0
             0
             0
             0
             0
             0
             0
             0
             0
             0
             0
             0
             0
             0
             0
             0
             0
             0
             0
             0
             0
             0
             0
             0
             0
             0
             0
             0
             0
             0
             0
             0
             0
             0
             0
             0
             0
             0
             0
             0
             0

  Initial pos 

  -2.0227445563250348        1.0063146162656722       -3.0536083394478180       -2.0227445569533336        3.0536083359757322       -1.0063146222984654        2.0203902777244691        3.0534861372428370       -1.0063088364773938        2.0203902770969542        1.0063088304398533       -3.0534861407106915       -2.0227445560646111       -1.0063146211871745        3.0536083319979777        2.0203902768444220       -1.0063088353642962        3.0534861332710928        2.0203902782204128       -3.0534860947812033        1.0063088295153677       -2.0227445574401344       -3.0536082935037907        1.0063146153340017       -1.0927715737421018E-003 -0.96895405145472036       -3.1011508879646428       -1.0927715755064682E-003   3.1011508863608030       0.96895404489057091       -1.0927715736976928E-003  0.96895404529502493        3.1011508830768926       -1.0927715754176504E-003  -3.1011508413176001      -0.96895405276754243        0.0000000000000000        0.0000000000000000        0.0000000000000000       -1.8481260025382851      -0.98374436425408684      -0.98374436235779861       -1.8481260032577000       0.98374436165289647       0.98374435750306821        1.8459477230823893       0.98379540439064006       0.98379540022312950        1.8459477223624257      -0.98379540700040047      -0.98379540506693486       -1.4651254574129524E-003   1.1679190221461357       -1.1679190242835529       -1.4651254400113167E-003  -1.1679190290985697        1.1679190170969389     

 SADDLE  pos 

  -2.0255924503824683        1.0045846663856544       -3.0540421154471495       -2.0173307910745182        3.0383073793668736      -0.99335911956354250        2.0247063796230247        3.0469670763564025       -1.0064261524913811        2.0298640861099804        1.0041295772174956       -3.0637761280995019       -2.0279140442739094       -1.0045922592524636        3.0656528927616482        2.0160606526530938       -1.0090340508782245        3.0404118563577298        2.0174504506119062       -3.0529206750908617        1.0006880790158026       -2.0269300090420548       -3.0519476937618952        1.0094330479704783       -1.0622676916591800E-003 -0.97187983388113741       -3.1019430576865759        3.4190433278111776E-003   3.0941276096349002       0.96816091140007865        1.0511098517396178E-003  0.97706145665064592        3.1056417905290004       -9.0464937919110255E-004  -3.0977746976847920      -0.97306355917791976        5.7427811285575281E-003   1.4995035398355894E-002  -4.0251635386274742E-003  -1.8510585605748586      -0.98243952165126747      -0.97801214020111971       -1.8477786136739620       0.96877006112190922        1.0110387194582366        1.8628659918908044       0.98191733813798199       0.98484339656715791        1.8554916760332709      -0.98171753860733146      -0.99308646177360904        1.6465323606147386E-002   1.1584446342432064       -1.1909924230400706       -1.8754501743140306E-002  -1.1567211380078430        1.1589141055855854     

  FINAL pos

  -1.9917632424266696        1.0078663806930577       -3.0301008823379205       -1.9917605689184672        3.0301009953355154       -1.0078598736385849        2.0674020517271225        3.0954943510185720       -1.0283977817335730        2.0674033766467481        1.0284010302077282       -3.0954926539045626       -2.0447577402570518       -1.0376857758344897        3.0758261105047979        1.9930513172822444       -1.0111775889445682        3.0299082474323851        1.9930522924519742       -3.0299106821650690        1.0111779890297021       -2.0447577995439659       -3.0758145436113224        1.0376863510007426        2.4091814000026801E-004 -0.95202592423307564       -3.0873626472986175        2.4061799169095011E-004   3.0873656765584450       0.95202853974090518       -1.8832136472329175E-002  0.98366882976714476        3.0812330596931328       -1.8831292839363911E-002  -3.0812280630564355      -0.98366041025137863      -0.39287879731573350       0.13890435497886311      -0.13890101391830756       -1.9247891354116959       -1.0524357589523876      -0.88511761442653736       -1.9247898651632644       0.88511711229212309        1.0524464451127895        1.9051673294209905       0.99062769917837667       0.97231900008988292        1.9051773841538733      -0.97232498014290059      -0.99062795032048090        9.7609624351903346E-002   1.1994553099989493       -1.1994564198963449      -0.14149684347051927       -1.0778030070185676        1.0778069672121222     
