Spec eventId                         17
Original eventId                1174947
Refinement step                       0
event label            :         602651        602651         17638
energy barrier         :       0.00308636
initial energy          :  -2904.05758622
FINAL energy            :  -2904.31949729
rate constant prefactor :  0.96481810E+13
rate htst prefactor     :  0.00000000E+00
rate of event           :  0.96481810E+13
delr initial-SADDLE     :      0.06023855
delr initial-FINAL      :      0.60134684
delr main atom (normalized) :      -0.89443415      0.31621840     -0.31621746
npar initial-SADDLE     :             0
npar initial-FINAL      :             5
active atom label       :           865
ncluster                :            19
cluster atoms           :
            27
            98
           102
            31
           146
           150
            79
            75
             8
           104
           173
            77
           865
            74
            99
           103
            78
           101
            80
             0
             0
             0
             0
             0
             0
             0
             0
             0
             0
             0
             0
             0
             0
             0
             0
             0
             0
             0
             0
             0
             0
             0
             0
             0
             0
             0
             0
             0
             0
             0
             0
             0
             0
             0
             0
             0
             0
             0
             0
             0
             0
             0
             0
             0
             0
             0
             0
             0
             0
             0
             0
             0
             0
             0
             0
             0
             0
             0
             0
             0
             0
             0
             0
             0
             0
             0
             0
             0
             0
             0
             0
             0
             0
             0
             0
             0
             0
             0
             0
             0
             0
             0
             0
             0
             0
             0
             0
             0
             0
             0
             0
             0
             0
             0
             0
             0
             0
             0
             0
             0
             0
             0
             0
             0
             0
             0
             0
             0
             0
             0
             0
             0
             0
             0
             0
             0
             0
             0
             0
             0
             0
             0
             0
             0
             0
             0
             0
             0
             0
             0
             0
             0
             0
             0
             0
             0
             0
             0
             0
             0
             0
             0
             0
             0
             0
             0
             0
             0
             0
             0
             0
             0
             0
             0
             0
             0
             0
             0
             0
             0
             0
             0
             0
             0
             0
             0
             0
             0
             0
             0
             0
             0
             0
             0
             0
             0
             0
             0
             0
             0
             0
             0
             0
             0
             0
             0
             0
             0
             0
             0
             0
             0
             0
             0
             0
             0
             0
             0
             0
             0
             0
             0
             0
             0
             0
             0
             0
             0
             0
             0
             0
             0
             0
             0
             0
             0
             0
             0
             0
             0
             0
             0
             0
             0
             0
             0
             0
             0
             0
             0
             0
             0
             0
             0
             0
             0
             0
             0
             0
             0
             0
             0
             0
             0
             0
             0
             0
             0
             0
             0
             0
             0
             0
             0
             0
             0
             0
             0
             0
             0
             0
             0
             0
             0
             0
             0
             0
             0
             0
             0
             0
             0
             0
             0
             0
             0
             0
             0
             0
             0
             0
             0
             0
             0
             0
             0
             0
             0
             0
             0
             0
             0
             0
             0
             0
             0
             0
             0
             0
             0
             0
             0
             0
             0
             0
             0
             0
             0
             0
             0
             0
             0
             0
             0
             0
             0
             0
             0
             0
             0
             0
             0
             0
             0
             0
             0
             0
             0
             0
             0
             0
             0
             0
             0
             0
             0
             0
             0
             0
             0
             0
             0
             0
             0
             0
             0
             0
             0
             0
             0
             0
             0
             0
             0
             0
             0
             0
             0
             0
             0
             0
             0
             0
             0
             0
             0
             0
             0
             0
             0
             0
             0
             0
             0
             0
             0
             0
             0
             0
             0
             0
             0
             0
             0
             0
             0
             0
             0
             0
             0
             0
             0
             0
             0
             0
             0
             0
             0
             0
             0
             0
             0
             0
             0
             0
             0
             0
             0
             0
             0
             0
             0
             0
             0
             0
             0
             0
             0
             0
             0
             0
             0
             0
             0
             0
             0
             0
             0
             0
             0
             0
             0
             0
             0
             0
             0
             0
             0
             0
             0
             0
             0
             0
             0
             0
             0
             0
             0
             0
             0
             0
             0
             0
             0
             0
             0
             0
             0
             0
             0
             0
             0
             0
             0
             0
             0
             0
             0
             0
             0
             0
             0
             0
             0
             0
             0
             0
             0
             0
             0
             0
             0
             0
             0
             0
             0
             0
             0
             0
             0
             0
             0

  Initial pos 

  -2.0227445563250348        1.0063146162656722       -3.0536083394478180       -2.0227445569533336        3.0536083359757322       -1.0063146222984654        2.0203902777244691        3.0534861372428370       -1.0063088364773938        2.0203902770969542        1.0063088304398533       -3.0534861407106915       -2.0227445560646111       -1.0063146211871745        3.0536083319979777        2.0203902768444220       -1.0063088353642962        3.0534861332710928        2.0203902782204128       -3.0534860947812033        1.0063088295153677       -2.0227445574401344       -3.0536082935037907        1.0063146153340017       -1.0927715737421018E-003 -0.96895405145472036       -3.1011508879646428       -1.0927715755064682E-003   3.1011508863608030       0.96895404489057091       -1.0927715736976928E-003  0.96895404529502493        3.1011508830768926       -1.0927715754176504E-003  -3.1011508413176001      -0.96895405276754243        0.0000000000000000        0.0000000000000000        0.0000000000000000       -1.8481260025382851      -0.98374436425408684      -0.98374436235779861       -1.8481260032577000       0.98374436165289647       0.98374435750306821        1.8459477230823893       0.98379540439064006       0.98379540022312950        1.8459477223624257      -0.98379540700040047      -0.98379540506693486       -1.4651254574129524E-003   1.1679190221461357       -1.1679190242835529       -1.4651254400113167E-003  -1.1679190290985697        1.1679190170969389     

 SADDLE  pos 

  -2.0218116458193824        1.0037408926202358       -3.0404686683818718       -2.0228083573777624        3.0541238123615626       -1.0043065109332980        2.0246649590402637        3.0646459991395618       -1.0055792982931551        2.0138390149376528        1.0151439943460130       -3.0523675767165281       -2.0199156202205257       -1.0090710126125937        3.0596330922945119        2.0236142990969634       -1.0080273437881249        3.0575568838270857        2.0213538902870143       -3.0539214697020709        1.0061196762461253       -2.0176521900313338       -3.0636618208445521        1.0148150958692272       -1.2228458242597107E-002 -0.96304737090974413       -3.1017606528216337        1.0691369608899493E-003   3.0992158955784657       0.97511550810262859        3.1308411888164578E-003  0.96782272698027882        3.1015696882784813       -4.2850521012263165E-003  -3.1089875314737325      -0.96735033192041531        3.9581162484165766E-003  -1.2237892586489885E-002  -2.7310646664182592E-003  -1.8590173061113373       -1.0052900268073559      -0.97432751441409193       -1.8406127628272437       0.97668246351275800       0.98195697119197112        1.8533308794744414       0.98857656992716358       0.98327037384368987        1.8169242982053699      -0.97312252756322704      -0.98210982799672175        1.1760764791445499E-002   1.1775623849175882       -1.1528022019722006       -4.1657578636105086E-003  -1.1747095484516765        1.1749906739899338     

  FINAL pos

  -1.9917270525731570        1.0078461725280936       -3.0301037675193974       -1.9917253253568790        3.0301066426027781       -1.0078439161469381        2.0674290373201289        3.0954738496822456       -1.0283796553870856        2.0674335739233367        1.0283828663814953       -3.0954728483022751       -2.0447187525503203       -1.0376857114085074        3.0758349936145506        1.9930867859680461       -1.0112071389991164        3.0299305519132642        1.9930905573075393       -3.0299262687854629        1.0112081927694221       -2.0447164234135107       -3.0758359946409906        1.0376923930982520        2.8460069896896201E-004 -0.95204583495792927       -3.0873464465388336        2.8002931304893508E-004   3.0873504725478274       0.95205057832054818       -1.8782005440539873E-002  0.98365227471483929        3.0812354843196919       -1.8774113515994006E-002  -3.0812344835286734      -0.98364924008872823      -0.39289845774863918       0.13890538642229777      -0.13890497419219638       -1.9247785029899884       -1.0524611609145484      -0.88509297542199983       -1.9247815116897189       0.88510001777172387        1.0524584899950775        1.9052256134033554       0.99060449818150897       0.97234626897450882        1.9052378695175278      -0.97235309847225115      -0.99061504795096456        9.7622775633269043E-002   1.1994466095712728       -1.1994470378060891      -0.14149473926368739       -1.0777972197373922        1.0777991254672972     
