Spec eventId                          2
Original eventId                 926372
Refinement step                       0
event label            :         602651        602651       1217370
energy barrier         :       0.00358925
initial energy          :  -2904.05758622
FINAL energy            :  -2904.76533797
rate constant prefactor :  0.95920402E+13
rate htst prefactor     :  0.00000000E+00
rate of event           :  0.95920402E+13
delr initial-SADDLE     :      0.00768064
delr initial-FINAL      :      1.16514912
delr main atom (normalized) :      -1.00000000     -0.00000191     -0.00000134
npar initial-SADDLE     :             0
npar initial-FINAL      :             7
active atom label       :           865
ncluster                :            19
cluster atoms           :
            27
            98
           102
            31
           146
           150
            79
            75
             8
           104
           173
            77
           865
            74
            99
           103
            78
           101
            80
             0
             0
             0
             0
             0
             0
             0
             0
             0
             0
             0
             0
             0
             0
             0
             0
             0
             0
             0
             0
             0
             0
             0
             0
             0
             0
             0
             0
             0
             0
             0
             0
             0
             0
             0
             0
             0
             0
             0
             0
             0
             0
             0
             0
             0
             0
             0
             0
             0
             0
             0
             0
             0
             0
             0
             0
             0
             0
             0
             0
             0
             0
             0
             0
             0
             0
             0
             0
             0
             0
             0
             0
             0
             0
             0
             0
             0
             0
             0
             0
             0
             0
             0
             0
             0
             0
             0
             0
             0
             0
             0
             0
             0
             0
             0
             0
             0
             0
             0
             0
             0
             0
             0
             0
             0
             0
             0
             0
             0
             0
             0
             0
             0
             0
             0
             0
             0
             0
             0
             0
             0
             0
             0
             0
             0
             0
             0
             0
             0
             0
             0
             0
             0
             0
             0
             0
             0
             0
             0
             0
             0
             0
             0
             0
             0
             0
             0
             0
             0
             0
             0
             0
             0
             0
             0
             0
             0
             0
             0
             0
             0
             0
             0
             0
             0
             0
             0
             0
             0
             0
             0
             0
             0
             0
             0
             0
             0
             0
             0
             0
             0
             0
             0
             0
             0
             0
             0
             0
             0
             0
             0
             0
             0
             0
             0
             0
             0
             0
             0
             0
             0
             0
             0
             0
             0
             0
             0
             0
             0
             0
             0
             0
             0
             0
             0
             0
             0
             0
             0
             0
             0
             0
             0
             0
             0
             0
             0
             0
             0
             0
             0
             0
             0
             0
             0
             0
             0
             0
             0
             0
             0
             0
             0
             0
             0
             0
             0
             0
             0
             0
             0
             0
             0
             0
             0
             0
             0
             0
             0
             0
             0
             0
             0
             0
             0
             0
             0
             0
             0
             0
             0
             0
             0
             0
             0
             0
             0
             0
             0
             0
             0
             0
             0
             0
             0
             0
             0
             0
             0
             0
             0
             0
             0
             0
             0
             0
             0
             0
             0
             0
             0
             0
             0
             0
             0
             0
             0
             0
             0
             0
             0
             0
             0
             0
             0
             0
             0
             0
             0
             0
             0
             0
             0
             0
             0
             0
             0
             0
             0
             0
             0
             0
             0
             0
             0
             0
             0
             0
             0
             0
             0
             0
             0
             0
             0
             0
             0
             0
             0
             0
             0
             0
             0
             0
             0
             0
             0
             0
             0
             0
             0
             0
             0
             0
             0
             0
             0
             0
             0
             0
             0
             0
             0
             0
             0
             0
             0
             0
             0
             0
             0
             0
             0
             0
             0
             0
             0
             0
             0
             0
             0
             0
             0
             0
             0
             0
             0
             0
             0
             0
             0
             0
             0
             0
             0
             0
             0
             0
             0
             0
             0
             0
             0
             0
             0
             0
             0
             0
             0
             0
             0
             0
             0
             0
             0
             0
             0
             0
             0
             0
             0
             0
             0
             0
             0
             0
             0
             0
             0
             0
             0
             0
             0
             0
             0
             0
             0
             0
             0
             0
             0
             0
             0
             0
             0
             0
             0
             0
             0
             0
             0
             0
             0
             0
             0
             0
             0
             0
             0
             0
             0
             0
             0
             0
             0
             0
             0
             0
             0
             0
             0
             0
             0
             0
             0
             0
             0
             0
             0
             0
             0
             0
             0

  Initial pos 

  -2.0227445563250348        1.0063146162656722       -3.0536083394478180       -2.0227445569533336        3.0536083359757322       -1.0063146222984654        2.0203902777244691        3.0534861372428370       -1.0063088364773938        2.0203902770969542        1.0063088304398533       -3.0534861407106915       -2.0227445560646111       -1.0063146211871745        3.0536083319979777        2.0203902768444220       -1.0063088353642962        3.0534861332710928        2.0203902782204128       -3.0534860947812033        1.0063088295153677       -2.0227445574401344       -3.0536082935037907        1.0063146153340017       -1.0927715737421018E-003 -0.96895405145472036       -3.1011508879646428       -1.0927715755064682E-003   3.1011508863608030       0.96895404489057091       -1.0927715736976928E-003  0.96895404529502493        3.1011508830768926       -1.0927715754176504E-003  -3.1011508413176001      -0.96895405276754243        0.0000000000000000        0.0000000000000000        0.0000000000000000       -1.8481260025382851      -0.98374436425408684      -0.98374436235779861       -1.8481260032577000       0.98374436165289647       0.98374435750306821        1.8459477230823893       0.98379540439064006       0.98379540022312950        1.8459477223624257      -0.98379540700040047      -0.98379540506693486       -1.4651254574129524E-003   1.1679190221461357       -1.1679190242835529       -1.4651254400113167E-003  -1.1679190290985697        1.1679190170969389     

 SADDLE  pos 

  -2.0227530669237113        1.0063306111523358       -3.0536072890750443       -2.0213639518342790        3.0513899292325384       -1.0072027508874979        2.0223702359473421        3.0512534968151455       -1.0068289850299132        2.0214986977002605        1.0057638680475487       -3.0538037541287490       -2.0227530666632876       -1.0062986263005111        3.0536093823707513        2.0203817662457455       -1.0062928404776330        3.0534871836438664        2.0203817676217364       -3.0534700998945397        1.0063098798881414       -2.0227530680388108       -3.0535922986171276        1.0063156657067753       -1.1919035019607449E-003 -0.96951620223084334       -3.1002996953663309        4.8085937039443749E-004   3.0985143196704641       0.96884965216100616       -1.1012821723741517E-003  0.96897004018168853        3.1011519334496662       -1.1012821740941092E-003  -3.1011348464309370      -0.96895300239476878       -8.8592732407422048E-004  -7.6765737777906295E-004   1.4503218740635759E-004  -1.8502549398531334      -0.98426351827308234      -0.98394973204533054       -1.8499191993091566       0.98278556165253517       0.98453441507945927        1.8484171245003909       0.98295728351074030       0.98415326772773648        1.8478849215355408      -0.98403978243438384      -0.98438164671303996        2.6090294865221964E-004   1.1657822236762667       -1.1683382978762284       -1.4736360386877756E-003  -1.1679030342119063        1.1679200674697126     

  FINAL pos

  -2.0054885940171747       0.99491436204946715       -3.0277143624533709       -2.0054885351842353        3.0277101674839546      -0.99491860402198418        2.0323694408749180        3.0433750943940856       -1.0132101721210427        2.0323686655925703        1.0132062541023739       -3.0433796524900929       -2.0054882412172099      -0.99491829933083065        3.0277111771452652        2.0323684871713743       -1.0132102622784775        3.0433761101962218        2.0323684294340252       -3.0433798933449099        1.0132071528105695       -2.0054880500576662       -3.0277144866154231       0.99491509377203213       -1.6519531628035988E-002 -0.99424546276803361       -3.0274516971573173       -1.6519133332320468E-002   3.0274481058062852       0.99424196294192368       -1.6519726155632242E-002  0.99424108401230948        3.0274493242497642       -1.6519826902969381E-002  -3.0274524646801195      -0.99424512936391896       -1.0111622198767478       -1.9291178139368981E-006  -1.3546340182912786E-006  -2.0349794577317484       -1.0236275659943732       -1.0236273388735557       -2.0349795573768619        1.0236236999149881        1.0236247513061545        2.0169329259758388       0.99429538930181249       0.99429583070550853        2.0169321004905889      -0.99429937700632476      -0.99429940055989263        1.2750545321714046E-002   1.0238538273514786       -1.0238566138281793        1.2751395702597978E-002  -1.0238574475314768        1.0238534889052011     
