Spec eventId                         13
Original eventId                1174949
Refinement step                       0
event label            :         602651        602651         17638
energy barrier         :       0.00356092
initial energy          :  -2904.05758622
FINAL energy            :  -2904.31949658
rate constant prefactor :  0.95951947E+13
rate htst prefactor     :  0.00000000E+00
rate of event           :  0.95951947E+13
delr initial-SADDLE     :      0.06261584
delr initial-FINAL      :      0.59989841
delr main atom (normalized) :       0.89339163     -0.31769956      0.31767655
npar initial-SADDLE     :             0
npar initial-FINAL      :             5
active atom label       :           865
ncluster                :            19
cluster atoms           :
            27
            98
           102
            31
           146
           150
            79
            75
             8
           104
           173
            77
           865
            74
            99
           103
            78
           101
            80
             0
             0
             0
             0
             0
             0
             0
             0
             0
             0
             0
             0
             0
             0
             0
             0
             0
             0
             0
             0
             0
             0
             0
             0
             0
             0
             0
             0
             0
             0
             0
             0
             0
             0
             0
             0
             0
             0
             0
             0
             0
             0
             0
             0
             0
             0
             0
             0
             0
             0
             0
             0
             0
             0
             0
             0
             0
             0
             0
             0
             0
             0
             0
             0
             0
             0
             0
             0
             0
             0
             0
             0
             0
             0
             0
             0
             0
             0
             0
             0
             0
             0
             0
             0
             0
             0
             0
             0
             0
             0
             0
             0
             0
             0
             0
             0
             0
             0
             0
             0
             0
             0
             0
             0
             0
             0
             0
             0
             0
             0
             0
             0
             0
             0
             0
             0
             0
             0
             0
             0
             0
             0
             0
             0
             0
             0
             0
             0
             0
             0
             0
             0
             0
             0
             0
             0
             0
             0
             0
             0
             0
             0
             0
             0
             0
             0
             0
             0
             0
             0
             0
             0
             0
             0
             0
             0
             0
             0
             0
             0
             0
             0
             0
             0
             0
             0
             0
             0
             0
             0
             0
             0
             0
             0
             0
             0
             0
             0
             0
             0
             0
             0
             0
             0
             0
             0
             0
             0
             0
             0
             0
             0
             0
             0
             0
             0
             0
             0
             0
             0
             0
             0
             0
             0
             0
             0
             0
             0
             0
             0
             0
             0
             0
             0
             0
             0
             0
             0
             0
             0
             0
             0
             0
             0
             0
             0
             0
             0
             0
             0
             0
             0
             0
             0
             0
             0
             0
             0
             0
             0
             0
             0
             0
             0
             0
             0
             0
             0
             0
             0
             0
             0
             0
             0
             0
             0
             0
             0
             0
             0
             0
             0
             0
             0
             0
             0
             0
             0
             0
             0
             0
             0
             0
             0
             0
             0
             0
             0
             0
             0
             0
             0
             0
             0
             0
             0
             0
             0
             0
             0
             0
             0
             0
             0
             0
             0
             0
             0
             0
             0
             0
             0
             0
             0
             0
             0
             0
             0
             0
             0
             0
             0
             0
             0
             0
             0
             0
             0
             0
             0
             0
             0
             0
             0
             0
             0
             0
             0
             0
             0
             0
             0
             0
             0
             0
             0
             0
             0
             0
             0
             0
             0
             0
             0
             0
             0
             0
             0
             0
             0
             0
             0
             0
             0
             0
             0
             0
             0
             0
             0
             0
             0
             0
             0
             0
             0
             0
             0
             0
             0
             0
             0
             0
             0
             0
             0
             0
             0
             0
             0
             0
             0
             0
             0
             0
             0
             0
             0
             0
             0
             0
             0
             0
             0
             0
             0
             0
             0
             0
             0
             0
             0
             0
             0
             0
             0
             0
             0
             0
             0
             0
             0
             0
             0
             0
             0
             0
             0
             0
             0
             0
             0
             0
             0
             0
             0
             0
             0
             0
             0
             0
             0
             0
             0
             0
             0
             0
             0
             0
             0
             0
             0
             0
             0
             0
             0
             0
             0
             0
             0
             0
             0
             0
             0
             0
             0
             0
             0
             0
             0
             0
             0
             0
             0
             0
             0
             0
             0
             0
             0
             0
             0
             0
             0
             0
             0
             0
             0
             0
             0
             0
             0
             0
             0
             0
             0
             0
             0
             0
             0
             0
             0
             0

  Initial pos 

  -2.0227445563250348        1.0063146162656722       -3.0536083394478180       -2.0227445569533336        3.0536083359757322       -1.0063146222984654        2.0203902777244691        3.0534861372428370       -1.0063088364773938        2.0203902770969542        1.0063088304398533       -3.0534861407106915       -2.0227445560646111       -1.0063146211871745        3.0536083319979777        2.0203902768444220       -1.0063088353642962        3.0534861332710928        2.0203902782204128       -3.0534860947812033        1.0063088295153677       -2.0227445574401344       -3.0536082935037907        1.0063146153340017       -1.0927715737421018E-003 -0.96895405145472036       -3.1011508879646428       -1.0927715755064682E-003   3.1011508863608030       0.96895404489057091       -1.0927715736976928E-003  0.96895404529502493        3.1011508830768926       -1.0927715754176504E-003  -3.1011508413176001      -0.96895405276754243        0.0000000000000000        0.0000000000000000        0.0000000000000000       -1.8481260025382851      -0.98374436425408684      -0.98374436235779861       -1.8481260032577000       0.98374436165289647       0.98374435750306821        1.8459477230823893       0.98379540439064006       0.98379540022312950        1.8459477223624257      -0.98379540700040047      -0.98379540506693486       -1.4651254574129524E-003   1.1679190221461357       -1.1679190242835529       -1.4651254400113167E-003  -1.1679190290985697        1.1679190170969389     

 SADDLE  pos 

  -2.0319265310729580        1.0105092427478144       -3.0503584441399911       -2.0273573421190734        3.0573989122225020       -1.0046391802910168        2.0212335363589888        3.0574003843457866       -1.0066398101714489        2.0175256734314031        1.0044159195920981       -3.0515176731555291       -2.0275358388600790       -1.0063442139858858        3.0564844929769239        2.0162656377615260       -1.0031538170919907        3.0455970045229166        2.0168993190806699       -3.0429177553117741       0.99727572801309838       -2.0279598066093278       -3.0542113558964337        1.0039235764842309       -1.6822474363151763E-002 -0.96899631028985411       -3.0983238279335845       -2.1045843011071597E-003   3.1058808672671052       0.96891547597599859       -1.6098322670781151E-003  0.97033615058852418        3.1018535661386966       -8.9789177977639412E-003  -3.0963507274094582      -0.97709792640015669       -8.1750766098158678E-003   1.2204614976218497E-002   1.2546395529478005E-003  -1.8748520754950184      -0.98624077135687216      -0.98220822409187303       -1.8486370581940126       0.98354049607558003       0.98730998788773094        1.8549997966541349       0.99677145828792191       0.98465590405479686        1.8148809341080412      -0.96876487179956006      -0.98209531091065339       -1.0460980336861603E-003   1.1780507052838123       -1.1682171402907109       -2.0241592425584543E-002  -1.1609808395266237        1.1642855216215096     

  FINAL pos

  -1.9952850425802204        1.0111939373040542       -3.0299237761533004       -1.9952854216800526        3.0299205354959868       -1.0111938421374354        2.0425252215913092        3.0758236492433664       -1.0376859665792373        2.0425305976218393        1.0376850834735076       -3.0758308756034327       -2.0696456608038813       -1.0283789222215238        3.0954828931310856        1.9895248322703205       -1.0078456944654088        3.0300885811224494        1.9895287022674797       -3.0300918851350591        1.0078433296857825       -2.0696470286855186       -3.0954875135286923        1.0283798090985621        1.6586890849098257E-002 -0.98365152020017221       -3.0812444954513722        1.6582444148161901E-002   3.0812410149238092       0.98364925669438152       -2.4803376595503579E-003  0.95204153733942598        3.0873649284854943       -2.4762388391872392E-003  -3.0873672199000373      -0.95203989449395454       0.39059013550188260      -0.13889800420528453       0.13888794596176846       -1.9073779414376908      -0.99060823044254298      -0.97232727365861260       -1.9073823222550097       0.97232969887393073       0.99061160968672413        1.9225215017839368        1.0524442896286745       0.88511860402829390        1.9225256497752978      -0.88511745585954382       -1.0524509793385213       0.13925030872487909        1.0778114045765748       -1.0778187260828282       -9.9871035257677043E-002  -1.1994631870121033        1.1994546818451579     
