Spec eventId                          8
Original eventId                 926368
Refinement step                       0
event label            :         602651        602651       1217370
energy barrier         :       0.00329288
initial energy          :  -2904.05758622
FINAL energy            :  -2904.76533806
rate constant prefactor :  0.96250863E+13
rate htst prefactor     :  0.00000000E+00
rate of event           :  0.96250863E+13
delr initial-SADDLE     :      0.00886072
delr initial-FINAL      :      1.16315942
delr main atom (normalized) :       1.00000000      0.00000068      0.00000010
npar initial-SADDLE     :             0
npar initial-FINAL      :             7
active atom label       :           865
ncluster                :            19
cluster atoms           :
            27
            98
           102
            31
           146
           150
            79
            75
             8
           104
           173
            77
           865
            74
            99
           103
            78
           101
            80
             0
             0
             0
             0
             0
             0
             0
             0
             0
             0
             0
             0
             0
             0
             0
             0
             0
             0
             0
             0
             0
             0
             0
             0
             0
             0
             0
             0
             0
             0
             0
             0
             0
             0
             0
             0
             0
             0
             0
             0
             0
             0
             0
             0
             0
             0
             0
             0
             0
             0
             0
             0
             0
             0
             0
             0
             0
             0
             0
             0
             0
             0
             0
             0
             0
             0
             0
             0
             0
             0
             0
             0
             0
             0
             0
             0
             0
             0
             0
             0
             0
             0
             0
             0
             0
             0
             0
             0
             0
             0
             0
             0
             0
             0
             0
             0
             0
             0
             0
             0
             0
             0
             0
             0
             0
             0
             0
             0
             0
             0
             0
             0
             0
             0
             0
             0
             0
             0
             0
             0
             0
             0
             0
             0
             0
             0
             0
             0
             0
             0
             0
             0
             0
             0
             0
             0
             0
             0
             0
             0
             0
             0
             0
             0
             0
             0
             0
             0
             0
             0
             0
             0
             0
             0
             0
             0
             0
             0
             0
             0
             0
             0
             0
             0
             0
             0
             0
             0
             0
             0
             0
             0
             0
             0
             0
             0
             0
             0
             0
             0
             0
             0
             0
             0
             0
             0
             0
             0
             0
             0
             0
             0
             0
             0
             0
             0
             0
             0
             0
             0
             0
             0
             0
             0
             0
             0
             0
             0
             0
             0
             0
             0
             0
             0
             0
             0
             0
             0
             0
             0
             0
             0
             0
             0
             0
             0
             0
             0
             0
             0
             0
             0
             0
             0
             0
             0
             0
             0
             0
             0
             0
             0
             0
             0
             0
             0
             0
             0
             0
             0
             0
             0
             0
             0
             0
             0
             0
             0
             0
             0
             0
             0
             0
             0
             0
             0
             0
             0
             0
             0
             0
             0
             0
             0
             0
             0
             0
             0
             0
             0
             0
             0
             0
             0
             0
             0
             0
             0
             0
             0
             0
             0
             0
             0
             0
             0
             0
             0
             0
             0
             0
             0
             0
             0
             0
             0
             0
             0
             0
             0
             0
             0
             0
             0
             0
             0
             0
             0
             0
             0
             0
             0
             0
             0
             0
             0
             0
             0
             0
             0
             0
             0
             0
             0
             0
             0
             0
             0
             0
             0
             0
             0
             0
             0
             0
             0
             0
             0
             0
             0
             0
             0
             0
             0
             0
             0
             0
             0
             0
             0
             0
             0
             0
             0
             0
             0
             0
             0
             0
             0
             0
             0
             0
             0
             0
             0
             0
             0
             0
             0
             0
             0
             0
             0
             0
             0
             0
             0
             0
             0
             0
             0
             0
             0
             0
             0
             0
             0
             0
             0
             0
             0
             0
             0
             0
             0
             0
             0
             0
             0
             0
             0
             0
             0
             0
             0
             0
             0
             0
             0
             0
             0
             0
             0
             0
             0
             0
             0
             0
             0
             0
             0
             0
             0
             0
             0
             0
             0
             0
             0
             0
             0
             0
             0
             0
             0
             0
             0
             0
             0
             0
             0
             0
             0
             0
             0
             0
             0
             0
             0
             0
             0
             0
             0
             0
             0
             0
             0
             0
             0
             0
             0
             0
             0
             0
             0
             0
             0
             0
             0
             0
             0
             0
             0
             0
             0
             0
             0
             0
             0
             0
             0
             0

  Initial pos 

  -2.0227445563250348        1.0063146162656722       -3.0536083394478180       -2.0227445569533336        3.0536083359757322       -1.0063146222984654        2.0203902777244691        3.0534861372428370       -1.0063088364773938        2.0203902770969542        1.0063088304398533       -3.0534861407106915       -2.0227445560646111       -1.0063146211871745        3.0536083319979777        2.0203902768444220       -1.0063088353642962        3.0534861332710928        2.0203902782204128       -3.0534860947812033        1.0063088295153677       -2.0227445574401344       -3.0536082935037907        1.0063146153340017       -1.0927715737421018E-003 -0.96895405145472036       -3.1011508879646428       -1.0927715755064682E-003   3.1011508863608030       0.96895404489057091       -1.0927715736976928E-003  0.96895404529502493        3.1011508830768926       -1.0927715754176504E-003  -3.1011508413176001      -0.96895405276754243        0.0000000000000000        0.0000000000000000        0.0000000000000000       -1.8481260025382851      -0.98374436425408684      -0.98374436235779861       -1.8481260032577000       0.98374436165289647       0.98374435750306821        1.8459477230823893       0.98379540439064006       0.98379540022312950        1.8459477223624257      -0.98379540700040047      -0.98379540506693486       -1.4651254574129524E-003   1.1679190221461357       -1.1679190242835529       -1.4651254400113167E-003  -1.1679190290985697        1.1679190170969389     

 SADDLE  pos 

  -2.0227582427108768        1.0063197012731295       -3.0536260675961615       -2.0227582433391760        3.0536134209831900       -1.0063323504468089        2.0209566115929549        3.0523733795789472       -1.0062188341938421        2.0211609835754460        1.0066161477888540       -3.0543541723931247       -2.0211320142911968       -1.0071141452972487        3.0556329489622267        2.0218712072851579       -1.0078462807815400        3.0575202303561109        2.0207641040920752       -3.0527045835612387        1.0073771003713516       -2.0217984041746351       -3.0526857098368865        1.0077961190612812       -1.1064579595845281E-003 -0.96894896644726280       -3.1011686161129863       -6.2939765771918843E-004   3.0994731027779228       0.96919438915908218       -6.0329758311272741E-005  0.96781329759426904        3.1025878591341294       -7.4066067284705994E-004  -3.0999126740964531      -0.96842124176357203       -1.3686385842426319E-005   5.0850074575503612E-006  -1.7728148343554295E-005  -1.8494396353485811      -0.98353594323885607      -0.98396777025031668       -1.8492330809327369       0.98325943710052477       0.98471304744900623        1.8481783055826240       0.98245610280445406       0.98600113501291231        1.8479660879787900      -0.98338030754828465      -0.98405840148282353       -1.1477793704748329E-003   1.1666820511684672       -1.1677973994220721        4.2430047373764879E-004  -1.1667849297707666        1.1701377073366959     

  FINAL pos

  -2.0346036962299427        1.0132098485052461       -3.0433777875974064       -2.0346037023826704        3.0433791854474270       -1.0132090822148911        2.0032546716767383        3.0277144370825395      -0.99491724755550770        2.0032546601347230       0.99491783413472601       -3.0277137967475682       -2.0346026273100102       -1.0132076357812241        3.0433790217019738        2.0032551622137369      -0.99491636761982438        3.0277144999009109        2.0032546014613928       -3.0277120534265940       0.99491741313687720       -2.0346034688518801       -3.0433774224938235        1.0132093862785809        1.4284796292343582E-002 -0.99424262615546433       -3.0274520120628767        1.4284355350526745E-002   3.0274521829792072       0.99424401529510176        1.4284766739012245E-002  0.99424402165933423        3.0274520258513475        1.4285555439302655E-002  -3.0274504254232855      -0.99424346552264797        1.0089277397155869        6.8961592125660331E-007   1.0542059047935481E-007  -2.0191656591727498      -0.99429640371989736      -0.99429750924687621       -2.0191658352943840       0.99429910969750934       0.99429735113012940        2.0327450744880249        1.0236274744356277        1.0236262368906686        2.0327457003656315       -1.0236257231133250       -1.0236260324864048       -1.4985639387259830E-002   1.0238554176627332       -1.0238548814069541       -1.4985810438298053E-002  -1.0238546668374511        1.0238555038051449     
