Spec eventId                         12
Original eventId                1174950
Refinement step                       0
event label            :         602651        602651         17638
energy barrier         :       0.00172846
initial energy          :  -2904.05758622
FINAL energy            :  -2904.31949837
rate constant prefactor :  0.98014193E+13
rate htst prefactor     :  0.00000000E+00
rate of event           :  0.98014193E+13
delr initial-SADDLE     :      0.10327403
delr initial-FINAL      :      0.59994669
delr main atom (normalized) :       0.89342510     -0.31765003      0.31763193
npar initial-SADDLE     :             0
npar initial-FINAL      :             5
active atom label       :           865
ncluster                :            19
cluster atoms           :
            27
            98
           102
            31
           146
           150
            79
            75
             8
           104
           173
            77
           865
            74
            99
           103
            78
           101
            80
             0
             0
             0
             0
             0
             0
             0
             0
             0
             0
             0
             0
             0
             0
             0
             0
             0
             0
             0
             0
             0
             0
             0
             0
             0
             0
             0
             0
             0
             0
             0
             0
             0
             0
             0
             0
             0
             0
             0
             0
             0
             0
             0
             0
             0
             0
             0
             0
             0
             0
             0
             0
             0
             0
             0
             0
             0
             0
             0
             0
             0
             0
             0
             0
             0
             0
             0
             0
             0
             0
             0
             0
             0
             0
             0
             0
             0
             0
             0
             0
             0
             0
             0
             0
             0
             0
             0
             0
             0
             0
             0
             0
             0
             0
             0
             0
             0
             0
             0
             0
             0
             0
             0
             0
             0
             0
             0
             0
             0
             0
             0
             0
             0
             0
             0
             0
             0
             0
             0
             0
             0
             0
             0
             0
             0
             0
             0
             0
             0
             0
             0
             0
             0
             0
             0
             0
             0
             0
             0
             0
             0
             0
             0
             0
             0
             0
             0
             0
             0
             0
             0
             0
             0
             0
             0
             0
             0
             0
             0
             0
             0
             0
             0
             0
             0
             0
             0
             0
             0
             0
             0
             0
             0
             0
             0
             0
             0
             0
             0
             0
             0
             0
             0
             0
             0
             0
             0
             0
             0
             0
             0
             0
             0
             0
             0
             0
             0
             0
             0
             0
             0
             0
             0
             0
             0
             0
             0
             0
             0
             0
             0
             0
             0
             0
             0
             0
             0
             0
             0
             0
             0
             0
             0
             0
             0
             0
             0
             0
             0
             0
             0
             0
             0
             0
             0
             0
             0
             0
             0
             0
             0
             0
             0
             0
             0
             0
             0
             0
             0
             0
             0
             0
             0
             0
             0
             0
             0
             0
             0
             0
             0
             0
             0
             0
             0
             0
             0
             0
             0
             0
             0
             0
             0
             0
             0
             0
             0
             0
             0
             0
             0
             0
             0
             0
             0
             0
             0
             0
             0
             0
             0
             0
             0
             0
             0
             0
             0
             0
             0
             0
             0
             0
             0
             0
             0
             0
             0
             0
             0
             0
             0
             0
             0
             0
             0
             0
             0
             0
             0
             0
             0
             0
             0
             0
             0
             0
             0
             0
             0
             0
             0
             0
             0
             0
             0
             0
             0
             0
             0
             0
             0
             0
             0
             0
             0
             0
             0
             0
             0
             0
             0
             0
             0
             0
             0
             0
             0
             0
             0
             0
             0
             0
             0
             0
             0
             0
             0
             0
             0
             0
             0
             0
             0
             0
             0
             0
             0
             0
             0
             0
             0
             0
             0
             0
             0
             0
             0
             0
             0
             0
             0
             0
             0
             0
             0
             0
             0
             0
             0
             0
             0
             0
             0
             0
             0
             0
             0
             0
             0
             0
             0
             0
             0
             0
             0
             0
             0
             0
             0
             0
             0
             0
             0
             0
             0
             0
             0
             0
             0
             0
             0
             0
             0
             0
             0
             0
             0
             0
             0
             0
             0
             0
             0
             0
             0
             0
             0
             0
             0
             0
             0
             0
             0
             0
             0
             0
             0
             0
             0
             0
             0
             0
             0
             0
             0
             0
             0
             0
             0
             0
             0
             0
             0
             0
             0
             0
             0
             0
             0
             0
             0
             0
             0
             0
             0
             0
             0
             0
             0
             0
             0
             0
             0

  Initial pos 

  -2.0227445563250348        1.0063146162656722       -3.0536083394478180       -2.0227445569533336        3.0536083359757322       -1.0063146222984654        2.0203902777244691        3.0534861372428370       -1.0063088364773938        2.0203902770969542        1.0063088304398533       -3.0534861407106915       -2.0227445560646111       -1.0063146211871745        3.0536083319979777        2.0203902768444220       -1.0063088353642962        3.0534861332710928        2.0203902782204128       -3.0534860947812033        1.0063088295153677       -2.0227445574401344       -3.0536082935037907        1.0063146153340017       -1.0927715737421018E-003 -0.96895405145472036       -3.1011508879646428       -1.0927715755064682E-003   3.1011508863608030       0.96895404489057091       -1.0927715736976928E-003  0.96895404529502493        3.1011508830768926       -1.0927715754176504E-003  -3.1011508413176001      -0.96895405276754243        0.0000000000000000        0.0000000000000000        0.0000000000000000       -1.8481260025382851      -0.98374436425408684      -0.98374436235779861       -1.8481260032577000       0.98374436165289647       0.98374435750306821        1.8459477230823893       0.98379540439064006       0.98379540022312950        1.8459477223624257      -0.98379540700040047      -0.98379540506693486       -1.4651254574129524E-003   1.1679190221461357       -1.1679190242835529       -1.4651254400113167E-003  -1.1679190290985697        1.1679190170969389     

 SADDLE  pos 

  -2.0140690114998399        1.0046147836357313       -3.0425423088837746       -2.0182343295936214        3.0501579285321965       -1.0104427007622143        2.0277175656325896        3.0719484049790386       -1.0167734073086776        2.0274174318978346        1.0096420715564511       -3.0594682545258127       -2.0256171996732162       -1.0000362838975827        3.0483969976339531        2.0140436415861735      -0.99642827903026154        3.0258003232169606        2.0203892649020680       -3.0503865995065365        1.0016929418047247       -2.0366397199264084       -3.0687449396382620        1.0070824918768859       -1.1303972452174627E-003 -0.96886331790959679       -3.0937044014287678       -1.3922213967476615E-003   3.1137290910806943       0.96772070344481564        2.1650670073571909E-003  0.96969319745548987        3.0904973676152783       -2.3918380325671507E-003  -3.0980219578956509      -0.97490857107941009       -1.1747294971745426E-002   1.0647961863879951E-002   1.8903124575855301E-002  -1.8571626890433226      -0.99487066953504300      -0.96912729634120431       -1.8485833885307001       0.99071433645435047       0.98425871679334476        1.8685426953140221        1.0248019671609081       0.96117877635645810        1.8484004691630869      -0.97220077805826977      -0.98422898479153176        3.6009708425629672E-002   1.1723294469351078       -1.1530630908195896       -4.1299879790669625E-002  -1.1896272162620449        1.1489077195226129     

  FINAL pos

  -1.9953157634466805        1.0111982006074360       -3.0299109044350621       -1.9953177394594035        3.0299121836907004       -1.0111944189440503        2.0424862885972175        3.0758463769581876       -1.0376923891187109        2.0424871865034557        1.0376948043531942       -3.0758402245196579       -2.0696507264403050       -1.0283863777180831        3.0954641528000741        1.9895060105560418       -1.0078493959602028        3.0301096373303333        1.9895087494499428       -3.0301165382574773        1.0078511365797618       -2.0696528235617384       -3.0954682013075945        1.0283917705755470        1.6548213770145370E-002 -0.98365022224199761       -3.0812242417854510        1.6545007859088301E-002   3.0812198494877787       0.98365833809482384       -2.5161583083455064E-003  0.95203586291301323        3.0873392149817440       -2.5165357824894485E-003  -3.0873426310806553      -0.95203487106968687       0.39071010146595198      -0.13891380027571398       0.13890588403948589       -1.9074779067146419      -0.99061474546703698      -0.97234233867182196       -1.9074786320564820       0.97234559788015651       0.99062164124697594        1.9225651786245193        1.0524531350204411       0.88509596509183153        1.9225733018944711      -0.88510249660846552       -1.0524508544916005       0.13929028833987944        1.0777989115812943       -1.0778024321450252       -9.9823310127246767E-002  -1.1994495177055062        1.1994439816648490     
