Spec eventId                         25
Original eventId                1174940
Refinement step                       0
event label            :         602651        602651         17638
energy barrier         :       0.00373294
initial energy          :  -2904.05758622
FINAL energy            :  -2904.31948616
rate constant prefactor :  0.95760591E+13
rate htst prefactor     :  0.00000000E+00
rate of event           :  0.95760591E+13
delr initial-SADDLE     :      0.04038357
delr initial-FINAL      :      0.60014779
delr main atom (normalized) :       0.89349353     -0.31754165      0.31754780
npar initial-SADDLE     :             0
npar initial-FINAL      :             5
active atom label       :           865
ncluster                :            19
cluster atoms           :
            27
            98
           102
            31
           146
           150
            79
            75
             8
           104
           173
            77
           865
            74
            99
           103
            78
           101
            80
             0
             0
             0
             0
             0
             0
             0
             0
             0
             0
             0
             0
             0
             0
             0
             0
             0
             0
             0
             0
             0
             0
             0
             0
             0
             0
             0
             0
             0
             0
             0
             0
             0
             0
             0
             0
             0
             0
             0
             0
             0
             0
             0
             0
             0
             0
             0
             0
             0
             0
             0
             0
             0
             0
             0
             0
             0
             0
             0
             0
             0
             0
             0
             0
             0
             0
             0
             0
             0
             0
             0
             0
             0
             0
             0
             0
             0
             0
             0
             0
             0
             0
             0
             0
             0
             0
             0
             0
             0
             0
             0
             0
             0
             0
             0
             0
             0
             0
             0
             0
             0
             0
             0
             0
             0
             0
             0
             0
             0
             0
             0
             0
             0
             0
             0
             0
             0
             0
             0
             0
             0
             0
             0
             0
             0
             0
             0
             0
             0
             0
             0
             0
             0
             0
             0
             0
             0
             0
             0
             0
             0
             0
             0
             0
             0
             0
             0
             0
             0
             0
             0
             0
             0
             0
             0
             0
             0
             0
             0
             0
             0
             0
             0
             0
             0
             0
             0
             0
             0
             0
             0
             0
             0
             0
             0
             0
             0
             0
             0
             0
             0
             0
             0
             0
             0
             0
             0
             0
             0
             0
             0
             0
             0
             0
             0
             0
             0
             0
             0
             0
             0
             0
             0
             0
             0
             0
             0
             0
             0
             0
             0
             0
             0
             0
             0
             0
             0
             0
             0
             0
             0
             0
             0
             0
             0
             0
             0
             0
             0
             0
             0
             0
             0
             0
             0
             0
             0
             0
             0
             0
             0
             0
             0
             0
             0
             0
             0
             0
             0
             0
             0
             0
             0
             0
             0
             0
             0
             0
             0
             0
             0
             0
             0
             0
             0
             0
             0
             0
             0
             0
             0
             0
             0
             0
             0
             0
             0
             0
             0
             0
             0
             0
             0
             0
             0
             0
             0
             0
             0
             0
             0
             0
             0
             0
             0
             0
             0
             0
             0
             0
             0
             0
             0
             0
             0
             0
             0
             0
             0
             0
             0
             0
             0
             0
             0
             0
             0
             0
             0
             0
             0
             0
             0
             0
             0
             0
             0
             0
             0
             0
             0
             0
             0
             0
             0
             0
             0
             0
             0
             0
             0
             0
             0
             0
             0
             0
             0
             0
             0
             0
             0
             0
             0
             0
             0
             0
             0
             0
             0
             0
             0
             0
             0
             0
             0
             0
             0
             0
             0
             0
             0
             0
             0
             0
             0
             0
             0
             0
             0
             0
             0
             0
             0
             0
             0
             0
             0
             0
             0
             0
             0
             0
             0
             0
             0
             0
             0
             0
             0
             0
             0
             0
             0
             0
             0
             0
             0
             0
             0
             0
             0
             0
             0
             0
             0
             0
             0
             0
             0
             0
             0
             0
             0
             0
             0
             0
             0
             0
             0
             0
             0
             0
             0
             0
             0
             0
             0
             0
             0
             0
             0
             0
             0
             0
             0
             0
             0
             0
             0
             0
             0
             0
             0
             0
             0
             0
             0
             0
             0
             0
             0
             0
             0
             0
             0
             0
             0
             0
             0
             0
             0
             0
             0
             0
             0
             0
             0
             0
             0
             0
             0
             0
             0
             0
             0
             0
             0
             0
             0
             0
             0
             0
             0

  Initial pos 

  -2.0227445563250348        1.0063146162656722       -3.0536083394478180       -2.0227445569533336        3.0536083359757322       -1.0063146222984654        2.0203902777244691        3.0534861372428370       -1.0063088364773938        2.0203902770969542        1.0063088304398533       -3.0534861407106915       -2.0227445560646111       -1.0063146211871745        3.0536083319979777        2.0203902768444220       -1.0063088353642962        3.0534861332710928        2.0203902782204128       -3.0534860947812033        1.0063088295153677       -2.0227445574401344       -3.0536082935037907        1.0063146153340017       -1.0927715737421018E-003 -0.96895405145472036       -3.1011508879646428       -1.0927715755064682E-003   3.1011508863608030       0.96895404489057091       -1.0927715736976928E-003  0.96895404529502493        3.1011508830768926       -1.0927715754176504E-003  -3.1011508413176001      -0.96895405276754243        0.0000000000000000        0.0000000000000000        0.0000000000000000       -1.8481260025382851      -0.98374436425408684      -0.98374436235779861       -1.8481260032577000       0.98374436165289647       0.98374435750306821        1.8459477230823893       0.98379540439064006       0.98379540022312950        1.8459477223624257      -0.98379540700040047      -0.98379540506693486       -1.4651254574129524E-003   1.1679190221461357       -1.1679190242835529       -1.4651254400113167E-003  -1.1679190290985697        1.1679190170969389     

 SADDLE  pos 

  -2.0242486460243594        1.0084929280874497       -3.0508287136074408       -2.0216170703478165        3.0520343109963299       -1.0056216149216635        2.0221189654809013        3.0544276252981062       -1.0068765781043632        2.0208384496448693        1.0072383453888130       -3.0553061744194769       -2.0282639109083132       -1.0073970685444684        3.0565688909879420        2.0153623421388565       -1.0063211940851948        3.0499412829309072        2.0092400049148544       -3.0493132573861534        1.0038268288000105       -2.0358861460534401       -3.0590513803005082        1.0099084581923612       -9.2867332472099662E-003 -0.96653296117881471       -3.0993455841013153       -9.7950542560099052E-004   3.1011408549963697       0.96893998269009662       -2.1517221717628487E-003  0.96841986970092120        3.1009288544783540       -1.8632612219694256E-002  -3.0986887046384592      -0.96769487806842891       -6.6634957505127268E-003   7.7865546688227205E-004   2.4067909980018953E-003  -1.8596043589143068      -0.98466416687997926      -0.97886671494476829       -1.8507642300196494       0.98252809101229643       0.98834855927990484        1.8470676561420936       0.98708964111371977       0.98131131012664463        1.8395881282850661      -0.97985699545897265      -0.98694329532104019        7.3236067833222229E-003   1.1669797663404948       -1.1666369438357096       -2.0338899570993441E-002  -1.1688177238108111        1.1678361019757308     

  FINAL pos

  -1.9952297810584336        1.0111119686018359       -3.0298031303246358       -1.9952307652659051        3.0298039174188371       -1.0111099322140422        2.0426541957347935        3.0758608749993872       -1.0376978802917374        2.0426534495836179        1.0376983798631281       -3.0758590389848899       -2.0696460392839651       -1.0284901636281476        3.0954456640025492        1.9896914887957946       -1.0078196530685886        3.0301184661461078        1.9896902117356827       -3.0301141678131369        1.0078188514262449       -2.0696451932667328       -3.0954455693909249        1.0284934189351849        1.6630676365665398E-002 -0.98363348050502486       -3.0811315782297690        1.6632205902454178E-002   3.0811343003889560       0.98363614428350798       -2.5280298580616645E-003  0.95190173689493185        3.0873070288913502       -2.5315273322683574E-003  -3.0873055646836010      -0.95190125678736637       0.39090415869036477      -0.13892473610722522       0.13892742525840562       -1.9075529508974101      -0.99070638706232983      -0.97237656060833233       -1.9075415266615297       0.97237399345493070       0.99070506431106020        1.9227796900523684        1.0524472743470772       0.88515057729151758        1.9227742973983464      -0.88514851840906461       -1.0524452840155791       0.13945852087882482        1.0777751381603189       -1.0777708763620515       -9.9684724801542668E-002  -1.1994135713971701        1.1994148405840694     
