Spec eventId                         16
Original eventId                1171734
Refinement step                       0
event label            :         602651       1205689         17638
energy barrier         :       0.00504731
initial energy          :  -2904.05758622
FINAL energy            :  -2904.31949819
rate constant prefactor :  0.94311075E+13
rate htst prefactor     :  0.00000000E+00
rate of event           :  0.94311075E+13
delr initial-SADDLE     :      0.10796419
delr initial-FINAL      :      0.60132216
delr main atom (normalized) :      -0.89443484     -0.31618761      0.31624629
npar initial-SADDLE     :             0
npar initial-FINAL      :             5
active atom label       :           865
ncluster                :            19
cluster atoms           :
            27
            98
           102
            31
           146
           150
            79
            75
             8
           104
           173
            77
           865
            74
            99
           103
            78
           101
            80
             0
             0
             0
             0
             0
             0
             0
             0
             0
             0
             0
             0
             0
             0
             0
             0
             0
             0
             0
             0
             0
             0
             0
             0
             0
             0
             0
             0
             0
             0
             0
             0
             0
             0
             0
             0
             0
             0
             0
             0
             0
             0
             0
             0
             0
             0
             0
             0
             0
             0
             0
             0
             0
             0
             0
             0
             0
             0
             0
             0
             0
             0
             0
             0
             0
             0
             0
             0
             0
             0
             0
             0
             0
             0
             0
             0
             0
             0
             0
             0
             0
             0
             0
             0
             0
             0
             0
             0
             0
             0
             0
             0
             0
             0
             0
             0
             0
             0
             0
             0
             0
             0
             0
             0
             0
             0
             0
             0
             0
             0
             0
             0
             0
             0
             0
             0
             0
             0
             0
             0
             0
             0
             0
             0
             0
             0
             0
             0
             0
             0
             0
             0
             0
             0
             0
             0
             0
             0
             0
             0
             0
             0
             0
             0
             0
             0
             0
             0
             0
             0
             0
             0
             0
             0
             0
             0
             0
             0
             0
             0
             0
             0
             0
             0
             0
             0
             0
             0
             0
             0
             0
             0
             0
             0
             0
             0
             0
             0
             0
             0
             0
             0
             0
             0
             0
             0
             0
             0
             0
             0
             0
             0
             0
             0
             0
             0
             0
             0
             0
             0
             0
             0
             0
             0
             0
             0
             0
             0
             0
             0
             0
             0
             0
             0
             0
             0
             0
             0
             0
             0
             0
             0
             0
             0
             0
             0
             0
             0
             0
             0
             0
             0
             0
             0
             0
             0
             0
             0
             0
             0
             0
             0
             0
             0
             0
             0
             0
             0
             0
             0
             0
             0
             0
             0
             0
             0
             0
             0
             0
             0
             0
             0
             0
             0
             0
             0
             0
             0
             0
             0
             0
             0
             0
             0
             0
             0
             0
             0
             0
             0
             0
             0
             0
             0
             0
             0
             0
             0
             0
             0
             0
             0
             0
             0
             0
             0
             0
             0
             0
             0
             0
             0
             0
             0
             0
             0
             0
             0
             0
             0
             0
             0
             0
             0
             0
             0
             0
             0
             0
             0
             0
             0
             0
             0
             0
             0
             0
             0
             0
             0
             0
             0
             0
             0
             0
             0
             0
             0
             0
             0
             0
             0
             0
             0
             0
             0
             0
             0
             0
             0
             0
             0
             0
             0
             0
             0
             0
             0
             0
             0
             0
             0
             0
             0
             0
             0
             0
             0
             0
             0
             0
             0
             0
             0
             0
             0
             0
             0
             0
             0
             0
             0
             0
             0
             0
             0
             0
             0
             0
             0
             0
             0
             0
             0
             0
             0
             0
             0
             0
             0
             0
             0
             0
             0
             0
             0
             0
             0
             0
             0
             0
             0
             0
             0
             0
             0
             0
             0
             0
             0
             0
             0
             0
             0
             0
             0
             0
             0
             0
             0
             0
             0
             0
             0
             0
             0
             0
             0
             0
             0
             0
             0
             0
             0
             0
             0
             0
             0
             0
             0
             0
             0
             0
             0
             0
             0
             0
             0
             0
             0
             0
             0
             0
             0
             0
             0
             0
             0
             0
             0
             0
             0
             0
             0
             0
             0
             0
             0
             0
             0
             0
             0
             0
             0
             0
             0
             0
             0
             0
             0
             0
             0
             0

  Initial pos 

  -2.0227445563250348        1.0063146162656722       -3.0536083394478180       -2.0227445569533336        3.0536083359757322       -1.0063146222984654        2.0203902777244691        3.0534861372428370       -1.0063088364773938        2.0203902770969542        1.0063088304398533       -3.0534861407106915       -2.0227445560646111       -1.0063146211871745        3.0536083319979777        2.0203902768444220       -1.0063088353642962        3.0534861332710928        2.0203902782204128       -3.0534860947812033        1.0063088295153677       -2.0227445574401344       -3.0536082935037907        1.0063146153340017       -1.0927715737421018E-003 -0.96895405145472036       -3.1011508879646428       -1.0927715755064682E-003   3.1011508863608030       0.96895404489057091       -1.0927715736976928E-003  0.96895404529502493        3.1011508830768926       -1.0927715754176504E-003  -3.1011508413176001      -0.96895405276754243        0.0000000000000000        0.0000000000000000        0.0000000000000000       -1.8481260025382851      -0.98374436425408684      -0.98374436235779861       -1.8481260032577000       0.98374436165289647       0.98374435750306821        1.8459477230823893       0.98379540439064006       0.98379540022312950        1.8459477223624257      -0.98379540700040047      -0.98379540506693486       -1.4651254574129524E-003   1.1679190221461357       -1.1679190242835529       -1.4651254400113167E-003  -1.1679190290985697        1.1679190170969389     

 SADDLE  pos 

  -2.0180354320939955        1.0048014101476441       -3.0544359034716417       -2.0167581961001821        3.0382099265336917       -1.0048783503199803        2.0118313334501705        3.0485188907868297       -1.0084899056901255        2.0181885245147919        1.0072315132075238       -3.0526665867796927       -2.0211863881105572       -1.0117640211062184        3.0610353826682055        2.0300066808386319      -0.99300155332063711        3.0621764303936074        2.0281514136887724       -3.0545031254565282        1.0053815125209904       -2.0173627171017876       -3.0599537172343680        1.0008521500389285        6.6876137759086518E-004 -0.97963914549573650       -3.1049957255642555       -3.2427055544310690E-003   3.0924885714260304       0.97781752323076221        1.2058431995862762E-003  0.97758590791070055        3.1049641325086870        3.2066741038243585E-003  -3.1101277549648820      -0.96050465015861253        4.6364073323368338E-003  -5.4146422870642530E-002   1.8920960273435927E-002  -1.8560271959468118      -0.98950506802380012       -1.0062755355008388       -1.8262513678407568       0.95950620626651140       0.98062061559460867        1.8518758405182645       0.98706927974629743       0.98276327980539646        1.8449110934608743      -0.98028704537104971      -0.99082484068010945        1.3457541668233652E-003   1.1257008391923760       -1.1468141471626003        7.7114292324753642E-003  -1.1918590230293720        1.2132305276850208     

  FINAL pos

  -2.0446947515476896        1.0376745936927991       -3.0758362965938293       -2.0447064482903778        3.0758353111224004       -1.0376874683110597        1.9930980614164948        3.0299163539404379       -1.0112016410691798        1.9930951752351138        1.0111876451747956       -3.0299236896227058       -1.9917270463835699       -1.0078576421009995        3.0301119942493879        2.0674349616862200       -1.0284039776945240        3.0954770016832813        2.0674244133904356       -3.0954793278559110        1.0283910393216060       -1.9917206682387465       -3.0301125329110503        1.0078406217129614       -1.8764682161876767E-002 -0.98366730761782772       -3.0812268681332826       -1.8773737247095745E-002   3.0812351858152693       0.98365465481251713        2.9550847790726920E-004  0.95202474075138110        3.0873535245605921        2.9676332749106749E-004  -3.0873539478104832      -0.95204866487510165      -0.39290630626258949      -0.13889453165691190       0.13892030494245988       -1.9247622385266852      -0.88510008664672668       -1.0524464430771570       -1.9247812844279848        1.0524518926430229       0.88509610173642495        1.9052462943433000       0.97234586494586916       0.99060720770802346        1.9052473502943510      -0.99062436669744725      -0.97235327718988795      -0.14149586210649234        1.0778083056813974       -1.0777981260803555        9.7620896278930225E-002  -1.1994416042331459        1.1994536772596880     
