Spec eventId                         11
Original eventId                 926365
Refinement step                       0
event label            :         602651        602651       1217370
energy barrier         :       0.00262320
initial energy          :  -2904.05758622
FINAL energy            :  -2904.76533788
rate constant prefactor :  0.97001771E+13
rate htst prefactor     :  0.00000000E+00
rate of event           :  0.97001771E+13
delr initial-SADDLE     :      0.00404089
delr initial-FINAL      :      1.16315141
delr main atom (normalized) :       1.00000000     -0.00000047      0.00000034
npar initial-SADDLE     :             0
npar initial-FINAL      :             7
active atom label       :           865
ncluster                :            19
cluster atoms           :
            27
            98
           102
            31
           146
           150
            79
            75
             8
           104
           173
            77
           865
            74
            99
           103
            78
           101
            80
             0
             0
             0
             0
             0
             0
             0
             0
             0
             0
             0
             0
             0
             0
             0
             0
             0
             0
             0
             0
             0
             0
             0
             0
             0
             0
             0
             0
             0
             0
             0
             0
             0
             0
             0
             0
             0
             0
             0
             0
             0
             0
             0
             0
             0
             0
             0
             0
             0
             0
             0
             0
             0
             0
             0
             0
             0
             0
             0
             0
             0
             0
             0
             0
             0
             0
             0
             0
             0
             0
             0
             0
             0
             0
             0
             0
             0
             0
             0
             0
             0
             0
             0
             0
             0
             0
             0
             0
             0
             0
             0
             0
             0
             0
             0
             0
             0
             0
             0
             0
             0
             0
             0
             0
             0
             0
             0
             0
             0
             0
             0
             0
             0
             0
             0
             0
             0
             0
             0
             0
             0
             0
             0
             0
             0
             0
             0
             0
             0
             0
             0
             0
             0
             0
             0
             0
             0
             0
             0
             0
             0
             0
             0
             0
             0
             0
             0
             0
             0
             0
             0
             0
             0
             0
             0
             0
             0
             0
             0
             0
             0
             0
             0
             0
             0
             0
             0
             0
             0
             0
             0
             0
             0
             0
             0
             0
             0
             0
             0
             0
             0
             0
             0
             0
             0
             0
             0
             0
             0
             0
             0
             0
             0
             0
             0
             0
             0
             0
             0
             0
             0
             0
             0
             0
             0
             0
             0
             0
             0
             0
             0
             0
             0
             0
             0
             0
             0
             0
             0
             0
             0
             0
             0
             0
             0
             0
             0
             0
             0
             0
             0
             0
             0
             0
             0
             0
             0
             0
             0
             0
             0
             0
             0
             0
             0
             0
             0
             0
             0
             0
             0
             0
             0
             0
             0
             0
             0
             0
             0
             0
             0
             0
             0
             0
             0
             0
             0
             0
             0
             0
             0
             0
             0
             0
             0
             0
             0
             0
             0
             0
             0
             0
             0
             0
             0
             0
             0
             0
             0
             0
             0
             0
             0
             0
             0
             0
             0
             0
             0
             0
             0
             0
             0
             0
             0
             0
             0
             0
             0
             0
             0
             0
             0
             0
             0
             0
             0
             0
             0
             0
             0
             0
             0
             0
             0
             0
             0
             0
             0
             0
             0
             0
             0
             0
             0
             0
             0
             0
             0
             0
             0
             0
             0
             0
             0
             0
             0
             0
             0
             0
             0
             0
             0
             0
             0
             0
             0
             0
             0
             0
             0
             0
             0
             0
             0
             0
             0
             0
             0
             0
             0
             0
             0
             0
             0
             0
             0
             0
             0
             0
             0
             0
             0
             0
             0
             0
             0
             0
             0
             0
             0
             0
             0
             0
             0
             0
             0
             0
             0
             0
             0
             0
             0
             0
             0
             0
             0
             0
             0
             0
             0
             0
             0
             0
             0
             0
             0
             0
             0
             0
             0
             0
             0
             0
             0
             0
             0
             0
             0
             0
             0
             0
             0
             0
             0
             0
             0
             0
             0
             0
             0
             0
             0
             0
             0
             0
             0
             0
             0
             0
             0
             0
             0
             0
             0
             0
             0
             0
             0
             0
             0
             0
             0
             0
             0
             0
             0
             0
             0
             0
             0
             0
             0
             0
             0
             0
             0
             0
             0
             0
             0
             0
             0
             0
             0
             0
             0
             0
             0
             0
             0
             0
             0

  Initial pos 

  -2.0227445563250348        1.0063146162656722       -3.0536083394478180       -2.0227445569533336        3.0536083359757322       -1.0063146222984654        2.0203902777244691        3.0534861372428370       -1.0063088364773938        2.0203902770969542        1.0063088304398533       -3.0534861407106915       -2.0227445560646111       -1.0063146211871745        3.0536083319979777        2.0203902768444220       -1.0063088353642962        3.0534861332710928        2.0203902782204128       -3.0534860947812033        1.0063088295153677       -2.0227445574401344       -3.0536082935037907        1.0063146153340017       -1.0927715737421018E-003 -0.96895405145472036       -3.1011508879646428       -1.0927715755064682E-003   3.1011508863608030       0.96895404489057091       -1.0927715736976928E-003  0.96895404529502493        3.1011508830768926       -1.0927715754176504E-003  -3.1011508413176001      -0.96895405276754243        0.0000000000000000        0.0000000000000000        0.0000000000000000       -1.8481260025382851      -0.98374436425408684      -0.98374436235779861       -1.8481260032577000       0.98374436165289647       0.98374435750306821        1.8459477230823893       0.98379540439064006       0.98379540022312950        1.8459477223624257      -0.98379540700040047      -0.98379540506693486       -1.4651254574129524E-003   1.1679190221461357       -1.1679190242835529       -1.4651254400113167E-003  -1.1679190290985697        1.1679190170969389     

 SADDLE  pos 

  -2.0227423214067319        1.0063132348055472       -3.0536125185530874       -2.0227423220350307        3.0536069545156073       -1.0063188014037348        2.0203925126427720        3.0534847557827121       -1.0063130155826632        2.0203925120152570        1.0063074489797283       -3.0534903198159604       -2.0227423211463083       -1.0063160026472993        3.0536041528927087        2.0203925117627248       -1.0063102168244211        3.0534819541658238        2.0199761218065060       -3.0535368273258285        1.0072654190433536       -2.0227423225218315       -3.0536096749639157        1.0063104362287327       -8.7430824829404230E-004 -0.96882770028611354       -3.1000778986186348       -1.0905366572036002E-003   3.1011495049006781       0.96894986578530196       -1.0905366553948248E-003  0.96895266383489997        3.1011467039716236       -1.4584878818646452E-003  -3.1002131965860409      -0.96852809053568523       -1.0723438519830708E-003   2.8532998110342156E-004  -7.6056367455112905E-005  -1.8497527778564942      -0.98383367362611851      -0.98351257924503788       -1.8499295573083909       0.98383785900870513       0.98423311271031855        1.8476946199721045       0.98406001440853053       0.98395269045168776        1.8473495831030373      -0.98417888701170808      -0.98347122513809637       -1.4628905391100844E-003   1.1679176406860108       -1.1679232033888223       -1.4628905217084487E-003  -1.1679204105586947        1.1679148379916700     

  FINAL pos

  -2.0345548829422380        1.0132124169617620       -3.0433767364299786       -2.0345548650051066        3.0433764981444096       -1.0132125336380100        2.0032991879734681        3.0277020232805167      -0.99491341938901012        2.0032990675780029       0.99491335150938442       -3.0277021734871807       -2.0345549990831051       -1.0132133819883049        3.0433776695541366        2.0032990176793994      -0.99491422140907548        3.0277028982237089        2.0032987687317449       -3.0277029925270966       0.99491436848856774       -2.0345549070320001       -3.0433777433465092        1.0132131125205164        1.4329782314748574E-002 -0.99424831900219501       -3.0274507802186017        1.4329504256320291E-002   3.0274509315599074       0.99424823924243855        1.4329284588835645E-002  0.99424723088495814        3.0274520417376842        1.4329276589286621E-002  -3.0274514114506461      -0.99424732674720762        1.0089664865331622       -4.7745926434750174E-007   3.4499878465155120E-007  -2.0191181677955763      -0.99430145597796571      -0.99430046066871114       -2.0191182262789846       0.99430042662763074       0.99430140835380376        2.0327944734631105        1.0236212769763144        1.0236218753883075        2.0327944920255954       -1.0236225006906048       -1.0236213747009875       -1.4953645166041696E-002   1.0238621101393985       -1.0238622794835543       -1.4953733101504163E-002  -1.0238630506022788        1.0238630137745326     
