Spec eventId                         21
Original eventId                1171733
Refinement step                       0
event label            :         602651       1205689         17638
energy barrier         :       0.00229213
initial energy          :  -2904.05758622
FINAL energy            :  -2904.31948670
rate constant prefactor :  0.97375156E+13
rate htst prefactor     :  0.00000000E+00
rate of event           :  0.97375156E+13
delr initial-SADDLE     :      0.12862118
delr initial-FINAL      :      0.60138997
delr main atom (normalized) :      -0.89447948     -0.31615123      0.31615640
npar initial-SADDLE     :             0
npar initial-FINAL      :             5
active atom label       :           865
ncluster                :            19
cluster atoms           :
            27
            98
           102
            31
           146
           150
            79
            75
             8
           104
           173
            77
           865
            74
            99
           103
            78
           101
            80
             0
             0
             0
             0
             0
             0
             0
             0
             0
             0
             0
             0
             0
             0
             0
             0
             0
             0
             0
             0
             0
             0
             0
             0
             0
             0
             0
             0
             0
             0
             0
             0
             0
             0
             0
             0
             0
             0
             0
             0
             0
             0
             0
             0
             0
             0
             0
             0
             0
             0
             0
             0
             0
             0
             0
             0
             0
             0
             0
             0
             0
             0
             0
             0
             0
             0
             0
             0
             0
             0
             0
             0
             0
             0
             0
             0
             0
             0
             0
             0
             0
             0
             0
             0
             0
             0
             0
             0
             0
             0
             0
             0
             0
             0
             0
             0
             0
             0
             0
             0
             0
             0
             0
             0
             0
             0
             0
             0
             0
             0
             0
             0
             0
             0
             0
             0
             0
             0
             0
             0
             0
             0
             0
             0
             0
             0
             0
             0
             0
             0
             0
             0
             0
             0
             0
             0
             0
             0
             0
             0
             0
             0
             0
             0
             0
             0
             0
             0
             0
             0
             0
             0
             0
             0
             0
             0
             0
             0
             0
             0
             0
             0
             0
             0
             0
             0
             0
             0
             0
             0
             0
             0
             0
             0
             0
             0
             0
             0
             0
             0
             0
             0
             0
             0
             0
             0
             0
             0
             0
             0
             0
             0
             0
             0
             0
             0
             0
             0
             0
             0
             0
             0
             0
             0
             0
             0
             0
             0
             0
             0
             0
             0
             0
             0
             0
             0
             0
             0
             0
             0
             0
             0
             0
             0
             0
             0
             0
             0
             0
             0
             0
             0
             0
             0
             0
             0
             0
             0
             0
             0
             0
             0
             0
             0
             0
             0
             0
             0
             0
             0
             0
             0
             0
             0
             0
             0
             0
             0
             0
             0
             0
             0
             0
             0
             0
             0
             0
             0
             0
             0
             0
             0
             0
             0
             0
             0
             0
             0
             0
             0
             0
             0
             0
             0
             0
             0
             0
             0
             0
             0
             0
             0
             0
             0
             0
             0
             0
             0
             0
             0
             0
             0
             0
             0
             0
             0
             0
             0
             0
             0
             0
             0
             0
             0
             0
             0
             0
             0
             0
             0
             0
             0
             0
             0
             0
             0
             0
             0
             0
             0
             0
             0
             0
             0
             0
             0
             0
             0
             0
             0
             0
             0
             0
             0
             0
             0
             0
             0
             0
             0
             0
             0
             0
             0
             0
             0
             0
             0
             0
             0
             0
             0
             0
             0
             0
             0
             0
             0
             0
             0
             0
             0
             0
             0
             0
             0
             0
             0
             0
             0
             0
             0
             0
             0
             0
             0
             0
             0
             0
             0
             0
             0
             0
             0
             0
             0
             0
             0
             0
             0
             0
             0
             0
             0
             0
             0
             0
             0
             0
             0
             0
             0
             0
             0
             0
             0
             0
             0
             0
             0
             0
             0
             0
             0
             0
             0
             0
             0
             0
             0
             0
             0
             0
             0
             0
             0
             0
             0
             0
             0
             0
             0
             0
             0
             0
             0
             0
             0
             0
             0
             0
             0
             0
             0
             0
             0
             0
             0
             0
             0
             0
             0
             0
             0
             0
             0
             0
             0
             0
             0
             0
             0
             0
             0
             0
             0
             0
             0
             0
             0
             0
             0
             0
             0
             0
             0
             0
             0
             0
             0
             0
             0
             0

  Initial pos 

  -2.0227445563250348        1.0063146162656722       -3.0536083394478180       -2.0227445569533336        3.0536083359757322       -1.0063146222984654        2.0203902777244691        3.0534861372428370       -1.0063088364773938        2.0203902770969542        1.0063088304398533       -3.0534861407106915       -2.0227445560646111       -1.0063146211871745        3.0536083319979777        2.0203902768444220       -1.0063088353642962        3.0534861332710928        2.0203902782204128       -3.0534860947812033        1.0063088295153677       -2.0227445574401344       -3.0536082935037907        1.0063146153340017       -1.0927715737421018E-003 -0.96895405145472036       -3.1011508879646428       -1.0927715755064682E-003   3.1011508863608030       0.96895404489057091       -1.0927715736976928E-003  0.96895404529502493        3.1011508830768926       -1.0927715754176504E-003  -3.1011508413176001      -0.96895405276754243        0.0000000000000000        0.0000000000000000        0.0000000000000000       -1.8481260025382851      -0.98374436425408684      -0.98374436235779861       -1.8481260032577000       0.98374436165289647       0.98374435750306821        1.8459477230823893       0.98379540439064006       0.98379540022312950        1.8459477223624257      -0.98379540700040047      -0.98379540506693486       -1.4651254574129524E-003   1.1679190221461357       -1.1679190242835529       -1.4651254400113167E-003  -1.1679190290985697        1.1679190170969389     

 SADDLE  pos 

  -2.0220350796961908        1.0136718255874937       -3.0577427792915755       -2.0175876693674573        3.0472880381158340       -1.0076621984703404        2.0202699667060049        3.0475264277668916       -1.0126715763969507        2.0206221511794480        1.0100279250178075       -3.0655292057411456       -2.0370382633584727       -1.0050705910324886        3.0707554099406926        2.0382625584158900       -1.0062976049412020        3.0609004966829043        2.0090476450730925       -3.0344165164280525        1.0015565347641773       -2.0260453237285017       -3.0359974643615053        1.0012515895034242       -5.0417321368341206E-003 -0.97253125227547943       -3.1202748879605622        1.7521803665494495E-003   3.0840296785302534       0.96906458916785221        4.1825418732202024E-003  0.97523193112924811        3.0938910930662451       -1.1270105723352852E-002  -3.0969287587700198      -0.95833745145742766       -9.1252644960158058E-003  -6.2902446701618153E-002  -1.3250984242369146E-002  -1.8529162388552878      -0.96847098699014622       -1.0147712845896586       -1.8540906136744888       0.97023421804752741       0.98441079532220632        1.8537634784729340       0.96659812731343808       0.97179078742535063        1.8524254598992673      -0.97333963060545547       -1.0270391184262517        5.5977257185344520E-003   1.1334222495705080       -1.1643397540606695       -1.2041667088962704E-002  -1.1466334873510935        1.2260712575124129     

  FINAL pos

  -2.0448741554722325        1.0377012434382242       -3.0758430073886425       -2.0448760070244791        3.0758531169842138       -1.0376876529335171        1.9930038632958453        3.0298321962709069       -1.0111167499741138        1.9930028137792268        1.0111264238747466       -3.0298212824967030       -1.9919132928942205       -1.0077889744775292        3.0300944614987038        2.0674363576110544       -1.0284709263887684        3.0954589974364128        2.0674359390513786       -3.0954475983118863        1.0284812943999140       -1.9919144488263496       -3.0300787686070842        1.0078044044981875       -1.8869601235389055E-002 -0.98361165169809917       -3.0811625044626059       -1.8863873721822522E-002   3.0811729782888850       0.98362528299255869        3.0993512398413969E-004  0.95192778727368110        3.0873420942570546        3.0270505834772976E-004  -3.0873300935645975      -0.95190701226630425      -0.39299138779292297      -0.13890168814933102       0.13890396007538852       -1.9249459793349366      -0.88516095637446046       -1.0524440543440359       -1.9249375007933627        1.0524524072772945       0.88517751393313615        1.9052603979618574       0.97240008204464323       0.99070342839218961        1.9052423765087356      -0.99069079814105643      -0.97238449442850339      -0.14161548884695963        1.0777973218518186       -1.0777964996047285        9.7534806384476092E-002  -1.1994089793767335        1.1994205834919209     
