Spec eventId                          7
Original eventId                1174951
Refinement step                       0
event label            :         602651        602651         17638
energy barrier         :       0.00320666
initial energy          :  -2904.05758622
FINAL energy            :  -2904.31948505
rate constant prefactor :  0.96347218E+13
rate htst prefactor     :  0.00000000E+00
rate of event           :  0.96347218E+13
delr initial-SADDLE     :      0.02593590
delr initial-FINAL      :      0.60151557
delr main atom (normalized) :      -0.89447535     -0.31615796      0.31616135
npar initial-SADDLE     :             0
npar initial-FINAL      :             5
active atom label       :           865
ncluster                :            19
cluster atoms           :
            27
            98
           102
            31
           146
           150
            79
            75
             8
           104
           173
            77
           865
            74
            99
           103
            78
           101
            80
             0
             0
             0
             0
             0
             0
             0
             0
             0
             0
             0
             0
             0
             0
             0
             0
             0
             0
             0
             0
             0
             0
             0
             0
             0
             0
             0
             0
             0
             0
             0
             0
             0
             0
             0
             0
             0
             0
             0
             0
             0
             0
             0
             0
             0
             0
             0
             0
             0
             0
             0
             0
             0
             0
             0
             0
             0
             0
             0
             0
             0
             0
             0
             0
             0
             0
             0
             0
             0
             0
             0
             0
             0
             0
             0
             0
             0
             0
             0
             0
             0
             0
             0
             0
             0
             0
             0
             0
             0
             0
             0
             0
             0
             0
             0
             0
             0
             0
             0
             0
             0
             0
             0
             0
             0
             0
             0
             0
             0
             0
             0
             0
             0
             0
             0
             0
             0
             0
             0
             0
             0
             0
             0
             0
             0
             0
             0
             0
             0
             0
             0
             0
             0
             0
             0
             0
             0
             0
             0
             0
             0
             0
             0
             0
             0
             0
             0
             0
             0
             0
             0
             0
             0
             0
             0
             0
             0
             0
             0
             0
             0
             0
             0
             0
             0
             0
             0
             0
             0
             0
             0
             0
             0
             0
             0
             0
             0
             0
             0
             0
             0
             0
             0
             0
             0
             0
             0
             0
             0
             0
             0
             0
             0
             0
             0
             0
             0
             0
             0
             0
             0
             0
             0
             0
             0
             0
             0
             0
             0
             0
             0
             0
             0
             0
             0
             0
             0
             0
             0
             0
             0
             0
             0
             0
             0
             0
             0
             0
             0
             0
             0
             0
             0
             0
             0
             0
             0
             0
             0
             0
             0
             0
             0
             0
             0
             0
             0
             0
             0
             0
             0
             0
             0
             0
             0
             0
             0
             0
             0
             0
             0
             0
             0
             0
             0
             0
             0
             0
             0
             0
             0
             0
             0
             0
             0
             0
             0
             0
             0
             0
             0
             0
             0
             0
             0
             0
             0
             0
             0
             0
             0
             0
             0
             0
             0
             0
             0
             0
             0
             0
             0
             0
             0
             0
             0
             0
             0
             0
             0
             0
             0
             0
             0
             0
             0
             0
             0
             0
             0
             0
             0
             0
             0
             0
             0
             0
             0
             0
             0
             0
             0
             0
             0
             0
             0
             0
             0
             0
             0
             0
             0
             0
             0
             0
             0
             0
             0
             0
             0
             0
             0
             0
             0
             0
             0
             0
             0
             0
             0
             0
             0
             0
             0
             0
             0
             0
             0
             0
             0
             0
             0
             0
             0
             0
             0
             0
             0
             0
             0
             0
             0
             0
             0
             0
             0
             0
             0
             0
             0
             0
             0
             0
             0
             0
             0
             0
             0
             0
             0
             0
             0
             0
             0
             0
             0
             0
             0
             0
             0
             0
             0
             0
             0
             0
             0
             0
             0
             0
             0
             0
             0
             0
             0
             0
             0
             0
             0
             0
             0
             0
             0
             0
             0
             0
             0
             0
             0
             0
             0
             0
             0
             0
             0
             0
             0
             0
             0
             0
             0
             0
             0
             0
             0
             0
             0
             0
             0
             0
             0
             0
             0
             0
             0
             0
             0
             0
             0
             0
             0
             0
             0
             0
             0
             0
             0
             0
             0
             0
             0
             0
             0
             0
             0
             0
             0
             0
             0
             0
             0
             0
             0
             0
             0

  Initial pos 

  -2.0227445563250348        1.0063146162656722       -3.0536083394478180       -2.0227445569533336        3.0536083359757322       -1.0063146222984654        2.0203902777244691        3.0534861372428370       -1.0063088364773938        2.0203902770969542        1.0063088304398533       -3.0534861407106915       -2.0227445560646111       -1.0063146211871745        3.0536083319979777        2.0203902768444220       -1.0063088353642962        3.0534861332710928        2.0203902782204128       -3.0534860947812033        1.0063088295153677       -2.0227445574401344       -3.0536082935037907        1.0063146153340017       -1.0927715737421018E-003 -0.96895405145472036       -3.1011508879646428       -1.0927715755064682E-003   3.1011508863608030       0.96895404489057091       -1.0927715736976928E-003  0.96895404529502493        3.1011508830768926       -1.0927715754176504E-003  -3.1011508413176001      -0.96895405276754243        0.0000000000000000        0.0000000000000000        0.0000000000000000       -1.8481260025382851      -0.98374436425408684      -0.98374436235779861       -1.8481260032577000       0.98374436165289647       0.98374435750306821        1.8459477230823893       0.98379540439064006       0.98379540022312950        1.8459477223624257      -0.98379540700040047      -0.98379540506693486       -1.4651254574129524E-003   1.1679190221461357       -1.1679190242835529       -1.4651254400113167E-003  -1.1679190290985697        1.1679190170969389     

 SADDLE  pos 

  -2.0269609360899530        1.0039522530083655       -3.0562138099193472       -2.0356742299546866        3.0463684617959608       -1.0088325410837409        2.0165022369510996        3.0521574166555672       -1.0074051287718335        2.0186879443634949        1.0064094358208913       -3.0516697964666313       -2.0194897182922782       -1.0045985515038918        3.0511880550546029        2.0237086102546593       -1.0077071299723190        3.0538234850106831        2.0230718454426571       -3.0557392885558414        1.0066834850223123       -2.0221819786555999       -3.0520977388419994        1.0066769606394952       -1.4689321483105644E-003 -0.96988205288981166       -3.0989831070859064       -4.8303131261859811E-003   3.1005759516188256       0.96417527260387148        3.6555363591466161E-003  0.96756053425469690        3.0999506480477685       -7.3636724877168547E-004  -3.0994760623040363      -0.96946735598104583       -1.9193384444649020E-003   2.8034080204462075E-003   3.5936534929761343E-003  -1.8513901860560316      -0.98298200329410201      -0.98424406446180424       -1.8545814846462978       0.98574873709626298       0.98278888941789200        1.8490124591262411       0.98464047117128284       0.98534927770554548        1.8478965856466676      -0.98487987907775520      -0.98091094499143772       -1.0610840093890239E-002   1.1663091965754637       -1.1675344352703236        7.0673529890519227E-003  -1.1691582388630779        1.1661703270753070     

  FINAL pos

  -2.0448610782179051        1.0376956368872332       -3.0758447464547674       -2.0448634160306032        3.0758426791222329       -1.0376954582410520        1.9930149426139376        3.0298199990650172       -1.0111153060600118        1.9930143602299211        1.0111169887791169       -3.0298182120317931       -1.9918895107260366       -1.0078195377037782        3.0300945607352427        2.0674389800412332       -1.0284934491533744        3.0954732014423407        2.0674395705704098       -3.0954728468929815        1.0284944087624512       -1.9918909303376038       -3.0300935076046840        1.0078223081029773       -1.8854918613903759E-002 -0.98363793961655954       -3.0811582569376204       -1.8856254957842378E-002   3.0811600002517423       0.98363679101960644        3.0349167655163711E-004  0.95191416999856115        3.0873338822445091        3.0116286883918875E-004  -3.0873330135167056      -0.95191201046790219      -0.39304308415020950      -0.13892355861913863       0.13892505126827315       -1.9249502222845416      -0.88514696866248221       -1.0524423492596737       -1.9249466051670048        1.0524436502080510       0.88515205545534537        1.9052836197291532       0.97238783891271985       0.99070963607329565        1.9052816667105885      -0.99070759786105733      -0.97238469638437497      -0.14163167298676838        1.0777727426759272       -1.0777719401534935        9.7525378450161071E-002  -1.1994208599754859        1.1994212616420774     
