# t
0.000000000000000000e+00
1.049888600000000058e-13
3.142520200000000138e-13
3.380128500000000202e-13
3.728967299999999767e-13
4.109836200000000113e-13
4.307784600000000078e-13
4.396791500000000148e-13
4.541049499999999835e-13
4.542248000000000014e-13
4.597708999999999832e-13
4.863259699999999644e-13
5.077764199999999965e-13
5.220329600000000205e-13
5.354649999999999807e-13
5.612770600000000067e-13
5.978638600000000261e-13
6.769660899999999767e-13
6.870343000000000102e-13
7.083144599999999674e-13
7.119683099999999580e-13
7.138573500000000349e-13
7.190073999999999964e-13
7.213849299999999599e-13
7.440481300000000163e-13
7.536220700000000174e-13
7.685518800000000066e-13
9.879422199999999577e-13
9.886239099999999974e-13
1.022852500000000058e-12
1.025646700000000091e-12
1.028576699999999958e-12
1.078323600000000052e-12
1.103517800000000070e-12
