# t	msd	err
1.000000000000197687e-16 4.331626869722307940e-03 0.000000000000000000e+00
6.999999999999869199e-16 6.377914160308154057e-02 0.000000000000000000e+00
2.575000000000016796e-15 4.520065385479722642e-02 1.596365176874087188e-02
3.699999999999974137e-15 1.839991912472463409e-02 nan
6.071428571428559645e-15 2.882849568015196859e-02 1.826416305417619471e-02
1.028333333333333885e-14 2.827154289511004184e-02 9.268518300136091223e-03
1.714444444444445000e-14 4.820756976504068925e-02 1.267649547487251921e-02
2.965172413793100776e-14 4.285618300840510209e-02 7.490340605534004728e-03
4.672187500000002401e-14 7.880444721140106301e-02 1.079898070618875994e-02
7.713142857142857836e-14 1.294294650759489906e-01 1.413726581642779472e-02
1.258851063829786832e-13 1.850339191703351815e-01 1.749712725711628086e-02
2.104623376623378103e-13 2.769652366816012234e-01 1.356712612050168382e-02
3.215487179487179516e-13 2.875719896750072446e-01 1.220509351595529604e-02
5.501808333333335966e-13 5.165413706376376091e-01 1.438071427802406141e-02
8.237083333333333113e-13 5.988709983642297452e-01 1.975171159731561876e-02
