# Barrier Energy Step Time
0.000000000000000000e+00 -5.120154999999999745e+03 0.000000000000000000e+00 0.000000000000000000e+00
4.279999999999999916e-01 -5.119703000000000429e+03 5.000000000000000000e-01 4.670000000000000296e-13
0.000000000000000000e+00 -5.120131000000000313e+03 1.000000000000000000e+00 4.670000000000000296e-13
4.040000000000000258e-01 -5.119751000000000204e+03 1.500000000000000000e+00 3.999000000000000227e-12
0.000000000000000000e+00 -5.120154999999999745e+03 2.000000000000000000e+00 3.999000000000000227e-12
4.279999999999999916e-01 -5.119704999999999927e+03 2.500000000000000000e+00 7.531999999999999814e-12
0.000000000000000000e+00 -5.120132999999999811e+03 3.000000000000000000e+00 7.531999999999999814e-12
4.060000000000000275e-01 -5.119747999999999593e+03 3.500000000000000000e+00 9.805000000000000327e-12
0.000000000000000000e+00 -5.120154999999999745e+03 4.000000000000000000e+00 9.805000000000000327e-12
3.780000000000000027e-01 -5.121939999999999600e+03 4.500000000000000000e+00 9.919999999999999736e-12
0.000000000000000000e+00 -5.122318000000000211e+03 5.000000000000000000e+00 9.919999999999999736e-12
1.812999999999999945e+00 -5.119351999999999862e+03 5.500000000000000000e+00 1.066000000000000026e-04
0.000000000000000000e+00 -5.121164999999999964e+03 6.000000000000000000e+00 1.066000000000000026e-04
6.600000000000000311e-01 -5.121658000000000357e+03 6.500000000000000000e+00 1.066000000000000026e-04
0.000000000000000000e+00 -5.122318000000000211e+03 7.000000000000000000e+00 1.066000000000000026e-04
2.188000000000000167e+00 -5.119944000000000415e+03 7.500000000000000000e+00 9.625999999999999140e-03
0.000000000000000000e+00 -5.122131999999999607e+03 8.000000000000000000e+00 9.625999999999999140e-03
2.077999999999999847e+00 -5.118484000000000378e+03 8.500000000000000000e+00 1.464000000000000024e-02
0.000000000000000000e+00 -5.120561999999999898e+03 9.000000000000000000e+00 1.464000000000000024e-02
5.080000000000000071e-01 -5.121622000000000298e+03 9.500000000000000000e+00 1.464000000000000024e-02
0.000000000000000000e+00 -5.122128999999999905e+03 1.000000000000000000e+01 1.464000000000000024e-02
2.075000000000000178e+00 -5.118487000000000080e+03 1.050000000000000000e+01 1.577999999999999889e-02
0.000000000000000000e+00 -5.120561999999999898e+03 1.100000000000000000e+01 1.577999999999999889e-02
5.080000000000000071e-01 -5.121622000000000298e+03 1.150000000000000000e+01 1.577999999999999889e-02
0.000000000000000000e+00 -5.122130000000000109e+03 1.200000000000000000e+01 1.577999999999999889e-02
2.075000000000000178e+00 -5.118487000000000080e+03 1.250000000000000000e+01 1.847000000000000031e-02
0.000000000000000000e+00 -5.120561999999999898e+03 1.300000000000000000e+01 1.847000000000000031e-02
5.120000000000000107e-01 -5.121617000000000189e+03 1.350000000000000000e+01 1.847000000000000031e-02
0.000000000000000000e+00 -5.122128999999999905e+03 1.400000000000000000e+01 1.847000000000000031e-02
2.079000000000000181e+00 -5.118483000000000175e+03 1.450000000000000000e+01 2.066000000000000128e-02
0.000000000000000000e+00 -5.120561999999999898e+03 1.500000000000000000e+01 2.066000000000000128e-02
5.120000000000000107e-01 -5.121617000000000189e+03 1.550000000000000000e+01 2.066000000000000128e-02
0.000000000000000000e+00 -5.122128999999999905e+03 1.600000000000000000e+01 2.066000000000000128e-02
2.495999999999999996e+00 -5.117537000000000262e+03 1.650000000000000000e+01 2.185000000000000137e-02
0.000000000000000000e+00 -5.120033000000000357e+03 1.700000000000000000e+01 2.185000000000000137e-02
3.990000000000000213e-01 -5.121734999999999673e+03 1.750000000000000000e+01 2.185000000000000137e-02
0.000000000000000000e+00 -5.122134000000000015e+03 1.800000000000000000e+01 2.185000000000000137e-02
2.224000000000000199e+00 -5.117760000000000218e+03 1.850000000000000000e+01 2.372000000000000150e-02
0.000000000000000000e+00 -5.119984000000000378e+03 1.900000000000000000e+01 2.372000000000000150e-02
6.900000000000000577e-02 -5.122055999999999585e+03 1.950000000000000000e+01 2.372000000000000150e-02
0.000000000000000000e+00 -5.122125000000000000e+03 2.000000000000000000e+01 2.372000000000000150e-02
2.133999999999999897e+00 -5.120211000000000240e+03 2.050000000000000000e+01 2.384000000000000008e-02
0.000000000000000000e+00 -5.122345000000000255e+03 2.100000000000000000e+01 2.384000000000000008e-02
2.206999999999999851e+00 -5.117980999999999767e+03 2.150000000000000000e+01 2.830999999999999836e-02
0.000000000000000000e+00 -5.120186999999999898e+03 2.200000000000000000e+01 2.830999999999999836e-02
4.900000000000000189e-02 -5.122296000000000276e+03 2.250000000000000000e+01 2.830999999999999836e-02
0.000000000000000000e+00 -5.122345999999999549e+03 2.300000000000000000e+01 2.830999999999999836e-02
2.180000000000000160e+00 -5.118918999999999869e+03 2.350000000000000000e+01 3.515999999999999681e-02
0.000000000000000000e+00 -5.121100000000000364e+03 2.400000000000000000e+01 3.515999999999999681e-02
7.750000000000000222e-01 -5.121802999999999884e+03 2.450000000000000000e+01 3.515999999999999681e-02
0.000000000000000000e+00 -5.122578999999999724e+03 2.500000000000000000e+01 3.515999999999999681e-02
2.197000000000000064e+00 -5.118229999999999563e+03 2.550000000000000000e+01 4.327000000000000290e-02
0.000000000000000000e+00 -5.120426999999999680e+03 2.600000000000000000e+01 4.327000000000000290e-02
4.599999999999999922e-02 -5.122533000000000357e+03 2.650000000000000000e+01 4.327000000000000290e-02
0.000000000000000000e+00 -5.122578999999999724e+03 2.700000000000000000e+01 4.327000000000000290e-02
2.259999999999999787e+00 -5.118661000000000058e+03 2.750000000000000000e+01 4.617999999999999883e-02
0.000000000000000000e+00 -5.120921000000000276e+03 2.800000000000000000e+01 4.617999999999999883e-02
5.759999999999999565e-01 -5.121990999999999985e+03 2.850000000000000000e+01 4.617999999999999883e-02
0.000000000000000000e+00 -5.122567000000000007e+03 2.900000000000000000e+01 4.617999999999999883e-02
2.240000000000000213e+00 -5.118679000000000087e+03 2.950000000000000000e+01 6.300999999999999657e-02
0.000000000000000000e+00 -5.120918999999999869e+03 3.000000000000000000e+01 6.300999999999999657e-02
5.699999999999999512e-01 -5.121997000000000298e+03 3.050000000000000000e+01 6.300999999999999657e-02
0.000000000000000000e+00 -5.122567000000000007e+03 3.100000000000000000e+01 6.300999999999999657e-02
2.552999999999999936e+00 -5.117837000000000444e+03 3.150000000000000000e+01 6.357999999999999763e-02
0.000000000000000000e+00 -5.120390000000000327e+03 3.200000000000000000e+01 6.357999999999999763e-02
5.779999999999999583e-01 -5.121992000000000189e+03 3.250000000000000000e+01 6.357999999999999763e-02
0.000000000000000000e+00 -5.122569999999999709e+03 3.300000000000000000e+01 6.357999999999999763e-02
2.238999999999999879e+00 -5.118684000000000196e+03 3.350000000000000000e+01 6.575999999999999901e-02
0.000000000000000000e+00 -5.120923999999999978e+03 3.400000000000000000e+01 6.575999999999999901e-02
5.969999999999999751e-01 -5.121992000000000189e+03 3.450000000000000000e+01 6.575999999999999901e-02
0.000000000000000000e+00 -5.122590000000000146e+03 3.500000000000000000e+01 6.575999999999999901e-02
2.279999999999999805e+00 -5.118474000000000160e+03 3.550000000000000000e+01 6.977999999999999481e-02
0.000000000000000000e+00 -5.120753999999999905e+03 3.600000000000000000e+01 6.977999999999999481e-02
4.440000000000000058e-01 -5.122145999999999731e+03 3.650000000000000000e+01 6.977999999999999481e-02
0.000000000000000000e+00 -5.122588999999999942e+03 3.700000000000000000e+01 6.977999999999999481e-02
2.267999999999999794e+00 -5.118654999999999745e+03 3.750000000000000000e+01 7.056999999999999384e-02
0.000000000000000000e+00 -5.120923999999999978e+03 3.800000000000000000e+01 7.056999999999999384e-02
5.959999999999999742e-01 -5.121993000000000393e+03 3.850000000000000000e+01 7.056999999999999384e-02
0.000000000000000000e+00 -5.122590000000000146e+03 3.900000000000000000e+01 7.056999999999999384e-02
2.281000000000000139e+00 -5.118472999999999956e+03 3.950000000000000000e+01 7.978999999999999981e-02
0.000000000000000000e+00 -5.120753999999999905e+03 4.000000000000000000e+01 7.978999999999999981e-02
3.420000000000000262e-01 -5.120762999999999920e+03 4.050000000000000000e+01 7.978999999999999981e-02
0.000000000000000000e+00 -5.121104999999999563e+03 4.100000000000000000e+01 7.978999999999999981e-02
6.820000000000000506e-01 -5.121923999999999978e+03 4.150000000000000000e+01 7.978999999999999981e-02
0.000000000000000000e+00 -5.122605999999999767e+03 4.200000000000000000e+01 7.978999999999999981e-02
2.213000000000000078e+00 -5.118242000000000189e+03 4.250000000000000000e+01 8.584999999999999576e-02
0.000000000000000000e+00 -5.120456000000000131e+03 4.300000000000000000e+01 8.584999999999999576e-02
5.000000000000000278e-02 -5.120703999999999724e+03 4.350000000000000000e+01 8.584999999999999576e-02
0.000000000000000000e+00 -5.120753999999999905e+03 4.400000000000000000e+01 8.584999999999999576e-02
3.479999999999999760e-01 -5.120108000000000175e+03 4.450000000000000000e+01 8.584999999999999576e-02
0.000000000000000000e+00 -5.120456000000000131e+03 4.500000000000000000e+01 8.584999999999999576e-02
4.900000000000000189e-02 -5.120707999999999629e+03 4.550000000000000000e+01 8.584999999999999576e-02
0.000000000000000000e+00 -5.120756000000000313e+03 4.600000000000000000e+01 8.584999999999999576e-02
3.489999999999999769e-01 -5.120106999999999971e+03 4.650000000000000000e+01 8.584999999999999576e-02
0.000000000000000000e+00 -5.120456000000000131e+03 4.700000000000000000e+01 8.584999999999999576e-02
5.500000000000000028e-02 -5.122564000000000306e+03 4.750000000000000000e+01 8.584999999999999576e-02
0.000000000000000000e+00 -5.122618999999999687e+03 4.800000000000000000e+01 8.584999999999999576e-02
2.302000000000000046e+00 -5.118597999999999956e+03 4.850000000000000000e+01 8.809999999999999776e-02
0.000000000000000000e+00 -5.120899999999999636e+03 4.900000000000000000e+01 8.809999999999999776e-02
5.540000000000000480e-01 -5.122034999999999854e+03 4.950000000000000000e+01 8.809999999999999776e-02
0.000000000000000000e+00 -5.122590000000000146e+03 5.000000000000000000e+01 8.809999999999999776e-02
2.244000000000000217e+00 -5.118654999999999745e+03 5.050000000000000000e+01 8.951000000000000623e-02
0.000000000000000000e+00 -5.120899999999999636e+03 5.100000000000000000e+01 8.951000000000000623e-02
5.939999999999999725e-01 -5.120158999999999651e+03 5.150000000000000000e+01 8.951000000000000623e-02
0.000000000000000000e+00 -5.120753999999999905e+03 5.200000000000000000e+01 8.951000000000000623e-02
3.420000000000000262e-01 -5.120764000000000124e+03 5.250000000000000000e+01 8.951000000000000623e-02
0.000000000000000000e+00 -5.121105999999999767e+03 5.300000000000000000e+01 8.951000000000000623e-02
5.360000000000000320e-01 -5.122068000000000211e+03 5.350000000000000000e+01 8.951000000000000623e-02
0.000000000000000000e+00 -5.122604000000000269e+03 5.400000000000000000e+01 8.951000000000000623e-02
2.033999999999999808e+00 -5.119072000000000116e+03 5.450000000000000000e+01 8.973000000000000420e-02
0.000000000000000000e+00 -5.121105999999999767e+03 5.500000000000000000e+01 8.973000000000000420e-02
6.640000000000000346e-01 -5.121939999999999600e+03 5.550000000000000000e+01 8.973000000000000420e-02
0.000000000000000000e+00 -5.122604000000000269e+03 5.600000000000000000e+01 8.973000000000000420e-02
2.262999999999999901e+00 -5.118863000000000284e+03 5.650000000000000000e+01 9.288000000000000422e-02
0.000000000000000000e+00 -5.121126000000000204e+03 5.700000000000000000e+01 9.288000000000000422e-02
7.840000000000000302e-01 -5.121819999999999709e+03 5.750000000000000000e+01 9.288000000000000422e-02
0.000000000000000000e+00 -5.122604000000000269e+03 5.800000000000000000e+01 9.288000000000000422e-02
2.035000000000000142e+00 -5.119070999999999913e+03 5.850000000000000000e+01 9.325999999999999568e-02
0.000000000000000000e+00 -5.121105999999999767e+03 5.900000000000000000e+01 9.325999999999999568e-02
7.059999999999999609e-01 -5.121899000000000342e+03 5.950000000000000000e+01 9.325999999999999568e-02
0.000000000000000000e+00 -5.122604000000000269e+03 6.000000000000000000e+01 9.325999999999999568e-02
2.033999999999999808e+00 -5.119072000000000116e+03 6.050000000000000000e+01 9.410999999999999921e-02
0.000000000000000000e+00 -5.121105999999999767e+03 6.100000000000000000e+01 9.410999999999999921e-02
6.969999999999999529e-01 -5.120056999999999789e+03 6.150000000000000000e+01 9.410999999999999921e-02
0.000000000000000000e+00 -5.120753999999999905e+03 6.200000000000000000e+01 9.410999999999999921e-02
3.439999999999999725e-01 -5.120761999999999716e+03 6.250000000000000000e+01 9.410999999999999921e-02
0.000000000000000000e+00 -5.121105999999999767e+03 6.300000000000000000e+01 9.410999999999999921e-02
6.830000000000000515e-01 -5.121922999999999774e+03 6.350000000000000000e+01 9.410999999999999921e-02
0.000000000000000000e+00 -5.122605999999999767e+03 6.400000000000000000e+01 9.410999999999999921e-02
2.182999999999999829e+00 -5.118923999999999978e+03 6.450000000000000000e+01 1.037000000000000005e-01
0.000000000000000000e+00 -5.121105999999999767e+03 6.500000000000000000e+01 1.037000000000000005e-01
7.059999999999999609e-01 -5.121898000000000138e+03 6.550000000000000000e+01 1.037000000000000005e-01
0.000000000000000000e+00 -5.122604000000000269e+03 6.600000000000000000e+01 1.037000000000000005e-01
2.033999999999999808e+00 -5.119072000000000116e+03 6.650000000000000000e+01 1.040999999999999981e-01
0.000000000000000000e+00 -5.121105999999999767e+03 6.700000000000000000e+01 1.040999999999999981e-01
5.360000000000000320e-01 -5.122068000000000211e+03 6.750000000000000000e+01 1.040999999999999981e-01
0.000000000000000000e+00 -5.122604000000000269e+03 6.800000000000000000e+01 1.040999999999999981e-01
2.033999999999999808e+00 -5.119072000000000116e+03 6.850000000000000000e+01 1.053000000000000047e-01
0.000000000000000000e+00 -5.121105999999999767e+03 6.900000000000000000e+01 1.053000000000000047e-01
5.360000000000000320e-01 -5.122068000000000211e+03 6.950000000000000000e+01 1.053000000000000047e-01
0.000000000000000000e+00 -5.122604000000000269e+03 7.000000000000000000e+01 1.053000000000000047e-01
2.033999999999999808e+00 -5.119072000000000116e+03 7.050000000000000000e+01 1.063999999999999946e-01
0.000000000000000000e+00 -5.121105999999999767e+03 7.100000000000000000e+01 1.063999999999999946e-01
5.360000000000000320e-01 -5.122068000000000211e+03 7.150000000000000000e+01 1.063999999999999946e-01
0.000000000000000000e+00 -5.122604000000000269e+03 7.200000000000000000e+01 1.063999999999999946e-01
2.033999999999999808e+00 -5.119072000000000116e+03 7.250000000000000000e+01 1.071000000000000008e-01
0.000000000000000000e+00 -5.121105999999999767e+03 7.300000000000000000e+01 1.071000000000000008e-01
5.360000000000000320e-01 -5.122068000000000211e+03 7.350000000000000000e+01 1.071000000000000008e-01
0.000000000000000000e+00 -5.122604000000000269e+03 7.400000000000000000e+01 1.071000000000000008e-01
2.033999999999999808e+00 -5.119072000000000116e+03 7.450000000000000000e+01 1.084999999999999992e-01
0.000000000000000000e+00 -5.121105999999999767e+03 7.500000000000000000e+01 1.084999999999999992e-01
6.830000000000000515e-01 -5.121922999999999774e+03 7.550000000000000000e+01 1.084999999999999992e-01
0.000000000000000000e+00 -5.122605999999999767e+03 7.600000000000000000e+01 1.084999999999999992e-01
2.567000000000000171e+00 -5.117862000000000080e+03 7.650000000000000000e+01 1.087000000000000050e-01
0.000000000000000000e+00 -5.120429000000000087e+03 7.700000000000000000e+01 1.087000000000000050e-01
4.889999999999999902e-01 -5.119930999999999585e+03 7.750000000000000000e+01 1.087000000000000050e-01
0.000000000000000000e+00 -5.120420000000000073e+03 7.800000000000000000e+01 1.087000000000000050e-01
3.479999999999999760e-01 -5.120230999999999767e+03 7.850000000000000000e+01 1.087000000000000050e-01
0.000000000000000000e+00 -5.120578999999999724e+03 7.900000000000000000e+01 1.087000000000000050e-01
4.000000000000000222e-01 -5.122216999999999643e+03 7.950000000000000000e+01 1.087000000000000050e-01
0.000000000000000000e+00 -5.122617000000000189e+03 8.000000000000000000e+01 1.087000000000000050e-01
2.210999999999999854e+00 -5.118256000000000313e+03 8.050000000000000000e+01 1.102000000000000063e-01
0.000000000000000000e+00 -5.120466999999999643e+03 8.100000000000000000e+01 1.102000000000000063e-01
5.500000000000000028e-02 -5.122574999999999818e+03 8.150000000000000000e+01 1.102000000000000063e-01
0.000000000000000000e+00 -5.122630000000000109e+03 8.200000000000000000e+01 1.102000000000000063e-01
2.347999999999999865e+00 -5.118420000000000073e+03 8.250000000000000000e+01 1.174000000000000044e-01
0.000000000000000000e+00 -5.120766999999999825e+03 8.300000000000000000e+01 1.174000000000000044e-01
3.430000000000000271e-01 -5.120779999999999745e+03 8.350000000000000000e+01 1.174000000000000044e-01
0.000000000000000000e+00 -5.121122000000000298e+03 8.400000000000000000e+01 1.174000000000000044e-01
5.280000000000000249e-01 -5.122114999999999782e+03 8.450000000000000000e+01 1.174000000000000044e-01
0.000000000000000000e+00 -5.122641999999999825e+03 8.500000000000000000e+01 1.174000000000000044e-01
2.394000000000000128e+00 -5.117948999999999614e+03 8.550000000000000000e+01 1.180999999999999966e-01
0.000000000000000000e+00 -5.120342999999999847e+03 8.600000000000000000e+01 1.180999999999999966e-01
9.800000000000000377e-02 -5.122532000000000153e+03 8.650000000000000000e+01 1.180999999999999966e-01
0.000000000000000000e+00 -5.122630000000000109e+03 8.700000000000000000e+01 1.180999999999999966e-01
2.298999999999999932e+00 -5.118615999999999985e+03 8.750000000000000000e+01 1.193000000000000033e-01
0.000000000000000000e+00 -5.120914999999999964e+03 8.800000000000000000e+01 1.193000000000000033e-01
5.819999999999999618e-01 -5.122047999999999774e+03 8.850000000000000000e+01 1.193000000000000033e-01
0.000000000000000000e+00 -5.122630000000000109e+03 8.900000000000000000e+01 1.193000000000000033e-01
2.275999999999999801e+00 -5.118905999999999949e+03 8.950000000000000000e+01 1.298999999999999877e-01
0.000000000000000000e+00 -5.121182999999999993e+03 9.000000000000000000e+01 1.298999999999999877e-01
8.289999999999999591e-01 -5.121801000000000386e+03 9.050000000000000000e+01 1.298999999999999877e-01
0.000000000000000000e+00 -5.122630000000000109e+03 9.100000000000000000e+01 1.298999999999999877e-01
2.225999999999999979e+00 -5.118238000000000284e+03 9.150000000000000000e+01 1.325000000000000067e-01
0.000000000000000000e+00 -5.120463999999999942e+03 9.200000000000000000e+01 1.325000000000000067e-01
5.999999999999999778e-02 -5.122569000000000415e+03 9.250000000000000000e+01 1.325000000000000067e-01
0.000000000000000000e+00 -5.122630000000000109e+03 9.300000000000000000e+01 1.325000000000000067e-01
2.277000000000000135e+00 -5.118904999999999745e+03 9.350000000000000000e+01 1.337000000000000133e-01
0.000000000000000000e+00 -5.121182999999999993e+03 9.400000000000000000e+01 1.337000000000000133e-01
8.299999999999999600e-01 -5.121798999999999978e+03 9.450000000000000000e+01 1.337000000000000133e-01
0.000000000000000000e+00 -5.122630000000000109e+03 9.500000000000000000e+01 1.337000000000000133e-01
2.225999999999999979e+00 -5.118238000000000284e+03 9.550000000000000000e+01 1.461000000000000076e-01
0.000000000000000000e+00 -5.120463999999999942e+03 9.600000000000000000e+01 1.461000000000000076e-01
4.700000000000000011e-02 -5.120720999999999549e+03 9.650000000000000000e+01 1.461000000000000076e-01
0.000000000000000000e+00 -5.120769000000000233e+03 9.700000000000000000e+01 1.461000000000000076e-01
3.430000000000000271e-01 -5.122287000000000262e+03 9.750000000000000000e+01 1.461000000000000076e-01
0.000000000000000000e+00 -5.122630000000000109e+03 9.800000000000000000e+01 1.461000000000000076e-01
2.496999999999999886e+00 -5.118091999999999643e+03 9.850000000000000000e+01 1.526000000000000134e-01
0.000000000000000000e+00 -5.120588999999999942e+03 9.900000000000000000e+01 1.526000000000000134e-01
4.259999999999999898e-01 -5.119800000000000182e+03 9.950000000000000000e+01 1.526000000000000134e-01
0.000000000000000000e+00 -5.120225999999999658e+03 1.000000000000000000e+02 1.526000000000000134e-01
6.300000000000000044e-02 -5.120525999999999840e+03 1.005000000000000000e+02 1.526000000000000134e-01
0.000000000000000000e+00 -5.120588999999999942e+03 1.010000000000000000e+02 1.526000000000000134e-01
5.300000000000000266e-01 -5.119886000000000422e+03 1.015000000000000000e+02 1.526000000000000134e-01
0.000000000000000000e+00 -5.120417000000000371e+03 1.020000000000000000e+02 1.526000000000000134e-01
3.579999999999999849e-01 -5.120229999999999563e+03 1.025000000000000000e+02 1.526000000000000134e-01
0.000000000000000000e+00 -5.120588999999999942e+03 1.030000000000000000e+02 1.526000000000000134e-01
4.259999999999999898e-01 -5.119800000000000182e+03 1.035000000000000000e+02 1.526000000000000134e-01
0.000000000000000000e+00 -5.120225999999999658e+03 1.040000000000000000e+02 1.526000000000000134e-01
8.999999999999999320e-03 -5.122298999999999978e+03 1.045000000000000000e+02 1.526000000000000134e-01
0.000000000000000000e+00 -5.122307999999999993e+03 1.050000000000000000e+02 1.526000000000000134e-01
1.951000000000000068e+00 -5.119234999999999673e+03 1.055000000000000000e+02 1.529999999999999971e-01
0.000000000000000000e+00 -5.121185999999999694e+03 1.060000000000000000e+02 1.529999999999999971e-01
8.289999999999999591e-01 -5.121479000000000269e+03 1.065000000000000000e+02 1.529999999999999971e-01
0.000000000000000000e+00 -5.122307999999999993e+03 1.070000000000000000e+02 1.529999999999999971e-01
2.225999999999999979e+00 -5.117917000000000371e+03 1.075000000000000000e+02 1.531000000000000139e-01
0.000000000000000000e+00 -5.120144000000000233e+03 1.080000000000000000e+02 1.531000000000000139e-01
5.299999999999999850e-02 -5.122268000000000029e+03 1.085000000000000000e+02 1.531000000000000139e-01
0.000000000000000000e+00 -5.122320999999999913e+03 1.090000000000000000e+02 1.531000000000000139e-01
1.953999999999999959e+00 -5.119243999999999687e+03 1.095000000000000000e+02 1.532000000000000028e-01
0.000000000000000000e+00 -5.121198000000000320e+03 1.100000000000000000e+02 1.532000000000000028e-01
8.309999999999999609e-01 -5.121489999999999782e+03 1.105000000000000000e+02 1.532000000000000028e-01
0.000000000000000000e+00 -5.122320999999999913e+03 1.110000000000000000e+02 1.532000000000000028e-01
1.953999999999999959e+00 -5.119243999999999687e+03 1.115000000000000000e+02 1.535999999999999865e-01
0.000000000000000000e+00 -5.121198000000000320e+03 1.120000000000000000e+02 1.535999999999999865e-01
8.309999999999999609e-01 -5.121489999999999782e+03 1.125000000000000000e+02 1.535999999999999865e-01
0.000000000000000000e+00 -5.122320999999999913e+03 1.130000000000000000e+02 1.535999999999999865e-01
1.953999999999999959e+00 -5.119243999999999687e+03 1.135000000000000000e+02 1.539000000000000090e-01
0.000000000000000000e+00 -5.121198000000000320e+03 1.140000000000000000e+02 1.539000000000000090e-01
8.309999999999999609e-01 -5.121489999999999782e+03 1.145000000000000000e+02 1.539000000000000090e-01
0.000000000000000000e+00 -5.122320999999999913e+03 1.150000000000000000e+02 1.539000000000000090e-01
2.044999999999999929e+00 -5.118757999999999811e+03 1.155000000000000000e+02 1.540999999999999870e-01
0.000000000000000000e+00 -5.120802999999999884e+03 1.160000000000000000e+02 1.540999999999999870e-01
5.260000000000000231e-01 -5.121795000000000073e+03 1.165000000000000000e+02 1.540999999999999870e-01
0.000000000000000000e+00 -5.122320999999999913e+03 1.170000000000000000e+02 1.540999999999999870e-01
1.953000000000000069e+00 -5.119244999999999891e+03 1.175000000000000000e+02 1.544999999999999984e-01
0.000000000000000000e+00 -5.121198000000000320e+03 1.180000000000000000e+02 1.544999999999999984e-01
8.299999999999999600e-01 -5.121490999999999985e+03 1.185000000000000000e+02 1.544999999999999984e-01
0.000000000000000000e+00 -5.122320999999999913e+03 1.190000000000000000e+02 1.544999999999999984e-01
2.250000000000000000e+00 -5.118181999999999789e+03 1.195000000000000000e+02 1.549000000000000099e-01
0.000000000000000000e+00 -5.120431999999999789e+03 1.200000000000000000e+02 1.549000000000000099e-01
3.609999999999999876e-01 -5.121960000000000036e+03 1.205000000000000000e+02 1.549000000000000099e-01
0.000000000000000000e+00 -5.122320999999999913e+03 1.210000000000000000e+02 1.549000000000000099e-01
1.953999999999999959e+00 -5.119244999999999891e+03 1.215000000000000000e+02 1.549000000000000099e-01
0.000000000000000000e+00 -5.121198000000000320e+03 1.220000000000000000e+02 1.549000000000000099e-01
8.309999999999999609e-01 -5.121490999999999985e+03 1.225000000000000000e+02 1.549000000000000099e-01
0.000000000000000000e+00 -5.122320999999999913e+03 1.230000000000000000e+02 1.549000000000000099e-01
1.953999999999999959e+00 -5.119244999999999891e+03 1.235000000000000000e+02 1.552000000000000046e-01
0.000000000000000000e+00 -5.121198000000000320e+03 1.240000000000000000e+02 1.552000000000000046e-01
8.309999999999999609e-01 -5.121490999999999985e+03 1.245000000000000000e+02 1.552000000000000046e-01
0.000000000000000000e+00 -5.122320999999999913e+03 1.250000000000000000e+02 1.552000000000000046e-01
1.953999999999999959e+00 -5.119244999999999891e+03 1.255000000000000000e+02 1.565000000000000002e-01
0.000000000000000000e+00 -5.121198000000000320e+03 1.260000000000000000e+02 1.565000000000000002e-01
8.309999999999999609e-01 -5.121490999999999985e+03 1.265000000000000000e+02 1.565000000000000002e-01
0.000000000000000000e+00 -5.122320999999999913e+03 1.270000000000000000e+02 1.565000000000000002e-01
1.953999999999999959e+00 -5.119244999999999891e+03 1.275000000000000000e+02 1.569000000000000117e-01
0.000000000000000000e+00 -5.121198000000000320e+03 1.280000000000000000e+02 1.569000000000000117e-01
8.309999999999999609e-01 -5.121490999999999985e+03 1.285000000000000000e+02 1.569000000000000117e-01
0.000000000000000000e+00 -5.122320999999999913e+03 1.290000000000000000e+02 1.569000000000000117e-01
1.953999999999999959e+00 -5.119244999999999891e+03 1.295000000000000000e+02 1.574000000000000121e-01
0.000000000000000000e+00 -5.121198000000000320e+03 1.300000000000000000e+02 1.574000000000000121e-01
8.309999999999999609e-01 -5.121490999999999985e+03 1.305000000000000000e+02 1.574000000000000121e-01
0.000000000000000000e+00 -5.122320999999999913e+03 1.310000000000000000e+02 1.574000000000000121e-01
1.953999999999999959e+00 -5.119244999999999891e+03 1.315000000000000000e+02 1.575999999999999901e-01
0.000000000000000000e+00 -5.121198000000000320e+03 1.320000000000000000e+02 1.575999999999999901e-01
8.309999999999999609e-01 -5.121490999999999985e+03 1.325000000000000000e+02 1.575999999999999901e-01
0.000000000000000000e+00 -5.122320999999999913e+03 1.330000000000000000e+02 1.575999999999999901e-01
1.953999999999999959e+00 -5.119244999999999891e+03 1.335000000000000000e+02 1.579000000000000126e-01
0.000000000000000000e+00 -5.121198000000000320e+03 1.340000000000000000e+02 1.579000000000000126e-01
8.309999999999999609e-01 -5.121490999999999985e+03 1.345000000000000000e+02 1.579000000000000126e-01
0.000000000000000000e+00 -5.122320999999999913e+03 1.350000000000000000e+02 1.579000000000000126e-01
2.391999999999999904e+00 -5.117632999999999811e+03 1.355000000000000000e+02 1.582999999999999963e-01
0.000000000000000000e+00 -5.120024999999999636e+03 1.360000000000000000e+02 1.582999999999999963e-01
9.600000000000000200e-02 -5.122212999999999738e+03 1.365000000000000000e+02 1.582999999999999963e-01
0.000000000000000000e+00 -5.122309000000000196e+03 1.370000000000000000e+02 1.582999999999999963e-01
1.955999999999999961e+00 -5.119229999999999563e+03 1.375000000000000000e+02 1.595999999999999919e-01
0.000000000000000000e+00 -5.121185000000000400e+03 1.380000000000000000e+02 1.595999999999999919e-01
8.319999999999999618e-01 -5.121478000000000065e+03 1.385000000000000000e+02 1.595999999999999919e-01
0.000000000000000000e+00 -5.122309000000000196e+03 1.390000000000000000e+02 1.595999999999999919e-01
1.955999999999999961e+00 -5.119229999999999563e+03 1.395000000000000000e+02 1.600999999999999923e-01
0.000000000000000000e+00 -5.121185000000000400e+03 1.400000000000000000e+02 1.600999999999999923e-01
8.319999999999999618e-01 -5.121478000000000065e+03 1.405000000000000000e+02 1.600999999999999923e-01
0.000000000000000000e+00 -5.122309000000000196e+03 1.410000000000000000e+02 1.600999999999999923e-01
1.955999999999999961e+00 -5.119229999999999563e+03 1.415000000000000000e+02 1.607999999999999985e-01
0.000000000000000000e+00 -5.121185000000000400e+03 1.420000000000000000e+02 1.607999999999999985e-01
8.319999999999999618e-01 -5.121478000000000065e+03 1.425000000000000000e+02 1.607999999999999985e-01
0.000000000000000000e+00 -5.122309000000000196e+03 1.430000000000000000e+02 1.607999999999999985e-01
1.955999999999999961e+00 -5.119229999999999563e+03 1.435000000000000000e+02 1.622000000000000108e-01
0.000000000000000000e+00 -5.121185000000000400e+03 1.440000000000000000e+02 1.622000000000000108e-01
8.319999999999999618e-01 -5.121478000000000065e+03 1.445000000000000000e+02 1.622000000000000108e-01
0.000000000000000000e+00 -5.122309000000000196e+03 1.450000000000000000e+02 1.622000000000000108e-01
1.955999999999999961e+00 -5.119229999999999563e+03 1.455000000000000000e+02 1.625000000000000056e-01
0.000000000000000000e+00 -5.121185000000000400e+03 1.460000000000000000e+02 1.625000000000000056e-01
8.319999999999999618e-01 -5.121478000000000065e+03 1.465000000000000000e+02 1.625000000000000056e-01
0.000000000000000000e+00 -5.122309000000000196e+03 1.470000000000000000e+02 1.625000000000000056e-01
2.249000000000000110e+00 -5.118172999999999774e+03 1.475000000000000000e+02 1.625999999999999945e-01
0.000000000000000000e+00 -5.120421999999999571e+03 1.480000000000000000e+02 1.625999999999999945e-01
3.619999999999999885e-01 -5.121947000000000116e+03 1.485000000000000000e+02 1.625999999999999945e-01
0.000000000000000000e+00 -5.122309000000000196e+03 1.490000000000000000e+02 1.625999999999999945e-01
1.955999999999999961e+00 -5.119229999999999563e+03 1.495000000000000000e+02 1.635000000000000064e-01
0.000000000000000000e+00 -5.121185000000000400e+03 1.500000000000000000e+02 1.635000000000000064e-01
1.217999999999999972e+00 -5.118912000000000262e+03 1.505000000000000000e+02 1.635000000000000064e-01
0.000000000000000000e+00 -5.120130000000000109e+03 1.510000000000000000e+02 1.635000000000000064e-01
1.049999999999999961e-01 -5.120947000000000116e+03 1.515000000000000000e+02 1.635000000000000064e-01
0.000000000000000000e+00 -5.121051000000000386e+03 1.520000000000000000e+02 1.635000000000000064e-01
5.839999999999999636e-01 -5.119975999999999658e+03 1.525000000000000000e+02 1.635000000000000064e-01
0.000000000000000000e+00 -5.120560000000000400e+03 1.530000000000000000e+02 1.635000000000000064e-01
9.299999999999999933e-02 -5.120957999999999629e+03 1.535000000000000000e+02 1.635000000000000064e-01
0.000000000000000000e+00 -5.121051000000000386e+03 1.540000000000000000e+02 1.635000000000000064e-01
5.959999999999999742e-01 -5.122377999999999702e+03 1.545000000000000000e+02 1.635000000000000064e-01
0.000000000000000000e+00 -5.122974000000000160e+03 1.550000000000000000e+02 1.635000000000000064e-01
2.213000000000000078e+00 -5.118618999999999687e+03 1.555000000000000000e+02 1.680000000000000104e-01
0.000000000000000000e+00 -5.120832000000000335e+03 1.560000000000000000e+02 1.680000000000000104e-01
2.280000000000000082e-01 -5.122756999999999607e+03 1.565000000000000000e+02 1.680000000000000104e-01
0.000000000000000000e+00 -5.122984999999999673e+03 1.570000000000000000e+02 1.680000000000000104e-01
1.997000000000000108e+00 -5.119573000000000320e+03 1.575000000000000000e+02 1.693999999999999950e-01
0.000000000000000000e+00 -5.121569999999999709e+03 1.580000000000000000e+02 1.693999999999999950e-01
5.829999999999999627e-01 -5.122395000000000437e+03 1.585000000000000000e+02 1.693999999999999950e-01
0.000000000000000000e+00 -5.122976999999999862e+03 1.590000000000000000e+02 1.693999999999999950e-01
1.971999999999999975e+00 -5.119604999999999563e+03 1.595000000000000000e+02 1.698000000000000065e-01
0.000000000000000000e+00 -5.121577000000000226e+03 1.600000000000000000e+02 1.698000000000000065e-01
6.119999999999999885e-01 -5.122328999999999724e+03 1.605000000000000000e+02 1.698000000000000065e-01
0.000000000000000000e+00 -5.122939999999999600e+03 1.610000000000000000e+02 1.698000000000000065e-01
1.975000000000000089e+00 -5.119609000000000378e+03 1.615000000000000000e+02 1.705000000000000127e-01
0.000000000000000000e+00 -5.121583999999999833e+03 1.620000000000000000e+02 1.705000000000000127e-01
5.819999999999999618e-01 -5.122345999999999549e+03 1.625000000000000000e+02 1.705000000000000127e-01
0.000000000000000000e+00 -5.122927999999999884e+03 1.630000000000000000e+02 1.705000000000000127e-01
1.925000000000000044e+00 -5.119658999999999651e+03 1.635000000000000000e+02 1.713000000000000078e-01
0.000000000000000000e+00 -5.121583999999999833e+03 1.640000000000000000e+02 1.713000000000000078e-01
6.179999999999999938e-01 -5.122317000000000007e+03 1.645000000000000000e+02 1.713000000000000078e-01
0.000000000000000000e+00 -5.122935000000000400e+03 1.650000000000000000e+02 1.713000000000000078e-01
1.971999999999999975e+00 -5.119605999999999767e+03 1.655000000000000000e+02 1.716999999999999915e-01
0.000000000000000000e+00 -5.121578000000000429e+03 1.660000000000000000e+02 1.716999999999999915e-01
6.250000000000000000e-01 -5.122350999999999658e+03 1.665000000000000000e+02 1.716999999999999915e-01
0.000000000000000000e+00 -5.122976999999999862e+03 1.670000000000000000e+02 1.716999999999999915e-01
2.311999999999999833e+00 -5.118813000000000102e+03 1.675000000000000000e+02 1.900000000000000022e-01
0.000000000000000000e+00 -5.121125000000000000e+03 1.680000000000000000e+02 1.900000000000000022e-01
3.340000000000000191e-01 -5.122658999999999651e+03 1.685000000000000000e+02 1.900000000000000022e-01
0.000000000000000000e+00 -5.122993000000000393e+03 1.690000000000000000e+02 1.900000000000000022e-01
2.051000000000000156e+00 -5.119421000000000276e+03 1.695000000000000000e+02 1.917999999999999983e-01
0.000000000000000000e+00 -5.121471999999999753e+03 1.700000000000000000e+02 1.917999999999999983e-01
5.300000000000000266e-01 -5.122462999999999738e+03 1.705000000000000000e+02 1.917999999999999983e-01
0.000000000000000000e+00 -5.122993000000000393e+03 1.710000000000000000e+02 1.917999999999999983e-01
2.051000000000000156e+00 -5.119421000000000276e+03 1.715000000000000000e+02 1.920000000000000040e-01
0.000000000000000000e+00 -5.121471999999999753e+03 1.720000000000000000e+02 1.920000000000000040e-01
6.999999999999999556e-01 -5.122293999999999869e+03 1.725000000000000000e+02 1.920000000000000040e-01
0.000000000000000000e+00 -5.122993999999999687e+03 1.730000000000000000e+02 1.920000000000000040e-01
2.051000000000000156e+00 -5.119421999999999571e+03 1.735000000000000000e+02 1.925999999999999934e-01
0.000000000000000000e+00 -5.121471999999999753e+03 1.740000000000000000e+02 1.925999999999999934e-01
5.290000000000000258e-01 -5.122463999999999942e+03 1.745000000000000000e+02 1.925999999999999934e-01
0.000000000000000000e+00 -5.122993000000000393e+03 1.750000000000000000e+02 1.925999999999999934e-01
2.176000000000000156e+00 -5.118750000000000000e+03 1.755000000000000000e+02 1.935000000000000053e-01
0.000000000000000000e+00 -5.120926000000000386e+03 1.760000000000000000e+02 1.935000000000000053e-01
1.089999999999999997e-01 -5.122885000000000218e+03 1.765000000000000000e+02 1.935000000000000053e-01
0.000000000000000000e+00 -5.122994999999999891e+03 1.770000000000000000e+02 1.935000000000000053e-01
2.177000000000000046e+00 -5.118748999999999796e+03 1.775000000000000000e+02 1.965000000000000080e-01
0.000000000000000000e+00 -5.120926000000000386e+03 1.780000000000000000e+02 1.965000000000000080e-01
1.749999999999999889e-01 -5.120935999999999694e+03 1.785000000000000000e+02 1.965000000000000080e-01
0.000000000000000000e+00 -5.121110999999999876e+03 1.790000000000000000e+02 1.965000000000000080e-01
3.559999999999999831e-01 -5.122639000000000124e+03 1.795000000000000000e+02 1.965000000000000080e-01
0.000000000000000000e+00 -5.122994999999999891e+03 1.800000000000000000e+02 1.965000000000000080e-01
2.065999999999999837e+00 -5.119367000000000189e+03 1.805000000000000000e+02 1.968999999999999917e-01
0.000000000000000000e+00 -5.121434000000000196e+03 1.810000000000000000e+02 1.968999999999999917e-01
5.220000000000000195e-01 -5.122474000000000160e+03 1.815000000000000000e+02 1.968999999999999917e-01
0.000000000000000000e+00 -5.122996000000000095e+03 1.820000000000000000e+02 1.968999999999999917e-01
2.084999999999999964e+00 -5.119349000000000160e+03 1.825000000000000000e+02 1.998999999999999944e-01
0.000000000000000000e+00 -5.121434000000000196e+03 1.830000000000000000e+02 1.998999999999999944e-01
5.060000000000000053e-01 -5.122490999999999985e+03 1.835000000000000000e+02 1.998999999999999944e-01
0.000000000000000000e+00 -5.122997999999999593e+03 1.840000000000000000e+02 1.998999999999999944e-01
2.069999999999999840e+00 -5.119363999999999578e+03 1.845000000000000000e+02 2.003000000000000058e-01
0.000000000000000000e+00 -5.121434000000000196e+03 1.850000000000000000e+02 2.003000000000000058e-01
5.220000000000000195e-01 -5.122474000000000160e+03 1.855000000000000000e+02 2.003000000000000058e-01
0.000000000000000000e+00 -5.122996000000000095e+03 1.860000000000000000e+02 2.003000000000000058e-01
2.197999999999999954e+00 -5.118729999999999563e+03 1.865000000000000000e+02 2.008000000000000063e-01
0.000000000000000000e+00 -5.120927999999999884e+03 1.870000000000000000e+02 2.008000000000000063e-01
1.310000000000000053e-01 -5.122869999999999891e+03 1.875000000000000000e+02 2.008000000000000063e-01
0.000000000000000000e+00 -5.123000000000000000e+03 1.880000000000000000e+02 2.008000000000000063e-01
2.075000000000000178e+00 -5.119351999999999862e+03 1.885000000000000000e+02 2.023000000000000076e-01
0.000000000000000000e+00 -5.121426999999999680e+03 1.890000000000000000e+02 2.023000000000000076e-01
4.969999999999999973e-01 -5.122510000000000218e+03 1.895000000000000000e+02 2.023000000000000076e-01
0.000000000000000000e+00 -5.123006999999999607e+03 1.900000000000000000e+02 2.023000000000000076e-01
2.355999999999999872e+00 -5.118868999999999687e+03 1.905000000000000000e+02 2.083000000000000129e-01
0.000000000000000000e+00 -5.121225000000000364e+03 1.910000000000000000e+02 2.083000000000000129e-01
5.290000000000000258e-01 -5.122454999999999927e+03 1.915000000000000000e+02 2.083000000000000129e-01
0.000000000000000000e+00 -5.122984000000000378e+03 1.920000000000000000e+02 2.083000000000000129e-01
1.989000000000000101e+00 -5.119582999999999629e+03 1.925000000000000000e+02 2.086999999999999966e-01
0.000000000000000000e+00 -5.121572000000000116e+03 1.930000000000000000e+02 2.086999999999999966e-01
5.699999999999999512e-01 -5.122368000000000393e+03 1.935000000000000000e+02 2.086999999999999966e-01
0.000000000000000000e+00 -5.122938000000000102e+03 1.940000000000000000e+02 2.086999999999999966e-01
1.935999999999999943e+00 -5.119636999999999716e+03 1.945000000000000000e+02 2.088000000000000134e-01
0.000000000000000000e+00 -5.121572000000000116e+03 1.950000000000000000e+02 2.088000000000000134e-01
5.629999999999999449e-01 -5.122417000000000371e+03 1.955000000000000000e+02 2.088000000000000134e-01
0.000000000000000000e+00 -5.122979999999999563e+03 1.960000000000000000e+02 2.088000000000000134e-01
1.969999999999999973e+00 -5.119601999999999862e+03 1.965000000000000000e+02 2.121000000000000107e-01
0.000000000000000000e+00 -5.121572000000000116e+03 1.970000000000000000e+02 2.121000000000000107e-01
6.079999999999999849e-01 -5.122333999999999833e+03 1.975000000000000000e+02 2.121000000000000107e-01
0.000000000000000000e+00 -5.122942000000000007e+03 1.980000000000000000e+02 2.121000000000000107e-01
1.977999999999999980e+00 -5.119594000000000051e+03 1.985000000000000000e+02 2.127999999999999892e-01
0.000000000000000000e+00 -5.121572000000000116e+03 1.990000000000000000e+02 2.127999999999999892e-01
6.079999999999999849e-01 -5.122333999999999833e+03 1.995000000000000000e+02 2.127999999999999892e-01
0.000000000000000000e+00 -5.122942000000000007e+03 2.000000000000000000e+02 2.127999999999999892e-01
1.981000000000000094e+00 -5.119596999999999753e+03 2.005000000000000000e+02 2.137000000000000011e-01
0.000000000000000000e+00 -5.121578000000000429e+03 2.010000000000000000e+02 2.137000000000000011e-01
6.490000000000000213e-01 -5.122292000000000371e+03 2.015000000000000000e+02 2.137000000000000011e-01
0.000000000000000000e+00 -5.122940999999999804e+03 2.020000000000000000e+02 2.137000000000000011e-01
1.979000000000000092e+00 -5.119600000000000364e+03 2.025000000000000000e+02 2.137999999999999901e-01
0.000000000000000000e+00 -5.121578999999999724e+03 2.030000000000000000e+02 2.137999999999999901e-01
5.759999999999999565e-01 -5.122358000000000175e+03 2.035000000000000000e+02 2.137999999999999901e-01
0.000000000000000000e+00 -5.122932999999999993e+03 2.040000000000000000e+02 2.137999999999999901e-01
1.929999999999999938e+00 -5.119649000000000342e+03 2.045000000000000000e+02 2.139999999999999958e-01
0.000000000000000000e+00 -5.121578999999999724e+03 2.050000000000000000e+02 2.139999999999999958e-01
5.759999999999999565e-01 -5.122358000000000175e+03 2.055000000000000000e+02 2.139999999999999958e-01
0.000000000000000000e+00 -5.122932999999999993e+03 2.060000000000000000e+02 2.139999999999999958e-01
1.929999999999999938e+00 -5.119649000000000342e+03 2.065000000000000000e+02 2.144999999999999962e-01
0.000000000000000000e+00 -5.121578999999999724e+03 2.070000000000000000e+02 2.144999999999999962e-01
5.759999999999999565e-01 -5.122358000000000175e+03 2.075000000000000000e+02 2.144999999999999962e-01
0.000000000000000000e+00 -5.122932999999999993e+03 2.080000000000000000e+02 2.144999999999999962e-01
1.997999999999999998e+00 -5.119585000000000036e+03 2.085000000000000000e+02 2.154999999999999971e-01
0.000000000000000000e+00 -5.121582999999999629e+03 2.090000000000000000e+02 2.154999999999999971e-01
5.799999999999999600e-01 -5.122353000000000065e+03 2.095000000000000000e+02 2.154999999999999971e-01
0.000000000000000000e+00 -5.122932999999999993e+03 2.100000000000000000e+02 2.154999999999999971e-01
1.931000000000000050e+00 -5.119652000000000044e+03 2.105000000000000000e+02 2.159000000000000086e-01
0.000000000000000000e+00 -5.121582999999999629e+03 2.110000000000000000e+02 2.159000000000000086e-01
5.799999999999999600e-01 -5.122353000000000065e+03 2.115000000000000000e+02 2.159000000000000086e-01
0.000000000000000000e+00 -5.122932999999999993e+03 2.120000000000000000e+02 2.159000000000000086e-01
1.931000000000000050e+00 -5.119652000000000044e+03 2.125000000000000000e+02 2.159000000000000086e-01
0.000000000000000000e+00 -5.121582999999999629e+03 2.130000000000000000e+02 2.159000000000000086e-01
5.799999999999999600e-01 -5.122354000000000269e+03 2.135000000000000000e+02 2.159000000000000086e-01
0.000000000000000000e+00 -5.122932999999999993e+03 2.140000000000000000e+02 2.159000000000000086e-01
1.931000000000000050e+00 -5.119652000000000044e+03 2.145000000000000000e+02 2.159999999999999976e-01
0.000000000000000000e+00 -5.121582999999999629e+03 2.150000000000000000e+02 2.159999999999999976e-01
6.169999999999999929e-01 -5.122319000000000415e+03 2.155000000000000000e+02 2.159999999999999976e-01
0.000000000000000000e+00 -5.122935999999999694e+03 2.160000000000000000e+02 2.159999999999999976e-01
2.150999999999999801e+00 -5.118720999999999549e+03 2.165000000000000000e+02 2.162999999999999923e-01
0.000000000000000000e+00 -5.120872000000000298e+03 2.170000000000000000e+02 2.162999999999999923e-01
8.699999999999999400e-02 -5.122849000000000160e+03 2.175000000000000000e+02 2.162999999999999923e-01
0.000000000000000000e+00 -5.122935999999999694e+03 2.180000000000000000e+02 2.162999999999999923e-01
1.999000000000000110e+00 -5.119582999999999629e+03 2.185000000000000000e+02 2.167000000000000037e-01
0.000000000000000000e+00 -5.121582000000000335e+03 2.190000000000000000e+02 2.167000000000000037e-01
6.159999999999999920e-01 -5.122320999999999913e+03 2.195000000000000000e+02 2.167000000000000037e-01
0.000000000000000000e+00 -5.122936999999999898e+03 2.200000000000000000e+02 2.167000000000000037e-01
1.999000000000000110e+00 -5.119582000000000335e+03 2.205000000000000000e+02 2.169999999999999984e-01
0.000000000000000000e+00 -5.121581000000000131e+03 2.210000000000000000e+02 2.169999999999999984e-01
6.149999999999999911e-01 -5.122322000000000116e+03 2.215000000000000000e+02 2.169999999999999984e-01
0.000000000000000000e+00 -5.122936999999999898e+03 2.220000000000000000e+02 2.169999999999999984e-01
1.999000000000000110e+00 -5.119582000000000335e+03 2.225000000000000000e+02 2.172999999999999932e-01
0.000000000000000000e+00 -5.121581000000000131e+03 2.230000000000000000e+02 2.172999999999999932e-01
6.149999999999999911e-01 -5.122323000000000320e+03 2.235000000000000000e+02 2.172999999999999932e-01
0.000000000000000000e+00 -5.122938000000000102e+03 2.240000000000000000e+02 2.172999999999999932e-01
1.971000000000000085e+00 -5.119609999999999673e+03 2.245000000000000000e+02 2.174000000000000099e-01
0.000000000000000000e+00 -5.121581000000000131e+03 2.250000000000000000e+02 2.174000000000000099e-01
6.550000000000000266e-01 -5.122278000000000247e+03 2.255000000000000000e+02 2.174000000000000099e-01
0.000000000000000000e+00 -5.122932999999999993e+03 2.260000000000000000e+02 2.174000000000000099e-01
2.165999999999999925e+00 -5.118710000000000036e+03 2.265000000000000000e+02 2.180999999999999883e-01
0.000000000000000000e+00 -5.120876000000000204e+03 2.270000000000000000e+02 2.180999999999999883e-01
4.200000000000000261e-02 -5.121086000000000240e+03 2.275000000000000000e+02 2.180999999999999883e-01
0.000000000000000000e+00 -5.121127999999999702e+03 2.280000000000000000e+02 2.180999999999999883e-01
2.859999999999999765e-01 -5.121353000000000065e+03 2.285000000000000000e+02 2.180999999999999883e-01
0.000000000000000000e+00 -5.121639000000000124e+03 2.290000000000000000e+02 2.180999999999999883e-01
6.300000000000000044e-01 -5.122310000000000400e+03 2.295000000000000000e+02 2.180999999999999883e-01
0.000000000000000000e+00 -5.122939999999999600e+03 2.300000000000000000e+02 2.180999999999999883e-01
1.929999999999999938e+00 -5.119720000000000255e+03 2.305000000000000000e+02 2.187999999999999945e-01
0.000000000000000000e+00 -5.121649999999999636e+03 2.310000000000000000e+02 2.187999999999999945e-01
6.410000000000000142e-01 -5.122298999999999978e+03 2.315000000000000000e+02 2.187999999999999945e-01
0.000000000000000000e+00 -5.122939999999999600e+03 2.320000000000000000e+02 2.187999999999999945e-01
1.929999999999999938e+00 -5.119720000000000255e+03 2.325000000000000000e+02 2.189000000000000112e-01
0.000000000000000000e+00 -5.121649999999999636e+03 2.330000000000000000e+02 2.189000000000000112e-01
6.129999999999999893e-01 -5.122319000000000415e+03 2.335000000000000000e+02 2.189000000000000112e-01
0.000000000000000000e+00 -5.122931999999999789e+03 2.340000000000000000e+02 2.189000000000000112e-01
1.895000000000000018e+00 -5.119756999999999607e+03 2.345000000000000000e+02 2.192999999999999949e-01
0.000000000000000000e+00 -5.121652000000000044e+03 2.350000000000000000e+02 2.192999999999999949e-01
6.340000000000000080e-01 -5.122297999999999774e+03 2.355000000000000000e+02 2.192999999999999949e-01
0.000000000000000000e+00 -5.122931999999999789e+03 2.360000000000000000e+02 2.192999999999999949e-01
1.957000000000000073e+00 -5.119773000000000138e+03 2.365000000000000000e+02 2.192999999999999949e-01
0.000000000000000000e+00 -5.121729999999999563e+03 2.370000000000000000e+02 2.192999999999999949e-01
