# t
0.000000000000000000e+00
8.717759600000000177e-13
1.561024599999999976e-12
1.988609299999999945e-12
2.798263699999999948e-12
3.266639000000000133e-12
6.417195300000000276e-12
6.804438399999999918e-12
7.263689000000000353e-12
7.707292100000000777e-12
7.810623699999999807e-12
2.211986399999999930e-11
3.370901000000000279e-11
2.288146499999999921e-10
2.307217899999999920e-10
7.538657800000000230e-10
7.538773900000000430e-10
7.905834900000000099e-10
1.644801599999999992e-07
1.645252200000000032e-07
2.386505600000000027e-07
2.390273399999999762e-07
2.390273899999999988e-07
2.392768600000000008e-07
2.392769500000000097e-07
2.404350799999999944e-07
2.433608700000000094e-07
4.239947899999999852e-07
6.084908399999999944e-07
6.084916700000000406e-07
8.808522000000000424e-07
8.808555899999999518e-07
8.821296100000000396e-07
1.408398000000000089e-06
1.408403900000000104e-06
4.007450399999999818e-06
4.007451999999999693e-06
4.969232800000000186e-06
5.014208700000000001e-06
6.716776499999999675e-06
6.901841000000000214e-06
7.906313399999999490e-06
7.947817399999999966e-06
1.280672500000000061e-05
1.287774200000000028e-05
1.491224300000000026e-05
1.491807500000000031e-05
1.681490600000000031e-05
1.686322699999999859e-05
1.693039800000000093e-05
1.693930200000000108e-05
1.807061900000000141e-05
1.807062000000000081e-05
1.921916600000000091e-05
1.926531500000000106e-05
1.926889000000000043e-05
1.928553900000000028e-05
2.006186900000000035e-05
2.012266799999999875e-05
2.013899000000000079e-05
2.018940299999999837e-05
2.136896900000000008e-05
2.136897099999999887e-05
2.222158499999999978e-05
2.232014400000000034e-05
2.235410300000000155e-05
2.235428300000000059e-05
2.346674800000000147e-05
2.346674800000000147e-05
2.521679700000000067e-05
2.525203099999999960e-05
2.565344000000000015e-05
2.565344099999999954e-05
2.576603499999999936e-05
2.576603599999999875e-05
2.611603399999999831e-05
2.611603399999999831e-05
2.620312100000000069e-05
2.621965099999999831e-05
2.626180099999999925e-05
2.634316300000000093e-05
2.679459300000000009e-05
2.679459300000000009e-05
2.839955499999999850e-05
2.842717800000000100e-05
2.932859600000000145e-05
2.935404400000000088e-05
3.001013200000000007e-05
3.001013200000000007e-05
3.163600600000000313e-05
3.165657500000000277e-05
3.166449099999999681e-05
3.168875200000000265e-05
3.203113599999999744e-05
3.213389699999999921e-05
3.213393299999999766e-05
3.219556600000000087e-05
3.219556699999999688e-05
3.221638299999999888e-05
3.221649400000000258e-05
3.222840999999999862e-05
3.305677500000000335e-05
3.305677799999999814e-05
3.333204500000000182e-05
3.338730999999999866e-05
3.338737200000000164e-05
3.346843000000000170e-05
3.388895400000000113e-05
3.406056899999999898e-05
3.548880400000000243e-05
3.551207800000000155e-05
3.639482399999999820e-05
3.640848800000000268e-05
3.647372499999999780e-05
3.652830800000000250e-05
3.652830899999999850e-05
3.664761300000000016e-05
3.664785299999999662e-05
3.666703700000000101e-05
3.678426900000000138e-05
3.678426999999999739e-05
3.733228300000000186e-05
3.737167600000000102e-05
3.930331099999999697e-05
3.931728700000000160e-05
3.950336599999999891e-05
4.074532499999999939e-05
4.074944200000000144e-05
4.142957199999999725e-05
4.142957199999999725e-05
4.142957400000000281e-05
4.142957400000000281e-05
4.142957499999999881e-05
4.771406799999999685e-05
4.780872499999999685e-05
4.784122199999999879e-05
4.790721799999999686e-05
4.792002999999999730e-05
4.860350499999999672e-05
4.871553899999999803e-05
4.874368999999999816e-05
4.886801500000000141e-05
4.886803700000000159e-05
4.951120200000000003e-05
4.951126800000000058e-05
5.257901399999999749e-05
5.262156099999999774e-05
5.312340199999999909e-05
5.312344700000000224e-05
5.408530500000000241e-05
5.408531099999999876e-05
5.447313099999999669e-05
5.454774099999999833e-05
5.485162599999999957e-05
5.495344999999999814e-05
5.507869799999999956e-05
5.509129600000000130e-05
5.672870799999999971e-05
5.672870900000000249e-05
5.835487499999999751e-05
5.835490399999999683e-05
5.877494300000000299e-05
5.877930099999999751e-05
5.972339200000000296e-05
5.973151299999999780e-05
6.305746500000000156e-05
6.305746899999999913e-05
6.374483999999999598e-05
6.374490399999999774e-05
6.374714800000000293e-05
6.383764399999999374e-05
6.489518400000000463e-05
6.500547900000000219e-05
6.864674100000000005e-05
6.864675499999999832e-05
6.886497999999999741e-05
6.902285500000000307e-05
7.004673800000000541e-05
7.004673999999999742e-05
7.225675899999999690e-05
7.225678400000000543e-05
7.292053500000000334e-05
7.292054699999999604e-05
7.518447900000000078e-05
7.522440299999999915e-05
7.809084500000000432e-05
7.820265600000000223e-05
8.230838999999999885e-05
8.246611799999999559e-05
8.404309499999999464e-05
8.404309600000000420e-05
8.432230599999999369e-05
8.435500199999999328e-05
8.769655800000000171e-05
8.785878699999999754e-05
8.908195599999999817e-05
8.908196100000000529e-05
8.929957999999999993e-05
8.929958799999999507e-05
8.958999799999999556e-05
8.973535000000000474e-05
9.209457600000000525e-05
9.209457799999999725e-05
9.579511199999999986e-05
9.580327999999999663e-05
9.580872200000000328e-05
9.580874799999999426e-05
9.620434300000000076e-05
9.620434300000000076e-05
9.679923500000000224e-05
9.700761000000000345e-05
9.711770100000000300e-05
9.711777600000000147e-05
9.711781799999999628e-05
9.725673600000000530e-05
9.725674799999999801e-05
9.741730499999999343e-05
9.764442499999999813e-05
9.771451099999999771e-05
9.771451300000000327e-05
9.771737200000000405e-05
9.780557899999999330e-05
9.818413300000000438e-05
9.818415300000000578e-05
9.831875700000000033e-05
9.848976999999999808e-05
9.852281800000000061e-05
9.853706300000000101e-05
9.854063199999999725e-05
9.854856599999999391e-05
9.869842600000000132e-05
9.869884300000000203e-05
9.870109599999999836e-05
9.876774200000000125e-05
9.877111200000000661e-05
9.889265899999999713e-05
9.889269999999999593e-05
9.894513899999999565e-05
9.894818200000000659e-05
9.903656599999999331e-05
9.903705900000000205e-05
9.917763899999999723e-05
9.917984399999999563e-05
9.927486599999999406e-05
9.927520600000000429e-05
9.932791899999999336e-05
9.932972700000000600e-05
9.939151899999999729e-05
9.939367999999999532e-05
9.939390900000000186e-05
9.939404100000000296e-05
9.960102600000000179e-05
9.960368500000000213e-05
9.986256999999999957e-05
9.986291299999999782e-05
1.000558699999999965e-04
1.000610200000000044e-04
1.000682699999999966e-04
1.000736100000000042e-04
1.001361300000000004e-04
1.001374199999999958e-04
1.001409800000000009e-04
1.001420499999999944e-04
1.002411199999999995e-04
1.002487899999999940e-04
1.003748100000000006e-04
1.003753499999999977e-04
1.003923899999999972e-04
1.003929499999999957e-04
1.004261800000000028e-04
1.004293399999999935e-04
1.005526600000000010e-04
1.005540400000000026e-04
1.006144900000000030e-04
1.006195000000000011e-04
1.010332599999999977e-04
1.010342499999999992e-04
1.011402700000000026e-04
1.011405200000000065e-04
1.011599899999999998e-04
1.011603599999999985e-04
1.011878099999999944e-04
1.011886099999999961e-04
1.012989999999999935e-04
1.012990599999999977e-04
1.013256099999999984e-04
1.013297999999999933e-04
1.013310399999999987e-04
1.013624099999999977e-04
1.013671800000000062e-04
1.013675999999999949e-04
1.013693100000000061e-04
1.013779900000000034e-04
1.015909200000000048e-04
1.015930200000000026e-04
1.016378000000000046e-04
1.016393400000000039e-04
1.016425499999999981e-04
1.016482300000000024e-04
1.018459899999999996e-04
1.018468500000000056e-04
1.018650899999999941e-04
1.018677600000000047e-04
1.019504099999999996e-04
1.019548900000000012e-04
1.020064200000000011e-04
1.020077099999999965e-04
1.020383199999999965e-04
1.020390799999999954e-04
1.020698899999999959e-04
1.020742800000000049e-04
1.021051199999999939e-04
1.021092499999999982e-04
1.022065500000000015e-04
1.022090500000000002e-04
1.023015599999999936e-04
1.023024099999999989e-04
1.024487300000000026e-04
1.024508500000000018e-04
1.028023200000000048e-04
1.028028199999999991e-04
1.028773999999999986e-04
1.028777399999999953e-04
1.028898099999999994e-04
1.028916000000000027e-04
1.029031799999999996e-04
1.029043099999999973e-04
1.029664100000000047e-04
1.029675800000000053e-04
1.031113100000000040e-04
1.031137900000000013e-04
1.031543999999999961e-04
1.031546199999999980e-04
1.031940700000000066e-04
1.031987699999999965e-04
1.032225799999999952e-04
1.032246500000000045e-04
1.032491499999999972e-04
1.032493299999999963e-04
1.033446000000000066e-04
1.033481099999999947e-04
1.035228599999999950e-04
1.035230399999999940e-04
1.035616900000000008e-04
1.035633299999999936e-04
1.036205099999999956e-04
1.036208899999999951e-04
1.036525199999999987e-04
1.036527800000000034e-04
1.039335899999999964e-04
1.039422100000000031e-04
1.040521699999999975e-04
1.040557300000000026e-04
1.041658299999999933e-04
1.041715399999999998e-04
1.041965199999999990e-04
1.042006600000000040e-04
1.042442100000000012e-04
1.042452999999999961e-04
1.042698000000000024e-04
1.042702599999999940e-04
1.045036200000000015e-04
1.045062000000000058e-04
1.045862100000000057e-04
1.045930799999999984e-04
1.046394700000000046e-04
1.046410500000000067e-04
1.049199300000000002e-04
1.049263600000000028e-04
1.051468200000000024e-04
1.051507400000000056e-04
1.051538200000000042e-04
1.051564099999999956e-04
1.052174699999999981e-04
1.052198099999999991e-04
1.054730199999999994e-04
1.054736900000000056e-04
1.056087699999999955e-04
1.056100999999999937e-04
1.056546200000000045e-04
1.056546599999999938e-04
1.059009900000000006e-04
1.059012500000000053e-04
1.059314700000000051e-04
1.059360399999999995e-04
1.061309800000000028e-04
1.061332299999999976e-04
1.062280200000000014e-04
1.062338800000000048e-04
1.065772899999999995e-04
1.065803299999999954e-04
1.065947700000000026e-04
1.065950299999999937e-04
1.069408100000000052e-04
1.069411600000000026e-04
1.070433299999999942e-04
1.070446100000000024e-04
1.076431599999999968e-04
1.076491599999999965e-04
1.077457999999999942e-04
1.077508899999999979e-04
1.078063300000000002e-04
1.078066100000000063e-04
1.078903499999999961e-04
1.078958600000000021e-04
1.079164100000000031e-04
1.079201100000000044e-04
1.081161999999999933e-04
1.081175100000000036e-04
1.081365200000000053e-04
1.081378800000000056e-04
1.086737200000000041e-04
1.086755599999999973e-04
1.086773500000000006e-04
1.086800600000000004e-04
1.087543300000000054e-04
1.087609899999999970e-04
1.090531800000000000e-04
1.090548799999999969e-04
1.091241300000000031e-04
1.091312399999999990e-04
1.092051699999999938e-04
1.092055300000000054e-04
1.092609000000000028e-04
1.092614199999999985e-04
1.095273499999999941e-04
1.095322800000000002e-04
1.097444600000000033e-04
1.097450600000000046e-04
1.099240300000000020e-04
1.099244400000000036e-04
1.099686000000000028e-04
1.099694599999999952e-04
1.102089499999999979e-04
1.102230200000000064e-04
1.103429599999999943e-04
1.103430600000000013e-04
1.104610400000000011e-04
1.104632799999999952e-04
1.107167600000000008e-04
1.107799600000000038e-04
1.107807600000000056e-04
1.108392300000000030e-04
1.108398999999999957e-04
1.109015700000000001e-04
1.109034599999999968e-04
1.109762300000000052e-04
1.109762799999999952e-04
1.109805299999999943e-04
1.109809499999999966e-04
1.111424300000000038e-04
1.114441599999999965e-04
1.115132600000000058e-04
1.115138100000000036e-04
1.115288900000000014e-04
1.116495199999999969e-04
1.116521799999999932e-04
1.117284200000000005e-04
1.117298400000000050e-04
1.119036699999999951e-04
1.119049400000000027e-04
1.119865899999999953e-04
1.119867500000000065e-04
1.120251499999999959e-04
1.120280799999999975e-04
1.120373000000000056e-04
1.120375399999999953e-04
1.120575299999999978e-04
1.120607300000000048e-04
1.120769600000000017e-04
1.120780299999999953e-04
1.121462599999999978e-04
1.121478600000000013e-04
1.121631099999999975e-04
1.121649100000000015e-04
1.122170999999999932e-04
1.122186100000000040e-04
1.122345699999999956e-04
1.122351999999999990e-04
1.122358100000000011e-04
1.122411999999999987e-04
1.127295599999999961e-04
1.127339500000000051e-04
1.128891100000000038e-04
1.128893400000000063e-04
1.130123400000000050e-04
1.130137599999999959e-04
1.131878600000000049e-04
1.131896599999999953e-04
1.134029000000000048e-04
1.134034200000000005e-04
1.134285599999999974e-04
1.134332800000000023e-04
1.137140899999999953e-04
1.137169300000000043e-04
1.137363399999999933e-04
1.137365399999999937e-04
1.137492400000000012e-04
1.137558300000000015e-04
1.140384199999999970e-04
1.140401399999999954e-04
1.143223300000000036e-04
1.143288099999999961e-04
1.143345500000000046e-04
1.143349899999999947e-04
1.144514000000000067e-04
1.144570399999999947e-04
1.145293599999999988e-04
1.145304899999999965e-04
1.145859199999999981e-04
1.145895100000000053e-04
1.146297400000000007e-04
1.146330500000000018e-04
1.146683400000000040e-04
1.146714200000000026e-04
1.147151099999999961e-04
1.147174599999999979e-04
1.147460600000000064e-04
1.147463399999999989e-04
1.147847900000000052e-04
1.147856399999999969e-04
1.148148400000000068e-04
1.148171600000000064e-04
1.148234599999999999e-04
1.148236299999999983e-04
1.148611400000000066e-04
1.148623999999999999e-04
1.149530499999999988e-04
1.149580799999999983e-04
1.149952699999999978e-04
1.149970900000000032e-04
1.151286800000000065e-04
1.151287299999999964e-04
1.152931400000000052e-04
1.152938900000000035e-04
1.153635599999999984e-04
1.153646200000000047e-04
1.154100599999999987e-04
1.154142100000000044e-04
1.155674300000000029e-04
1.155742200000000035e-04
1.156703100000000035e-04
1.156710900000000039e-04
1.157768700000000041e-04
1.157781399999999980e-04
1.157818199999999980e-04
1.157839499999999979e-04
1.159045600000000055e-04
1.159052399999999989e-04
1.159238900000000025e-04
1.159253499999999962e-04
1.159295300000000040e-04
1.159344399999999952e-04
1.159685299999999947e-04
1.159688000000000000e-04
1.159764699999999945e-04
1.159775200000000002e-04
1.160508400000000064e-04
1.160522299999999953e-04
1.162585499999999950e-04
1.162592600000000040e-04
1.163600499999999940e-04
1.163616799999999996e-04
1.164264800000000061e-04
1.164279500000000005e-04
1.164458500000000059e-04
1.164494600000000009e-04
1.164960399999999933e-04
1.164982900000000016e-04
1.166579400000000027e-04
1.166596299999999990e-04
1.166937800000000027e-04
1.166959000000000019e-04
1.169973200000000001e-04
1.169990199999999971e-04
1.170417700000000061e-04
1.170421300000000042e-04
1.170602399999999972e-04
1.170633499999999979e-04
1.170718000000000062e-04
1.170827600000000005e-04
1.170959700000000030e-04
1.171019900000000040e-04
1.171359499999999944e-04
1.171385800000000022e-04
1.175618900000000028e-04
1.175649299999999986e-04
1.175858399999999977e-04
1.175884000000000006e-04
1.176233300000000047e-04
1.176328000000000031e-04
1.176392000000000036e-04
1.176419999999999961e-04
1.176582799999999966e-04
1.176589300000000014e-04
1.176944899999999954e-04
1.176953900000000041e-04
1.177523999999999943e-04
1.177529999999999956e-04
1.179068699999999989e-04
1.179083999999999975e-04
1.179522500000000022e-04
1.179522700000000036e-04
1.180807999999999961e-04
1.180836200000000036e-04
1.181494299999999995e-04
1.181536399999999959e-04
1.181604399999999972e-04
1.181610900000000020e-04
1.182029400000000023e-04
1.182068700000000062e-04
1.183614899999999942e-04
1.183630100000000057e-04
1.184060300000000065e-04
1.184076599999999986e-04
1.184179600000000008e-04
1.184181199999999985e-04
1.185957899999999998e-04
1.185969099999999968e-04
1.186054699999999993e-04
1.186174199999999950e-04
1.188747199999999968e-04
1.188756200000000055e-04
1.189140299999999955e-04
1.189169599999999972e-04
1.189943700000000050e-04
1.189959400000000064e-04
1.190143000000000033e-04
1.190150700000000030e-04
1.193681899999999993e-04
1.193682400000000028e-04
1.194074799999999967e-04
1.194097799999999950e-04
1.194312000000000027e-04
1.194331000000000000e-04
1.195695999999999944e-04
1.195699999999999953e-04
1.197068800000000027e-04
1.197079499999999962e-04
1.198475100000000014e-04
1.198485000000000029e-04
1.198587400000000009e-04
1.198600900000000005e-04
1.198700300000000047e-04
1.198715500000000026e-04
1.199310000000000008e-04
1.199325600000000015e-04
1.199938100000000037e-04
1.199945099999999985e-04
1.200199500000000027e-04
1.200209700000000063e-04
1.200491499999999990e-04
1.200494999999999964e-04
1.200894299999999979e-04
1.200904500000000015e-04
1.201436199999999941e-04
1.201458900000000038e-04
1.201986000000000048e-04
1.202014299999999995e-04
1.202721399999999994e-04
1.202743899999999942e-04
1.203369599999999938e-04
1.203384700000000046e-04
1.205725299999999933e-04
1.205729299999999942e-04
1.207005200000000022e-04
1.209142000000000018e-04
1.209823599999999995e-04
1.209845400000000029e-04
1.210386499999999935e-04
1.210423399999999941e-04
1.211400499999999990e-04
1.211432400000000053e-04
1.211617199999999971e-04
1.211669399999999963e-04
1.211677299999999974e-04
1.213338800000000059e-04
1.213339299999999959e-04
1.213699399999999942e-04
1.213703599999999965e-04
1.214684800000000029e-04
1.214912399999999959e-04
1.214915100000000012e-04
1.215150999999999981e-04
1.215151099999999988e-04
1.217542000000000006e-04
1.217554899999999960e-04
1.219001999999999955e-04
1.219005100000000036e-04
1.221115699999999961e-04
1.221124700000000049e-04
1.222668200000000011e-04
1.222768599999999987e-04
1.225299499999999906e-04
1.225305700000000068e-04
1.225329500000000107e-04
1.225361400000000035e-04
1.225897999999999897e-04
1.225898500000000067e-04
1.226455500000000001e-04
1.226460999999999979e-04
1.228905500000000088e-04
1.228917399999999971e-04
1.229372499999999960e-04
1.229421100000000107e-04
1.230833099999999950e-04
1.230865100000000021e-04
1.232829500000000018e-04
1.232851299999999917e-04
1.232881899999999889e-04
1.232911100000000035e-04
1.234464399999999869e-04
1.234464500000000012e-04
1.235387999999999970e-04
1.235389800000000096e-04
1.236148200000000024e-04
1.236156699999999941e-04
1.236451000000000065e-04
1.236480999999999995e-04
1.237058600000000015e-04
1.237072100000000010e-04
1.237238999999999895e-04
1.237240899999999893e-04
1.241084899999999919e-04
1.241087300000000087e-04
1.241210799999999917e-04
1.241217900000000007e-04
1.241856400000000086e-04
1.241857900000000055e-04
1.242084800000000072e-04
1.242092699999999947e-04
1.242146499999999916e-04
1.242151099999999966e-04
1.242418200000000084e-04
1.242464499999999935e-04
1.243795599999999947e-04
1.243796199999999989e-04
1.245960099999999984e-04
1.245964000000000121e-04
1.247225100000000115e-04
1.247245699999999929e-04
1.247459900000000006e-04
1.247471999999999904e-04
1.247730899999999990e-04
1.247740800000000005e-04
1.249358599999999880e-04
1.249399699999999909e-04
1.249532499999999983e-04
1.249534399999999981e-04
1.250684100000000042e-04
1.250726099999999999e-04
1.251289899999999866e-04
1.251304300000000060e-04
1.253852499999999969e-04
1.253876000000000122e-04
1.254134800000000066e-04
1.254167100000000022e-04
1.255528700000000135e-04
1.255538700000000021e-04
1.255812200000000045e-04
1.255860900000000063e-04
1.256685500000000015e-04
1.256716500000000015e-04
1.257744500000000101e-04
1.257780000000000009e-04
1.260935299999999969e-04
1.260947500000000009e-04
1.262124800000000103e-04
1.262130399999999953e-04
1.262979699999999871e-04
1.262979699999999871e-04
1.263336299999999880e-04
1.263363200000000000e-04
1.263921899999999917e-04
1.263926600000000111e-04
1.264286099999999916e-04
1.264287700000000028e-04
1.264383400000000082e-04
1.264407700000000020e-04
1.265791999999999959e-04
1.265801099999999918e-04
1.266558500000000047e-04
1.266559300000000103e-04
1.267143999999999942e-04
1.267147500000000051e-04
1.267389699999999918e-04
1.267414300000000013e-04
1.267699200000000021e-04
1.267699400000000035e-04
1.268111200000000111e-04
1.268134299999999965e-04
1.268174900000000095e-04
1.268193199999999884e-04
1.268434900000000123e-04
1.268454100000000111e-04
1.269794300000000081e-04
1.269797300000000020e-04
1.270376100000000124e-04
1.270455900000000014e-04
1.270695899999999998e-04
1.270708700000000081e-04
1.271711799999999915e-04
1.271813599999999989e-04
1.271962800000000127e-04
1.272012400000000073e-04
1.274882399999999996e-04
1.274889199999999930e-04
1.275111699999999910e-04
1.275111899999999924e-04
1.276228099999999945e-04
1.276260999999999943e-04
1.276269399999999988e-04
1.276338399999999936e-04
1.278194999999999982e-04
1.278204499999999969e-04
1.279679600000000026e-04
1.279736199999999919e-04
1.281732800000000001e-04
1.281745200000000055e-04
1.283628400000000065e-04
1.283660999999999906e-04
1.284228400000000025e-04
1.284297599999999987e-04
1.285377300000000030e-04
1.285437600000000047e-04
1.285827199999999926e-04
1.285898400000000028e-04
1.286212600000000053e-04
1.286238599999999974e-04
1.286863099999999887e-04
1.286871400000000061e-04
1.289756900000000120e-04
1.289762999999999869e-04
1.291354099999999908e-04
1.291392400000000013e-04
1.291952500000000028e-04
1.291955400000000095e-04
1.293226999999999875e-04
1.293239999999999971e-04
1.294126399999999909e-04
1.294169900000000106e-04
1.294433100000000087e-04
1.294482799999999904e-04
1.295191799999999901e-04
1.295205299999999896e-04
1.296502899999999868e-04
1.296565299999999897e-04
1.296816800000000008e-04
1.296826399999999866e-04
1.297368900000000005e-04
1.297381900000000102e-04
1.299998400000000045e-04
1.300016599999999963e-04
1.300490800000000068e-04
1.300525800000000077e-04
1.300732599999999907e-04
1.300734600000000047e-04
1.301615700000000020e-04
1.301645200000000051e-04
1.302165000000000093e-04
1.302172400000000069e-04
1.302605499999999873e-04
1.302608799999999969e-04
1.302782599999999930e-04
1.302787399999999994e-04
1.304824700000000077e-04
1.304825100000000105e-04
1.306541500000000101e-04
1.306592300000000131e-04
1.307012400000000111e-04
1.307031499999999956e-04
1.307994799999999988e-04
1.307995299999999887e-04
1.308050000000000055e-04
1.308078500000000016e-04
1.308199199999999921e-04
1.308205200000000070e-04
1.308955399999999966e-04
1.309000000000000105e-04
1.309061800000000091e-04
1.309066200000000128e-04
1.312062100000000050e-04
1.312075200000000017e-04
1.312270000000000092e-04
1.312276100000000112e-04
1.315740699999999889e-04
1.315800599999999878e-04
1.317485099999999947e-04
1.317573099999999869e-04
1.318282400000000021e-04
1.318307399999999873e-04
1.318866799999999975e-04
1.318882199999999968e-04
1.319752700000000013e-04
1.319792999999999986e-04
1.320890200000000034e-04
1.320923500000000059e-04
1.321479000000000024e-04
1.321488500000000011e-04
1.322827499999999898e-04
1.322833799999999932e-04
1.323153099999999907e-04
1.323186900000000103e-04
1.323194799999999978e-04
1.323197900000000059e-04
1.325963400000000126e-04
1.325990400000000118e-04
1.326542199999999959e-04
1.326560700000000033e-04
1.327583799999999912e-04
1.327584500000000096e-04
1.328127500000000135e-04
1.328168099999999993e-04
1.328659099999999918e-04
1.328697200000000008e-04
1.330118900000000124e-04
1.330124299999999960e-04
1.330249100000000016e-04
1.330256799999999877e-04
1.330314400000000112e-04
1.330322299999999987e-04
1.330850500000000075e-04
1.330852800000000100e-04
1.331006600000000017e-04
1.331009300000000070e-04
1.333363699999999975e-04
1.333365599999999972e-04
1.333747600000000132e-04
1.333796800000000050e-04
1.334005800000000034e-04
1.334053200000000097e-04
1.336273999999999871e-04
1.336282900000000087e-04
1.336473499999999868e-04
1.336476799999999964e-04
1.336962499999999924e-04
1.336964999999999963e-04
1.337384099999999873e-04
1.337415000000000001e-04
1.338765799999999900e-04
1.338794899999999903e-04
1.339331999999999936e-04
1.339358999999999927e-04
1.339493099999999957e-04
1.339500000000000033e-04
1.340023299999999913e-04
1.340051999999999888e-04
1.340738999999999972e-04
1.340781999999999998e-04
1.341226100000000030e-04
1.341232499999999936e-04
1.341238399999999942e-04
1.341245000000000132e-04
1.342332000000000009e-04
1.342354300000000078e-04
1.343126800000000044e-04
1.343150000000000040e-04
1.347088700000000051e-04
1.347484599999999963e-04
1.347487799999999916e-04
1.347680900000000008e-04
1.347695899999999973e-04
1.347769699999999985e-04
1.347777499999999989e-04
1.348139599999999977e-04
1.348383399999999956e-04
1.348392200000000029e-04
1.351461299999999921e-04
1.351546899999999946e-04
1.353729199999999873e-04
1.353761599999999971e-04
1.354375600000000098e-04
1.354390899999999948e-04
1.354579800000000017e-04
1.354590799999999973e-04
1.355481300000000063e-04
1.355494499999999902e-04
1.356314799999999959e-04
1.356322599999999962e-04
1.356579600000000052e-04
1.356587299999999913e-04
1.357151799999999965e-04
1.357156499999999887e-04
1.361817699999999889e-04
1.361817699999999889e-04
1.361817699999999889e-04
1.361817699999999889e-04
1.361817699999999889e-04
1.361817699999999889e-04
1.361817800000000031e-04
1.361817800000000031e-04
1.361817800000000031e-04
1.361817800000000031e-04
1.361817800000000031e-04
1.361817800000000031e-04
1.362352499999999896e-04
1.362352499999999896e-04
1.362352600000000039e-04
1.362352600000000039e-04
1.362352600000000039e-04
1.362352600000000039e-04
1.362352600000000039e-04
1.362352600000000039e-04
1.362352600000000039e-04
1.362352600000000039e-04
1.362352600000000039e-04
1.362352600000000039e-04
1.362352600000000039e-04
1.362352600000000039e-04
1.362352699999999910e-04
1.362352699999999910e-04
1.362352699999999910e-04
1.362352699999999910e-04
1.362352699999999910e-04
1.362352699999999910e-04
1.362352699999999910e-04
1.362352699999999910e-04
1.362352699999999910e-04
1.362352699999999910e-04
1.362352699999999910e-04
1.362352699999999910e-04
1.362352699999999910e-04
1.362352699999999910e-04
1.362352699999999910e-04
1.362352699999999910e-04
1.362352699999999910e-04
1.362352699999999910e-04
1.362352699999999910e-04
1.362352699999999910e-04
1.362352699999999910e-04
1.362352699999999910e-04
1.362352699999999910e-04
1.362352699999999910e-04
1.362352699999999910e-04
1.362352699999999910e-04
1.362352699999999910e-04
1.362352699999999910e-04
1.362352699999999910e-04
1.362352699999999910e-04
1.362352699999999910e-04
1.362352699999999910e-04
1.362352800000000053e-04
1.362352800000000053e-04
1.362352800000000053e-04
1.362352800000000053e-04
1.362352800000000053e-04
1.362352800000000053e-04
1.362352800000000053e-04
1.362352800000000053e-04
1.362352800000000053e-04
1.362352800000000053e-04
1.371775299999999876e-04
1.371775299999999876e-04
1.371775400000000019e-04
1.371775400000000019e-04
1.371775400000000019e-04
1.371775400000000019e-04
1.371775400000000019e-04
1.371775400000000019e-04
1.371775400000000019e-04
1.371775400000000019e-04
1.383735199999999938e-04
1.383735199999999938e-04
1.383735199999999938e-04
1.383735199999999938e-04
1.383735199999999938e-04
1.383735199999999938e-04
1.383735199999999938e-04
1.383735300000000080e-04
1.383735300000000080e-04
1.383735300000000080e-04
1.383735300000000080e-04
1.383735300000000080e-04
1.383735300000000080e-04
1.383735300000000080e-04
1.383735300000000080e-04
1.383735300000000080e-04
1.383735300000000080e-04
1.383735300000000080e-04
1.383735300000000080e-04
1.383735300000000080e-04
1.383735300000000080e-04
1.383735300000000080e-04
1.383735300000000080e-04
1.383735399999999952e-04
1.383735399999999952e-04
1.383735399999999952e-04
1.383735399999999952e-04
1.383735399999999952e-04
1.383735399999999952e-04
1.383735399999999952e-04
1.383735399999999952e-04
1.383735399999999952e-04
1.383735399999999952e-04
1.383735399999999952e-04
1.383735399999999952e-04
1.383735399999999952e-04
1.383735399999999952e-04
1.383735399999999952e-04
1.383735500000000094e-04
1.383735500000000094e-04
1.383735500000000094e-04
1.383735500000000094e-04
1.383735500000000094e-04
1.383735500000000094e-04
1.383735500000000094e-04
1.383735500000000094e-04
1.383735500000000094e-04
1.383735500000000094e-04
1.383735500000000094e-04
1.383735500000000094e-04
1.383735500000000094e-04
1.383735500000000094e-04
1.383735500000000094e-04
1.383735500000000094e-04
1.401707800000000085e-04
1.401707800000000085e-04
1.401707800000000085e-04
1.401707800000000085e-04
1.401707800000000085e-04
1.401707800000000085e-04
1.401707800000000085e-04
1.401707800000000085e-04
1.401707800000000085e-04
1.401707800000000085e-04
1.401707800000000085e-04
1.401707800000000085e-04
1.401707800000000085e-04
1.401707800000000085e-04
1.401707800000000085e-04
1.401707800000000085e-04
1.401707800000000085e-04
1.401707800000000085e-04
1.401707800000000085e-04
1.401707800000000085e-04
1.401707899999999956e-04
1.401707899999999956e-04
1.401707899999999956e-04
1.401707899999999956e-04
1.401707899999999956e-04
1.401707899999999956e-04
1.401707899999999956e-04
1.401707899999999956e-04
1.401707899999999956e-04
1.401707899999999956e-04
1.401707899999999956e-04
1.401707899999999956e-04
1.401707899999999956e-04
1.401707899999999956e-04
1.401707899999999956e-04
1.401707899999999956e-04
1.401707899999999956e-04
1.401707899999999956e-04
1.401707899999999956e-04
1.401707899999999956e-04
1.401707899999999956e-04
1.401707899999999956e-04
1.401707899999999956e-04
1.401707899999999956e-04
1.401708000000000099e-04
1.401708000000000099e-04
1.401708000000000099e-04
1.401708000000000099e-04
1.401708000000000099e-04
1.401708000000000099e-04
1.401708000000000099e-04
1.401708000000000099e-04
1.401708000000000099e-04
1.401708000000000099e-04
1.401708000000000099e-04
1.401708000000000099e-04
1.401708000000000099e-04
1.401708000000000099e-04
1.401708000000000099e-04
1.401708000000000099e-04
1.401708000000000099e-04
1.401708000000000099e-04
1.401708000000000099e-04
1.401708000000000099e-04
1.401708000000000099e-04
1.401708000000000099e-04
1.401708000000000099e-04
1.401708000000000099e-04
1.401708000000000099e-04
1.401708000000000099e-04
1.403988599999999990e-04
1.404067099999999925e-04
1.407399499999999941e-04
1.407399499999999941e-04
1.407399499999999941e-04
1.407399499999999941e-04
1.407399499999999941e-04
1.407399499999999941e-04
1.407399499999999941e-04
1.407399499999999941e-04
1.407399499999999941e-04
1.407399499999999941e-04
1.407399499999999941e-04
1.407399499999999941e-04
1.407399499999999941e-04
1.407399499999999941e-04
1.407399499999999941e-04
1.407399499999999941e-04
1.407399499999999941e-04
1.407399499999999941e-04
1.407399499999999941e-04
1.407399499999999941e-04
1.407399600000000083e-04
1.407399600000000083e-04
1.407399600000000083e-04
1.407399600000000083e-04
1.407399600000000083e-04
1.407399600000000083e-04
1.407399600000000083e-04
1.407399600000000083e-04
1.407399600000000083e-04
1.407399600000000083e-04
1.407399699999999955e-04
1.407399699999999955e-04
1.407399699999999955e-04
1.407399699999999955e-04
1.407399699999999955e-04
1.407399699999999955e-04
1.407399699999999955e-04
1.407399699999999955e-04
1.407399699999999955e-04
1.407399699999999955e-04
1.407399699999999955e-04
1.407399699999999955e-04
1.407399699999999955e-04
1.407399699999999955e-04
1.407399699999999955e-04
1.407399699999999955e-04
1.407399699999999955e-04
1.407399699999999955e-04
1.407399699999999955e-04
1.407399699999999955e-04
1.407399699999999955e-04
1.407399699999999955e-04
1.407399800000000097e-04
1.407399800000000097e-04
1.407399800000000097e-04
1.407399800000000097e-04
1.407399800000000097e-04
1.407399800000000097e-04
1.407399800000000097e-04
1.407399800000000097e-04
1.407399800000000097e-04
1.407399800000000097e-04
1.407399800000000097e-04
1.407399800000000097e-04
1.407399800000000097e-04
1.407399800000000097e-04
1.407399800000000097e-04
1.407399800000000097e-04
1.407399800000000097e-04
1.407399800000000097e-04
1.407399800000000097e-04
1.407399800000000097e-04
1.407399899999999969e-04
1.407399899999999969e-04
1.407399899999999969e-04
1.407399899999999969e-04
1.407399899999999969e-04
1.407399899999999969e-04
1.407399899999999969e-04
1.407399899999999969e-04
1.407399899999999969e-04
1.407399899999999969e-04
1.407399899999999969e-04
1.407399899999999969e-04
1.407399899999999969e-04
1.407399899999999969e-04
1.407399899999999969e-04
1.407399899999999969e-04
1.407399899999999969e-04
1.407399899999999969e-04
1.407399899999999969e-04
1.407399899999999969e-04
1.407399899999999969e-04
1.407399899999999969e-04
1.414595400000000127e-04
1.414595400000000127e-04
1.414595400000000127e-04
1.414595400000000127e-04
1.414595400000000127e-04
1.414595400000000127e-04
1.414595400000000127e-04
1.414595400000000127e-04
1.414595400000000127e-04
1.414595400000000127e-04
1.414595400000000127e-04
1.414595400000000127e-04
1.414595400000000127e-04
1.414595400000000127e-04
1.414595400000000127e-04
1.414595400000000127e-04
1.414595400000000127e-04
1.414595400000000127e-04
1.414595400000000127e-04
1.414595400000000127e-04
1.414595400000000127e-04
1.414595400000000127e-04
1.416154999999999996e-04
1.416329300000000128e-04
1.422819199999999986e-04
1.422851600000000084e-04
1.423265699999999914e-04
1.423265699999999914e-04
1.423265699999999914e-04
1.423265699999999914e-04
1.423265699999999914e-04
1.423265699999999914e-04
1.423265699999999914e-04
1.423265699999999914e-04
1.423265699999999914e-04
1.423265699999999914e-04
1.423265699999999914e-04
1.423265699999999914e-04
1.423265699999999914e-04
1.423265699999999914e-04
1.423265800000000057e-04
1.423265800000000057e-04
1.423265800000000057e-04
1.423265800000000057e-04
1.423265800000000057e-04
1.423265800000000057e-04
1.423265800000000057e-04
1.423265800000000057e-04
1.423265800000000057e-04
1.423265800000000057e-04
1.423265800000000057e-04
1.423265800000000057e-04
1.423265800000000057e-04
1.423265800000000057e-04
1.423265800000000057e-04
1.423265800000000057e-04
1.423265800000000057e-04
1.423265800000000057e-04
1.423265800000000057e-04
1.423265800000000057e-04
1.423265800000000057e-04
1.423265800000000057e-04
1.423265800000000057e-04
1.423265800000000057e-04
1.423265800000000057e-04
1.423265800000000057e-04
1.423265800000000057e-04
1.423265800000000057e-04
1.423265800000000057e-04
1.423265800000000057e-04
1.423265800000000057e-04
1.423265899999999928e-04
1.423265899999999928e-04
1.423265899999999928e-04
1.423265899999999928e-04
1.423265899999999928e-04
1.423265899999999928e-04
1.423265899999999928e-04
1.423265899999999928e-04
1.423265899999999928e-04
1.423265899999999928e-04
1.423265899999999928e-04
1.429075999999999936e-04
1.429100499999999888e-04
1.437344700000000089e-04
1.437344700000000089e-04
1.437344700000000089e-04
1.437344700000000089e-04
1.437344700000000089e-04
1.437344700000000089e-04
1.437344700000000089e-04
1.437344700000000089e-04
1.437344700000000089e-04
1.437344700000000089e-04
1.437344700000000089e-04
1.437344700000000089e-04
1.437344700000000089e-04
1.437344700000000089e-04
1.437344700000000089e-04
1.437344700000000089e-04
1.437344700000000089e-04
1.437344700000000089e-04
1.437344700000000089e-04
1.437344700000000089e-04
1.437344700000000089e-04
1.437344700000000089e-04
1.437344700000000089e-04
1.437344799999999961e-04
1.437344799999999961e-04
1.437344799999999961e-04
1.437344799999999961e-04
1.437344799999999961e-04
1.437344799999999961e-04
1.437344799999999961e-04
1.437344799999999961e-04
1.437344799999999961e-04
1.438935200000000087e-04
1.438967900000000071e-04
1.439118999999999934e-04
1.439192300000000048e-04
1.441409500000000112e-04
1.441409500000000112e-04
1.441409500000000112e-04
1.441409500000000112e-04
1.441409500000000112e-04
1.441409500000000112e-04
1.441409500000000112e-04
1.441409500000000112e-04
1.441409500000000112e-04
1.441409500000000112e-04
1.441409500000000112e-04
1.441409500000000112e-04
1.441409500000000112e-04
1.441409500000000112e-04
1.441809099999999877e-04
1.441809099999999877e-04
1.441809099999999877e-04
1.441809099999999877e-04
1.442381100000000047e-04
1.442381100000000047e-04
1.442381100000000047e-04
1.442381100000000047e-04
1.442381100000000047e-04
1.442381100000000047e-04
1.442381100000000047e-04
1.442381100000000047e-04
1.442381100000000047e-04
1.442381100000000047e-04
1.442381100000000047e-04
1.442381100000000047e-04
1.442381100000000047e-04
1.442381100000000047e-04
1.442381100000000047e-04
1.442381100000000047e-04
1.442381100000000047e-04
1.442381100000000047e-04
1.442381199999999918e-04
1.442381199999999918e-04
1.442381199999999918e-04
1.442381199999999918e-04
1.442381199999999918e-04
1.442381199999999918e-04
1.442381199999999918e-04
1.442381199999999918e-04
1.442381199999999918e-04
1.442381199999999918e-04
1.443909400000000030e-04
1.471886900000000085e-04
1.472725699999999946e-04
1.473255199999999989e-04
1.473452399999999960e-04
1.486353200000000113e-04
1.487281300000000122e-04
1.489221599999999924e-04
1.489221700000000067e-04
1.493945100000000083e-04
1.498082500000000035e-04
1.498111200000000010e-04
1.498251899999999959e-04
1.498251899999999959e-04
1.498251899999999959e-04
1.498251899999999959e-04
1.498251899999999959e-04
1.498251899999999959e-04
1.498251899999999959e-04
1.498251899999999959e-04
1.498251899999999959e-04
1.498251899999999959e-04
1.498251899999999959e-04
1.498251899999999959e-04
1.498251899999999959e-04
1.498251899999999959e-04
1.498251899999999959e-04
1.498251899999999959e-04
1.498251899999999959e-04
1.498251899999999959e-04
1.498251899999999959e-04
1.498251899999999959e-04
1.498252000000000101e-04
1.498252000000000101e-04
1.498252000000000101e-04
1.498252000000000101e-04
1.498252000000000101e-04
1.498252000000000101e-04
1.498252000000000101e-04
1.498252000000000101e-04
1.498252000000000101e-04
1.498252000000000101e-04
1.498252000000000101e-04
1.498252000000000101e-04
1.498252000000000101e-04
1.498252000000000101e-04
1.498252000000000101e-04
1.498252000000000101e-04
1.498252000000000101e-04
1.498252000000000101e-04
1.498252000000000101e-04
1.498252000000000101e-04
1.498252000000000101e-04
1.498252000000000101e-04
1.498252000000000101e-04
1.498252000000000101e-04
1.498252000000000101e-04
1.498252000000000101e-04
1.498252000000000101e-04
1.498252000000000101e-04
1.498252000000000101e-04
1.498252000000000101e-04
1.498252000000000101e-04
1.498252000000000101e-04
1.498252099999999973e-04
1.498252099999999973e-04
1.498252099999999973e-04
1.498252099999999973e-04
1.498252099999999973e-04
1.498252099999999973e-04
1.498252099999999973e-04
1.498252099999999973e-04
1.498252099999999973e-04
1.498252099999999973e-04
1.498252099999999973e-04
1.498252099999999973e-04
1.498252099999999973e-04
1.498252099999999973e-04
1.498252099999999973e-04
1.498252099999999973e-04
1.498252099999999973e-04
1.498252099999999973e-04
1.498252099999999973e-04
1.498252099999999973e-04
1.498252099999999973e-04
1.498252099999999973e-04
1.498252200000000115e-04
1.498252200000000115e-04
1.498252200000000115e-04
1.498252200000000115e-04
1.498252200000000115e-04
1.498252200000000115e-04
1.498252200000000115e-04
1.498252200000000115e-04
1.498252200000000115e-04
1.498252200000000115e-04
1.498252200000000115e-04
1.498252200000000115e-04
1.498252200000000115e-04
1.498252200000000115e-04
1.498252200000000115e-04
1.498252200000000115e-04
1.498252200000000115e-04
1.498252200000000115e-04
1.498252200000000115e-04
1.498252200000000115e-04
1.498252200000000115e-04
1.498252200000000115e-04
1.498252200000000115e-04
1.498252200000000115e-04
1.498252299999999987e-04
1.498252299999999987e-04
1.498252299999999987e-04
1.498252299999999987e-04
1.498252299999999987e-04
1.498252299999999987e-04
1.498252299999999987e-04
1.498252299999999987e-04
1.498252299999999987e-04
1.498252299999999987e-04
1.498252299999999987e-04
1.498252299999999987e-04
1.498252299999999987e-04
1.498252299999999987e-04
1.498252299999999987e-04
1.498252299999999987e-04
1.498252299999999987e-04
1.498252299999999987e-04
1.498252299999999987e-04
1.498252299999999987e-04
1.498252299999999987e-04
1.498252299999999987e-04
1.498252299999999987e-04
1.498252299999999987e-04
1.498252299999999987e-04
1.498252299999999987e-04
1.498252299999999987e-04
1.498252299999999987e-04
1.498252299999999987e-04
1.498252299999999987e-04
1.498252299999999987e-04
1.498252299999999987e-04
1.498252299999999987e-04
1.498252299999999987e-04
1.498252299999999987e-04
1.498252299999999987e-04
1.498252299999999987e-04
1.498252299999999987e-04
1.498252299999999987e-04
1.498252299999999987e-04
1.498252400000000129e-04
1.498252400000000129e-04
1.498252400000000129e-04
1.498252400000000129e-04
1.498252400000000129e-04
1.498252400000000129e-04
1.498252400000000129e-04
1.498252400000000129e-04
1.498252400000000129e-04
1.498252400000000129e-04
1.498252400000000129e-04
1.498252400000000129e-04
1.498252400000000129e-04
1.498252400000000129e-04
1.498252400000000129e-04
1.498252400000000129e-04
1.498252400000000129e-04
1.498252400000000129e-04
1.498252400000000129e-04
1.498252400000000129e-04
1.498252400000000129e-04
1.498252500000000001e-04
1.498252500000000001e-04
1.498252500000000001e-04
1.498252500000000001e-04
1.498252500000000001e-04
1.498252500000000001e-04
1.498252500000000001e-04
1.498252500000000001e-04
1.498252500000000001e-04
1.498252500000000001e-04
1.498252500000000001e-04
1.498252500000000001e-04
1.498252500000000001e-04
1.498252500000000001e-04
1.498252500000000001e-04
1.498252500000000001e-04
1.498252500000000001e-04
1.498252500000000001e-04
1.498252500000000001e-04
1.498252500000000001e-04
1.498252500000000001e-04
1.498252500000000001e-04
1.498252500000000001e-04
1.498252500000000001e-04
1.498252500000000001e-04
1.498252500000000001e-04
1.498252500000000001e-04
1.498252500000000001e-04
1.498252500000000001e-04
1.498252500000000001e-04
1.498252500000000001e-04
1.498252500000000001e-04
1.498252500000000001e-04
1.498252599999999872e-04
1.498252599999999872e-04
1.498252599999999872e-04
1.498252599999999872e-04
1.498252599999999872e-04
1.498252599999999872e-04
1.498252599999999872e-04
1.498252599999999872e-04
1.498252599999999872e-04
1.498252599999999872e-04
1.498252599999999872e-04
1.498252599999999872e-04
1.498252599999999872e-04
1.498252599999999872e-04
1.498252700000000015e-04
1.498252700000000015e-04
1.498252700000000015e-04
1.498252700000000015e-04
1.498252700000000015e-04
1.498252700000000015e-04
1.498252700000000015e-04
1.498252700000000015e-04
1.498252700000000015e-04
1.498252700000000015e-04
1.498252700000000015e-04
1.498252700000000015e-04
1.498252700000000015e-04
1.498252700000000015e-04
1.498252700000000015e-04
1.498252700000000015e-04
1.498252700000000015e-04
1.498252700000000015e-04
1.498252700000000015e-04
1.498252700000000015e-04
1.498252799999999886e-04
1.498252799999999886e-04
1.498252799999999886e-04
1.498252799999999886e-04
1.498252799999999886e-04
1.498252799999999886e-04
1.498252799999999886e-04
1.498252799999999886e-04
1.498252799999999886e-04
1.498252799999999886e-04
1.498252799999999886e-04
1.498252799999999886e-04
1.498252799999999886e-04
1.498252799999999886e-04
1.498252799999999886e-04
1.498252799999999886e-04
1.498252799999999886e-04
1.498252799999999886e-04
1.498252799999999886e-04
1.498252799999999886e-04
1.498252900000000029e-04
1.498252900000000029e-04
1.498252900000000029e-04
1.498252900000000029e-04
1.498252900000000029e-04
1.498252900000000029e-04
1.498252900000000029e-04
1.498252900000000029e-04
1.498252900000000029e-04
1.498252900000000029e-04
1.498252900000000029e-04
1.498252900000000029e-04
1.498252900000000029e-04
1.498252900000000029e-04
1.498252900000000029e-04
1.498252900000000029e-04
1.498252900000000029e-04
1.498252900000000029e-04
1.498252900000000029e-04
1.498252900000000029e-04
1.498252900000000029e-04
1.498252900000000029e-04
1.498252900000000029e-04
1.498252900000000029e-04
1.498252900000000029e-04
1.498252900000000029e-04
1.498252900000000029e-04
1.498252900000000029e-04
1.498252900000000029e-04
1.498252900000000029e-04
1.498252999999999900e-04
1.498252999999999900e-04
1.498252999999999900e-04
1.498252999999999900e-04
1.498340099999999895e-04
1.522942500000000064e-04
1.523302100000000013e-04
1.532970999999999997e-04
1.534225199999999915e-04
1.534225199999999915e-04
1.534225199999999915e-04
1.534225199999999915e-04
1.534225199999999915e-04
1.534225199999999915e-04
1.534225199999999915e-04
1.534225199999999915e-04
1.534225300000000057e-04
1.534225300000000057e-04
1.534225300000000057e-04
1.534225300000000057e-04
1.534225300000000057e-04
1.534225300000000057e-04
1.534225300000000057e-04
1.534225300000000057e-04
1.534225300000000057e-04
1.534225300000000057e-04
1.534225300000000057e-04
1.534225300000000057e-04
1.534225300000000057e-04
1.534225300000000057e-04
1.534225300000000057e-04
1.534225300000000057e-04
1.534225300000000057e-04
1.534225300000000057e-04
1.534225300000000057e-04
1.534225300000000057e-04
1.534225300000000057e-04
1.534225300000000057e-04
1.534225300000000057e-04
1.534225300000000057e-04
1.534225300000000057e-04
1.534225399999999929e-04
1.536286900000000078e-04
1.536303100000000128e-04
1.536588100000000007e-04
1.536588100000000007e-04
1.536588100000000007e-04
1.536588100000000007e-04
1.536588100000000007e-04
1.536588100000000007e-04
1.536588100000000007e-04
1.536588100000000007e-04
1.536588100000000007e-04
1.536588100000000007e-04
1.536588100000000007e-04
1.536588100000000007e-04
1.536588100000000007e-04
1.536588100000000007e-04
1.536588100000000007e-04
1.536588199999999879e-04
1.536588199999999879e-04
1.536588199999999879e-04
1.536588199999999879e-04
1.536588199999999879e-04
1.536588199999999879e-04
1.536588199999999879e-04
1.536588199999999879e-04
1.536588199999999879e-04
1.536588199999999879e-04
1.536588199999999879e-04
1.536588199999999879e-04
1.536588199999999879e-04
1.536588199999999879e-04
1.536588199999999879e-04
1.536588199999999879e-04
1.536588199999999879e-04
1.536588199999999879e-04
1.536588199999999879e-04
1.536588199999999879e-04
1.536588199999999879e-04
1.536588199999999879e-04
1.536588199999999879e-04
1.536588300000000021e-04
1.536588300000000021e-04
1.536588300000000021e-04
1.536588300000000021e-04
1.536588300000000021e-04
1.536588300000000021e-04
1.536588300000000021e-04
1.536588300000000021e-04
1.536588300000000021e-04
1.536588300000000021e-04
1.536588300000000021e-04
1.536588300000000021e-04
1.536588300000000021e-04
1.536588300000000021e-04
1.536670799999999965e-04
1.536670799999999965e-04
1.539572199999999916e-04
1.539584399999999957e-04
1.539779400000000045e-04
1.539779400000000045e-04
1.539779400000000045e-04
1.539779400000000045e-04
1.547151900000000118e-04
1.547202600000000005e-04
1.547871100000000014e-04
1.547871100000000014e-04
1.547871100000000014e-04
1.547871100000000014e-04
1.547871100000000014e-04
1.547871100000000014e-04
1.547871100000000014e-04
1.547871100000000014e-04
1.547871199999999886e-04
1.547871199999999886e-04
1.547871199999999886e-04
1.547871199999999886e-04
1.547871199999999886e-04
1.547871199999999886e-04
1.547871199999999886e-04
1.547871199999999886e-04
1.547871199999999886e-04
1.547871199999999886e-04
1.550247500000000102e-04
1.550535600000000063e-04
1.563384800000000129e-04
1.563531800000000113e-04
1.564801899999999923e-04
1.593497299999999920e-04
1.596054400000000045e-04
1.596506799999999979e-04
1.601626200000000051e-04
1.601648199999999964e-04
1.602798700000000081e-04
1.603049799999999893e-04
1.603050199999999921e-04
1.603344399999999902e-04
1.605667099999999892e-04
1.605688599999999906e-04
1.605885600000000134e-04
1.605886500000000062e-04
1.606168200000000117e-04
1.606193599999999997e-04
1.606854900000000044e-04
1.606964699999999864e-04
1.607846300000000009e-04
1.607857699999999993e-04
1.609497900000000079e-04
1.609655600000000134e-04
1.611070700000000059e-04
1.611151700000000033e-04
1.615141099999999931e-04
1.615141099999999931e-04
1.615141099999999931e-04
1.615141099999999931e-04
1.615141099999999931e-04
1.615141099999999931e-04
1.615141099999999931e-04
1.615141099999999931e-04
1.615141099999999931e-04
1.615141099999999931e-04
1.615141099999999931e-04
1.615141099999999931e-04
1.615141099999999931e-04
1.615141099999999931e-04
1.615141099999999931e-04
1.615141099999999931e-04
1.615141099999999931e-04
1.615141099999999931e-04
1.615141099999999931e-04
1.615141099999999931e-04
1.615141099999999931e-04
1.615141099999999931e-04
1.615141099999999931e-04
1.615141099999999931e-04
1.615141200000000073e-04
1.615141200000000073e-04
1.615141200000000073e-04
1.615141200000000073e-04
1.615141200000000073e-04
1.615141200000000073e-04
1.615141200000000073e-04
1.615141200000000073e-04
1.615141200000000073e-04
1.615141200000000073e-04
1.615141200000000073e-04
1.615141200000000073e-04
1.615141200000000073e-04
1.615141200000000073e-04
1.615141200000000073e-04
1.615141200000000073e-04
1.617047499999999937e-04
1.617427699999999971e-04
1.617707300000000015e-04
1.617710999999999867e-04
1.621947199999999954e-04
1.621947199999999954e-04
1.621947199999999954e-04
1.621947199999999954e-04
1.621947199999999954e-04
1.622872999999999937e-04
1.622945799999999880e-04
1.623208299999999947e-04
1.623711800000000069e-04
1.624401200000000049e-04
1.624466899999999902e-04
1.624749499999999884e-04
1.628145599999999884e-04
1.632048100000000072e-04
1.632064500000000135e-04
1.632064500000000135e-04
1.632282099999999908e-04
1.632282099999999908e-04
1.633221500000000030e-04
1.633221500000000030e-04
1.633245700000000096e-04
1.633245700000000096e-04
1.633360799999999881e-04
1.633360799999999881e-04
1.633366199999999988e-04
1.640322000000000047e-04
1.640333200000000018e-04
1.642069200000000030e-04
1.642094700000000052e-04
1.642710999999999933e-04
1.642712099999999874e-04
1.647171800000000010e-04
1.977259600000000079e-04
1.977322500000000007e-04
1.983116599999999979e-04
1.983293399999999879e-04
1.983318899999999901e-04
1.983318899999999901e-04
1.985185199999999948e-04
1.985185199999999948e-04
1.985198800000000086e-04
1.986202200000000077e-04
1.986267699999999916e-04
1.991104700000000019e-04
1.991119299999999956e-04
1.991119299999999956e-04
1.991846300000000127e-04
1.991868599999999925e-04
1.992613899999999885e-04
2.052913900000000104e-04
2.056967299999999871e-04
2.056967699999999899e-04
2.057677099999999923e-04
2.057692699999999931e-04
2.057692699999999931e-04
2.057848299999999974e-04
2.057848299999999974e-04
2.057953399999999872e-04
2.057953399999999872e-04
2.057953399999999872e-04
2.058751900000000030e-04
2.058775100000000027e-04
2.060055199999999995e-04
2.060056000000000051e-04
2.063202000000000037e-04
2.063211700000000038e-04
2.063211700000000038e-04
2.063304799999999910e-04
2.063304799999999910e-04
2.063314099999999883e-04
2.063314099999999883e-04
2.063320199999999903e-04
2.065171000000000086e-04
2.065171600000000128e-04
2.065171600000000128e-04
2.065305300000000129e-04
2.065305300000000129e-04
2.066104400000000059e-04
2.066104400000000059e-04
2.068572899999999949e-04
2.068591699999999909e-04
2.070878800000000119e-04
2.070878800000000119e-04
2.075604899999999918e-04
2.075607300000000086e-04
2.076516900000000020e-04
2.076521199999999915e-04
2.076521199999999915e-04
2.077489000000000126e-04
2.077489000000000126e-04
2.077489000000000126e-04
2.077504799999999876e-04
2.077504799999999876e-04
2.077558600000000116e-04
2.077570799999999885e-04
2.077570799999999885e-04
2.077591500000000114e-04
2.077591500000000114e-04
2.077717999999999883e-04
2.077717999999999883e-04
2.077738700000000111e-04
2.077738700000000111e-04
2.078869100000000042e-04
2.078873399999999936e-04
2.078873399999999936e-04
2.078919399999999901e-04
2.080691300000000121e-04
2.080728200000000127e-04
2.080728200000000127e-04
2.080865399999999967e-04
2.080865399999999967e-04
2.081517099999999885e-04
2.081528399999999998e-04
2.081625100000000122e-04
2.088312700000000122e-04
2.089676700000000131e-04
2.089684300000000121e-04
2.090575699999999866e-04
2.090647999999999910e-04
2.091991800000000132e-04
2.091991800000000132e-04
2.091991800000000132e-04
2.092003400000000130e-04
2.092691600000000027e-04
2.092694300000000080e-04
2.092792200000000017e-04
2.092825199999999886e-04
2.092918199999999887e-04
2.092925499999999991e-04
2.095465800000000025e-04
2.095491999999999960e-04
2.095491999999999960e-04
2.095494000000000100e-04
2.097312399999999913e-04
2.097312399999999913e-04
2.098400400000000130e-04
2.098403200000000055e-04
2.098403200000000055e-04
2.098579100000000028e-04
2.098579100000000028e-04
2.098815700000000045e-04
2.098815700000000045e-04
2.099688399999999973e-04
2.099688399999999973e-04
2.100160700000000080e-04
2.100160700000000080e-04
2.100193600000000078e-04
2.100401100000000092e-04
2.100406899999999956e-04
2.100443100000000049e-04
2.100451500000000095e-04
2.109719599999999959e-04
2.109733400000000111e-04
2.109733400000000111e-04
2.110802800000000112e-04
2.110802800000000112e-04
2.112465900000000038e-04
2.112465999999999910e-04
2.112877799999999986e-04
2.126786399999999896e-04
2.127179800000000040e-04
2.307251999999999979e-04
2.307869899999999972e-04
2.307894799999999952e-04
2.308275600000000028e-04
2.327004399999999949e-04
2.331199599999999878e-04
2.349087200000000042e-04
2.350554500000000095e-04
2.358267000000000100e-04
2.358722100000000088e-04
2.358722100000000088e-04
2.358722100000000088e-04
2.358722100000000088e-04
2.358722100000000088e-04
2.358722100000000088e-04
2.358722100000000088e-04
2.358722100000000088e-04
2.358722100000000088e-04
2.358722100000000088e-04
2.358722100000000088e-04
2.358722100000000088e-04
2.358722100000000088e-04
2.358722199999999959e-04
2.358722199999999959e-04
2.358722199999999959e-04
2.358722199999999959e-04
2.358722199999999959e-04
2.359226499999999866e-04
2.359226499999999866e-04
2.359226499999999866e-04
2.359226499999999866e-04
2.359226499999999866e-04
2.359226499999999866e-04
2.359226499999999866e-04
2.359226499999999866e-04
2.359226499999999866e-04
2.359226499999999866e-04
2.359226499999999866e-04
2.359226499999999866e-04
2.361065999999999935e-04
2.361168699999999937e-04
2.361199099999999895e-04
2.361199099999999895e-04
2.361199099999999895e-04
2.361199099999999895e-04
2.361199099999999895e-04
2.361199099999999895e-04
2.361199099999999895e-04
2.361199099999999895e-04
2.361199200000000038e-04
2.361199200000000038e-04
2.361199200000000038e-04
2.361199200000000038e-04
2.361199200000000038e-04
2.361199200000000038e-04
2.361199200000000038e-04
2.361199200000000038e-04
2.361199200000000038e-04
2.361199200000000038e-04
2.361199200000000038e-04
2.361199200000000038e-04
2.361199200000000038e-04
2.361199200000000038e-04
2.361199200000000038e-04
2.361199200000000038e-04
2.361199200000000038e-04
2.361199200000000038e-04
2.361199299999999909e-04
2.361199299999999909e-04
2.361199299999999909e-04
2.361199299999999909e-04
2.361199299999999909e-04
2.361199299999999909e-04
2.361199299999999909e-04
2.361199299999999909e-04
2.361199299999999909e-04
2.361199299999999909e-04
2.361199299999999909e-04
2.361199299999999909e-04
2.361199299999999909e-04
2.361199299999999909e-04
2.361199299999999909e-04
2.361199299999999909e-04
2.361199299999999909e-04
2.361199299999999909e-04
2.361199299999999909e-04
2.361199299999999909e-04
2.361199400000000052e-04
2.361199400000000052e-04
2.361199400000000052e-04
2.361199400000000052e-04
2.361199400000000052e-04
2.361199400000000052e-04
2.361199400000000052e-04
2.361199400000000052e-04
2.361199400000000052e-04
2.361199400000000052e-04
2.361199400000000052e-04
2.361199400000000052e-04
2.361199400000000052e-04
2.361199400000000052e-04
2.361199400000000052e-04
2.361199400000000052e-04
2.361199499999999923e-04
2.361199499999999923e-04
2.361199499999999923e-04
2.361199499999999923e-04
2.361199499999999923e-04
2.361199499999999923e-04
2.361199499999999923e-04
2.361199499999999923e-04
2.361199499999999923e-04
2.361199499999999923e-04
2.361199499999999923e-04
2.361199499999999923e-04
2.361199499999999923e-04
2.361199499999999923e-04
2.361199499999999923e-04
2.361199499999999923e-04
2.361199499999999923e-04
2.361199499999999923e-04
2.361199499999999923e-04
2.361199499999999923e-04
2.361199600000000065e-04
2.361199600000000065e-04
2.361199600000000065e-04
2.361199600000000065e-04
2.361199600000000065e-04
2.361199600000000065e-04
2.361199600000000065e-04
2.361199600000000065e-04
2.361199600000000065e-04
2.361199600000000065e-04
2.361199600000000065e-04
2.361199600000000065e-04
2.361199600000000065e-04
2.361199600000000065e-04
2.361199600000000065e-04
2.361199600000000065e-04
2.361199600000000065e-04
2.361199600000000065e-04
2.361199600000000065e-04
2.361199600000000065e-04
2.361199699999999937e-04
2.361199699999999937e-04
2.361199699999999937e-04
2.361199699999999937e-04
2.361199699999999937e-04
2.361199699999999937e-04
2.361199699999999937e-04
2.361199699999999937e-04
2.361199699999999937e-04
2.361199699999999937e-04
2.361199699999999937e-04
2.361199699999999937e-04
2.361199699999999937e-04
2.361199699999999937e-04
2.361199699999999937e-04
2.361199699999999937e-04
2.361199699999999937e-04
2.361199699999999937e-04
2.361199699999999937e-04
2.361199699999999937e-04
2.361199699999999937e-04
2.361199699999999937e-04
2.361199800000000079e-04
2.361199800000000079e-04
2.361199800000000079e-04
2.361199800000000079e-04
2.361199800000000079e-04
2.361199800000000079e-04
2.361199800000000079e-04
2.361199800000000079e-04
2.361199800000000079e-04
2.361199800000000079e-04
2.361199800000000079e-04
2.361199800000000079e-04
2.361199800000000079e-04
2.361199800000000079e-04
2.361199800000000079e-04
2.361199800000000079e-04
2.361199800000000079e-04
2.361199800000000079e-04
2.361199800000000079e-04
2.361199800000000079e-04
2.361199899999999951e-04
2.361199899999999951e-04
2.361199899999999951e-04
2.361199899999999951e-04
2.361199899999999951e-04
2.361199899999999951e-04
2.361199899999999951e-04
2.361199899999999951e-04
2.361199899999999951e-04
2.361199899999999951e-04
2.361199899999999951e-04
2.361199899999999951e-04
2.361199899999999951e-04
2.361199899999999951e-04
2.361199899999999951e-04
2.361199899999999951e-04
2.361199899999999951e-04
2.361199899999999951e-04
2.361199899999999951e-04
2.361199899999999951e-04
2.361199899999999951e-04
2.361199899999999951e-04
2.361200000000000093e-04
2.361200000000000093e-04
2.361200000000000093e-04
2.361200000000000093e-04
2.361200000000000093e-04
2.361200000000000093e-04
2.361200000000000093e-04
2.361200000000000093e-04
2.361200000000000093e-04
2.361200000000000093e-04
2.361200000000000093e-04
2.361200000000000093e-04
2.361200000000000093e-04
2.361200000000000093e-04
2.361200000000000093e-04
2.361200000000000093e-04
2.361200000000000093e-04
2.361200000000000093e-04
2.361200000000000093e-04
2.361200000000000093e-04
2.361200000000000093e-04
2.361200000000000093e-04
2.361200000000000093e-04
2.361200000000000093e-04
2.361200000000000093e-04
2.361200000000000093e-04
2.361200000000000093e-04
2.361200000000000093e-04
2.361200000000000093e-04
2.361200000000000093e-04
2.361200099999999965e-04
2.361200099999999965e-04
2.361200099999999965e-04
2.361200099999999965e-04
2.361200099999999965e-04
2.361200099999999965e-04
2.361200099999999965e-04
2.361200099999999965e-04
2.361200099999999965e-04
2.361200099999999965e-04
2.361200099999999965e-04
2.361200099999999965e-04
2.361200099999999965e-04
2.361200099999999965e-04
2.361466099999999871e-04
2.361492999999999991e-04
2.361492999999999991e-04
2.362055699999999917e-04
2.362826499999999899e-04
2.363792299999999970e-04
2.363803600000000083e-04
2.365415600000000094e-04
2.365415600000000094e-04
2.365415600000000094e-04
2.365415600000000094e-04
2.365415600000000094e-04
2.365415600000000094e-04
2.365415600000000094e-04
2.365415600000000094e-04
2.365415600000000094e-04
2.365415600000000094e-04
2.365415600000000094e-04
2.365415600000000094e-04
2.365415600000000094e-04
2.365415600000000094e-04
2.365415699999999966e-04
2.365415699999999966e-04
2.365415699999999966e-04
2.365415699999999966e-04
2.365415699999999966e-04
2.365415699999999966e-04
2.368057099999999889e-04
2.368057099999999889e-04
2.368057099999999889e-04
2.368057099999999889e-04
2.368057099999999889e-04
2.368057200000000032e-04
2.368057200000000032e-04
2.368057200000000032e-04
2.368057200000000032e-04
2.368057200000000032e-04
2.368057200000000032e-04
2.368057200000000032e-04
2.368057200000000032e-04
2.368057200000000032e-04
2.368057200000000032e-04
2.368057200000000032e-04
2.368057200000000032e-04
2.368057200000000032e-04
2.368057200000000032e-04
2.368057200000000032e-04
2.368057200000000032e-04
2.368057200000000032e-04
2.368057200000000032e-04
2.368057200000000032e-04
2.368057200000000032e-04
2.368057200000000032e-04
2.368057200000000032e-04
2.368057200000000032e-04
2.368057200000000032e-04
2.368057200000000032e-04
2.368057200000000032e-04
2.368057200000000032e-04
2.368057200000000032e-04
2.368057200000000032e-04
2.368057299999999903e-04
2.368057299999999903e-04
2.368057299999999903e-04
2.368057299999999903e-04
2.368057299999999903e-04
2.368057299999999903e-04
2.368057299999999903e-04
2.368057299999999903e-04
2.368057299999999903e-04
2.368057299999999903e-04
2.368057299999999903e-04
2.368057299999999903e-04
2.368057299999999903e-04
2.368057299999999903e-04
2.368057299999999903e-04
2.368057299999999903e-04
2.368057299999999903e-04
2.368057299999999903e-04
2.368057299999999903e-04
2.368057299999999903e-04
2.368057299999999903e-04
2.368057299999999903e-04
2.368057299999999903e-04
2.368057299999999903e-04
2.368057299999999903e-04
2.368057299999999903e-04
2.368057299999999903e-04
2.368057299999999903e-04
2.368057299999999903e-04
2.368057299999999903e-04
2.368057299999999903e-04
2.368057299999999903e-04
2.368057299999999903e-04
2.368057299999999903e-04
2.368057400000000046e-04
2.368057400000000046e-04
2.368057400000000046e-04
2.368057400000000046e-04
2.368057400000000046e-04
2.368057400000000046e-04
2.368057400000000046e-04
2.368057400000000046e-04
2.368057400000000046e-04
2.368057400000000046e-04
2.368057400000000046e-04
2.368057400000000046e-04
2.368057400000000046e-04
2.368057400000000046e-04
2.368057400000000046e-04
2.368057400000000046e-04
2.368057400000000046e-04
2.368057400000000046e-04
2.368057400000000046e-04
2.368057400000000046e-04
2.368057400000000046e-04
2.368057400000000046e-04
2.368057400000000046e-04
2.368057400000000046e-04
2.368057400000000046e-04
2.368057400000000046e-04
2.368057400000000046e-04
2.368057400000000046e-04
2.368057400000000046e-04
2.368057400000000046e-04
2.368057499999999917e-04
2.368057499999999917e-04
2.368057499999999917e-04
2.368057499999999917e-04
2.368057499999999917e-04
2.368057499999999917e-04
2.368057499999999917e-04
2.368057499999999917e-04
2.368057499999999917e-04
2.368057499999999917e-04
2.368057499999999917e-04
2.368057499999999917e-04
2.368057499999999917e-04
2.368057499999999917e-04
2.368057499999999917e-04
2.368057499999999917e-04
2.368057499999999917e-04
2.368057499999999917e-04
2.368057499999999917e-04
2.368057499999999917e-04
2.368057499999999917e-04
2.368057499999999917e-04
2.368057600000000060e-04
2.368057600000000060e-04
2.368057600000000060e-04
2.368057600000000060e-04
2.368057600000000060e-04
2.368057600000000060e-04
2.368057600000000060e-04
2.368057600000000060e-04
2.368057600000000060e-04
2.368057600000000060e-04
2.368057600000000060e-04
2.368057600000000060e-04
2.368057600000000060e-04
2.368057600000000060e-04
2.368057600000000060e-04
2.368057600000000060e-04
2.368057600000000060e-04
2.368057600000000060e-04
2.368057600000000060e-04
2.368057600000000060e-04
2.368057600000000060e-04
2.368057699999999931e-04
2.368057699999999931e-04
2.368057699999999931e-04
2.368057699999999931e-04
2.368057699999999931e-04
2.368057699999999931e-04
2.368057699999999931e-04
2.368057699999999931e-04
2.368057699999999931e-04
2.368057699999999931e-04
2.368057699999999931e-04
2.368057699999999931e-04
2.368057699999999931e-04
2.368057699999999931e-04
2.368057699999999931e-04
2.368057699999999931e-04
2.368057699999999931e-04
2.368057699999999931e-04
2.368057699999999931e-04
2.368057699999999931e-04
2.368057699999999931e-04
2.368057699999999931e-04
2.368178999999999879e-04
2.368178999999999879e-04
2.368935599999999952e-04
2.368935599999999952e-04
2.369334799999999960e-04
2.369340600000000095e-04
2.369340600000000095e-04
2.369393899999999893e-04
2.369393899999999893e-04
2.369972900000000011e-04
2.369972900000000011e-04
2.370955200000000017e-04
2.370955200000000017e-04
2.371208799999999868e-04
2.371220099999999981e-04
2.371991400000000134e-04
2.372012599999999991e-04
2.372012599999999991e-04
2.373880199999999993e-04
2.373880199999999993e-04
2.373880199999999993e-04
2.373880199999999993e-04
2.373880199999999993e-04
2.373880199999999993e-04
2.373880199999999993e-04
2.373880199999999993e-04
2.373880199999999993e-04
2.373880199999999993e-04
2.373880199999999993e-04
2.373880199999999993e-04
2.373880199999999993e-04
2.373880199999999993e-04
2.373880300000000135e-04
2.373880300000000135e-04
2.373880300000000135e-04
2.373880300000000135e-04
2.373880300000000135e-04
2.373880300000000135e-04
2.373880300000000135e-04
2.373880300000000135e-04
2.373880300000000135e-04
2.373880300000000135e-04
2.373880300000000135e-04
2.373880300000000135e-04
2.373880300000000135e-04
2.374845699999999908e-04
2.374850800000000129e-04
2.374850800000000129e-04
2.376349299999999925e-04
2.376349299999999925e-04
2.376370700000000067e-04
2.380147700000000014e-04
2.380178099999999972e-04
2.380178099999999972e-04
2.380827199999999979e-04
2.380827199999999979e-04
2.381194599999999931e-04
2.381195699999999872e-04
2.383163100000000080e-04
2.383194100000000080e-04
2.389401500000000098e-04
2.389555000000000129e-04
2.391279000000000115e-04
2.391300500000000128e-04
2.392146000000000051e-04
2.392146000000000051e-04
2.392146000000000051e-04
2.392146000000000051e-04
2.392146000000000051e-04
2.392146000000000051e-04
2.392146000000000051e-04
2.392146000000000051e-04
2.392146000000000051e-04
2.392146000000000051e-04
2.392146000000000051e-04
2.392146000000000051e-04
2.392146000000000051e-04
2.392146000000000051e-04
2.392146099999999922e-04
2.392146099999999922e-04
2.392146099999999922e-04
2.392146099999999922e-04
2.392146099999999922e-04
2.392146099999999922e-04
2.392146099999999922e-04
2.392146099999999922e-04
2.392146099999999922e-04
2.392146099999999922e-04
2.392146099999999922e-04
2.392146099999999922e-04
2.392146099999999922e-04
2.392146099999999922e-04
2.392146099999999922e-04
2.392146099999999922e-04
2.392146099999999922e-04
2.392146099999999922e-04
2.392146099999999922e-04
2.392146099999999922e-04
2.392146099999999922e-04
2.392146099999999922e-04
2.392146099999999922e-04
2.392146200000000065e-04
2.392146200000000065e-04
2.392146200000000065e-04
2.392146200000000065e-04
2.392146200000000065e-04
2.392146200000000065e-04
2.392146200000000065e-04
2.392146200000000065e-04
2.392146200000000065e-04
2.392146200000000065e-04
2.392146200000000065e-04
2.392146200000000065e-04
2.392146200000000065e-04
2.392146200000000065e-04
2.392146200000000065e-04
2.392146200000000065e-04
2.392146200000000065e-04
2.392146200000000065e-04
2.392146200000000065e-04
2.392146299999999936e-04
2.392146299999999936e-04
2.392146299999999936e-04
2.392146299999999936e-04
2.392146299999999936e-04
2.392146299999999936e-04
2.392146299999999936e-04
2.392146299999999936e-04
2.392146299999999936e-04
2.392146299999999936e-04
2.392146299999999936e-04
2.392146299999999936e-04
2.392146299999999936e-04
2.392146299999999936e-04
2.392146299999999936e-04
2.392146299999999936e-04
2.392146299999999936e-04
2.392146299999999936e-04
2.392146299999999936e-04
2.392146299999999936e-04
2.392146299999999936e-04
2.392146299999999936e-04
2.392146299999999936e-04
2.392146299999999936e-04
2.392146299999999936e-04
2.392146299999999936e-04
2.392146299999999936e-04
2.392146299999999936e-04
2.392146299999999936e-04
2.392146299999999936e-04
2.392146299999999936e-04
2.392146299999999936e-04
2.392146400000000079e-04
2.392146400000000079e-04
2.392146400000000079e-04
2.392146400000000079e-04
2.392146400000000079e-04
2.392146400000000079e-04
2.392146400000000079e-04
2.392146400000000079e-04
2.392146400000000079e-04
2.392146400000000079e-04
2.392146400000000079e-04
2.392146400000000079e-04
2.392146400000000079e-04
2.392146400000000079e-04
2.392146400000000079e-04
2.392146400000000079e-04
2.392146400000000079e-04
2.392146400000000079e-04
2.392146499999999950e-04
2.392146499999999950e-04
2.392146499999999950e-04
2.392146499999999950e-04
2.392146499999999950e-04
2.392146499999999950e-04
2.392146499999999950e-04
2.392146499999999950e-04
2.392146499999999950e-04
2.392146499999999950e-04
2.392146499999999950e-04
2.392146499999999950e-04
2.392146499999999950e-04
2.392146499999999950e-04
2.392146499999999950e-04
2.392146499999999950e-04
2.392146499999999950e-04
2.392146499999999950e-04
2.392146600000000093e-04
2.392146600000000093e-04
2.392146600000000093e-04
2.392146600000000093e-04
2.392146600000000093e-04
2.392146600000000093e-04
2.392146600000000093e-04
2.392146600000000093e-04
2.392146600000000093e-04
2.392146600000000093e-04
2.392146600000000093e-04
2.392146600000000093e-04
2.392146600000000093e-04
2.392146600000000093e-04
2.392146600000000093e-04
2.392146600000000093e-04
2.392146600000000093e-04
2.392146600000000093e-04
2.392146600000000093e-04
2.392146600000000093e-04
2.392146699999999964e-04
2.392146699999999964e-04
2.392146699999999964e-04
2.392146699999999964e-04
2.392146699999999964e-04
2.392146699999999964e-04
2.392146699999999964e-04
2.392146699999999964e-04
2.392146699999999964e-04
2.392146699999999964e-04
2.396980700000000129e-04
2.397003900000000125e-04
2.397633499999999988e-04
2.459505699999999873e-04
2.461101500000000106e-04
2.461102099999999877e-04
2.467016499999999998e-04
2.467016499999999998e-04
2.467016499999999998e-04
2.467016499999999998e-04
2.467016499999999998e-04
2.467016499999999998e-04
2.467016499999999998e-04
2.467016499999999998e-04
2.467016499999999998e-04
2.467016499999999998e-04
2.467016499999999998e-04
2.467016499999999998e-04
2.467016600000000140e-04
2.467016600000000140e-04
2.467016600000000140e-04
2.467016600000000140e-04
2.467016600000000140e-04
2.467016600000000140e-04
2.467016600000000140e-04
2.467016600000000140e-04
2.467016600000000140e-04
2.467016600000000140e-04
2.467016600000000140e-04
2.467016600000000140e-04
2.467016600000000140e-04
2.467016600000000140e-04
2.467016600000000140e-04
2.467016600000000140e-04
2.467016600000000140e-04
2.467016600000000140e-04
2.467016600000000140e-04
2.467016600000000140e-04
2.467016600000000140e-04
2.467016600000000140e-04
2.467016600000000140e-04
2.467016600000000140e-04
2.467016699999999741e-04
2.467016699999999741e-04
2.467016699999999741e-04
2.467016699999999741e-04
2.467016699999999741e-04
2.467016699999999741e-04
2.467016699999999741e-04
2.467016699999999741e-04
2.467016699999999741e-04
2.467016699999999741e-04
2.467016699999999741e-04
2.467016699999999741e-04
2.467016699999999741e-04
2.467016699999999741e-04
2.467016699999999741e-04
2.467016699999999741e-04
2.467016699999999741e-04
2.467016699999999741e-04
2.467016699999999741e-04
2.467016799999999883e-04
2.467016799999999883e-04
2.467016799999999883e-04
2.467016799999999883e-04
2.467016799999999883e-04
2.467016799999999883e-04
2.467016799999999883e-04
2.467016799999999883e-04
2.467016799999999883e-04
2.467016799999999883e-04
2.467016799999999883e-04
2.467016799999999883e-04
2.467016799999999883e-04
2.467016799999999883e-04
2.467016799999999883e-04
2.467016799999999883e-04
2.467016799999999883e-04
2.467016799999999883e-04
2.467016799999999883e-04
2.467016799999999883e-04
2.467016799999999883e-04
2.467016799999999883e-04
2.467016799999999883e-04
2.467016799999999883e-04
2.467016799999999883e-04
2.467016799999999883e-04
2.467016799999999883e-04
2.467016799999999883e-04
2.467016799999999883e-04
2.468928099999999825e-04
2.468969999999999910e-04
2.469264100000000020e-04
2.469264100000000020e-04
2.469264100000000020e-04
2.469264100000000020e-04
2.469264100000000020e-04
2.469264100000000020e-04
2.469264100000000020e-04
2.469264100000000020e-04
2.469264100000000020e-04
2.469264100000000020e-04
2.469264100000000020e-04
2.469264100000000020e-04
2.469264100000000020e-04
2.469264100000000020e-04
2.469264100000000020e-04
2.469264100000000020e-04
2.469264100000000020e-04
2.469264100000000020e-04
2.469264100000000020e-04
2.469264100000000020e-04
2.469264100000000020e-04
2.469264100000000020e-04
2.469264100000000020e-04
2.469264100000000020e-04
2.469264200000000162e-04
2.469264200000000162e-04
2.469264200000000162e-04
2.469264200000000162e-04
2.469264200000000162e-04
2.469264200000000162e-04
2.469264200000000162e-04
2.469264200000000162e-04
2.469264200000000162e-04
2.469264200000000162e-04
2.469264200000000162e-04
2.469264200000000162e-04
2.469264200000000162e-04
2.469264200000000162e-04
2.469264200000000162e-04
2.469264200000000162e-04
2.469264200000000162e-04
2.469264200000000162e-04
2.470556200000000014e-04
2.568401000000000212e-04
2.572646900000000029e-04
2.572685400000000147e-04
2.574298699999999843e-04
2.574526700000000072e-04
2.574934100000000111e-04
2.574944400000000154e-04
2.575017500000000253e-04
2.575159200000000002e-04
2.575159200000000002e-04
2.575159600000000030e-04
2.575159600000000030e-04
2.575239900000000090e-04
2.575239900000000090e-04
2.576098299999999967e-04
2.576098299999999967e-04
2.576423600000000091e-04
2.576423600000000091e-04
2.576747199999999960e-04
2.576747199999999960e-04
2.577078099999999933e-04
2.577102099999999986e-04
2.577102099999999986e-04
2.577753599999999890e-04
2.577753599999999890e-04
2.577778800000000026e-04
2.581633399999999981e-04
2.581655500000000036e-04
2.581655500000000036e-04
2.582072599999999806e-04
2.582072599999999806e-04
2.582435300000000106e-04
2.582435300000000106e-04
2.582702999999999995e-04
2.582741200000000228e-04
2.582741200000000228e-04
2.583756899999999860e-04
2.583756899999999860e-04
2.586740899999999898e-04
2.586740899999999898e-04
2.586773000000000110e-04
2.586773000000000110e-04
2.587410800000000005e-04
2.587472299999999835e-04
2.589011800000000059e-04
2.589016500000000253e-04
2.589133399999999892e-04
2.589137899999999800e-04
2.590195299999999774e-04
2.590208599999999756e-04
2.590208599999999756e-04
2.590953099999999932e-04
2.590957100000000212e-04
2.590957100000000212e-04
2.591068100000000116e-04
2.591068100000000116e-04
2.593315700000000138e-04
2.593315700000000138e-04
2.594463200000000046e-04
2.594463200000000046e-04
2.594527600000000214e-04
2.594527600000000214e-04
2.594594800000000036e-04
2.625530599999999822e-04
2.626368999999999926e-04
2.626378600000000055e-04
2.626378600000000055e-04
2.626746199999999750e-04
2.626746199999999750e-04
2.626746199999999750e-04
2.626746199999999750e-04
2.626746199999999750e-04
2.626746199999999750e-04
2.629907000000000230e-04
2.629913100000000250e-04
2.631296400000000119e-04
2.679226599999999926e-04
2.679427900000000049e-04
2.679427900000000049e-04
2.679427900000000049e-04
2.679427900000000049e-04
2.679428000000000192e-04
2.679428000000000192e-04
2.679428000000000192e-04
2.679428000000000192e-04
2.679428000000000192e-04
2.679428000000000192e-04
2.679428000000000192e-04
2.679428000000000192e-04
2.679428000000000192e-04
2.679428000000000192e-04
2.679428000000000192e-04
2.679428000000000192e-04
2.679428000000000192e-04
2.679428000000000192e-04
2.679428000000000192e-04
2.679428000000000192e-04
2.679428000000000192e-04
2.679428000000000192e-04
2.679428000000000192e-04
2.679428000000000192e-04
2.679428000000000192e-04
2.679428000000000192e-04
2.679428000000000192e-04
2.679428000000000192e-04
2.679428000000000192e-04
2.679428000000000192e-04
2.679428000000000192e-04
2.679428000000000192e-04
2.679428000000000192e-04
2.679428000000000192e-04
2.679428000000000192e-04
2.679428000000000192e-04
2.679428000000000192e-04
2.679428000000000192e-04
2.679428099999999792e-04
2.679428099999999792e-04
2.679428099999999792e-04
2.679428099999999792e-04
2.679428099999999792e-04
2.679428099999999792e-04
2.679428099999999792e-04
2.679428099999999792e-04
2.679428099999999792e-04
2.679428099999999792e-04
2.679428099999999792e-04
2.679428099999999792e-04
2.679428099999999792e-04
2.679428099999999792e-04
2.679428099999999792e-04
2.679428099999999792e-04
2.679428099999999792e-04
2.679428099999999792e-04
2.679428099999999792e-04
2.679428099999999792e-04
2.679428099999999792e-04
2.679428099999999792e-04
2.679428099999999792e-04
2.679428099999999792e-04
2.679428099999999792e-04
2.679428099999999792e-04
2.679428099999999792e-04
2.679428099999999792e-04
2.679428099999999792e-04
2.679428099999999792e-04
2.679428099999999792e-04
2.679428099999999792e-04
2.679428099999999792e-04
2.679428099999999792e-04
2.679428199999999934e-04
2.679428199999999934e-04
2.679428199999999934e-04
2.679428199999999934e-04
2.679428199999999934e-04
2.679428199999999934e-04
2.679428199999999934e-04
2.679428199999999934e-04
2.679428199999999934e-04
2.679428199999999934e-04
2.679428199999999934e-04
2.679428199999999934e-04
2.679428199999999934e-04
2.679428199999999934e-04
2.679428199999999934e-04
2.679428199999999934e-04
2.679428199999999934e-04
2.679428199999999934e-04
2.679428199999999934e-04
2.679428199999999934e-04
2.679428199999999934e-04
2.679428199999999934e-04
2.679428300000000077e-04
2.679428300000000077e-04
2.679428300000000077e-04
2.679428300000000077e-04
2.679428300000000077e-04
2.679428300000000077e-04
2.679428300000000077e-04
2.679428300000000077e-04
2.679428300000000077e-04
2.679428300000000077e-04
2.679428300000000077e-04
2.679428300000000077e-04
2.679428300000000077e-04
2.679428300000000077e-04
2.679428300000000077e-04
2.679442199999999830e-04
2.688615300000000096e-04
2.688623799999999742e-04
2.688623799999999742e-04
2.688649200000000163e-04
2.688649200000000163e-04
2.688684900000000086e-04
2.688684900000000086e-04
2.688917199999999938e-04
2.688929100000000093e-04
2.689018600000000255e-04
2.689018600000000255e-04
2.689018600000000255e-04
2.689018600000000255e-04
2.689018600000000255e-04
2.689018600000000255e-04
2.689018600000000255e-04
2.689018600000000255e-04
2.689018600000000255e-04
2.689018600000000255e-04
2.689018600000000255e-04
2.689018600000000255e-04
2.689018600000000255e-04
2.689018600000000255e-04
2.689018699999999856e-04
2.689018699999999856e-04
2.689018699999999856e-04
2.689018699999999856e-04
2.689018799999999998e-04
2.689018799999999998e-04
2.689018799999999998e-04
2.689018799999999998e-04
2.689018799999999998e-04
2.689018799999999998e-04
2.689018799999999998e-04
2.689018799999999998e-04
2.689018799999999998e-04
2.689018799999999998e-04
2.689018799999999998e-04
2.689018799999999998e-04
2.689018799999999998e-04
2.689018799999999998e-04
2.689018799999999998e-04
2.689018799999999998e-04
2.689018799999999998e-04
2.689018799999999998e-04
2.689018799999999998e-04
2.689018799999999998e-04
2.689018799999999998e-04
2.689018799999999998e-04
2.689018799999999998e-04
2.689018799999999998e-04
2.689018799999999998e-04
2.689018799999999998e-04
