# t	msd	err
3.829999999999998826e-13 2.104089888227663740e-01 0.000000000000000000e+00
5.502744999999999902e-10 3.794585977030596746e-01 7.668145877764599716e-02
1.599999999999984681e-06 9.583598942899118622e-02 3.951267047896315130e-09
2.109999999999935414e-05 1.417560813668992947e-01 4.318348624041710299e-02
4.499999999999990119e-05 2.185047485498210484e-01 5.655294690888264253e-02
1.042926774638909044e-04 3.658604768689883713e-01 2.028043377671749636e-02
2.497561776780862319e-04 4.263725730133214875e-01 2.465915834911282592e-02
4.458106606039182905e-04 5.903208065492123735e-01 2.884562482483440243e-02
8.152520581113848787e-04 6.729483324304770253e-01 2.485243005958913745e-02
1.427526225786894531e-03 8.065273792648102180e-01 2.263226007599992984e-02
2.546241577228193064e-03 9.737233245427874273e-01 2.022870823415267097e-02
4.495977830650662796e-03 1.494016309971668566e+00 2.210573523504725385e-02
8.307844860687715535e-03 1.958163755674960926e+00 2.051750973096631847e-02
1.474155380626221944e-02 3.480130450879344917e+00 2.584038513829517436e-02
2.664320023103578655e-02 6.113294678345098987e+00 3.587043334308521320e-02
4.808126876186161885e-02 9.367231358769384286e+00 4.076634720716815902e-02
8.722059971244376653e-02 1.304541176733206598e+01 3.930225688807089529e-02
1.519216601813281331e-01 2.333415766678113457e+01 4.123537767984924995e-02
2.584098945414849413e-01 3.517735466729705962e+01 3.163801598511074148e-02
