# t
0.000000000000000000e+00
1.183576099999999949e-14
2.249758700000000093e-14
5.066511099999999814e-13
1.035097100000000004e-10
1.041149000000000010e-10
2.300724799999999971e-10
2.310806799999999968e-10
2.312939500000000024e-10
2.315916399999999888e-10
4.711832700000000088e-10
4.711870499999999937e-10
4.739734900000000041e-10
4.741636999999999846e-10
4.746852900000000513e-10
4.751971600000000387e-10
4.752263699999999821e-10
5.397555500000000345e-10
5.397883700000000328e-10
5.485138100000000162e-10
5.485984200000000421e-10
5.488178599999999517e-10
5.489137299999999894e-10
5.492302499999999501e-10
5.492406700000000457e-10
7.886018899999999886e-10
7.886890699999999858e-10
7.925746500000000182e-10
7.926168799999999555e-10
7.927251599999999579e-10
8.161395199999999672e-10
8.162298099999999632e-10
9.563144300000000671e-10
9.563376000000000911e-10
9.563745299999999933e-10
1.144883300000000101e-09
1.146058999999999961e-09
1.334591300000000042e-09
1.335462600000000061e-09
1.339770900000000097e-09
1.339823599999999939e-09
1.340113900000000041e-09
1.340354500000000016e-09
1.340372399999999932e-09
1.357480400000000076e-09
1.357534300000000094e-09
1.357855699999999977e-09
1.359718199999999979e-09
1.359909700000000019e-09
1.360075900000000060e-09
1.360182800000000015e-09
1.365409000000000036e-09
1.365462699999999990e-09
1.458947299999999979e-09
1.459022000000000010e-09
1.643199200000000026e-09
1.643257199999999903e-09
1.643549100000000102e-09
1.643869599999999904e-09
1.643870299999999921e-09
1.715157100000000006e-09
1.715186599999999897e-09
2.221640399999999913e-09
2.221716699999999833e-09
3.288714999999999846e-09
3.289102200000000024e-09
3.558804099999999812e-09
3.558826599999999954e-09
3.972398200000000308e-09
3.973210899999999639e-09
3.973709499999999760e-09
3.974487799999999705e-09
3.974489200000000151e-09
3.974541600000000311e-09
3.974560399999999687e-09
3.975156600000000314e-09
3.975191799999999954e-09
3.986348100000000213e-09
3.986416699999999747e-09
3.987321899999999612e-09
3.987386999999999685e-09
4.122624300000000107e-09
4.123479199999999655e-09
4.129944700000000163e-09
4.130314699999999822e-09
4.130383000000000087e-09
4.135009199999999924e-09
4.135024699999999902e-09
4.135151799999999886e-09
4.135174599999999709e-09
4.135316400000000243e-09
4.253068000000000269e-09
4.253510099999999750e-09
4.253542300000000088e-09
4.254212700000000380e-09
4.254289800000000142e-09
4.254332399999999659e-09
4.382085099999999794e-09
4.382261099999999650e-09
4.641137099999999863e-09
4.641725699999999722e-09
4.641738699999999730e-09
4.750096000000000344e-09
4.750178800000000268e-09
5.004541500000000238e-09
5.004660800000000217e-09
5.016433900000000225e-09
5.016464900000000181e-09
5.017155000000000135e-09
5.017795800000000090e-09
5.017825799999999727e-09
5.023656999999999871e-09
5.023931999999999852e-09
5.023940099999999952e-09
5.024094500000000367e-09
