# t	msd	err
9.999999999998898659e-05 7.521229477471885749e-01 3.070529022780048023e-01
4.000000000000669687e-04 4.277254428129545261e+00 6.399138901913261623e-01
5.599999999999827121e-04 4.105753674919098373e+00 9.722335489680816734e-01
1.001687763713078041e-03 1.933417529941373836e+00 1.339658146979913200e-01
1.952112676056334817e-03 2.299973368519225847e+00 1.429181685546060954e-01
3.461083743842354246e-03 2.726210514085019021e+00 1.786387406586388560e-01
5.442342342342361243e-03 3.252955449915381436e+00 1.954789372414442727e-01
8.945933014353911819e-03 4.464577238453659724e+00 1.948820280387587589e-01
1.510197628458477721e-02 4.854244670832504660e+00 2.157531283231063635e-01
2.656647872885683700e-02 4.825327281220792131e+00 1.697857525199251150e-01
4.507192066805981029e-02 5.800322872439224398e+00 1.473411388245765841e-01
7.650511033681801909e-02 9.469995831341117665e+00 1.677162720387669337e-01
1.299802446168251135e-01 1.385612981202062244e+01 1.885194742960603353e-01
2.205411478434503858e-01 1.692371057847678273e+01 1.473823077540755977e-01
3.678583111592137467e-01 2.792039623941152016e+01 1.894644249717771789e-01
6.280982620166457586e-01 4.903183231949637388e+01 2.707329669288264795e-01
1.043696984485685819e+00 8.150212092398366792e+01 3.762801946829808508e-01
1.635542422939031182e+00 1.000870857703640411e+02 7.644069781650654205e-01
