# Barrier Energy Step Time
0.000000000000000000e+00 -5.107719000000000051e+03 0.000000000000000000e+00 0.000000000000000000e+00
1.340000000000000080e-01 -5.109806999999999789e+03 5.000000000000000000e-01 9.322000000000000063e-13
0.000000000000000000e+00 -5.109940999999999804e+03 1.000000000000000000e+00 9.322000000000000063e-13
2.192000000000000171e+00 -5.105671000000000276e+03 1.500000000000000000e+00 2.923999999999999950e-03
0.000000000000000000e+00 -5.107863000000000284e+03 2.000000000000000000e+00 2.923999999999999950e-03
3.180000000000000049e-01 -5.109623999999999796e+03 2.500000000000000000e+00 2.923999999999999950e-03
0.000000000000000000e+00 -5.109940999999999804e+03 3.000000000000000000e+00 2.923999999999999950e-03
2.192000000000000171e+00 -5.105671000000000276e+03 3.500000000000000000e+00 8.937000000000000499e-03
0.000000000000000000e+00 -5.107863000000000284e+03 4.000000000000000000e+00 8.937000000000000499e-03
1.140000000000000041e-01 -5.109827000000000226e+03 4.500000000000000000e+00 8.937000000000000499e-03
0.000000000000000000e+00 -5.109940999999999804e+03 5.000000000000000000e+00 8.937000000000000499e-03
2.404999999999999805e+00 -5.105634000000000015e+03 5.500000000000000000e+00 1.637000000000000122e-01
0.000000000000000000e+00 -5.108038999999999760e+03 6.000000000000000000e+00 1.637000000000000122e-01
3.729999999999999982e-01 -5.107952000000000226e+03 6.500000000000000000e+00 1.637000000000000122e-01
0.000000000000000000e+00 -5.108324999999999818e+03 7.000000000000000000e+00 1.637000000000000122e-01
4.819999999999999840e-01 -5.109467999999999847e+03 7.500000000000000000e+00 1.637000000000000122e-01
0.000000000000000000e+00 -5.109948999999999614e+03 8.000000000000000000e+00 1.637000000000000122e-01
2.105999999999999872e+00 -5.106219000000000051e+03 8.500000000000000000e+00 1.736000000000000043e-01
0.000000000000000000e+00 -5.108324999999999818e+03 9.000000000000000000e+00 1.736000000000000043e-01
4.819999999999999840e-01 -5.109467999999999847e+03 9.500000000000000000e+00 1.736000000000000043e-01
0.000000000000000000e+00 -5.109948999999999614e+03 1.000000000000000000e+01 1.736000000000000043e-01
2.105999999999999872e+00 -5.106219000000000051e+03 1.050000000000000000e+01 1.748000000000000109e-01
0.000000000000000000e+00 -5.108324999999999818e+03 1.100000000000000000e+01 1.748000000000000109e-01
4.819999999999999840e-01 -5.109467999999999847e+03 1.150000000000000000e+01 1.748000000000000109e-01
0.000000000000000000e+00 -5.109948999999999614e+03 1.200000000000000000e+01 1.748000000000000109e-01
2.253000000000000114e+00 -5.105518000000000029e+03 1.250000000000000000e+01 1.940000000000000058e-01
0.000000000000000000e+00 -5.107770999999999731e+03 1.300000000000000000e+01 1.940000000000000058e-01
7.499999999999999722e-02 -5.109875000000000000e+03 1.350000000000000000e+01 1.940000000000000058e-01
0.000000000000000000e+00 -5.109949999999999818e+03 1.400000000000000000e+01 1.940000000000000058e-01
2.382000000000000117e+00 -5.105685000000000400e+03 1.450000000000000000e+01 2.038999999999999979e-01
0.000000000000000000e+00 -5.108068000000000211e+03 1.500000000000000000e+01 2.038999999999999979e-01
3.360000000000000209e-01 -5.108078000000000429e+03 1.550000000000000000e+01 2.038999999999999979e-01
0.000000000000000000e+00 -5.108413999999999760e+03 1.600000000000000000e+01 2.038999999999999979e-01
5.200000000000000178e-01 -5.109430000000000291e+03 1.650000000000000000e+01 2.038999999999999979e-01
0.000000000000000000e+00 -5.109948999999999614e+03 1.700000000000000000e+01 2.038999999999999979e-01
2.027000000000000135e+00 -5.106426000000000386e+03 1.750000000000000000e+01 2.038999999999999979e-01
0.000000000000000000e+00 -5.108453999999999724e+03 1.800000000000000000e+01 2.038999999999999979e-01
7.179999999999999716e-01 -5.107337999999999738e+03 1.850000000000000000e+01 2.038999999999999979e-01
0.000000000000000000e+00 -5.108055999999999585e+03 1.900000000000000000e+01 2.038999999999999979e-01
3.200000000000000067e-01 -5.108134000000000015e+03 1.950000000000000000e+01 2.038999999999999979e-01
0.000000000000000000e+00 -5.108453999999999724e+03 2.000000000000000000e+01 2.038999999999999979e-01
7.179999999999999716e-01 -5.107337999999999738e+03 2.050000000000000000e+01 2.038999999999999979e-01
0.000000000000000000e+00 -5.108055999999999585e+03 2.100000000000000000e+01 2.038999999999999979e-01
3.200000000000000067e-01 -5.108134000000000015e+03 2.150000000000000000e+01 2.038999999999999979e-01
0.000000000000000000e+00 -5.108453999999999724e+03 2.200000000000000000e+01 2.038999999999999979e-01
7.179999999999999716e-01 -5.107337999999999738e+03 2.250000000000000000e+01 2.038999999999999979e-01
0.000000000000000000e+00 -5.108055999999999585e+03 2.300000000000000000e+01 2.038999999999999979e-01
3.200000000000000067e-01 -5.108134000000000015e+03 2.350000000000000000e+01 2.038999999999999979e-01
0.000000000000000000e+00 -5.108453999999999724e+03 2.400000000000000000e+01 2.038999999999999979e-01
5.320000000000000284e-01 -5.109413999999999760e+03 2.450000000000000000e+01 2.038999999999999979e-01
0.000000000000000000e+00 -5.109945999999999913e+03 2.500000000000000000e+01 2.038999999999999979e-01
2.363999999999999879e+00 -5.105685999999999694e+03 2.550000000000000000e+01 3.342999999999999861e-01
0.000000000000000000e+00 -5.108050000000000182e+03 2.600000000000000000e+01 3.342999999999999861e-01
3.240000000000000102e-01 -5.108119999999999891e+03 2.650000000000000000e+01 3.342999999999999861e-01
0.000000000000000000e+00 -5.108444000000000415e+03 2.700000000000000000e+01 3.342999999999999861e-01
5.290000000000000258e-01 -5.109412999999999556e+03 2.750000000000000000e+01 3.342999999999999861e-01
0.000000000000000000e+00 -5.109942000000000007e+03 2.800000000000000000e+01 3.342999999999999861e-01
2.361000000000000210e+00 -5.105689000000000306e+03 2.850000000000000000e+01 6.024000000000000465e-01
0.000000000000000000e+00 -5.108050000000000182e+03 2.900000000000000000e+01 6.024000000000000465e-01
3.200000000000000067e-01 -5.108135000000000218e+03 2.950000000000000000e+01 6.024000000000000465e-01
0.000000000000000000e+00 -5.108453999999999724e+03 3.000000000000000000e+01 6.024000000000000465e-01
5.310000000000000275e-01 -5.109417999999999665e+03 3.050000000000000000e+01 6.024000000000000465e-01
0.000000000000000000e+00 -5.109948999999999614e+03 3.100000000000000000e+01 6.024000000000000465e-01
2.056999999999999940e+00 -5.106356999999999971e+03 3.150000000000000000e+01 6.029999999999999805e-01
0.000000000000000000e+00 -5.108413999999999760e+03 3.200000000000000000e+01 6.029999999999999805e-01
5.190000000000000169e-01 -5.109439000000000306e+03 3.250000000000000000e+01 6.029999999999999805e-01
0.000000000000000000e+00 -5.109957000000000335e+03 3.300000000000000000e+01 6.029999999999999805e-01
2.061999999999999833e+00 -5.106351999999999862e+03 3.350000000000000000e+01 6.034000000000000474e-01
0.000000000000000000e+00 -5.108413999999999760e+03 3.400000000000000000e+01 6.034000000000000474e-01
6.710000000000000409e-01 -5.109287000000000262e+03 3.450000000000000000e+01 6.034000000000000474e-01
0.000000000000000000e+00 -5.109957000000000335e+03 3.500000000000000000e+01 6.034000000000000474e-01
2.238999999999999879e+00 -5.105560999999999694e+03 3.550000000000000000e+01 6.287000000000000366e-01
0.000000000000000000e+00 -5.107800000000000182e+03 3.600000000000000000e+01 6.287000000000000366e-01
8.200000000000000344e-02 -5.109876000000000204e+03 3.650000000000000000e+01 6.287000000000000366e-01
0.000000000000000000e+00 -5.109957999999999629e+03 3.700000000000000000e+01 6.287000000000000366e-01
2.238999999999999879e+00 -5.105560999999999694e+03 3.750000000000000000e+01 6.399000000000000243e-01
0.000000000000000000e+00 -5.107800000000000182e+03 3.800000000000000000e+01 6.399000000000000243e-01
6.700000000000000400e-02 -5.109877999999999702e+03 3.850000000000000000e+01 6.399000000000000243e-01
0.000000000000000000e+00 -5.109944999999999709e+03 3.900000000000000000e+01 6.399000000000000243e-01
2.210999999999999854e+00 -5.105588999999999942e+03 3.950000000000000000e+01 6.633999999999999897e-01
0.000000000000000000e+00 -5.107800000000000182e+03 4.000000000000000000e+01 6.633999999999999897e-01
7.399999999999999634e-02 -5.109882999999999811e+03 4.050000000000000000e+01 6.633999999999999897e-01
0.000000000000000000e+00 -5.109957000000000335e+03 4.100000000000000000e+01 6.633999999999999897e-01
2.237999999999999989e+00 -5.105561999999999898e+03 4.150000000000000000e+01 6.719000000000000528e-01
0.000000000000000000e+00 -5.107798999999999978e+03 4.200000000000000000e+01 6.719000000000000528e-01
8.000000000000000167e-02 -5.109877999999999702e+03 4.250000000000000000e+01 6.719000000000000528e-01
0.000000000000000000e+00 -5.109957000000000335e+03 4.300000000000000000e+01 6.719000000000000528e-01
2.237999999999999989e+00 -5.105561999999999898e+03 4.350000000000000000e+01 6.995000000000000107e-01
0.000000000000000000e+00 -5.107798999999999978e+03 4.400000000000000000e+01 6.995000000000000107e-01
6.500000000000000222e-02 -5.109878999999999905e+03 4.450000000000000000e+01 6.995000000000000107e-01
0.000000000000000000e+00 -5.109944999999999709e+03 4.500000000000000000e+01 6.995000000000000107e-01
2.210999999999999854e+00 -5.105587999999999738e+03 4.550000000000000000e+01 7.159999999999999698e-01
0.000000000000000000e+00 -5.107798999999999978e+03 4.600000000000000000e+01 7.159999999999999698e-01
6.500000000000000222e-02 -5.109878999999999905e+03 4.650000000000000000e+01 7.159999999999999698e-01
0.000000000000000000e+00 -5.109944999999999709e+03 4.700000000000000000e+01 7.159999999999999698e-01
2.210999999999999854e+00 -5.105587999999999738e+03 4.750000000000000000e+01 7.694999999999999618e-01
0.000000000000000000e+00 -5.107798999999999978e+03 4.800000000000000000e+01 7.694999999999999618e-01
6.500000000000000222e-02 -5.109878999999999905e+03 4.850000000000000000e+01 7.694999999999999618e-01
0.000000000000000000e+00 -5.109944999999999709e+03 4.900000000000000000e+01 7.694999999999999618e-01
2.210999999999999854e+00 -5.105587999999999738e+03 4.950000000000000000e+01 7.761000000000000121e-01
0.000000000000000000e+00 -5.107798999999999978e+03 5.000000000000000000e+01 7.761000000000000121e-01
7.299999999999999545e-02 -5.109885000000000218e+03 5.050000000000000000e+01 7.761000000000000121e-01
0.000000000000000000e+00 -5.109957000000000335e+03 5.100000000000000000e+01 7.761000000000000121e-01
2.411000000000000032e+00 -5.105654000000000451e+03 5.150000000000000000e+01 7.762000000000000011e-01
0.000000000000000000e+00 -5.108064999999999600e+03 5.200000000000000000e+01 7.762000000000000011e-01
3.340000000000000191e-01 -5.108078999999999724e+03 5.250000000000000000e+01 7.762000000000000011e-01
0.000000000000000000e+00 -5.108412999999999556e+03 5.300000000000000000e+01 7.762000000000000011e-01
5.310000000000000275e-01 -5.109420000000000073e+03 5.350000000000000000e+01 7.762000000000000011e-01
0.000000000000000000e+00 -5.109951000000000022e+03 5.400000000000000000e+01 7.762000000000000011e-01
2.254999999999999893e+00 -5.105516999999999825e+03 5.450000000000000000e+01 7.775999999999999579e-01
0.000000000000000000e+00 -5.107771999999999935e+03 5.500000000000000000e+01 7.775999999999999579e-01
2.520000000000000018e-01 -5.109698999999999614e+03 5.550000000000000000e+01 7.775999999999999579e-01
0.000000000000000000e+00 -5.109951000000000022e+03 5.600000000000000000e+01 7.775999999999999579e-01
2.384999999999999787e+00 -5.105684000000000196e+03 5.650000000000000000e+01 7.781000000000000139e-01
0.000000000000000000e+00 -5.108068000000000211e+03 5.700000000000000000e+01 7.781000000000000139e-01
5.010000000000000009e-01 -5.109449999999999818e+03 5.750000000000000000e+01 7.781000000000000139e-01
0.000000000000000000e+00 -5.109951000000000022e+03 5.800000000000000000e+01 7.781000000000000139e-01
2.254999999999999893e+00 -5.105516999999999825e+03 5.850000000000000000e+01 7.790000000000000258e-01
0.000000000000000000e+00 -5.107771999999999935e+03 5.900000000000000000e+01 7.790000000000000258e-01
7.599999999999999811e-02 -5.109875000000000000e+03 5.950000000000000000e+01 7.790000000000000258e-01
0.000000000000000000e+00 -5.109951000000000022e+03 6.000000000000000000e+01 7.790000000000000258e-01
2.383999999999999897e+00 -5.105684000000000196e+03 6.050000000000000000e+01 8.006999999999999673e-01
0.000000000000000000e+00 -5.108068000000000211e+03 6.100000000000000000e+01 8.006999999999999673e-01
3.370000000000000218e-01 -5.108077000000000226e+03 6.150000000000000000e+01 8.006999999999999673e-01
0.000000000000000000e+00 -5.108413999999999760e+03 6.200000000000000000e+01 8.006999999999999673e-01
6.820000000000000506e-01 -5.107386000000000422e+03 6.250000000000000000e+01 8.006999999999999673e-01
0.000000000000000000e+00 -5.108068000000000211e+03 6.300000000000000000e+01 8.006999999999999673e-01
3.370000000000000218e-01 -5.108077000000000226e+03 6.350000000000000000e+01 8.006999999999999673e-01
0.000000000000000000e+00 -5.108413999999999760e+03 6.400000000000000000e+01 8.006999999999999673e-01
5.200000000000000178e-01 -5.109430000000000291e+03 6.450000000000000000e+01 8.006999999999999673e-01
0.000000000000000000e+00 -5.109949999999999818e+03 6.500000000000000000e+01 8.006999999999999673e-01
2.240000000000000213e+00 -5.105805999999999585e+03 6.550000000000000000e+01 8.282000000000000473e-01
0.000000000000000000e+00 -5.108046000000000276e+03 6.600000000000000000e+01 8.282000000000000473e-01
3.380000000000000226e-01 -5.108076000000000022e+03 6.650000000000000000e+01 8.282000000000000473e-01
0.000000000000000000e+00 -5.108413999999999760e+03 6.700000000000000000e+01 8.282000000000000473e-01
5.190000000000000169e-01 -5.109430000000000291e+03 6.750000000000000000e+01 8.282000000000000473e-01
0.000000000000000000e+00 -5.109949999999999818e+03 6.800000000000000000e+01 8.282000000000000473e-01
2.055000000000000160e+00 -5.106359000000000378e+03 6.850000000000000000e+01 8.334000000000000297e-01
0.000000000000000000e+00 -5.108413999999999760e+03 6.900000000000000000e+01 8.334000000000000297e-01
5.190000000000000169e-01 -5.109439000000000306e+03 6.950000000000000000e+01 8.334000000000000297e-01
0.000000000000000000e+00 -5.109957999999999629e+03 7.000000000000000000e+01 8.334000000000000297e-01
2.063000000000000167e+00 -5.106350999999999658e+03 7.050000000000000000e+01 8.393000000000000460e-01
0.000000000000000000e+00 -5.108413999999999760e+03 7.100000000000000000e+01 8.393000000000000460e-01
5.190000000000000169e-01 -5.109439000000000306e+03 7.150000000000000000e+01 8.393000000000000460e-01
0.000000000000000000e+00 -5.109957999999999629e+03 7.200000000000000000e+01 8.393000000000000460e-01
2.240000000000000213e+00 -5.105560000000000400e+03 7.250000000000000000e+01 8.413000000000000478e-01
0.000000000000000000e+00 -5.107800000000000182e+03 7.300000000000000000e+01 8.413000000000000478e-01
6.500000000000000222e-02 -5.109880000000000109e+03 7.350000000000000000e+01 8.413000000000000478e-01
0.000000000000000000e+00 -5.109944999999999709e+03 7.400000000000000000e+01 8.413000000000000478e-01
2.210999999999999854e+00 -5.105588999999999942e+03 7.450000000000000000e+01 8.511999999999999567e-01
0.000000000000000000e+00 -5.107800000000000182e+03 7.500000000000000000e+01 8.511999999999999567e-01
6.500000000000000222e-02 -5.109880000000000109e+03 7.550000000000000000e+01 8.511999999999999567e-01
0.000000000000000000e+00 -5.109944999999999709e+03 7.600000000000000000e+01 8.511999999999999567e-01
2.210999999999999854e+00 -5.105588999999999942e+03 7.650000000000000000e+01 8.763999999999999568e-01
0.000000000000000000e+00 -5.107800000000000182e+03 7.700000000000000000e+01 8.763999999999999568e-01
6.500000000000000222e-02 -5.109880000000000109e+03 7.750000000000000000e+01 8.763999999999999568e-01
0.000000000000000000e+00 -5.109944999999999709e+03 7.800000000000000000e+01 8.763999999999999568e-01
2.210999999999999854e+00 -5.105588999999999942e+03 7.850000000000000000e+01 9.135999999999999677e-01
0.000000000000000000e+00 -5.107800000000000182e+03 7.900000000000000000e+01 9.135999999999999677e-01
6.500000000000000222e-02 -5.109880000000000109e+03 7.950000000000000000e+01 9.135999999999999677e-01
0.000000000000000000e+00 -5.109944999999999709e+03 8.000000000000000000e+01 9.135999999999999677e-01
2.375999999999999890e+00 -5.105670000000000073e+03 8.050000000000000000e+01 9.358999999999999542e-01
0.000000000000000000e+00 -5.108046000000000276e+03 8.100000000000000000e+01 9.358999999999999542e-01
4.759999999999999787e-01 -5.109469000000000051e+03 8.150000000000000000e+01 9.358999999999999542e-01
0.000000000000000000e+00 -5.109944999999999709e+03 8.200000000000000000e+01 9.358999999999999542e-01
2.218999999999999861e+00 -5.105578999999999724e+03 8.250000000000000000e+01 9.559999999999999609e-01
0.000000000000000000e+00 -5.107797999999999774e+03 8.300000000000000000e+01 9.559999999999999609e-01
7.199999999999999456e-02 -5.109886000000000422e+03 8.350000000000000000e+01 9.559999999999999609e-01
0.000000000000000000e+00 -5.109957999999999629e+03 8.400000000000000000e+01 9.559999999999999609e-01
2.411999999999999922e+00 -5.105654000000000451e+03 8.450000000000000000e+01 9.575000000000000178e-01
0.000000000000000000e+00 -5.108064999999999600e+03 8.500000000000000000e+01 9.575000000000000178e-01
3.340000000000000191e-01 -5.108078999999999724e+03 8.550000000000000000e+01 9.575000000000000178e-01
0.000000000000000000e+00 -5.108412999999999556e+03 8.600000000000000000e+01 9.575000000000000178e-01
6.820000000000000506e-01 -5.107384000000000015e+03 8.650000000000000000e+01 9.575000000000000178e-01
0.000000000000000000e+00 -5.108064999999999600e+03 8.700000000000000000e+01 9.575000000000000178e-01
3.340000000000000191e-01 -5.108078999999999724e+03 8.750000000000000000e+01 9.575000000000000178e-01
0.000000000000000000e+00 -5.108412999999999556e+03 8.800000000000000000e+01 9.575000000000000178e-01
6.830000000000000515e-01 -5.109262999999999920e+03 8.850000000000000000e+01 9.575000000000000178e-01
0.000000000000000000e+00 -5.109944999999999709e+03 8.900000000000000000e+01 9.575000000000000178e-01
2.217999999999999972e+00 -5.105579999999999927e+03 8.950000000000000000e+01 9.616999999999999993e-01
0.000000000000000000e+00 -5.107797999999999774e+03 9.000000000000000000e+01 9.616999999999999993e-01
7.099999999999999367e-02 -5.109875000000000000e+03 9.050000000000000000e+01 9.616999999999999993e-01
0.000000000000000000e+00 -5.109944999999999709e+03 9.100000000000000000e+01 9.616999999999999993e-01
2.375999999999999890e+00 -5.105670000000000073e+03 9.150000000000000000e+01 9.933999999999999497e-01
0.000000000000000000e+00 -5.108046000000000276e+03 9.200000000000000000e+01 9.933999999999999497e-01
3.380000000000000226e-01 -5.108076000000000022e+03 9.250000000000000000e+01 9.933999999999999497e-01
0.000000000000000000e+00 -5.108413999999999760e+03 9.300000000000000000e+01 9.933999999999999497e-01
5.200000000000000178e-01 -5.109430000000000291e+03 9.350000000000000000e+01 9.933999999999999497e-01
0.000000000000000000e+00 -5.109949999999999818e+03 9.400000000000000000e+01 9.933999999999999497e-01
2.228000000000000203e+00 -5.105554000000000087e+03 9.450000000000000000e+01 9.961999999999999744e-01
0.000000000000000000e+00 -5.107782000000000153e+03 9.500000000000000000e+01 9.961999999999999744e-01
5.299999999999999850e-02 -5.109890000000000327e+03 9.550000000000000000e+01 9.961999999999999744e-01
0.000000000000000000e+00 -5.109943000000000211e+03 9.600000000000000000e+01 9.961999999999999744e-01
2.213000000000000078e+00 -5.105569000000000415e+03 9.650000000000000000e+01 1.000999999999999890e+00
0.000000000000000000e+00 -5.107782000000000153e+03 9.700000000000000000e+01 1.000999999999999890e+00
5.199999999999999761e-02 -5.109896999999999935e+03 9.750000000000000000e+01 1.000999999999999890e+00
0.000000000000000000e+00 -5.109949999999999818e+03 9.800000000000000000e+01 1.000999999999999890e+00
2.220000000000000195e+00 -5.105563000000000102e+03 9.850000000000000000e+01 1.056999999999999940e+00
0.000000000000000000e+00 -5.107782000000000153e+03 9.900000000000000000e+01 1.056999999999999940e+00
5.299999999999999850e-02 -5.109890000000000327e+03 9.950000000000000000e+01 1.056999999999999940e+00
0.000000000000000000e+00 -5.109943000000000211e+03 1.000000000000000000e+02 1.056999999999999940e+00
2.213000000000000078e+00 -5.105569000000000415e+03 1.005000000000000000e+02 1.066000000000000059e+00
0.000000000000000000e+00 -5.107782000000000153e+03 1.010000000000000000e+02 1.066000000000000059e+00
5.299999999999999850e-02 -5.109890000000000327e+03 1.015000000000000000e+02 1.066000000000000059e+00
0.000000000000000000e+00 -5.109943000000000211e+03 1.020000000000000000e+02 1.066000000000000059e+00
2.213000000000000078e+00 -5.105569000000000415e+03 1.025000000000000000e+02 1.068000000000000060e+00
0.000000000000000000e+00 -5.107782000000000153e+03 1.030000000000000000e+02 1.068000000000000060e+00
5.299999999999999850e-02 -5.109896999999999935e+03 1.035000000000000000e+02 1.068000000000000060e+00
0.000000000000000000e+00 -5.109949999999999818e+03 1.040000000000000000e+02 1.068000000000000060e+00
2.375999999999999890e+00 -5.105679000000000087e+03 1.045000000000000000e+02 1.114000000000000101e+00
0.000000000000000000e+00 -5.108055000000000291e+03 1.050000000000000000e+02 1.114000000000000101e+00
3.220000000000000084e-01 -5.108123999999999796e+03 1.055000000000000000e+02 1.114000000000000101e+00
0.000000000000000000e+00 -5.108445999999999913e+03 1.060000000000000000e+02 1.114000000000000101e+00
5.290000000000000258e-01 -5.109413999999999760e+03 1.065000000000000000e+02 1.114000000000000101e+00
0.000000000000000000e+00 -5.109943000000000211e+03 1.070000000000000000e+02 1.114000000000000101e+00
2.025999999999999801e+00 -5.106420000000000073e+03 1.075000000000000000e+02 1.114999999999999991e+00
0.000000000000000000e+00 -5.108445999999999913e+03 1.080000000000000000e+02 1.114999999999999991e+00
7.169999999999999707e-01 -5.109225999999999658e+03 1.085000000000000000e+02 1.114999999999999991e+00
0.000000000000000000e+00 -5.109943000000000211e+03 1.090000000000000000e+02 1.114999999999999991e+00
2.213999999999999968e+00 -5.106231999999999971e+03 1.095000000000000000e+02 1.118999999999999995e+00
0.000000000000000000e+00 -5.108445999999999913e+03 1.100000000000000000e+02 1.118999999999999995e+00
5.340000000000000302e-01 -5.109412000000000262e+03 1.105000000000000000e+02 1.118999999999999995e+00
0.000000000000000000e+00 -5.109945999999999913e+03 1.110000000000000000e+02 1.118999999999999995e+00
2.375999999999999890e+00 -5.105670000000000073e+03 1.115000000000000000e+02 1.120999999999999996e+00
0.000000000000000000e+00 -5.108046000000000276e+03 1.120000000000000000e+02 1.120999999999999996e+00
3.360000000000000209e-01 -5.109613999999999578e+03 1.125000000000000000e+02 1.120999999999999996e+00
0.000000000000000000e+00 -5.109949999999999818e+03 1.130000000000000000e+02 1.120999999999999996e+00
2.228000000000000203e+00 -5.105555000000000291e+03 1.135000000000000000e+02 1.127000000000000002e+00
0.000000000000000000e+00 -5.107783000000000357e+03 1.140000000000000000e+02 1.127000000000000002e+00
6.099999999999999867e-02 -5.109889000000000124e+03 1.145000000000000000e+02 1.127000000000000002e+00
0.000000000000000000e+00 -5.109949999999999818e+03 1.150000000000000000e+02 1.127000000000000002e+00
2.228000000000000203e+00 -5.105555000000000291e+03 1.155000000000000000e+02 1.137999999999999901e+00
0.000000000000000000e+00 -5.107783000000000357e+03 1.160000000000000000e+02 1.137999999999999901e+00
2.369999999999999885e-01 -5.109706000000000131e+03 1.165000000000000000e+02 1.137999999999999901e+00
0.000000000000000000e+00 -5.109943000000000211e+03 1.170000000000000000e+02 1.137999999999999901e+00
2.361000000000000210e+00 -5.105689000000000306e+03 1.175000000000000000e+02 1.139999999999999902e+00
0.000000000000000000e+00 -5.108050000000000182e+03 1.180000000000000000e+02 1.139999999999999902e+00
3.200000000000000067e-01 -5.108135000000000218e+03 1.185000000000000000e+02 1.139999999999999902e+00
0.000000000000000000e+00 -5.108454999999999927e+03 1.190000000000000000e+02 1.139999999999999902e+00
5.320000000000000284e-01 -5.109413999999999760e+03 1.195000000000000000e+02 1.139999999999999902e+00
0.000000000000000000e+00 -5.109945999999999913e+03 1.200000000000000000e+02 1.139999999999999902e+00
2.023000000000000131e+00 -5.106432999999999993e+03 1.205000000000000000e+02 1.139999999999999902e+00
0.000000000000000000e+00 -5.108454999999999927e+03 1.210000000000000000e+02 1.139999999999999902e+00
5.320000000000000284e-01 -5.109417999999999665e+03 1.215000000000000000e+02 1.139999999999999902e+00
0.000000000000000000e+00 -5.109949999999999818e+03 1.220000000000000000e+02 1.139999999999999902e+00
2.027000000000000135e+00 -5.106429000000000087e+03 1.225000000000000000e+02 1.145000000000000018e+00
0.000000000000000000e+00 -5.108454999999999927e+03 1.230000000000000000e+02 1.145000000000000018e+00
7.249999999999999778e-01 -5.109220999999999549e+03 1.235000000000000000e+02 1.145000000000000018e+00
0.000000000000000000e+00 -5.109945999999999913e+03 1.240000000000000000e+02 1.145000000000000018e+00
2.363999999999999879e+00 -5.105685999999999694e+03 1.245000000000000000e+02 1.211000000000000076e+00
0.000000000000000000e+00 -5.108050000000000182e+03 1.250000000000000000e+02 1.211000000000000076e+00
3.230000000000000093e-01 -5.108122999999999593e+03 1.255000000000000000e+02 1.211000000000000076e+00
0.000000000000000000e+00 -5.108445999999999913e+03 1.260000000000000000e+02 1.211000000000000076e+00
5.290000000000000258e-01 -5.109413999999999760e+03 1.265000000000000000e+02 1.211000000000000076e+00
0.000000000000000000e+00 -5.109943000000000211e+03 1.270000000000000000e+02 1.211000000000000076e+00
2.025999999999999801e+00 -5.106421000000000276e+03 1.275000000000000000e+02 1.211999999999999966e+00
0.000000000000000000e+00 -5.108445999999999913e+03 1.280000000000000000e+02 1.211999999999999966e+00
5.340000000000000302e-01 -5.109412000000000262e+03 1.285000000000000000e+02 1.211999999999999966e+00
0.000000000000000000e+00 -5.109945999999999913e+03 1.290000000000000000e+02 1.211999999999999966e+00
2.032999999999999918e+00 -5.106412999999999556e+03 1.295000000000000000e+02 1.217000000000000082e+00
0.000000000000000000e+00 -5.108445999999999913e+03 1.300000000000000000e+02 1.217000000000000082e+00
5.290000000000000258e-01 -5.109413999999999760e+03 1.305000000000000000e+02 1.217000000000000082e+00
0.000000000000000000e+00 -5.109943000000000211e+03 1.310000000000000000e+02 1.217000000000000082e+00
2.025999999999999801e+00 -5.106421000000000276e+03 1.315000000000000000e+02 1.217000000000000082e+00
0.000000000000000000e+00 -5.108445999999999913e+03 1.320000000000000000e+02 1.217000000000000082e+00
5.290000000000000258e-01 -5.109413999999999760e+03 1.325000000000000000e+02 1.217000000000000082e+00
0.000000000000000000e+00 -5.109943000000000211e+03 1.330000000000000000e+02 1.217000000000000082e+00
2.025999999999999801e+00 -5.106421000000000276e+03 1.335000000000000000e+02 1.219000000000000083e+00
0.000000000000000000e+00 -5.108445999999999913e+03 1.340000000000000000e+02 1.219000000000000083e+00
7.239999999999999769e-01 -5.107324999999999818e+03 1.345000000000000000e+02 1.219000000000000083e+00
0.000000000000000000e+00 -5.108050000000000182e+03 1.350000000000000000e+02 1.219000000000000083e+00
3.280000000000000138e-01 -5.108118000000000393e+03 1.355000000000000000e+02 1.219000000000000083e+00
0.000000000000000000e+00 -5.108445999999999913e+03 1.360000000000000000e+02 1.219000000000000083e+00
5.340000000000000302e-01 -5.109412000000000262e+03 1.365000000000000000e+02 1.219000000000000083e+00
0.000000000000000000e+00 -5.109945999999999913e+03 1.370000000000000000e+02 1.219000000000000083e+00
2.230999999999999872e+00 -5.105542999999999665e+03 1.375000000000000000e+02 1.219000000000000083e+00
0.000000000000000000e+00 -5.107774000000000342e+03 1.380000000000000000e+02 1.219000000000000083e+00
5.600000000000000117e-02 -5.109890000000000327e+03 1.385000000000000000e+02 1.219000000000000083e+00
0.000000000000000000e+00 -5.109945999999999913e+03 1.390000000000000000e+02 1.219000000000000083e+00
2.232000000000000206e+00 -5.105542000000000371e+03 1.395000000000000000e+02 1.233000000000000096e+00
0.000000000000000000e+00 -5.107774000000000342e+03 1.400000000000000000e+02 1.233000000000000096e+00
2.300000000000000100e-01 -5.109716000000000349e+03 1.405000000000000000e+02 1.233000000000000096e+00
0.000000000000000000e+00 -5.109945999999999913e+03 1.410000000000000000e+02 1.233000000000000096e+00
2.402000000000000135e+00 -5.105372000000000298e+03 1.415000000000000000e+02 1.290999999999999925e+00
0.000000000000000000e+00 -5.107774000000000342e+03 1.420000000000000000e+02 1.290999999999999925e+00
5.600000000000000117e-02 -5.109890000000000327e+03 1.425000000000000000e+02 1.290999999999999925e+00
0.000000000000000000e+00 -5.109945999999999913e+03 1.430000000000000000e+02 1.290999999999999925e+00
2.228000000000000203e+00 -5.105546999999999571e+03 1.435000000000000000e+02 1.292000000000000037e+00
0.000000000000000000e+00 -5.107774000000000342e+03 1.440000000000000000e+02 1.292000000000000037e+00
5.299999999999999850e-02 -5.109893000000000029e+03 1.445000000000000000e+02 1.292000000000000037e+00
0.000000000000000000e+00 -5.109945999999999913e+03 1.450000000000000000e+02 1.292000000000000037e+00
2.225000000000000089e+00 -5.105548999999999978e+03 1.455000000000000000e+02 1.304000000000000048e+00
0.000000000000000000e+00 -5.107774000000000342e+03 1.460000000000000000e+02 1.304000000000000048e+00
5.700000000000000205e-02 -5.109889000000000124e+03 1.465000000000000000e+02 1.304000000000000048e+00
0.000000000000000000e+00 -5.109945999999999913e+03 1.470000000000000000e+02 1.304000000000000048e+00
2.229000000000000092e+00 -5.105546000000000276e+03 1.475000000000000000e+02 1.318000000000000060e+00
0.000000000000000000e+00 -5.107774000000000342e+03 1.480000000000000000e+02 1.318000000000000060e+00
5.299999999999999850e-02 -5.109893000000000029e+03 1.485000000000000000e+02 1.318000000000000060e+00
0.000000000000000000e+00 -5.109945999999999913e+03 1.490000000000000000e+02 1.318000000000000060e+00
2.225000000000000089e+00 -5.105548999999999978e+03 1.495000000000000000e+02 1.340000000000000080e+00
0.000000000000000000e+00 -5.107774000000000342e+03 1.500000000000000000e+02 1.340000000000000080e+00
5.700000000000000205e-02 -5.109889000000000124e+03 1.505000000000000000e+02 1.340000000000000080e+00
0.000000000000000000e+00 -5.109945999999999913e+03 1.510000000000000000e+02 1.340000000000000080e+00
2.229000000000000092e+00 -5.105546000000000276e+03 1.515000000000000000e+02 1.340999999999999970e+00
0.000000000000000000e+00 -5.107774000000000342e+03 1.520000000000000000e+02 1.340999999999999970e+00
5.299999999999999850e-02 -5.109893000000000029e+03 1.525000000000000000e+02 1.340999999999999970e+00
0.000000000000000000e+00 -5.109945999999999913e+03 1.530000000000000000e+02 1.340999999999999970e+00
2.225000000000000089e+00 -5.105548999999999978e+03 1.535000000000000000e+02 1.342000000000000082e+00
0.000000000000000000e+00 -5.107774000000000342e+03 1.540000000000000000e+02 1.342000000000000082e+00
5.299999999999999850e-02 -5.109893000000000029e+03 1.545000000000000000e+02 1.342000000000000082e+00
0.000000000000000000e+00 -5.109945999999999913e+03 1.550000000000000000e+02 1.342000000000000082e+00
2.225000000000000089e+00 -5.105548999999999978e+03 1.555000000000000000e+02 1.342000000000000082e+00
0.000000000000000000e+00 -5.107774000000000342e+03 1.560000000000000000e+02 1.342000000000000082e+00
5.299999999999999850e-02 -5.109893000000000029e+03 1.565000000000000000e+02 1.342000000000000082e+00
0.000000000000000000e+00 -5.109945999999999913e+03 1.570000000000000000e+02 1.342000000000000082e+00
2.225000000000000089e+00 -5.105548999999999978e+03 1.575000000000000000e+02 1.346999999999999975e+00
0.000000000000000000e+00 -5.107774000000000342e+03 1.580000000000000000e+02 1.346999999999999975e+00
5.700000000000000205e-02 -5.109889000000000124e+03 1.585000000000000000e+02 1.346999999999999975e+00
0.000000000000000000e+00 -5.109945999999999913e+03 1.590000000000000000e+02 1.346999999999999975e+00
2.232000000000000206e+00 -5.105542999999999665e+03 1.595000000000000000e+02 1.354000000000000092e+00
0.000000000000000000e+00 -5.107774000000000342e+03 1.600000000000000000e+02 1.354000000000000092e+00
5.999999999999999778e-02 -5.109886000000000422e+03 1.605000000000000000e+02 1.354000000000000092e+00
0.000000000000000000e+00 -5.109945999999999913e+03 1.610000000000000000e+02 1.354000000000000092e+00
2.366999999999999993e+00 -5.105689000000000306e+03 1.615000000000000000e+02 1.370999999999999996e+00
0.000000000000000000e+00 -5.108055999999999585e+03 1.620000000000000000e+02 1.370999999999999996e+00
3.170000000000000040e-01 -5.108137999999999920e+03 1.625000000000000000e+02 1.370999999999999996e+00
0.000000000000000000e+00 -5.108456000000000131e+03 1.630000000000000000e+02 1.370999999999999996e+00
5.320000000000000284e-01 -5.109417999999999665e+03 1.635000000000000000e+02 1.370999999999999996e+00
0.000000000000000000e+00 -5.109949999999999818e+03 1.640000000000000000e+02 1.370999999999999996e+00
2.027000000000000135e+00 -5.106429000000000087e+03 1.645000000000000000e+02 1.374000000000000110e+00
0.000000000000000000e+00 -5.108456000000000131e+03 1.650000000000000000e+02 1.374000000000000110e+00
5.320000000000000284e-01 -5.109417999999999665e+03 1.655000000000000000e+02 1.374000000000000110e+00
0.000000000000000000e+00 -5.109949999999999818e+03 1.660000000000000000e+02 1.374000000000000110e+00
2.027000000000000135e+00 -5.106429000000000087e+03 1.665000000000000000e+02 1.374000000000000110e+00
0.000000000000000000e+00 -5.108456000000000131e+03 1.670000000000000000e+02 1.374000000000000110e+00
5.320000000000000284e-01 -5.109414999999999964e+03 1.675000000000000000e+02 1.374000000000000110e+00
0.000000000000000000e+00 -5.109945999999999913e+03 1.680000000000000000e+02 1.374000000000000110e+00
2.021999999999999797e+00 -5.106432999999999993e+03 1.685000000000000000e+02 1.374000000000000110e+00
0.000000000000000000e+00 -5.108456000000000131e+03 1.690000000000000000e+02 1.374000000000000110e+00
5.320000000000000284e-01 -5.109417999999999665e+03 1.695000000000000000e+02 1.374000000000000110e+00
0.000000000000000000e+00 -5.109949999999999818e+03 1.700000000000000000e+02 1.374000000000000110e+00
2.027000000000000135e+00 -5.106429000000000087e+03 1.705000000000000000e+02 1.375000000000000000e+00
0.000000000000000000e+00 -5.108456000000000131e+03 1.710000000000000000e+02 1.375000000000000000e+00
5.320000000000000284e-01 -5.109414999999999964e+03 1.715000000000000000e+02 1.375000000000000000e+00
0.000000000000000000e+00 -5.109945999999999913e+03 1.720000000000000000e+02 1.375000000000000000e+00
2.021999999999999797e+00 -5.106432999999999993e+03 1.725000000000000000e+02 1.375000000000000000e+00
0.000000000000000000e+00 -5.108456000000000131e+03 1.730000000000000000e+02 1.375000000000000000e+00
5.320000000000000284e-01 -5.109414999999999964e+03 1.735000000000000000e+02 1.375000000000000000e+00
0.000000000000000000e+00 -5.109945999999999913e+03 1.740000000000000000e+02 1.375000000000000000e+00
2.021999999999999797e+00 -5.106432999999999993e+03 1.745000000000000000e+02 1.377000000000000002e+00
0.000000000000000000e+00 -5.108456000000000131e+03 1.750000000000000000e+02 1.377000000000000002e+00
7.209999999999999742e-01 -5.107335000000000036e+03 1.755000000000000000e+02 1.377000000000000002e+00
0.000000000000000000e+00 -5.108055999999999585e+03 1.760000000000000000e+02 1.377000000000000002e+00
3.210000000000000075e-01 -5.108134000000000015e+03 1.765000000000000000e+02 1.377000000000000002e+00
0.000000000000000000e+00 -5.108456000000000131e+03 1.770000000000000000e+02 1.377000000000000002e+00
5.320000000000000284e-01 -5.109417999999999665e+03 1.775000000000000000e+02 1.377000000000000002e+00
0.000000000000000000e+00 -5.109949999999999818e+03 1.780000000000000000e+02 1.377000000000000002e+00
2.027000000000000135e+00 -5.106429000000000087e+03 1.785000000000000000e+02 1.379999999999999893e+00
0.000000000000000000e+00 -5.108456000000000131e+03 1.790000000000000000e+02 1.379999999999999893e+00
5.320000000000000284e-01 -5.109417999999999665e+03 1.795000000000000000e+02 1.379999999999999893e+00
0.000000000000000000e+00 -5.109949999999999818e+03 1.800000000000000000e+02 1.379999999999999893e+00
2.027000000000000135e+00 -5.106429000000000087e+03 1.805000000000000000e+02 1.387000000000000011e+00
0.000000000000000000e+00 -5.108456000000000131e+03 1.810000000000000000e+02 1.387000000000000011e+00
5.320000000000000284e-01 -5.109414999999999964e+03 1.815000000000000000e+02 1.387000000000000011e+00
0.000000000000000000e+00 -5.109945999999999913e+03 1.820000000000000000e+02 1.387000000000000011e+00
2.021999999999999797e+00 -5.106432999999999993e+03 1.825000000000000000e+02 1.387000000000000011e+00
0.000000000000000000e+00 -5.108456000000000131e+03 1.830000000000000000e+02 1.387000000000000011e+00
5.320000000000000284e-01 -5.109417999999999665e+03 1.835000000000000000e+02 1.387000000000000011e+00
0.000000000000000000e+00 -5.109949999999999818e+03 1.840000000000000000e+02 1.387000000000000011e+00
2.027000000000000135e+00 -5.106429000000000087e+03 1.845000000000000000e+02 1.387000000000000011e+00
0.000000000000000000e+00 -5.108456000000000131e+03 1.850000000000000000e+02 1.387000000000000011e+00
7.179999999999999716e-01 -5.109231999999999971e+03 1.855000000000000000e+02 1.387000000000000011e+00
0.000000000000000000e+00 -5.109949999999999818e+03 1.860000000000000000e+02 1.387000000000000011e+00
2.212000000000000188e+00 -5.106243000000000393e+03 1.865000000000000000e+02 1.395999999999999908e+00
0.000000000000000000e+00 -5.108456000000000131e+03 1.870000000000000000e+02 1.395999999999999908e+00
5.320000000000000284e-01 -5.109414999999999964e+03 1.875000000000000000e+02 1.395999999999999908e+00
0.000000000000000000e+00 -5.109945999999999913e+03 1.880000000000000000e+02 1.395999999999999908e+00
2.021999999999999797e+00 -5.106432999999999993e+03 1.885000000000000000e+02 1.397000000000000020e+00
0.000000000000000000e+00 -5.108456000000000131e+03 1.890000000000000000e+02 1.397000000000000020e+00
5.320000000000000284e-01 -5.109414999999999964e+03 1.895000000000000000e+02 1.397000000000000020e+00
0.000000000000000000e+00 -5.109945999999999913e+03 1.900000000000000000e+02 1.397000000000000020e+00
2.021999999999999797e+00 -5.106432999999999993e+03 1.905000000000000000e+02 1.399999999999999911e+00
0.000000000000000000e+00 -5.108456000000000131e+03 1.910000000000000000e+02 1.399999999999999911e+00
5.320000000000000284e-01 -5.109417999999999665e+03 1.915000000000000000e+02 1.399999999999999911e+00
0.000000000000000000e+00 -5.109949999999999818e+03 1.920000000000000000e+02 1.399999999999999911e+00
2.027000000000000135e+00 -5.106429000000000087e+03 1.925000000000000000e+02 1.399999999999999911e+00
0.000000000000000000e+00 -5.108456000000000131e+03 1.930000000000000000e+02 1.399999999999999911e+00
5.320000000000000284e-01 -5.109417999999999665e+03 1.935000000000000000e+02 1.399999999999999911e+00
0.000000000000000000e+00 -5.109949999999999818e+03 1.940000000000000000e+02 1.399999999999999911e+00
2.027000000000000135e+00 -5.106429000000000087e+03 1.945000000000000000e+02 1.401000000000000023e+00
0.000000000000000000e+00 -5.108456000000000131e+03 1.950000000000000000e+02 1.401000000000000023e+00
5.320000000000000284e-01 -5.109414999999999964e+03 1.955000000000000000e+02 1.401000000000000023e+00
0.000000000000000000e+00 -5.109945999999999913e+03 1.960000000000000000e+02 1.401000000000000023e+00
2.021999999999999797e+00 -5.106432999999999993e+03 1.965000000000000000e+02 1.401999999999999913e+00
0.000000000000000000e+00 -5.108456000000000131e+03 1.970000000000000000e+02 1.401999999999999913e+00
5.320000000000000284e-01 -5.109417999999999665e+03 1.975000000000000000e+02 1.401999999999999913e+00
0.000000000000000000e+00 -5.109949999999999818e+03 1.980000000000000000e+02 1.401999999999999913e+00
2.027000000000000135e+00 -5.106429000000000087e+03 1.985000000000000000e+02 1.405000000000000027e+00
0.000000000000000000e+00 -5.108456000000000131e+03 1.990000000000000000e+02 1.405000000000000027e+00
5.320000000000000284e-01 -5.109417999999999665e+03 1.995000000000000000e+02 1.405000000000000027e+00
0.000000000000000000e+00 -5.109949999999999818e+03 2.000000000000000000e+02 1.405000000000000027e+00
2.027000000000000135e+00 -5.106429000000000087e+03 2.005000000000000000e+02 1.407000000000000028e+00
0.000000000000000000e+00 -5.108456000000000131e+03 2.010000000000000000e+02 1.407000000000000028e+00
5.320000000000000284e-01 -5.109417999999999665e+03 2.015000000000000000e+02 1.407000000000000028e+00
0.000000000000000000e+00 -5.109949999999999818e+03 2.020000000000000000e+02 1.407000000000000028e+00
2.027000000000000135e+00 -5.106429000000000087e+03 2.025000000000000000e+02 1.407999999999999918e+00
0.000000000000000000e+00 -5.108456000000000131e+03 2.030000000000000000e+02 1.407999999999999918e+00
5.320000000000000284e-01 -5.109414999999999964e+03 2.035000000000000000e+02 1.407999999999999918e+00
0.000000000000000000e+00 -5.109945999999999913e+03 2.040000000000000000e+02 1.407999999999999918e+00
2.021999999999999797e+00 -5.106432999999999993e+03 2.045000000000000000e+02 1.409000000000000030e+00
0.000000000000000000e+00 -5.108456000000000131e+03 2.050000000000000000e+02 1.409000000000000030e+00
5.320000000000000284e-01 -5.109417999999999665e+03 2.055000000000000000e+02 1.409000000000000030e+00
0.000000000000000000e+00 -5.109949999999999818e+03 2.060000000000000000e+02 1.409000000000000030e+00
2.027000000000000135e+00 -5.106429000000000087e+03 2.065000000000000000e+02 1.409999999999999920e+00
0.000000000000000000e+00 -5.108456000000000131e+03 2.070000000000000000e+02 1.409999999999999920e+00
5.320000000000000284e-01 -5.109417999999999665e+03 2.075000000000000000e+02 1.409999999999999920e+00
0.000000000000000000e+00 -5.109949999999999818e+03 2.080000000000000000e+02 1.409999999999999920e+00
2.027000000000000135e+00 -5.106429000000000087e+03 2.085000000000000000e+02 1.411999999999999922e+00
0.000000000000000000e+00 -5.108456000000000131e+03 2.090000000000000000e+02 1.411999999999999922e+00
7.249999999999999778e-01 -5.109221999999999753e+03 2.095000000000000000e+02 1.411999999999999922e+00
0.000000000000000000e+00 -5.109945999999999913e+03 2.100000000000000000e+02 1.411999999999999922e+00
2.363999999999999879e+00 -5.105685999999999694e+03 2.105000000000000000e+02 1.457999999999999963e+00
0.000000000000000000e+00 -5.108050000000000182e+03 2.110000000000000000e+02 1.457999999999999963e+00
3.230000000000000093e-01 -5.108123999999999796e+03 2.115000000000000000e+02 1.457999999999999963e+00
0.000000000000000000e+00 -5.108447000000000116e+03 2.120000000000000000e+02 1.457999999999999963e+00
5.290000000000000258e-01 -5.109413999999999760e+03 2.125000000000000000e+02 1.457999999999999963e+00
0.000000000000000000e+00 -5.109943000000000211e+03 2.130000000000000000e+02 1.457999999999999963e+00
2.024999999999999911e+00 -5.106421000000000276e+03 2.135000000000000000e+02 1.459000000000000075e+00
0.000000000000000000e+00 -5.108447000000000116e+03 2.140000000000000000e+02 1.459000000000000075e+00
5.340000000000000302e-01 -5.109412000000000262e+03 2.145000000000000000e+02 1.459000000000000075e+00
0.000000000000000000e+00 -5.109945999999999913e+03 2.150000000000000000e+02 1.459000000000000075e+00
2.032999999999999918e+00 -5.106413999999999760e+03 2.155000000000000000e+02 1.459999999999999964e+00
0.000000000000000000e+00 -5.108447000000000116e+03 2.160000000000000000e+02 1.459999999999999964e+00
5.290000000000000258e-01 -5.109413999999999760e+03 2.165000000000000000e+02 1.459999999999999964e+00
0.000000000000000000e+00 -5.109943000000000211e+03 2.170000000000000000e+02 1.459999999999999964e+00
2.024999999999999911e+00 -5.106421000000000276e+03 2.175000000000000000e+02 1.465000000000000080e+00
0.000000000000000000e+00 -5.108447000000000116e+03 2.180000000000000000e+02 1.465000000000000080e+00
5.290000000000000258e-01 -5.109413999999999760e+03 2.185000000000000000e+02 1.465000000000000080e+00
0.000000000000000000e+00 -5.109943000000000211e+03 2.190000000000000000e+02 1.465000000000000080e+00
2.024999999999999911e+00 -5.106421000000000276e+03 2.195000000000000000e+02 1.465999999999999970e+00
0.000000000000000000e+00 -5.108447000000000116e+03 2.200000000000000000e+02 1.465999999999999970e+00
5.290000000000000258e-01 -5.109413999999999760e+03 2.205000000000000000e+02 1.465999999999999970e+00
0.000000000000000000e+00 -5.109943000000000211e+03 2.210000000000000000e+02 1.465999999999999970e+00
2.024999999999999911e+00 -5.106421000000000276e+03 2.215000000000000000e+02 1.469999999999999973e+00
0.000000000000000000e+00 -5.108447000000000116e+03 2.220000000000000000e+02 1.469999999999999973e+00
5.290000000000000258e-01 -5.109413999999999760e+03 2.225000000000000000e+02 1.469999999999999973e+00
0.000000000000000000e+00 -5.109943000000000211e+03 2.230000000000000000e+02 1.469999999999999973e+00
2.025999999999999801e+00 -5.106421000000000276e+03 2.235000000000000000e+02 1.469999999999999973e+00
0.000000000000000000e+00 -5.108447000000000116e+03 2.240000000000000000e+02 1.469999999999999973e+00
5.290000000000000258e-01 -5.109413999999999760e+03 2.245000000000000000e+02 1.469999999999999973e+00
0.000000000000000000e+00 -5.109943000000000211e+03 2.250000000000000000e+02 1.469999999999999973e+00
2.025999999999999801e+00 -5.106421000000000276e+03 2.255000000000000000e+02 1.473000000000000087e+00
0.000000000000000000e+00 -5.108447000000000116e+03 2.260000000000000000e+02 1.473000000000000087e+00
7.179999999999999716e-01 -5.109225000000000364e+03 2.265000000000000000e+02 1.473000000000000087e+00
0.000000000000000000e+00 -5.109943000000000211e+03 2.270000000000000000e+02 1.473000000000000087e+00
2.213999999999999968e+00 -5.106233000000000175e+03 2.275000000000000000e+02 1.489000000000000101e+00
0.000000000000000000e+00 -5.108447000000000116e+03 2.280000000000000000e+02 1.489000000000000101e+00
5.340000000000000302e-01 -5.109412000000000262e+03 2.285000000000000000e+02 1.489000000000000101e+00
0.000000000000000000e+00 -5.109945999999999913e+03 2.290000000000000000e+02 1.489000000000000101e+00
2.032999999999999918e+00 -5.106413999999999760e+03 2.295000000000000000e+02 1.491000000000000103e+00
0.000000000000000000e+00 -5.108447000000000116e+03 2.300000000000000000e+02 1.491000000000000103e+00
7.179999999999999716e-01 -5.109225000000000364e+03 2.305000000000000000e+02 1.491000000000000103e+00
0.000000000000000000e+00 -5.109943000000000211e+03 2.310000000000000000e+02 1.491000000000000103e+00
2.213999999999999968e+00 -5.106233000000000175e+03 2.315000000000000000e+02 1.510000000000000009e+00
0.000000000000000000e+00 -5.108447000000000116e+03 2.320000000000000000e+02 1.510000000000000009e+00
5.340000000000000302e-01 -5.109412000000000262e+03 2.325000000000000000e+02 1.510000000000000009e+00
0.000000000000000000e+00 -5.109945999999999913e+03 2.330000000000000000e+02 1.510000000000000009e+00
2.230999999999999872e+00 -5.105543999999999869e+03 2.335000000000000000e+02 1.516999999999999904e+00
0.000000000000000000e+00 -5.107774999999999636e+03 2.340000000000000000e+02 1.516999999999999904e+00
4.900000000000000189e-02 -5.109896999999999935e+03 2.345000000000000000e+02 1.516999999999999904e+00
0.000000000000000000e+00 -5.109947000000000116e+03 2.350000000000000000e+02 1.516999999999999904e+00
2.220000000000000195e+00 -5.105555000000000291e+03 2.355000000000000000e+02 1.524999999999999911e+00
0.000000000000000000e+00 -5.107774999999999636e+03 2.360000000000000000e+02 1.524999999999999911e+00
5.399999999999999939e-02 -5.109891999999999825e+03 2.365000000000000000e+02 1.524999999999999911e+00
0.000000000000000000e+00 -5.109945999999999913e+03 2.370000000000000000e+02 1.524999999999999911e+00
2.225000000000000089e+00 -5.105551000000000386e+03 2.375000000000000000e+02 1.526999999999999913e+00
0.000000000000000000e+00 -5.107774999999999636e+03 2.380000000000000000e+02 1.526999999999999913e+00
5.999999999999999778e-02 -5.109886999999999716e+03 2.385000000000000000e+02 1.526999999999999913e+00
0.000000000000000000e+00 -5.109945999999999913e+03 2.390000000000000000e+02 1.526999999999999913e+00
2.230999999999999872e+00 -5.105545000000000073e+03 2.395000000000000000e+02 1.530000000000000027e+00
0.000000000000000000e+00 -5.107774999999999636e+03 2.400000000000000000e+02 1.530000000000000027e+00
5.999999999999999778e-02 -5.109886999999999716e+03 2.405000000000000000e+02 1.530000000000000027e+00
0.000000000000000000e+00 -5.109945999999999913e+03 2.410000000000000000e+02 1.530000000000000027e+00
2.232000000000000206e+00 -5.105542999999999665e+03 2.415000000000000000e+02 1.544999999999999929e+00
0.000000000000000000e+00 -5.107774000000000342e+03 2.420000000000000000e+02 1.544999999999999929e+00
5.700000000000000205e-02 -5.109890000000000327e+03 2.425000000000000000e+02 1.544999999999999929e+00
0.000000000000000000e+00 -5.109945999999999913e+03 2.430000000000000000e+02 1.544999999999999929e+00
2.232000000000000206e+00 -5.105542999999999665e+03 2.435000000000000000e+02 1.550999999999999934e+00
0.000000000000000000e+00 -5.107774999999999636e+03 2.440000000000000000e+02 1.550999999999999934e+00
5.999999999999999778e-02 -5.109886000000000422e+03 2.445000000000000000e+02 1.550999999999999934e+00
0.000000000000000000e+00 -5.109945999999999913e+03 2.450000000000000000e+02 1.550999999999999934e+00
2.232000000000000206e+00 -5.105542999999999665e+03 2.455000000000000000e+02 1.576999999999999957e+00
0.000000000000000000e+00 -5.107774999999999636e+03 2.460000000000000000e+02 1.576999999999999957e+00
5.999999999999999778e-02 -5.109886000000000422e+03 2.465000000000000000e+02 1.576999999999999957e+00
0.000000000000000000e+00 -5.109945999999999913e+03 2.470000000000000000e+02 1.576999999999999957e+00
2.232000000000000206e+00 -5.105542999999999665e+03 2.475000000000000000e+02 1.586000000000000076e+00
0.000000000000000000e+00 -5.107774999999999636e+03 2.480000000000000000e+02 1.586000000000000076e+00
5.700000000000000205e-02 -5.109889000000000124e+03 2.485000000000000000e+02 1.586000000000000076e+00
0.000000000000000000e+00 -5.109945999999999913e+03 2.490000000000000000e+02 1.586000000000000076e+00
2.229000000000000092e+00 -5.105546000000000276e+03 2.495000000000000000e+02 1.590000000000000080e+00
0.000000000000000000e+00 -5.107774999999999636e+03 2.500000000000000000e+02 1.590000000000000080e+00
5.299999999999999850e-02 -5.109894000000000233e+03 2.505000000000000000e+02 1.590000000000000080e+00
0.000000000000000000e+00 -5.109947000000000116e+03 2.510000000000000000e+02 1.590000000000000080e+00
2.225000000000000089e+00 -5.105550000000000182e+03 2.515000000000000000e+02 1.625000000000000000e+00
0.000000000000000000e+00 -5.107774999999999636e+03 2.520000000000000000e+02 1.625000000000000000e+00
5.700000000000000205e-02 -5.109889000000000124e+03 2.525000000000000000e+02 1.625000000000000000e+00
0.000000000000000000e+00 -5.109945999999999913e+03 2.530000000000000000e+02 1.625000000000000000e+00
2.230999999999999872e+00 -5.105542999999999665e+03 2.535000000000000000e+02 1.637000000000000011e+00
0.000000000000000000e+00 -5.107774000000000342e+03 2.540000000000000000e+02 1.637000000000000011e+00
5.800000000000000294e-02 -5.109887999999999920e+03 2.545000000000000000e+02 1.637000000000000011e+00
0.000000000000000000e+00 -5.109945999999999913e+03 2.550000000000000000e+02 1.637000000000000011e+00
2.230999999999999872e+00 -5.105542999999999665e+03 2.555000000000000000e+02 1.645000000000000018e+00
0.000000000000000000e+00 -5.107774000000000342e+03 2.560000000000000000e+02 1.645000000000000018e+00
4.700000000000000011e-02 -5.109899000000000342e+03 2.565000000000000000e+02 1.645000000000000018e+00
0.000000000000000000e+00 -5.109945999999999913e+03 2.570000000000000000e+02 1.645000000000000018e+00
2.220000000000000195e+00 -5.105554000000000087e+03 2.575000000000000000e+02 1.653000000000000025e+00
0.000000000000000000e+00 -5.107774000000000342e+03 2.580000000000000000e+02 1.653000000000000025e+00
5.199999999999999761e-02 -5.109895000000000437e+03 2.585000000000000000e+02 1.653000000000000025e+00
0.000000000000000000e+00 -5.109947000000000116e+03 2.590000000000000000e+02 1.653000000000000025e+00
2.225000000000000089e+00 -5.105548999999999978e+03 2.595000000000000000e+02 1.655999999999999917e+00
0.000000000000000000e+00 -5.107774000000000342e+03 2.600000000000000000e+02 1.655999999999999917e+00
4.700000000000000011e-02 -5.109899000000000342e+03 2.605000000000000000e+02 1.655999999999999917e+00
0.000000000000000000e+00 -5.109945999999999913e+03 2.610000000000000000e+02 1.655999999999999917e+00
2.365000000000000213e+00 -5.105685000000000400e+03 2.615000000000000000e+02 1.671999999999999931e+00
0.000000000000000000e+00 -5.108048999999999978e+03 2.620000000000000000e+02 1.671999999999999931e+00
3.220000000000000084e-01 -5.108126000000000204e+03 2.625000000000000000e+02 1.671999999999999931e+00
0.000000000000000000e+00 -5.108448000000000320e+03 2.630000000000000000e+02 1.671999999999999931e+00
5.300000000000000266e-01 -5.109412999999999556e+03 2.635000000000000000e+02 1.671999999999999931e+00
0.000000000000000000e+00 -5.109943000000000211e+03 2.640000000000000000e+02 1.671999999999999931e+00
2.025999999999999801e+00 -5.106421999999999571e+03 2.645000000000000000e+02 1.673000000000000043e+00
0.000000000000000000e+00 -5.108448000000000320e+03 2.650000000000000000e+02 1.673000000000000043e+00
5.300000000000000266e-01 -5.109412999999999556e+03 2.655000000000000000e+02 1.673000000000000043e+00
0.000000000000000000e+00 -5.109943000000000211e+03 2.660000000000000000e+02 1.673000000000000043e+00
2.025999999999999801e+00 -5.106421999999999571e+03 2.665000000000000000e+02 1.675999999999999934e+00
0.000000000000000000e+00 -5.108448000000000320e+03 2.670000000000000000e+02 1.675999999999999934e+00
5.300000000000000266e-01 -5.109412999999999556e+03 2.675000000000000000e+02 1.675999999999999934e+00
0.000000000000000000e+00 -5.109943000000000211e+03 2.680000000000000000e+02 1.675999999999999934e+00
2.025999999999999801e+00 -5.106421999999999571e+03 2.685000000000000000e+02 1.679000000000000048e+00
0.000000000000000000e+00 -5.108448000000000320e+03 2.690000000000000000e+02 1.679000000000000048e+00
5.330000000000000293e-01 -5.109412999999999556e+03 2.695000000000000000e+02 1.679000000000000048e+00
0.000000000000000000e+00 -5.109945999999999913e+03 2.700000000000000000e+02 1.679000000000000048e+00
2.032000000000000028e+00 -5.106416000000000167e+03 2.705000000000000000e+02 1.679999999999999938e+00
0.000000000000000000e+00 -5.108448000000000320e+03 2.710000000000000000e+02 1.679999999999999938e+00
5.330000000000000293e-01 -5.109412999999999556e+03 2.715000000000000000e+02 1.679999999999999938e+00
0.000000000000000000e+00 -5.109945999999999913e+03 2.720000000000000000e+02 1.679999999999999938e+00
2.366999999999999993e+00 -5.105689999999999600e+03 2.725000000000000000e+02 1.683999999999999941e+00
0.000000000000000000e+00 -5.108055999999999585e+03 2.730000000000000000e+02 1.683999999999999941e+00
3.170000000000000040e-01 -5.108139000000000124e+03 2.735000000000000000e+02 1.683999999999999941e+00
0.000000000000000000e+00 -5.108456000000000131e+03 2.740000000000000000e+02 1.683999999999999941e+00
7.259999999999999787e-01 -5.109220999999999549e+03 2.745000000000000000e+02 1.683999999999999941e+00
0.000000000000000000e+00 -5.109947000000000116e+03 2.750000000000000000e+02 1.683999999999999941e+00
2.216000000000000192e+00 -5.106239999999999782e+03 2.755000000000000000e+02 1.701999999999999957e+00
0.000000000000000000e+00 -5.108456000000000131e+03 2.760000000000000000e+02 1.701999999999999957e+00
5.320000000000000284e-01 -5.109414999999999964e+03 2.765000000000000000e+02 1.701999999999999957e+00
0.000000000000000000e+00 -5.109947000000000116e+03 2.770000000000000000e+02 1.701999999999999957e+00
2.021999999999999797e+00 -5.106434000000000196e+03 2.775000000000000000e+02 1.703999999999999959e+00
0.000000000000000000e+00 -5.108456000000000131e+03 2.780000000000000000e+02 1.703999999999999959e+00
5.320000000000000284e-01 -5.109417999999999665e+03 2.785000000000000000e+02 1.703999999999999959e+00
0.000000000000000000e+00 -5.109949999999999818e+03 2.790000000000000000e+02 1.703999999999999959e+00
2.025999999999999801e+00 -5.106430000000000291e+03 2.795000000000000000e+02 1.707000000000000073e+00
0.000000000000000000e+00 -5.108456000000000131e+03 2.800000000000000000e+02 1.707000000000000073e+00
5.320000000000000284e-01 -5.109414999999999964e+03 2.805000000000000000e+02 1.707000000000000073e+00
0.000000000000000000e+00 -5.109947000000000116e+03 2.810000000000000000e+02 1.707000000000000073e+00
2.021999999999999797e+00 -5.106434000000000196e+03 2.815000000000000000e+02 1.707000000000000073e+00
0.000000000000000000e+00 -5.108456000000000131e+03 2.820000000000000000e+02 1.707000000000000073e+00
5.320000000000000284e-01 -5.109414999999999964e+03 2.825000000000000000e+02 1.707000000000000073e+00
0.000000000000000000e+00 -5.109947000000000116e+03 2.830000000000000000e+02 1.707000000000000073e+00
2.021999999999999797e+00 -5.106434000000000196e+03 2.835000000000000000e+02 1.707999999999999963e+00
0.000000000000000000e+00 -5.108456000000000131e+03 2.840000000000000000e+02 1.707999999999999963e+00
5.320000000000000284e-01 -5.109417999999999665e+03 2.845000000000000000e+02 1.707999999999999963e+00
0.000000000000000000e+00 -5.109949999999999818e+03 2.850000000000000000e+02 1.707999999999999963e+00
2.025999999999999801e+00 -5.106430000000000291e+03 2.855000000000000000e+02 1.709000000000000075e+00
0.000000000000000000e+00 -5.108456000000000131e+03 2.860000000000000000e+02 1.709000000000000075e+00
5.320000000000000284e-01 -5.109414999999999964e+03 2.865000000000000000e+02 1.709000000000000075e+00
0.000000000000000000e+00 -5.109947000000000116e+03 2.870000000000000000e+02 1.709000000000000075e+00
2.021999999999999797e+00 -5.106434000000000196e+03 2.875000000000000000e+02 1.709000000000000075e+00
0.000000000000000000e+00 -5.108456000000000131e+03 2.880000000000000000e+02 1.709000000000000075e+00
5.320000000000000284e-01 -5.109417999999999665e+03 2.885000000000000000e+02 1.709000000000000075e+00
0.000000000000000000e+00 -5.109949999999999818e+03 2.890000000000000000e+02 1.709000000000000075e+00
2.025999999999999801e+00 -5.106430000000000291e+03 2.895000000000000000e+02 1.709000000000000075e+00
0.000000000000000000e+00 -5.108456000000000131e+03 2.900000000000000000e+02 1.709000000000000075e+00
7.209999999999999742e-01 -5.107335000000000036e+03 2.905000000000000000e+02 1.709000000000000075e+00
0.000000000000000000e+00 -5.108055999999999585e+03 2.910000000000000000e+02 1.709000000000000075e+00
3.210000000000000075e-01 -5.108135000000000218e+03 2.915000000000000000e+02 1.709000000000000075e+00
0.000000000000000000e+00 -5.108456000000000131e+03 2.920000000000000000e+02 1.709000000000000075e+00
5.320000000000000284e-01 -5.109417999999999665e+03 2.925000000000000000e+02 1.709000000000000075e+00
0.000000000000000000e+00 -5.109949999999999818e+03 2.930000000000000000e+02 1.709000000000000075e+00
2.025999999999999801e+00 -5.106430000000000291e+03 2.935000000000000000e+02 1.711000000000000076e+00
0.000000000000000000e+00 -5.108456000000000131e+03 2.940000000000000000e+02 1.711000000000000076e+00
7.209999999999999742e-01 -5.107335000000000036e+03 2.945000000000000000e+02 1.711000000000000076e+00
0.000000000000000000e+00 -5.108055999999999585e+03 2.950000000000000000e+02 1.711000000000000076e+00
4.789999999999999813e-01 -5.109472999999999956e+03 2.955000000000000000e+02 1.711000000000000076e+00
0.000000000000000000e+00 -5.109952000000000226e+03 2.960000000000000000e+02 1.711000000000000076e+00
2.055000000000000160e+00 -5.106359000000000378e+03 2.965000000000000000e+02 1.711999999999999966e+00
0.000000000000000000e+00 -5.108413999999999760e+03 2.970000000000000000e+02 1.711999999999999966e+00
5.230000000000000204e-01 -5.109438000000000102e+03 2.975000000000000000e+02 1.711999999999999966e+00
0.000000000000000000e+00 -5.109961000000000240e+03 2.980000000000000000e+02 1.711999999999999966e+00
2.069999999999999840e+00 -5.106344000000000051e+03 2.985000000000000000e+02 1.711999999999999966e+00
0.000000000000000000e+00 -5.108413999999999760e+03 2.990000000000000000e+02 1.711999999999999966e+00
5.230000000000000204e-01 -5.109438000000000102e+03 2.995000000000000000e+02 1.711999999999999966e+00
0.000000000000000000e+00 -5.109961000000000240e+03 3.000000000000000000e+02 1.711999999999999966e+00
2.069999999999999840e+00 -5.106344000000000051e+03 3.005000000000000000e+02 1.713999999999999968e+00
0.000000000000000000e+00 -5.108413999999999760e+03 3.010000000000000000e+02 1.713999999999999968e+00
5.160000000000000142e-01 -5.109435999999999694e+03 3.015000000000000000e+02 1.713999999999999968e+00
0.000000000000000000e+00 -5.109952000000000226e+03 3.020000000000000000e+02 1.713999999999999968e+00
2.053999999999999826e+00 -5.106359999999999673e+03 3.025000000000000000e+02 1.719000000000000083e+00
0.000000000000000000e+00 -5.108413999999999760e+03 3.030000000000000000e+02 1.719000000000000083e+00
5.160000000000000142e-01 -5.109435999999999694e+03 3.035000000000000000e+02 1.719000000000000083e+00
0.000000000000000000e+00 -5.109952000000000226e+03 3.040000000000000000e+02 1.719000000000000083e+00
2.053999999999999826e+00 -5.106359999999999673e+03 3.045000000000000000e+02 1.719999999999999973e+00
0.000000000000000000e+00 -5.108413999999999760e+03 3.050000000000000000e+02 1.719999999999999973e+00
5.160000000000000142e-01 -5.109435999999999694e+03 3.055000000000000000e+02 1.719999999999999973e+00
0.000000000000000000e+00 -5.109952000000000226e+03 3.060000000000000000e+02 1.719999999999999973e+00
2.053999999999999826e+00 -5.106359999999999673e+03 3.065000000000000000e+02 1.719999999999999973e+00
0.000000000000000000e+00 -5.108413999999999760e+03 3.070000000000000000e+02 1.719999999999999973e+00
6.979999999999999538e-01 -5.109253999999999905e+03 3.075000000000000000e+02 1.719999999999999973e+00
0.000000000000000000e+00 -5.109952000000000226e+03 3.080000000000000000e+02 1.719999999999999973e+00
2.055000000000000160e+00 -5.106359000000000378e+03 3.085000000000000000e+02 1.721999999999999975e+00
0.000000000000000000e+00 -5.108413999999999760e+03 3.090000000000000000e+02 1.721999999999999975e+00
5.230000000000000204e-01 -5.109438000000000102e+03 3.095000000000000000e+02 1.721999999999999975e+00
0.000000000000000000e+00 -5.109961000000000240e+03 3.100000000000000000e+02 1.721999999999999975e+00
2.069999999999999840e+00 -5.106342999999999847e+03 3.105000000000000000e+02 1.723999999999999977e+00
0.000000000000000000e+00 -5.108413999999999760e+03 3.110000000000000000e+02 1.723999999999999977e+00
5.230000000000000204e-01 -5.109438000000000102e+03 3.115000000000000000e+02 1.723999999999999977e+00
0.000000000000000000e+00 -5.109961000000000240e+03 3.120000000000000000e+02 1.723999999999999977e+00
2.069999999999999840e+00 -5.106342999999999847e+03 3.125000000000000000e+02 1.725999999999999979e+00
0.000000000000000000e+00 -5.108413999999999760e+03 3.130000000000000000e+02 1.725999999999999979e+00
7.129999999999999671e-01 -5.107332999999999629e+03 3.135000000000000000e+02 1.725999999999999979e+00
0.000000000000000000e+00 -5.108045000000000073e+03 3.140000000000000000e+02 1.725999999999999979e+00
4.739999999999999769e-01 -5.109476999999999862e+03 3.145000000000000000e+02 1.725999999999999979e+00
0.000000000000000000e+00 -5.109951000000000022e+03 3.150000000000000000e+02 1.725999999999999979e+00
2.375999999999999890e+00 -5.105670000000000073e+03 3.155000000000000000e+02 1.762999999999999901e+00
0.000000000000000000e+00 -5.108046000000000276e+03 3.160000000000000000e+02 1.762999999999999901e+00
3.370000000000000218e-01 -5.108076000000000022e+03 3.165000000000000000e+02 1.762999999999999901e+00
0.000000000000000000e+00 -5.108413999999999760e+03 3.170000000000000000e+02 1.762999999999999901e+00
5.150000000000000133e-01 -5.109432999999999993e+03 3.175000000000000000e+02 1.762999999999999901e+00
0.000000000000000000e+00 -5.109947000000000116e+03 3.180000000000000000e+02 1.762999999999999901e+00
2.048000000000000043e+00 -5.106364999999999782e+03 3.185000000000000000e+02 1.764999999999999902e+00
0.000000000000000000e+00 -5.108413999999999760e+03 3.190000000000000000e+02 1.764999999999999902e+00
5.150000000000000133e-01 -5.109432999999999993e+03 3.195000000000000000e+02 1.764999999999999902e+00
0.000000000000000000e+00 -5.109947000000000116e+03 3.200000000000000000e+02 1.764999999999999902e+00
2.048000000000000043e+00 -5.106364999999999782e+03 3.205000000000000000e+02 1.764999999999999902e+00
0.000000000000000000e+00 -5.108413999999999760e+03 3.210000000000000000e+02 1.764999999999999902e+00
5.300000000000000266e-01 -5.109423999999999978e+03 3.215000000000000000e+02 1.764999999999999902e+00
0.000000000000000000e+00 -5.109953999999999724e+03 3.220000000000000000e+02 1.764999999999999902e+00
2.069999999999999840e+00 -5.106342999999999847e+03 3.225000000000000000e+02 1.768000000000000016e+00
0.000000000000000000e+00 -5.108413999999999760e+03 3.230000000000000000e+02 1.768000000000000016e+00
7.059999999999999609e-01 -5.109247999999999593e+03 3.235000000000000000e+02 1.768000000000000016e+00
0.000000000000000000e+00 -5.109953999999999724e+03 3.240000000000000000e+02 1.768000000000000016e+00
2.246999999999999886e+00 -5.106167000000000371e+03 3.245000000000000000e+02 1.806000000000000050e+00
0.000000000000000000e+00 -5.108413999999999760e+03 3.250000000000000000e+02 1.806000000000000050e+00
5.150000000000000133e-01 -5.109432999999999993e+03 3.255000000000000000e+02 1.806000000000000050e+00
0.000000000000000000e+00 -5.109947000000000116e+03 3.260000000000000000e+02 1.806000000000000050e+00
2.048000000000000043e+00 -5.106364999999999782e+03 3.265000000000000000e+02 1.806999999999999940e+00
0.000000000000000000e+00 -5.108413999999999760e+03 3.270000000000000000e+02 1.806999999999999940e+00
5.150000000000000133e-01 -5.109432999999999993e+03 3.275000000000000000e+02 1.806999999999999940e+00
0.000000000000000000e+00 -5.109947000000000116e+03 3.280000000000000000e+02 1.806999999999999940e+00
2.048000000000000043e+00 -5.106364999999999782e+03 3.285000000000000000e+02 1.808000000000000052e+00
0.000000000000000000e+00 -5.108413999999999760e+03 3.290000000000000000e+02 1.808000000000000052e+00
5.150000000000000133e-01 -5.109432999999999993e+03 3.295000000000000000e+02 1.808000000000000052e+00
0.000000000000000000e+00 -5.109947000000000116e+03 3.300000000000000000e+02 1.808000000000000052e+00
2.048000000000000043e+00 -5.106364999999999782e+03 3.305000000000000000e+02 1.810000000000000053e+00
0.000000000000000000e+00 -5.108413999999999760e+03 3.310000000000000000e+02 1.810000000000000053e+00
7.059999999999999609e-01 -5.109247999999999593e+03 3.315000000000000000e+02 1.810000000000000053e+00
0.000000000000000000e+00 -5.109953999999999724e+03 3.320000000000000000e+02 1.810000000000000053e+00
2.224000000000000199e+00 -5.105621000000000095e+03 3.325000000000000000e+02 1.814000000000000057e+00
0.000000000000000000e+00 -5.107844000000000051e+03 3.330000000000000000e+02 1.814000000000000057e+00
1.140000000000000041e-01 -5.109840000000000146e+03 3.335000000000000000e+02 1.814000000000000057e+00
0.000000000000000000e+00 -5.109953999999999724e+03 3.340000000000000000e+02 1.814000000000000057e+00
2.224000000000000199e+00 -5.105621000000000095e+03 3.345000000000000000e+02 1.814000000000000057e+00
0.000000000000000000e+00 -5.107844000000000051e+03 3.350000000000000000e+02 1.814000000000000057e+00
1.140000000000000041e-01 -5.109840000000000146e+03 3.355000000000000000e+02 1.814000000000000057e+00
0.000000000000000000e+00 -5.109953999999999724e+03 3.360000000000000000e+02 1.814000000000000057e+00
2.224000000000000199e+00 -5.105621000000000095e+03 3.365000000000000000e+02 1.818000000000000060e+00
0.000000000000000000e+00 -5.107844000000000051e+03 3.370000000000000000e+02 1.818000000000000060e+00
3.069999999999999951e-01 -5.109646999999999935e+03 3.375000000000000000e+02 1.818000000000000060e+00
0.000000000000000000e+00 -5.109953999999999724e+03 3.380000000000000000e+02 1.818000000000000060e+00
2.221999999999999975e+00 -5.105622999999999593e+03 3.385000000000000000e+02 1.824000000000000066e+00
0.000000000000000000e+00 -5.107845000000000255e+03 3.390000000000000000e+02 1.824000000000000066e+00
3.069999999999999951e-01 -5.109645999999999731e+03 3.395000000000000000e+02 1.824000000000000066e+00
0.000000000000000000e+00 -5.109953999999999724e+03 3.400000000000000000e+02 1.824000000000000066e+00
2.415999999999999925e+00 -5.105427999999999884e+03 3.405000000000000000e+02 1.832000000000000073e+00
0.000000000000000000e+00 -5.107845000000000255e+03 3.410000000000000000e+02 1.832000000000000073e+00
1.089999999999999997e-01 -5.109845000000000255e+03 3.415000000000000000e+02 1.832000000000000073e+00
0.000000000000000000e+00 -5.109953999999999724e+03 3.420000000000000000e+02 1.832000000000000073e+00
2.217999999999999972e+00 -5.105627000000000407e+03 3.425000000000000000e+02 1.852999999999999980e+00
0.000000000000000000e+00 -5.107845000000000255e+03 3.430000000000000000e+02 1.852999999999999980e+00
1.449999999999999900e-01 -5.109832999999999629e+03 3.435000000000000000e+02 1.852999999999999980e+00
0.000000000000000000e+00 -5.109979000000000269e+03 3.440000000000000000e+02 1.852999999999999980e+00
2.278999999999999915e+00 -5.105565999999999804e+03 3.445000000000000000e+02 1.858000000000000096e+00
0.000000000000000000e+00 -5.107845000000000255e+03 3.450000000000000000e+02 1.858000000000000096e+00
1.069999999999999979e-01 -5.109845999999999549e+03 3.455000000000000000e+02 1.858000000000000096e+00
0.000000000000000000e+00 -5.109953999999999724e+03 3.460000000000000000e+02 1.858000000000000096e+00
2.216000000000000192e+00 -5.105628999999999905e+03 3.465000000000000000e+02 1.883999999999999897e+00
0.000000000000000000e+00 -5.107845000000000255e+03 3.470000000000000000e+02 1.883999999999999897e+00
1.419999999999999873e-01 -5.109837000000000444e+03 3.475000000000000000e+02 1.883999999999999897e+00
0.000000000000000000e+00 -5.109979000000000269e+03 3.480000000000000000e+02 1.883999999999999897e+00
2.153999999999999915e+00 -5.106145999999999731e+03 3.485000000000000000e+02 1.889000000000000012e+00
0.000000000000000000e+00 -5.108300000000000182e+03 3.490000000000000000e+02 1.889000000000000012e+00
4.749999999999999778e-01 -5.109503999999999905e+03 3.495000000000000000e+02 1.889000000000000012e+00
0.000000000000000000e+00 -5.109979000000000269e+03 3.500000000000000000e+02 1.889000000000000012e+00
2.318000000000000060e+00 -5.105981999999999971e+03 3.505000000000000000e+02 1.889999999999999902e+00
0.000000000000000000e+00 -5.108300000000000182e+03 3.510000000000000000e+02 1.889999999999999902e+00
4.749999999999999778e-01 -5.109505000000000109e+03 3.515000000000000000e+02 1.889999999999999902e+00
0.000000000000000000e+00 -5.109979000000000269e+03 3.520000000000000000e+02 1.889999999999999902e+00
2.153999999999999915e+00 -5.106145999999999731e+03 3.525000000000000000e+02 1.889999999999999902e+00
0.000000000000000000e+00 -5.108300000000000182e+03 3.530000000000000000e+02 1.889999999999999902e+00
4.749999999999999778e-01 -5.109505000000000109e+03 3.535000000000000000e+02 1.889999999999999902e+00
0.000000000000000000e+00 -5.109979000000000269e+03 3.540000000000000000e+02 1.889999999999999902e+00
2.153999999999999915e+00 -5.106145999999999731e+03 3.545000000000000000e+02 1.893999999999999906e+00
0.000000000000000000e+00 -5.108300000000000182e+03 3.550000000000000000e+02 1.893999999999999906e+00
4.749999999999999778e-01 -5.109505000000000109e+03 3.555000000000000000e+02 1.893999999999999906e+00
0.000000000000000000e+00 -5.109979000000000269e+03 3.560000000000000000e+02 1.893999999999999906e+00
2.318000000000000060e+00 -5.105981999999999971e+03 3.565000000000000000e+02 1.909999999999999920e+00
0.000000000000000000e+00 -5.108300000000000182e+03 3.570000000000000000e+02 1.909999999999999920e+00
4.749999999999999778e-01 -5.109503999999999905e+03 3.575000000000000000e+02 1.909999999999999920e+00
0.000000000000000000e+00 -5.109979000000000269e+03 3.580000000000000000e+02 1.909999999999999920e+00
2.283999999999999808e+00 -5.105560999999999694e+03 3.585000000000000000e+02 1.911000000000000032e+00
0.000000000000000000e+00 -5.107845000000000255e+03 3.590000000000000000e+02 1.911000000000000032e+00
1.089999999999999997e-01 -5.109845000000000255e+03 3.595000000000000000e+02 1.911000000000000032e+00
0.000000000000000000e+00 -5.109953000000000429e+03 3.600000000000000000e+02 1.911000000000000032e+00
2.217000000000000082e+00 -5.105627999999999702e+03 3.605000000000000000e+02 1.933000000000000052e+00
0.000000000000000000e+00 -5.107845000000000255e+03 3.610000000000000000e+02 1.933000000000000052e+00
1.419999999999999873e-01 -5.109837000000000444e+03 3.615000000000000000e+02 1.933000000000000052e+00
0.000000000000000000e+00 -5.109979000000000269e+03 3.620000000000000000e+02 1.933000000000000052e+00
2.335999999999999854e+00 -5.105524999999999636e+03 3.625000000000000000e+02 1.947999999999999954e+00
0.000000000000000000e+00 -5.107860999999999876e+03 3.630000000000000000e+02 1.947999999999999954e+00
2.190000000000000002e-01 -5.109756000000000313e+03 3.635000000000000000e+02 1.947999999999999954e+00
0.000000000000000000e+00 -5.109975000000000364e+03 3.640000000000000000e+02 1.947999999999999954e+00
2.216000000000000192e+00 -5.106087999999999738e+03 3.645000000000000000e+02 1.953999999999999959e+00
0.000000000000000000e+00 -5.108304000000000087e+03 3.650000000000000000e+02 1.953999999999999959e+00
4.729999999999999760e-01 -5.109501000000000204e+03 3.655000000000000000e+02 1.953999999999999959e+00
0.000000000000000000e+00 -5.109974000000000160e+03 3.660000000000000000e+02 1.953999999999999959e+00
2.142999999999999794e+00 -5.106161000000000058e+03 3.665000000000000000e+02 1.959999999999999964e+00
0.000000000000000000e+00 -5.108304000000000087e+03 3.670000000000000000e+02 1.959999999999999964e+00
4.729999999999999760e-01 -5.109501000000000204e+03 3.675000000000000000e+02 1.959999999999999964e+00
0.000000000000000000e+00 -5.109974000000000160e+03 3.680000000000000000e+02 1.959999999999999964e+00
2.214999999999999858e+00 -5.106088999999999942e+03 3.685000000000000000e+02 1.961000000000000076e+00
0.000000000000000000e+00 -5.108304000000000087e+03 3.690000000000000000e+02 1.961000000000000076e+00
5.450000000000000400e-01 -5.109429000000000087e+03 3.695000000000000000e+02 1.961000000000000076e+00
0.000000000000000000e+00 -5.109974000000000160e+03 3.700000000000000000e+02 1.961000000000000076e+00
2.141999999999999904e+00 -5.106162000000000262e+03 3.705000000000000000e+02 1.965999999999999970e+00
0.000000000000000000e+00 -5.108304000000000087e+03 3.710000000000000000e+02 1.965999999999999970e+00
4.719999999999999751e-01 -5.109502000000000407e+03 3.715000000000000000e+02 1.965999999999999970e+00
0.000000000000000000e+00 -5.109974000000000160e+03 3.720000000000000000e+02 1.965999999999999970e+00
2.141999999999999904e+00 -5.106162000000000262e+03 3.725000000000000000e+02 1.967000000000000082e+00
0.000000000000000000e+00 -5.108304000000000087e+03 3.730000000000000000e+02 1.967000000000000082e+00
4.719999999999999751e-01 -5.109502000000000407e+03 3.735000000000000000e+02 1.967000000000000082e+00
0.000000000000000000e+00 -5.109974000000000160e+03 3.740000000000000000e+02 1.967000000000000082e+00
2.448999999999999844e+00 -5.105328999999999724e+03 3.745000000000000000e+02 1.973000000000000087e+00
0.000000000000000000e+00 -5.107777000000000044e+03 3.750000000000000000e+02 1.973000000000000087e+00
1.880000000000000004e-01 -5.109795000000000073e+03 3.755000000000000000e+02 1.973000000000000087e+00
0.000000000000000000e+00 -5.109983000000000175e+03 3.760000000000000000e+02 1.973000000000000087e+00
2.275999999999999801e+00 -5.106020000000000437e+03 3.765000000000000000e+02 1.983000000000000096e+00
0.000000000000000000e+00 -5.108296000000000276e+03 3.770000000000000000e+02 1.983000000000000096e+00
4.829999999999999849e-01 -5.109501000000000204e+03 3.775000000000000000e+02 1.983000000000000096e+00
0.000000000000000000e+00 -5.109983000000000175e+03 3.780000000000000000e+02 1.983000000000000096e+00
2.490000000000000213e+00 -5.105269000000000233e+03 3.785000000000000000e+02 1.985000000000000098e+00
0.000000000000000000e+00 -5.107759000000000015e+03 3.790000000000000000e+02 1.985000000000000098e+00
2.200000000000000011e-01 -5.109761999999999716e+03 3.795000000000000000e+02 1.985000000000000098e+00
0.000000000000000000e+00 -5.109981999999999971e+03 3.800000000000000000e+02 1.985000000000000098e+00
2.177999999999999936e+00 -5.106118999999999687e+03 3.805000000000000000e+02 1.985999999999999988e+00
0.000000000000000000e+00 -5.108296999999999571e+03 3.810000000000000000e+02 1.985999999999999988e+00
4.929999999999999938e-01 -5.109488999999999578e+03 3.815000000000000000e+02 1.985999999999999988e+00
0.000000000000000000e+00 -5.109981999999999971e+03 3.820000000000000000e+02 1.985999999999999988e+00
2.361000000000000210e+00 -5.105484000000000378e+03 3.825000000000000000e+02 1.991000000000000103e+00
0.000000000000000000e+00 -5.107844000000000051e+03 3.830000000000000000e+02 1.991000000000000103e+00
1.950000000000000067e-01 -5.109783999999999651e+03 3.835000000000000000e+02 1.991000000000000103e+00
0.000000000000000000e+00 -5.109979000000000269e+03 3.840000000000000000e+02 1.991000000000000103e+00
2.337000000000000188e+00 -5.105524999999999636e+03 3.845000000000000000e+02 2.001999999999999780e+00
0.000000000000000000e+00 -5.107862000000000080e+03 3.850000000000000000e+02 2.001999999999999780e+00
1.970000000000000084e-01 -5.109779000000000451e+03 3.855000000000000000e+02 2.001999999999999780e+00
0.000000000000000000e+00 -5.109975000000000364e+03 3.860000000000000000e+02 2.001999999999999780e+00
2.315999999999999837e+00 -5.105556999999999789e+03 3.865000000000000000e+02 2.009999999999999787e+00
0.000000000000000000e+00 -5.107872999999999593e+03 3.870000000000000000e+02 2.009999999999999787e+00
2.149999999999999967e-01 -5.109761000000000422e+03 3.875000000000000000e+02 2.009999999999999787e+00
0.000000000000000000e+00 -5.109975000000000364e+03 3.880000000000000000e+02 2.009999999999999787e+00
2.174999999999999822e+00 -5.106128999999999905e+03 3.885000000000000000e+02 2.009999999999999787e+00
0.000000000000000000e+00 -5.108304000000000087e+03 3.890000000000000000e+02 2.009999999999999787e+00
5.030000000000000027e-01 -5.109471999999999753e+03 3.895000000000000000e+02 2.009999999999999787e+00
0.000000000000000000e+00 -5.109975000000000364e+03 3.900000000000000000e+02 2.009999999999999787e+00
2.174999999999999822e+00 -5.106128999999999905e+03 3.905000000000000000e+02 2.009999999999999787e+00
0.000000000000000000e+00 -5.108304000000000087e+03 3.910000000000000000e+02 2.009999999999999787e+00
5.470000000000000417e-01 -5.109427999999999884e+03 3.915000000000000000e+02 2.009999999999999787e+00
0.000000000000000000e+00 -5.109975000000000364e+03 3.920000000000000000e+02 2.009999999999999787e+00
2.173999999999999932e+00 -5.106128999999999905e+03 3.925000000000000000e+02 2.011000000000000121e+00
0.000000000000000000e+00 -5.108304000000000087e+03 3.930000000000000000e+02 2.011000000000000121e+00
5.030000000000000027e-01 -5.109471999999999753e+03 3.935000000000000000e+02 2.011000000000000121e+00
0.000000000000000000e+00 -5.109975000000000364e+03 3.940000000000000000e+02 2.011000000000000121e+00
2.173999999999999932e+00 -5.106128999999999905e+03 3.945000000000000000e+02 2.016000000000000014e+00
0.000000000000000000e+00 -5.108304000000000087e+03 3.950000000000000000e+02 2.016000000000000014e+00
5.030000000000000027e-01 -5.109471999999999753e+03 3.955000000000000000e+02 2.016000000000000014e+00
0.000000000000000000e+00 -5.109975000000000364e+03 3.960000000000000000e+02 2.016000000000000014e+00
2.173999999999999932e+00 -5.106128999999999905e+03 3.965000000000000000e+02 2.017999999999999794e+00
0.000000000000000000e+00 -5.108304000000000087e+03 3.970000000000000000e+02 2.017999999999999794e+00
5.030000000000000027e-01 -5.109471999999999753e+03 3.975000000000000000e+02 2.017999999999999794e+00
0.000000000000000000e+00 -5.109975000000000364e+03 3.980000000000000000e+02 2.017999999999999794e+00
2.315999999999999837e+00 -5.105546999999999571e+03 3.985000000000000000e+02 2.020000000000000018e+00
0.000000000000000000e+00 -5.107863999999999578e+03 3.990000000000000000e+02 2.020000000000000018e+00
4.209999999999999853e-01 -5.109537000000000262e+03 3.995000000000000000e+02 2.020000000000000018e+00
0.000000000000000000e+00 -5.109957999999999629e+03 4.000000000000000000e+02 2.020000000000000018e+00
2.309000000000000163e+00 -5.105461000000000240e+03 4.005000000000000000e+02 2.021999999999999797e+00
0.000000000000000000e+00 -5.107770000000000437e+03 4.010000000000000000e+02 2.021999999999999797e+00
8.200000000000000344e-02 -5.109877000000000407e+03 4.015000000000000000e+02 2.021999999999999797e+00
0.000000000000000000e+00 -5.109957999999999629e+03 4.020000000000000000e+02 2.021999999999999797e+00
2.237999999999999989e+00 -5.105591000000000349e+03 4.025000000000000000e+02 2.031000000000000139e+00
0.000000000000000000e+00 -5.107828999999999724e+03 4.030000000000000000e+02 2.031000000000000139e+00
1.400000000000000133e-01 -5.109842999999999847e+03 4.035000000000000000e+02 2.031000000000000139e+00
0.000000000000000000e+00 -5.109983000000000175e+03 4.040000000000000000e+02 2.031000000000000139e+00
2.176000000000000156e+00 -5.106121000000000095e+03 4.045000000000000000e+02 2.032999999999999918e+00
0.000000000000000000e+00 -5.108296000000000276e+03 4.050000000000000000e+02 2.032999999999999918e+00
4.889999999999999902e-01 -5.109493999999999687e+03 4.055000000000000000e+02 2.032999999999999918e+00
0.000000000000000000e+00 -5.109983000000000175e+03 4.060000000000000000e+02 2.032999999999999918e+00
2.176000000000000156e+00 -5.106121000000000095e+03 4.065000000000000000e+02 2.032999999999999918e+00
0.000000000000000000e+00 -5.108296000000000276e+03 4.070000000000000000e+02 2.032999999999999918e+00
4.889999999999999902e-01 -5.109493999999999687e+03 4.075000000000000000e+02 2.032999999999999918e+00
0.000000000000000000e+00 -5.109983000000000175e+03 4.080000000000000000e+02 2.032999999999999918e+00
2.403999999999999915e+00 -5.105408999999999651e+03 4.085000000000000000e+02 2.035000000000000142e+00
0.000000000000000000e+00 -5.107814000000000306e+03 4.090000000000000000e+02 2.035000000000000142e+00
8.899999999999999578e-02 -5.109894000000000233e+03 4.095000000000000000e+02 2.035000000000000142e+00
0.000000000000000000e+00 -5.109983000000000175e+03 4.100000000000000000e+02 2.035000000000000142e+00
2.317000000000000171e+00 -5.105497999999999593e+03 4.105000000000000000e+02 2.044000000000000039e+00
0.000000000000000000e+00 -5.107814999999999600e+03 4.110000000000000000e+02 2.044000000000000039e+00
2.889999999999999791e-01 -5.109671000000000276e+03 4.115000000000000000e+02 2.044000000000000039e+00
0.000000000000000000e+00 -5.109960000000000036e+03 4.120000000000000000e+02 2.044000000000000039e+00
2.248000000000000220e+00 -5.105567000000000007e+03 4.125000000000000000e+02 2.051000000000000156e+00
0.000000000000000000e+00 -5.107814999999999600e+03 4.130000000000000000e+02 2.051000000000000156e+00
1.029999999999999943e-01 -5.109856999999999971e+03 4.135000000000000000e+02 2.051000000000000156e+00
0.000000000000000000e+00 -5.109960000000000036e+03 4.140000000000000000e+02 2.051000000000000156e+00
2.248000000000000220e+00 -5.105567000000000007e+03 4.145000000000000000e+02 2.052999999999999936e+00
0.000000000000000000e+00 -5.107814999999999600e+03 4.150000000000000000e+02 2.052999999999999936e+00
1.360000000000000098e-01 -5.109847999999999956e+03 4.155000000000000000e+02 2.052999999999999936e+00
0.000000000000000000e+00 -5.109983000000000175e+03 4.160000000000000000e+02 2.052999999999999936e+00
2.303999999999999826e+00 -5.105511999999999716e+03 4.165000000000000000e+02 2.056000000000000050e+00
0.000000000000000000e+00 -5.107814999999999600e+03 4.170000000000000000e+02 2.056000000000000050e+00
1.000000000000000056e-01 -5.109859999999999673e+03 4.175000000000000000e+02 2.056000000000000050e+00
0.000000000000000000e+00 -5.109960000000000036e+03 4.180000000000000000e+02 2.056000000000000050e+00
2.245000000000000107e+00 -5.105570999999999913e+03 4.185000000000000000e+02 2.068000000000000060e+00
0.000000000000000000e+00 -5.107814999999999600e+03 4.190000000000000000e+02 2.068000000000000060e+00
1.000000000000000056e-01 -5.109859999999999673e+03 4.195000000000000000e+02 2.068000000000000060e+00
0.000000000000000000e+00 -5.109960000000000036e+03 4.200000000000000000e+02 2.068000000000000060e+00
2.245000000000000107e+00 -5.105570999999999913e+03 4.205000000000000000e+02 2.079000000000000181e+00
0.000000000000000000e+00 -5.107814999999999600e+03 4.210000000000000000e+02 2.079000000000000181e+00
1.000000000000000056e-01 -5.109859999999999673e+03 4.215000000000000000e+02 2.079000000000000181e+00
0.000000000000000000e+00 -5.109960000000000036e+03 4.220000000000000000e+02 2.079000000000000181e+00
2.423999999999999932e+00 -5.105613000000000284e+03 4.225000000000000000e+02 2.081999999999999851e+00
0.000000000000000000e+00 -5.108037000000000262e+03 4.230000000000000000e+02 2.081999999999999851e+00
3.960000000000000187e-01 -5.107899999999999636e+03 4.235000000000000000e+02 2.081999999999999851e+00
0.000000000000000000e+00 -5.108296000000000276e+03 4.240000000000000000e+02 2.081999999999999851e+00
4.819999999999999840e-01 -5.109501000000000204e+03 4.245000000000000000e+02 2.081999999999999851e+00
0.000000000000000000e+00 -5.109983000000000175e+03 4.250000000000000000e+02 2.081999999999999851e+00
2.169000000000000039e+00 -5.106127999999999702e+03 4.255000000000000000e+02 2.083000000000000185e+00
0.000000000000000000e+00 -5.108296000000000276e+03 4.260000000000000000e+02 2.083000000000000185e+00
5.999999999999999778e-01 -5.109382999999999811e+03 4.265000000000000000e+02 2.083000000000000185e+00
0.000000000000000000e+00 -5.109983000000000175e+03 4.270000000000000000e+02 2.083000000000000185e+00
2.286999999999999922e+00 -5.106009000000000015e+03 4.275000000000000000e+02 2.091000000000000192e+00
0.000000000000000000e+00 -5.108296000000000276e+03 4.280000000000000000e+02 2.091000000000000192e+00
5.999999999999999778e-01 -5.109382999999999811e+03 4.285000000000000000e+02 2.091000000000000192e+00
0.000000000000000000e+00 -5.109983000000000175e+03 4.290000000000000000e+02 2.091000000000000192e+00
2.169000000000000039e+00 -5.106127000000000407e+03 4.295000000000000000e+02 2.096000000000000085e+00
0.000000000000000000e+00 -5.108296000000000276e+03 4.300000000000000000e+02 2.096000000000000085e+00
4.819999999999999840e-01 -5.109501000000000204e+03 4.305000000000000000e+02 2.096000000000000085e+00
0.000000000000000000e+00 -5.109983000000000175e+03 4.310000000000000000e+02 2.096000000000000085e+00
2.375999999999999890e+00 -5.105439999999999600e+03 4.315000000000000000e+02 2.099000000000000199e+00
0.000000000000000000e+00 -5.107815999999999804e+03 4.320000000000000000e+02 2.099000000000000199e+00
8.999999999999999667e-02 -5.109891999999999825e+03 4.325000000000000000e+02 2.099000000000000199e+00
0.000000000000000000e+00 -5.109981999999999971e+03 4.330000000000000000e+02 2.099000000000000199e+00
2.446000000000000174e+00 -5.105572000000000116e+03 4.335000000000000000e+02 2.101999999999999869e+00
0.000000000000000000e+00 -5.108019000000000233e+03 4.340000000000000000e+02 2.101999999999999869e+00
4.610000000000000209e-01 -5.109493999999999687e+03 4.345000000000000000e+02 2.101999999999999869e+00
0.000000000000000000e+00 -5.109954999999999927e+03 4.350000000000000000e+02 2.101999999999999869e+00
2.398000000000000131e+00 -5.105619999999999891e+03 4.355000000000000000e+02 2.104999999999999982e+00
0.000000000000000000e+00 -5.108018000000000029e+03 4.360000000000000000e+02 2.104999999999999982e+00
4.610000000000000209e-01 -5.109497000000000298e+03 4.365000000000000000e+02 2.104999999999999982e+00
0.000000000000000000e+00 -5.109957999999999629e+03 4.370000000000000000e+02 2.104999999999999982e+00
2.112000000000000099e+00 -5.106210000000000036e+03 4.375000000000000000e+02 2.105999999999999872e+00
0.000000000000000000e+00 -5.108323000000000320e+03 4.380000000000000000e+02 2.105999999999999872e+00
4.769999999999999796e-01 -5.109480999999999767e+03 4.385000000000000000e+02 2.105999999999999872e+00
0.000000000000000000e+00 -5.109957999999999629e+03 4.390000000000000000e+02 2.105999999999999872e+00
2.237000000000000099e+00 -5.105626000000000204e+03 4.395000000000000000e+02 2.105999999999999872e+00
0.000000000000000000e+00 -5.107863000000000284e+03 4.400000000000000000e+02 2.105999999999999872e+00
1.120000000000000023e-01 -5.109828999999999724e+03 4.405000000000000000e+02 2.105999999999999872e+00
0.000000000000000000e+00 -5.109942000000000007e+03 4.410000000000000000e+02 2.105999999999999872e+00
2.253000000000000114e+00 -5.105519000000000233e+03 4.415000000000000000e+02 2.108999999999999986e+00
0.000000000000000000e+00 -5.107771999999999935e+03 4.420000000000000000e+02 2.108999999999999986e+00
8.799999999999999489e-02 -5.109819999999999709e+03 4.425000000000000000e+02 2.108999999999999986e+00
0.000000000000000000e+00 -5.109908000000000357e+03 4.430000000000000000e+02 2.108999999999999986e+00
2.043000000000000149e+00 -5.106556999999999789e+03 4.435000000000000000e+02 2.109999999999999876e+00
0.000000000000000000e+00 -5.108600000000000364e+03 4.440000000000000000e+02 2.109999999999999876e+00
6.340000000000000080e-01 -5.109253999999999905e+03 4.445000000000000000e+02 2.109999999999999876e+00
0.000000000000000000e+00 -5.109887999999999920e+03 4.450000000000000000e+02 2.109999999999999876e+00
1.963000000000000078e+00 -5.106798999999999978e+03 4.455000000000000000e+02 2.109999999999999876e+00
0.000000000000000000e+00 -5.108761999999999716e+03 4.460000000000000000e+02 2.109999999999999876e+00
5.739999999999999547e-01 -5.109721999999999753e+03 4.465000000000000000e+02 2.109999999999999876e+00
0.000000000000000000e+00 -5.110296000000000276e+03 4.470000000000000000e+02 2.109999999999999876e+00
2.136000000000000121e+00 -5.107887999999999920e+03 4.475000000000000000e+02 2.109999999999999876e+00
0.000000000000000000e+00 -5.110024000000000342e+03 4.480000000000000000e+02 2.109999999999999876e+00
1.864000000000000101e+00 -5.108432999999999993e+03 4.485000000000000000e+02 2.109999999999999876e+00
0.000000000000000000e+00 -5.110296000000000276e+03 4.490000000000000000e+02 2.109999999999999876e+00
2.124000000000000110e+00 -5.106654999999999745e+03 4.495000000000000000e+02 2.115000000000000213e+00
0.000000000000000000e+00 -5.108779000000000451e+03 4.500000000000000000e+02 2.115000000000000213e+00
1.233000000000000096e+00 -5.108793999999999869e+03 4.505000000000000000e+02 2.115000000000000213e+00
0.000000000000000000e+00 -5.110027000000000044e+03 4.510000000000000000e+02 2.115000000000000213e+00
1.856999999999999984e+00 -5.108467999999999847e+03 4.515000000000000000e+02 2.115000000000000213e+00
0.000000000000000000e+00 -5.110324999999999818e+03 4.520000000000000000e+02 2.115000000000000213e+00
2.156000000000000139e+00 -5.107871000000000095e+03 4.525000000000000000e+02 2.120000000000000107e+00
0.000000000000000000e+00 -5.110027000000000044e+03 4.530000000000000000e+02 2.120000000000000107e+00
2.033999999999999808e+00 -5.108296999999999571e+03 4.535000000000000000e+02 2.120999999999999996e+00
0.000000000000000000e+00 -5.110331000000000131e+03 4.540000000000000000e+02 2.120999999999999996e+00
2.181999999999999940e+00 -5.106899000000000342e+03 4.545000000000000000e+02 2.144000000000000128e+00
0.000000000000000000e+00 -5.109081000000000131e+03 4.550000000000000000e+02 2.144000000000000128e+00
7.439999999999999947e-01 -5.109832000000000335e+03 4.555000000000000000e+02 2.144000000000000128e+00
0.000000000000000000e+00 -5.110577000000000226e+03 4.560000000000000000e+02 2.144000000000000128e+00
2.240000000000000213e+00 -5.106841000000000349e+03 4.565000000000000000e+02 2.148000000000000131e+00
0.000000000000000000e+00 -5.109081000000000131e+03 4.570000000000000000e+02 2.148000000000000131e+00
7.439999999999999947e-01 -5.109832000000000335e+03 4.575000000000000000e+02 2.148000000000000131e+00
0.000000000000000000e+00 -5.110577000000000226e+03 4.580000000000000000e+02 2.148000000000000131e+00
2.240000000000000213e+00 -5.106841000000000349e+03 4.585000000000000000e+02 2.173999999999999932e+00
0.000000000000000000e+00 -5.109081000000000131e+03 4.590000000000000000e+02 2.173999999999999932e+00
7.439999999999999947e-01 -5.109832000000000335e+03 4.595000000000000000e+02 2.173999999999999932e+00
0.000000000000000000e+00 -5.110577000000000226e+03 4.600000000000000000e+02 2.173999999999999932e+00
2.240000000000000213e+00 -5.106841000000000349e+03 4.605000000000000000e+02 2.174999999999999822e+00
0.000000000000000000e+00 -5.109081000000000131e+03 4.610000000000000000e+02 2.174999999999999822e+00
7.439999999999999947e-01 -5.109832000000000335e+03 4.615000000000000000e+02 2.174999999999999822e+00
0.000000000000000000e+00 -5.110577000000000226e+03 4.620000000000000000e+02 2.174999999999999822e+00
2.240000000000000213e+00 -5.106841000000000349e+03 4.625000000000000000e+02 2.188000000000000167e+00
0.000000000000000000e+00 -5.109081000000000131e+03 4.630000000000000000e+02 2.188000000000000167e+00
7.439999999999999947e-01 -5.109832000000000335e+03 4.635000000000000000e+02 2.188000000000000167e+00
0.000000000000000000e+00 -5.110577000000000226e+03 4.640000000000000000e+02 2.188000000000000167e+00
2.240000000000000213e+00 -5.106841000000000349e+03 4.645000000000000000e+02 2.194999999999999840e+00
0.000000000000000000e+00 -5.109081000000000131e+03 4.650000000000000000e+02 2.194999999999999840e+00
7.439999999999999947e-01 -5.109832000000000335e+03 4.655000000000000000e+02 2.194999999999999840e+00
0.000000000000000000e+00 -5.110577000000000226e+03 4.660000000000000000e+02 2.194999999999999840e+00
2.240000000000000213e+00 -5.106841000000000349e+03 4.665000000000000000e+02 2.204000000000000181e+00
0.000000000000000000e+00 -5.109081000000000131e+03 4.670000000000000000e+02 2.204000000000000181e+00
7.439999999999999947e-01 -5.109832000000000335e+03 4.675000000000000000e+02 2.204000000000000181e+00
0.000000000000000000e+00 -5.110577000000000226e+03 4.680000000000000000e+02 2.204000000000000181e+00
2.240000000000000213e+00 -5.106841000000000349e+03 4.685000000000000000e+02 2.221999999999999975e+00
0.000000000000000000e+00 -5.109081000000000131e+03 4.690000000000000000e+02 2.221999999999999975e+00
7.439999999999999947e-01 -5.109832000000000335e+03 4.695000000000000000e+02 2.221999999999999975e+00
0.000000000000000000e+00 -5.110577000000000226e+03 4.700000000000000000e+02 2.221999999999999975e+00
2.392999999999999794e+00 -5.105895999999999731e+03 4.705000000000000000e+02 2.240000000000000213e+00
0.000000000000000000e+00 -5.108288999999999760e+03 4.710000000000000000e+02 2.240000000000000213e+00
3.099999999999999978e-02 -5.110538999999999760e+03 4.715000000000000000e+02 2.240000000000000213e+00
0.000000000000000000e+00 -5.110570999999999913e+03 4.720000000000000000e+02 2.240000000000000213e+00
2.379000000000000004e+00 -5.106326000000000022e+03 4.725000000000000000e+02 2.249000000000000110e+00
0.000000000000000000e+00 -5.108706000000000131e+03 4.730000000000000000e+02 2.249000000000000110e+00
5.520000000000000462e-01 -5.110002000000000407e+03 4.735000000000000000e+02 2.249000000000000110e+00
0.000000000000000000e+00 -5.110554000000000087e+03 4.740000000000000000e+02 2.249000000000000110e+00
2.222999999999999865e+00 -5.106841000000000349e+03 4.745000000000000000e+02 2.277000000000000135e+00
0.000000000000000000e+00 -5.109064999999999600e+03 4.750000000000000000e+02 2.277000000000000135e+00
7.279999999999999805e-01 -5.109845000000000255e+03 4.755000000000000000e+02 2.277000000000000135e+00
0.000000000000000000e+00 -5.110572000000000116e+03 4.760000000000000000e+02 2.277000000000000135e+00
2.331999999999999851e+00 -5.105958999999999833e+03 4.765000000000000000e+02 2.293000000000000149e+00
0.000000000000000000e+00 -5.108291000000000167e+03 4.770000000000000000e+02 2.293000000000000149e+00
