# t	msd	err
4.500000000000109381e-07 6.606186732388112937e-01 2.086253103032981076e-05
1.099999999999999633e-06 2.001627349209811335e-01 1.413971994447498493e-01
1.699999999999987112e-06 6.574633539789187520e-01 1.362637525955091300e-01
2.766666666666670530e-06 7.400578530639525532e-01 1.581065019322574761e-01
4.999999999999796274e-06 3.639043316551686114e-01 1.195288501120699010e-01
1.000000000000132727e-05 2.048656905367987058e-01 1.024328452488748320e-01
1.500000000000003934e-05 5.052352908278479049e-01 nan
3.299230769230746999e-05 6.482414253673824955e-01 7.855884768216485348e-02
5.399047619047569227e-05 6.579264735881483750e-01 1.245567836527823463e-01
9.938317757009237203e-05 6.317167946793467159e-01 6.262873255137882400e-02
2.044503448275858740e-04 9.371171969166813831e-01 1.135666490348041929e-01
3.261557377049177251e-04 1.248350184661937146e+00 8.768737726817892042e-02
6.033594427244599922e-04 1.347637144281146115e+00 8.563703289812441000e-02
1.127324551724143880e-03 2.300378626781054869e+00 9.292660585358386571e-02
1.904125775193799778e-03 2.758752007126044958e+00 9.270431014090858846e-02
3.427176404494362144e-03 4.034609951391473714e+00 1.007236799768039398e-01
6.320365617977537730e-03 4.440423801006073035e+00 1.015143236271121296e-01
1.116583090792017466e-02 9.176129616368308817e+00 1.323371790575577633e-01
1.952819748717944323e-02 8.385991915614063430e+00 1.185413059898777210e-01
3.634939919517102963e-02 6.896085143894238101e+00 6.341594178470354171e-02
6.391854738378659195e-02 7.628438193773479981e+00 6.312892715525522669e-02
1.199838681173931859e-01 1.350200814914292380e+01 4.804312722060598978e-02
1.973831042840847871e-01 1.962667047328053371e+01 4.509267129288103970e-02
