# Barrier Energy Step Time
0.000000000000000000e+00 -5.119774000000000342e+03 0.000000000000000000e+00 0.000000000000000000e+00
1.838999999999999968e+00 -5.118390000000000327e+03 5.000000000000000000e-01 1.385000000000000055e-04
0.000000000000000000e+00 -5.120228000000000065e+03 1.000000000000000000e+00 1.385000000000000055e-04
6.650000000000000355e-01 -5.121032000000000153e+03 1.500000000000000000e+00 1.385000000000000055e-04
0.000000000000000000e+00 -5.121695999999999913e+03 2.000000000000000000e+00 1.385000000000000055e-04
1.610000000000000098e+00 -5.120057999999999993e+03 2.500000000000000000e+00 1.389999999999999905e-04
0.000000000000000000e+00 -5.121667999999999665e+03 3.000000000000000000e+00 1.389999999999999905e-04
1.542999999999999927e+00 -5.120162000000000262e+03 3.500000000000000000e+00 1.392999999999999978e-04
0.000000000000000000e+00 -5.121704999999999927e+03 4.000000000000000000e+00 1.392999999999999978e-04
1.584000000000000075e+00 -5.119689999999999600e+03 4.500000000000000000e+00 1.484000000000000022e-04
0.000000000000000000e+00 -5.121274999999999636e+03 5.000000000000000000e+00 1.484000000000000022e-04
1.104999999999999982e+00 -5.120594000000000051e+03 5.500000000000000000e+00 1.484000000000000022e-04
0.000000000000000000e+00 -5.121698999999999614e+03 6.000000000000000000e+00 1.484000000000000022e-04
1.530000000000000027e+00 -5.119743999999999687e+03 6.500000000000000000e+00 1.500999999999999893e-04
0.000000000000000000e+00 -5.121274999999999636e+03 7.000000000000000000e+00 1.500999999999999893e-04
1.104999999999999982e+00 -5.120594000000000051e+03 7.500000000000000000e+00 1.500999999999999893e-04
0.000000000000000000e+00 -5.121699999999999818e+03 8.000000000000000000e+00 1.500999999999999893e-04
1.395999999999999908e+00 -5.120724000000000160e+03 8.500000000000000000e+00 1.511999999999999889e-04
0.000000000000000000e+00 -5.122119999999999891e+03 9.000000000000000000e+00 1.511999999999999889e-04
1.959000000000000075e+00 -5.119659999999999854e+03 9.500000000000000000e+00 1.919000000000000024e-04
0.000000000000000000e+00 -5.121618999999999687e+03 1.000000000000000000e+01 1.919000000000000024e-04
1.370000000000000107e+00 -5.120672999999999774e+03 1.050000000000000000e+01 1.923000000000000122e-04
0.000000000000000000e+00 -5.122042999999999665e+03 1.100000000000000000e+01 1.923000000000000122e-04
2.020000000000000018e+00 -5.119405999999999949e+03 1.150000000000000000e+01 3.697999999999999898e-04
0.000000000000000000e+00 -5.121426000000000386e+03 1.200000000000000000e+01 3.697999999999999898e-04
1.459999999999999964e+00 -5.120158000000000357e+03 1.250000000000000000e+01 3.703000000000000020e-04
0.000000000000000000e+00 -5.121617000000000189e+03 1.300000000000000000e+01 3.703000000000000020e-04
1.868999999999999995e+00 -5.118198000000000320e+03 1.350000000000000000e+01 3.728000000000000085e-04
0.000000000000000000e+00 -5.120065999999999804e+03 1.400000000000000000e+01 3.728000000000000085e-04
3.880000000000000115e-01 -5.121506000000000313e+03 1.450000000000000000e+01 3.728000000000000085e-04
0.000000000000000000e+00 -5.121894000000000233e+03 1.500000000000000000e+01 3.728000000000000085e-04
1.895999999999999908e+00 -5.119942000000000007e+03 1.550000000000000000e+01 8.233999999999999566e-04
0.000000000000000000e+00 -5.121837999999999738e+03 1.600000000000000000e+01 8.233999999999999566e-04
1.971999999999999975e+00 -5.119921000000000276e+03 1.650000000000000000e+01 1.355000000000000085e-03
0.000000000000000000e+00 -5.121893000000000029e+03 1.700000000000000000e+01 1.355000000000000085e-03
2.213999999999999968e+00 -5.117851999999999862e+03 1.750000000000000000e+01 1.564999999999999985e-03
0.000000000000000000e+00 -5.120065999999999804e+03 1.800000000000000000e+01 1.564999999999999985e-03
3.039999999999999925e-01 -5.121588999999999942e+03 1.850000000000000000e+01 1.564999999999999985e-03
0.000000000000000000e+00 -5.121893000000000029e+03 1.900000000000000000e+01 1.564999999999999985e-03
1.887000000000000011e+00 -5.119918999999999869e+03 1.950000000000000000e+01 1.670999999999999959e-03
0.000000000000000000e+00 -5.121806999999999789e+03 2.000000000000000000e+01 1.670999999999999959e-03
1.840000000000000080e+00 -5.120051000000000386e+03 2.050000000000000000e+01 1.685999999999999999e-03
0.000000000000000000e+00 -5.121890999999999622e+03 2.100000000000000000e+01 1.685999999999999999e-03
2.129999999999999893e+00 -5.117935999999999694e+03 2.150000000000000000e+01 1.732000000000000033e-03
0.000000000000000000e+00 -5.120065999999999804e+03 2.200000000000000000e+01 1.732000000000000033e-03
3.820000000000000062e-01 -5.121511000000000422e+03 2.250000000000000000e+01 1.732000000000000033e-03
0.000000000000000000e+00 -5.121893000000000029e+03 2.300000000000000000e+01 1.732000000000000033e-03
1.883999999999999897e+00 -5.119918999999999869e+03 2.350000000000000000e+01 1.918999999999999916e-03
0.000000000000000000e+00 -5.121802999999999884e+03 2.400000000000000000e+01 1.918999999999999916e-03
1.965000000000000080e+00 -5.118310999999999694e+03 2.450000000000000000e+01 1.978000000000000157e-03
0.000000000000000000e+00 -5.120275999999999840e+03 2.500000000000000000e+01 1.978000000000000157e-03
1.900000000000000022e-01 -5.120167999999999665e+03 2.550000000000000000e+01 1.978000000000000157e-03
0.000000000000000000e+00 -5.120358000000000175e+03 2.600000000000000000e+01 1.978000000000000157e-03
4.259999999999999898e-01 -5.121448999999999614e+03 2.650000000000000000e+01 1.978000000000000157e-03
0.000000000000000000e+00 -5.121875000000000000e+03 2.700000000000000000e+01 1.978000000000000157e-03
1.667999999999999927e+00 -5.118613000000000284e+03 2.750000000000000000e+01 1.982999999999999954e-03
0.000000000000000000e+00 -5.120282000000000153e+03 2.800000000000000000e+01 1.982999999999999954e-03
7.499999999999999722e-02 -5.120211000000000240e+03 2.850000000000000000e+01 1.982999999999999954e-03
0.000000000000000000e+00 -5.120284999999999854e+03 2.900000000000000000e+01 1.982999999999999954e-03
2.001999999999999780e+00 -5.116921000000000276e+03 2.950000000000000000e+01 3.248000000000000019e-03
0.000000000000000000e+00 -5.118922999999999774e+03 3.000000000000000000e+01 3.248000000000000019e-03
6.400000000000000133e-01 -5.119654999999999745e+03 3.050000000000000000e+01 3.248000000000000019e-03
0.000000000000000000e+00 -5.120295000000000073e+03 3.100000000000000000e+01 3.248000000000000019e-03
1.903999999999999915e+00 -5.117028000000000247e+03 3.150000000000000000e+01 3.279999999999999930e-03
0.000000000000000000e+00 -5.118931999999999789e+03 3.200000000000000000e+01 3.279999999999999930e-03
5.420000000000000373e-01 -5.119752999999999702e+03 3.250000000000000000e+01 3.279999999999999930e-03
0.000000000000000000e+00 -5.120295000000000073e+03 3.300000000000000000e+01 3.279999999999999930e-03
1.903999999999999915e+00 -5.117028000000000247e+03 3.350000000000000000e+01 3.589000000000000176e-03
0.000000000000000000e+00 -5.118931999999999789e+03 3.400000000000000000e+01 3.589000000000000176e-03
5.240000000000000213e-01 -5.119845999999999549e+03 3.450000000000000000e+01 3.589000000000000176e-03
0.000000000000000000e+00 -5.120369999999999891e+03 3.500000000000000000e+01 3.589000000000000176e-03
2.307999999999999829e+00 -5.116335000000000036e+03 3.550000000000000000e+01 4.127999999999999725e-03
0.000000000000000000e+00 -5.118643000000000029e+03 3.600000000000000000e+01 4.127999999999999725e-03
5.530000000000000471e-01 -5.119789999999999964e+03 3.650000000000000000e+01 4.127999999999999725e-03
0.000000000000000000e+00 -5.120342999999999847e+03 3.700000000000000000e+01 4.127999999999999725e-03
2.277000000000000135e+00 -5.116203000000000429e+03 3.750000000000000000e+01 4.597000000000000391e-03
0.000000000000000000e+00 -5.118479999999999563e+03 3.800000000000000000e+01 4.597000000000000391e-03
2.889999999999999791e-01 -5.118680000000000291e+03 3.850000000000000000e+01 4.597000000000000391e-03
0.000000000000000000e+00 -5.118969000000000051e+03 3.900000000000000000e+01 4.597000000000000391e-03
7.790000000000000258e-01 -5.117701000000000022e+03 3.950000000000000000e+01 4.597000000000000391e-03
0.000000000000000000e+00 -5.118479999999999563e+03 4.000000000000000000e+01 4.597000000000000391e-03
2.889999999999999791e-01 -5.118680000000000291e+03 4.050000000000000000e+01 4.597000000000000391e-03
0.000000000000000000e+00 -5.118969000000000051e+03 4.100000000000000000e+01 4.597000000000000391e-03
7.790000000000000258e-01 -5.117701000000000022e+03 4.150000000000000000e+01 4.597000000000000391e-03
0.000000000000000000e+00 -5.118479999999999563e+03 4.200000000000000000e+01 4.597000000000000391e-03
4.500000000000000111e-01 -5.119855999999999767e+03 4.250000000000000000e+01 4.597000000000000391e-03
0.000000000000000000e+00 -5.120305999999999585e+03 4.300000000000000000e+01 4.597000000000000391e-03
2.209000000000000075e+00 -5.115931999999999789e+03 4.350000000000000000e+01 5.114999999999999755e-03
0.000000000000000000e+00 -5.118140999999999622e+03 4.400000000000000000e+01 5.114999999999999755e-03
4.499999999999999833e-02 -5.120261000000000422e+03 4.450000000000000000e+01 5.114999999999999755e-03
0.000000000000000000e+00 -5.120305999999999585e+03 4.500000000000000000e+01 5.114999999999999755e-03
2.072999999999999954e+00 -5.116408000000000357e+03 4.550000000000000000e+01 5.402999999999999817e-03
0.000000000000000000e+00 -5.118480999999999767e+03 4.600000000000000000e+01 5.402999999999999817e-03
4.149999999999999800e-01 -5.119864999999999782e+03 4.650000000000000000e+01 5.402999999999999817e-03
0.000000000000000000e+00 -5.120279999999999745e+03 4.700000000000000000e+01 5.402999999999999817e-03
2.036000000000000032e+00 -5.116426999999999680e+03 4.750000000000000000e+01 5.754999999999999699e-03
0.000000000000000000e+00 -5.118462999999999738e+03 4.800000000000000000e+01 5.754999999999999699e-03
3.380000000000000226e-01 -5.119939999999999600e+03 4.850000000000000000e+01 5.754999999999999699e-03
0.000000000000000000e+00 -5.120278000000000247e+03 4.900000000000000000e+01 5.754999999999999699e-03
2.012999999999999901e+00 -5.116466999999999643e+03 4.950000000000000000e+01 9.901999999999999344e-03
0.000000000000000000e+00 -5.118479999999999563e+03 5.000000000000000000e+01 9.901999999999999344e-03
2.190000000000000002e-01 -5.118967999999999847e+03 5.050000000000000000e+01 9.901999999999999344e-03
0.000000000000000000e+00 -5.119186999999999898e+03 5.100000000000000000e+01 9.901999999999999344e-03
6.820000000000000506e-01 -5.119710000000000036e+03 5.150000000000000000e+01 9.901999999999999344e-03
0.000000000000000000e+00 -5.120390999999999622e+03 5.200000000000000000e+01 9.901999999999999344e-03
2.322000000000000064e+00 -5.116222999999999956e+03 5.250000000000000000e+01 1.034000000000000023e-02
0.000000000000000000e+00 -5.118543999999999869e+03 5.300000000000000000e+01 1.034000000000000023e-02
3.330000000000000182e-01 -5.118567000000000007e+03 5.350000000000000000e+01 1.034000000000000023e-02
0.000000000000000000e+00 -5.118899999999999636e+03 5.400000000000000000e+01 1.034000000000000023e-02
5.450000000000000400e-01 -5.119860999999999876e+03 5.450000000000000000e+01 1.034000000000000023e-02
0.000000000000000000e+00 -5.120404999999999745e+03 5.500000000000000000e+01 1.034000000000000023e-02
1.889999999999999902e+00 -5.117307999999999993e+03 5.550000000000000000e+01 1.059000000000000045e-02
0.000000000000000000e+00 -5.119198000000000320e+03 5.600000000000000000e+01 1.059000000000000045e-02
9.220000000000000417e-01 -5.117573000000000320e+03 5.650000000000000000e+01 1.059000000000000045e-02
0.000000000000000000e+00 -5.118494999999999891e+03 5.700000000000000000e+01 1.059000000000000045e-02
2.190000000000000002e-01 -5.118979999999999563e+03 5.750000000000000000e+01 1.059000000000000045e-02
0.000000000000000000e+00 -5.119198999999999614e+03 5.800000000000000000e+01 1.059000000000000045e-02
6.870000000000000551e-01 -5.118976999999999862e+03 5.850000000000000000e+01 1.059000000000000045e-02
0.000000000000000000e+00 -5.119663999999999760e+03 5.900000000000000000e+01 1.059000000000000045e-02
8.219999999999999529e-01 -5.118228000000000065e+03 5.950000000000000000e+01 1.059000000000000045e-02
0.000000000000000000e+00 -5.119051000000000386e+03 6.000000000000000000e+01 1.059000000000000045e-02
2.979999999999999871e-01 -5.119091000000000349e+03 6.050000000000000000e+01 1.059000000000000045e-02
0.000000000000000000e+00 -5.119389000000000124e+03 6.100000000000000000e+01 1.059000000000000045e-02
6.540000000000000258e-01 -5.120287000000000262e+03 6.150000000000000000e+01 1.059000000000000045e-02
0.000000000000000000e+00 -5.120940999999999804e+03 6.200000000000000000e+01 1.059000000000000045e-02
7.870000000000000329e-01 -5.121649999999999636e+03 6.250000000000000000e+01 1.059000000000000045e-02
0.000000000000000000e+00 -5.122436999999999898e+03 6.300000000000000000e+01 1.059000000000000045e-02
1.929000000000000048e+00 -5.119229000000000269e+03 6.350000000000000000e+01 1.068000000000000026e-02
0.000000000000000000e+00 -5.121158000000000357e+03 6.400000000000000000e+01 1.068000000000000026e-02
6.490000000000000213e-01 -5.121787999999999556e+03 6.450000000000000000e+01 1.068000000000000026e-02
0.000000000000000000e+00 -5.122436999999999898e+03 6.500000000000000000e+01 1.068000000000000026e-02
1.927999999999999936e+00 -5.119229000000000269e+03 6.550000000000000000e+01 1.165000000000000063e-02
0.000000000000000000e+00 -5.121158000000000357e+03 6.600000000000000000e+01 1.165000000000000063e-02
6.490000000000000213e-01 -5.121787999999999556e+03 6.650000000000000000e+01 1.165000000000000063e-02
0.000000000000000000e+00 -5.122436999999999898e+03 6.700000000000000000e+01 1.165000000000000063e-02
2.212000000000000188e+00 -5.118681999999999789e+03 6.750000000000000000e+01 1.167999999999999941e-02
0.000000000000000000e+00 -5.120894000000000233e+03 6.800000000000000000e+01 1.167999999999999941e-02
6.530000000000000249e-01 -5.119890999999999622e+03 6.850000000000000000e+01 1.167999999999999941e-02
0.000000000000000000e+00 -5.120543999999999869e+03 6.900000000000000000e+01 1.167999999999999941e-02
3.029999999999999916e-01 -5.120591000000000349e+03 6.950000000000000000e+01 1.167999999999999941e-02
0.000000000000000000e+00 -5.120894000000000233e+03 7.000000000000000000e+01 1.167999999999999941e-02
6.720000000000000417e-01 -5.121765999999999622e+03 7.050000000000000000e+01 1.167999999999999941e-02
0.000000000000000000e+00 -5.122436999999999898e+03 7.100000000000000000e+01 1.167999999999999941e-02
1.929000000000000048e+00 -5.119228000000000065e+03 7.150000000000000000e+01 1.170999999999999992e-02
0.000000000000000000e+00 -5.121158000000000357e+03 7.200000000000000000e+01 1.170999999999999992e-02
6.490000000000000213e-01 -5.121787999999999556e+03 7.250000000000000000e+01 1.170999999999999992e-02
0.000000000000000000e+00 -5.122436999999999898e+03 7.300000000000000000e+01 1.170999999999999992e-02
1.929000000000000048e+00 -5.119228000000000065e+03 7.350000000000000000e+01 1.267000000000000071e-02
0.000000000000000000e+00 -5.121158000000000357e+03 7.400000000000000000e+01 1.267000000000000071e-02
6.490000000000000213e-01 -5.121787999999999556e+03 7.450000000000000000e+01 1.267000000000000071e-02
0.000000000000000000e+00 -5.122436999999999898e+03 7.500000000000000000e+01 1.267000000000000071e-02
1.929000000000000048e+00 -5.119228000000000065e+03 7.550000000000000000e+01 1.329999999999999932e-02
0.000000000000000000e+00 -5.121158000000000357e+03 7.600000000000000000e+01 1.329999999999999932e-02
6.490000000000000213e-01 -5.121787999999999556e+03 7.650000000000000000e+01 1.329999999999999932e-02
0.000000000000000000e+00 -5.122436999999999898e+03 7.700000000000000000e+01 1.329999999999999932e-02
1.929000000000000048e+00 -5.119228000000000065e+03 7.750000000000000000e+01 1.331000000000000065e-02
0.000000000000000000e+00 -5.121158000000000357e+03 7.800000000000000000e+01 1.331000000000000065e-02
6.490000000000000213e-01 -5.121787999999999556e+03 7.850000000000000000e+01 1.331000000000000065e-02
0.000000000000000000e+00 -5.122436999999999898e+03 7.900000000000000000e+01 1.331000000000000065e-02
1.929000000000000048e+00 -5.119228000000000065e+03 7.950000000000000000e+01 1.353000000000000036e-02
0.000000000000000000e+00 -5.121158000000000357e+03 8.000000000000000000e+01 1.353000000000000036e-02
6.490000000000000213e-01 -5.121787999999999556e+03 8.050000000000000000e+01 1.353000000000000036e-02
0.000000000000000000e+00 -5.122436999999999898e+03 8.100000000000000000e+01 1.353000000000000036e-02
2.258999999999999897e+00 -5.118699999999999818e+03 8.150000000000000000e+01 1.379000000000000017e-02
0.000000000000000000e+00 -5.120958999999999833e+03 8.200000000000000000e+01 1.379000000000000017e-02
7.800000000000000266e-01 -5.121657000000000153e+03 8.250000000000000000e+01 1.379000000000000017e-02
0.000000000000000000e+00 -5.122436999999999898e+03 8.300000000000000000e+01 1.379000000000000017e-02
1.929999999999999938e+00 -5.119228000000000065e+03 8.350000000000000000e+01 1.489000000000000046e-02
0.000000000000000000e+00 -5.121157000000000153e+03 8.400000000000000000e+01 1.489000000000000046e-02
8.840000000000000080e-01 -5.119618000000000393e+03 8.450000000000000000e+01 1.489000000000000046e-02
0.000000000000000000e+00 -5.120501000000000204e+03 8.500000000000000000e+01 1.489000000000000046e-02
3.860000000000000098e-01 -5.121926000000000386e+03 8.550000000000000000e+01 1.489000000000000046e-02
0.000000000000000000e+00 -5.122310999999999694e+03 8.600000000000000000e+01 1.489000000000000046e-02
2.021999999999999797e+00 -5.118479000000000269e+03 8.650000000000000000e+01 1.637999999999999873e-02
0.000000000000000000e+00 -5.120501000000000204e+03 8.700000000000000000e+01 1.637999999999999873e-02
2.270000000000000073e-01 -5.122213999999999942e+03 8.750000000000000000e+01 1.637999999999999873e-02
0.000000000000000000e+00 -5.122440999999999804e+03 8.800000000000000000e+01 1.637999999999999873e-02
1.933999999999999941e+00 -5.119225000000000364e+03 8.850000000000000000e+01 1.675000000000000100e-02
0.000000000000000000e+00 -5.121158999999999651e+03 8.900000000000000000e+01 1.675000000000000100e-02
6.530000000000000249e-01 -5.121787999999999556e+03 8.950000000000000000e+01 1.675000000000000100e-02
0.000000000000000000e+00 -5.122440999999999804e+03 9.000000000000000000e+01 1.675000000000000100e-02
1.933999999999999941e+00 -5.119225000000000364e+03 9.050000000000000000e+01 1.679999999999999896e-02
0.000000000000000000e+00 -5.121158999999999651e+03 9.100000000000000000e+01 1.679999999999999896e-02
6.530000000000000249e-01 -5.121787999999999556e+03 9.150000000000000000e+01 1.679999999999999896e-02
0.000000000000000000e+00 -5.122440999999999804e+03 9.200000000000000000e+01 1.679999999999999896e-02
1.933999999999999941e+00 -5.119225000000000364e+03 9.250000000000000000e+01 1.716000000000000164e-02
0.000000000000000000e+00 -5.121158999999999651e+03 9.300000000000000000e+01 1.716000000000000164e-02
6.530000000000000249e-01 -5.121787999999999556e+03 9.350000000000000000e+01 1.716000000000000164e-02
0.000000000000000000e+00 -5.122440999999999804e+03 9.400000000000000000e+01 1.716000000000000164e-02
2.168000000000000149e+00 -5.118332999999999629e+03 9.450000000000000000e+01 1.737999999999999962e-02
0.000000000000000000e+00 -5.120501000000000204e+03 9.500000000000000000e+01 1.737999999999999962e-02
2.119999999999999940e-01 -5.122100000000000364e+03 9.550000000000000000e+01 1.737999999999999962e-02
0.000000000000000000e+00 -5.122310999999999694e+03 9.600000000000000000e+01 1.737999999999999962e-02
2.196000000000000174e+00 -5.118302999999999884e+03 9.650000000000000000e+01 1.788999999999999965e-02
0.000000000000000000e+00 -5.120498999999999796e+03 9.700000000000000000e+01 1.788999999999999965e-02
2.220000000000000029e-01 -5.120935000000000400e+03 9.750000000000000000e+01 1.788999999999999965e-02
0.000000000000000000e+00 -5.121157000000000153e+03 9.800000000000000000e+01 1.788999999999999965e-02
6.460000000000000187e-01 -5.121791000000000167e+03 9.850000000000000000e+01 1.788999999999999965e-02
0.000000000000000000e+00 -5.122436999999999898e+03 9.900000000000000000e+01 1.788999999999999965e-02
1.927000000000000046e+00 -5.119229999999999563e+03 9.950000000000000000e+01 1.850999999999999868e-02
0.000000000000000000e+00 -5.121157000000000153e+03 1.000000000000000000e+02 1.850999999999999868e-02
6.460000000000000187e-01 -5.121791000000000167e+03 1.005000000000000000e+02 1.850999999999999868e-02
0.000000000000000000e+00 -5.122436999999999898e+03 1.010000000000000000e+02 1.850999999999999868e-02
1.927000000000000046e+00 -5.119229999999999563e+03 1.015000000000000000e+02 1.879000000000000115e-02
0.000000000000000000e+00 -5.121157000000000153e+03 1.020000000000000000e+02 1.879000000000000115e-02
6.460000000000000187e-01 -5.121791000000000167e+03 1.025000000000000000e+02 1.879000000000000115e-02
0.000000000000000000e+00 -5.122436999999999898e+03 1.030000000000000000e+02 1.879000000000000115e-02
1.927000000000000046e+00 -5.119229999999999563e+03 1.035000000000000000e+02 1.890000000000000013e-02
0.000000000000000000e+00 -5.121157000000000153e+03 1.040000000000000000e+02 1.890000000000000013e-02
6.460000000000000187e-01 -5.121791000000000167e+03 1.045000000000000000e+02 1.890000000000000013e-02
0.000000000000000000e+00 -5.122436999999999898e+03 1.050000000000000000e+02 1.890000000000000013e-02
1.927000000000000046e+00 -5.119229999999999563e+03 1.055000000000000000e+02 1.909999999999999892e-02
0.000000000000000000e+00 -5.121157000000000153e+03 1.060000000000000000e+02 1.909999999999999892e-02
6.460000000000000187e-01 -5.121791000000000167e+03 1.065000000000000000e+02 1.909999999999999892e-02
0.000000000000000000e+00 -5.122436999999999898e+03 1.070000000000000000e+02 1.909999999999999892e-02
1.927000000000000046e+00 -5.119229999999999563e+03 1.075000000000000000e+02 1.939000000000000098e-02
0.000000000000000000e+00 -5.121157000000000153e+03 1.080000000000000000e+02 1.939000000000000098e-02
6.460000000000000187e-01 -5.121791000000000167e+03 1.085000000000000000e+02 1.939000000000000098e-02
0.000000000000000000e+00 -5.122436999999999898e+03 1.090000000000000000e+02 1.939000000000000098e-02
1.927000000000000046e+00 -5.119229999999999563e+03 1.095000000000000000e+02 1.960999999999999896e-02
0.000000000000000000e+00 -5.121157000000000153e+03 1.100000000000000000e+02 1.960999999999999896e-02
6.460000000000000187e-01 -5.121791000000000167e+03 1.105000000000000000e+02 1.960999999999999896e-02
0.000000000000000000e+00 -5.122436999999999898e+03 1.110000000000000000e+02 1.960999999999999896e-02
2.225000000000000089e+00 -5.119041000000000167e+03 1.115000000000000000e+02 2.016000000000000084e-02
0.000000000000000000e+00 -5.121266999999999825e+03 1.120000000000000000e+02 2.016000000000000084e-02
9.230000000000000426e-01 -5.121840000000000146e+03 1.125000000000000000e+02 2.016000000000000084e-02
0.000000000000000000e+00 -5.122762999999999920e+03 1.130000000000000000e+02 2.016000000000000084e-02
2.314000000000000057e+00 -5.118953000000000429e+03 1.135000000000000000e+02 2.520000000000000018e-02
0.000000000000000000e+00 -5.121266999999999825e+03 1.140000000000000000e+02 2.520000000000000018e-02
8.189999999999999503e-01 -5.121944999999999709e+03 1.145000000000000000e+02 2.520000000000000018e-02
0.000000000000000000e+00 -5.122762999999999920e+03 1.150000000000000000e+02 2.520000000000000018e-02
2.178999999999999826e+00 -5.119162000000000262e+03 1.155000000000000000e+02 2.607999999999999902e-02
0.000000000000000000e+00 -5.121341000000000349e+03 1.160000000000000000e+02 2.607999999999999902e-02
7.570000000000000062e-01 -5.122006000000000313e+03 1.165000000000000000e+02 2.607999999999999902e-02
0.000000000000000000e+00 -5.122762999999999920e+03 1.170000000000000000e+02 2.607999999999999902e-02
2.178999999999999826e+00 -5.119161000000000058e+03 1.175000000000000000e+02 2.752999999999999892e-02
0.000000000000000000e+00 -5.121340000000000146e+03 1.180000000000000000e+02 2.752999999999999892e-02
7.560000000000000053e-01 -5.122007999999999811e+03 1.185000000000000000e+02 2.752999999999999892e-02
0.000000000000000000e+00 -5.122762999999999920e+03 1.190000000000000000e+02 2.752999999999999892e-02
2.339999999999999858e+00 -5.118239999999999782e+03 1.195000000000000000e+02 2.894000000000000045e-02
0.000000000000000000e+00 -5.120581000000000131e+03 1.200000000000000000e+02 2.894000000000000045e-02
7.199999999999999456e-02 -5.122690999999999804e+03 1.205000000000000000e+02 2.894000000000000045e-02
0.000000000000000000e+00 -5.122762999999999920e+03 1.210000000000000000e+02 2.894000000000000045e-02
2.201999999999999957e+00 -5.119046999999999571e+03 1.215000000000000000e+02 3.024999999999999911e-02
0.000000000000000000e+00 -5.121248999999999796e+03 1.220000000000000000e+02 3.024999999999999911e-02
8.770000000000000018e-01 -5.121798999999999978e+03 1.225000000000000000e+02 3.024999999999999911e-02
0.000000000000000000e+00 -5.122676000000000386e+03 1.230000000000000000e+02 3.024999999999999911e-02
2.045999999999999819e+00 -5.119167000000000371e+03 1.235000000000000000e+02 3.096000000000000141e-02
0.000000000000000000e+00 -5.121212999999999738e+03 1.240000000000000000e+02 3.096000000000000141e-02
5.829999999999999627e-01 -5.122092999999999847e+03 1.245000000000000000e+02 3.096000000000000141e-02
0.000000000000000000e+00 -5.122676000000000386e+03 1.250000000000000000e+02 3.096000000000000141e-02
2.314000000000000057e+00 -5.118935999999999694e+03 1.255000000000000000e+02 3.126000000000000306e-02
0.000000000000000000e+00 -5.121250000000000000e+03 1.260000000000000000e+02 3.126000000000000306e-02
8.880000000000000115e-01 -5.121787999999999556e+03 1.265000000000000000e+02 3.126000000000000306e-02
0.000000000000000000e+00 -5.122676000000000386e+03 1.270000000000000000e+02 3.126000000000000306e-02
2.099000000000000199e+00 -5.119256000000000313e+03 1.275000000000000000e+02 3.148999999999999716e-02
0.000000000000000000e+00 -5.121354000000000269e+03 1.280000000000000000e+02 3.148999999999999716e-02
7.299999999999999822e-01 -5.121787999999999556e+03 1.285000000000000000e+02 3.148999999999999716e-02
0.000000000000000000e+00 -5.122518000000000029e+03 1.290000000000000000e+02 3.148999999999999716e-02
1.893999999999999906e+00 -5.119460000000000036e+03 1.295000000000000000e+02 3.159000000000000002e-02
0.000000000000000000e+00 -5.121354000000000269e+03 1.300000000000000000e+02 3.159000000000000002e-02
7.670000000000000151e-01 -5.121902000000000044e+03 1.305000000000000000e+02 3.159000000000000002e-02
0.000000000000000000e+00 -5.122668999999999869e+03 1.310000000000000000e+02 3.159000000000000002e-02
2.278000000000000025e+00 -5.118971999999999753e+03 1.315000000000000000e+02 3.370999999999999691e-02
0.000000000000000000e+00 -5.121250000000000000e+03 1.320000000000000000e+02 3.370999999999999691e-02
6.580000000000000293e-01 -5.122106999999999971e+03 1.325000000000000000e+02 3.370999999999999691e-02
0.000000000000000000e+00 -5.122765000000000327e+03 1.330000000000000000e+02 3.370999999999999691e-02
2.290000000000000036e+00 -5.118291000000000167e+03 1.335000000000000000e+02 3.397000000000000020e-02
0.000000000000000000e+00 -5.120582000000000335e+03 1.340000000000000000e+02 3.397000000000000020e-02
7.299999999999999545e-02 -5.122689999999999600e+03 1.345000000000000000e+02 3.397000000000000020e-02
0.000000000000000000e+00 -5.122762999999999920e+03 1.350000000000000000e+02 3.397000000000000020e-02
2.254000000000000004e+00 -5.118328000000000429e+03 1.355000000000000000e+02 3.565000000000000113e-02
0.000000000000000000e+00 -5.120582000000000335e+03 1.360000000000000000e+02 3.565000000000000113e-02
1.039999999999999952e-01 -5.122657000000000153e+03 1.365000000000000000e+02 3.565000000000000113e-02
0.000000000000000000e+00 -5.122761000000000422e+03 1.370000000000000000e+02 3.565000000000000113e-02
2.208000000000000185e+00 -5.119039999999999964e+03 1.375000000000000000e+02 3.896999999999999770e-02
0.000000000000000000e+00 -5.121247999999999593e+03 1.380000000000000000e+02 3.896999999999999770e-02
6.939999999999999503e-01 -5.122067000000000007e+03 1.385000000000000000e+02 3.896999999999999770e-02
0.000000000000000000e+00 -5.122761000000000422e+03 1.390000000000000000e+02 3.896999999999999770e-02
2.161000000000000032e+00 -5.119179000000000087e+03 1.395000000000000000e+02 4.184999999999999831e-02
0.000000000000000000e+00 -5.121340000000000146e+03 1.400000000000000000e+02 4.184999999999999831e-02
7.399999999999999911e-01 -5.122024000000000342e+03 1.405000000000000000e+02 4.184999999999999831e-02
0.000000000000000000e+00 -5.122764000000000124e+03 1.410000000000000000e+02 4.184999999999999831e-02
2.162999999999999812e+00 -5.119176999999999680e+03 1.415000000000000000e+02 4.370999999999999885e-02
0.000000000000000000e+00 -5.121340000000000146e+03 1.420000000000000000e+02 4.370999999999999885e-02
7.399999999999999911e-01 -5.122024000000000342e+03 1.425000000000000000e+02 4.370999999999999885e-02
0.000000000000000000e+00 -5.122764000000000124e+03 1.430000000000000000e+02 4.370999999999999885e-02
2.394000000000000128e+00 -5.118067000000000007e+03 1.435000000000000000e+02 4.463999999999999913e-02
0.000000000000000000e+00 -5.120461000000000240e+03 1.440000000000000000e+02 4.463999999999999913e-02
9.199999999999999845e-02 -5.122672999999999774e+03 1.445000000000000000e+02 4.463999999999999913e-02
0.000000000000000000e+00 -5.122765000000000327e+03 1.450000000000000000e+02 4.463999999999999913e-02
2.317000000000000171e+00 -5.118586000000000240e+03 1.455000000000000000e+02 5.131999999999999756e-02
0.000000000000000000e+00 -5.120903000000000247e+03 1.460000000000000000e+02 5.131999999999999756e-02
4.550000000000000155e-01 -5.122309000000000196e+03 1.465000000000000000e+02 5.131999999999999756e-02
0.000000000000000000e+00 -5.122765000000000327e+03 1.470000000000000000e+02 5.131999999999999756e-02
2.120999999999999996e+00 -5.120171999999999571e+03 1.475000000000000000e+02 5.197999999999999843e-02
0.000000000000000000e+00 -5.122292999999999665e+03 1.480000000000000000e+02 5.197999999999999843e-02
2.275999999999999801e+00 -5.118292999999999665e+03 1.485000000000000000e+02 5.519999999999999907e-02
0.000000000000000000e+00 -5.120569000000000415e+03 1.490000000000000000e+02 5.519999999999999907e-02
9.290000000000000480e-01 -5.121833999999999833e+03 1.495000000000000000e+02 5.519999999999999907e-02
0.000000000000000000e+00 -5.122762999999999920e+03 1.500000000000000000e+02 5.519999999999999907e-02
2.220000000000000195e+00 -5.118943000000000211e+03 1.505000000000000000e+02 5.559000000000000052e-02
0.000000000000000000e+00 -5.121162999999999556e+03 1.510000000000000000e+02 5.559000000000000052e-02
7.960000000000000409e-01 -5.121854000000000269e+03 1.515000000000000000e+02 5.559000000000000052e-02
0.000000000000000000e+00 -5.122649999999999636e+03 1.520000000000000000e+02 5.559000000000000052e-02
2.418000000000000149e+00 -5.118661000000000058e+03 1.525000000000000000e+02 8.004999999999999616e-02
0.000000000000000000e+00 -5.121078999999999724e+03 1.530000000000000000e+02 8.004999999999999616e-02
5.809999999999999609e-01 -5.122338999999999942e+03 1.535000000000000000e+02 8.004999999999999616e-02
0.000000000000000000e+00 -5.122920000000000073e+03 1.540000000000000000e+02 8.004999999999999616e-02
2.209999999999999964e+00 -5.119301999999999680e+03 1.545000000000000000e+02 8.429000000000000381e-02
0.000000000000000000e+00 -5.121511999999999716e+03 1.550000000000000000e+02 8.429000000000000381e-02
8.020000000000000462e-01 -5.122119999999999891e+03 1.555000000000000000e+02 8.429000000000000381e-02
0.000000000000000000e+00 -5.122921000000000276e+03 1.560000000000000000e+02 8.429000000000000381e-02
2.262000000000000011e+00 -5.119166000000000167e+03 1.565000000000000000e+02 9.976999999999999758e-02
0.000000000000000000e+00 -5.121429000000000087e+03 1.570000000000000000e+02 9.976999999999999758e-02
7.700000000000000178e-01 -5.122150999999999840e+03 1.575000000000000000e+02 9.976999999999999758e-02
0.000000000000000000e+00 -5.122921000000000276e+03 1.580000000000000000e+02 9.976999999999999758e-02
2.208000000000000185e+00 -5.119305000000000291e+03 1.585000000000000000e+02 1.078000000000000069e-01
0.000000000000000000e+00 -5.121512999999999920e+03 1.590000000000000000e+02 1.078000000000000069e-01
8.000000000000000444e-01 -5.122121000000000095e+03 1.595000000000000000e+02 1.078000000000000069e-01
0.000000000000000000e+00 -5.122921000000000276e+03 1.600000000000000000e+02 1.078000000000000069e-01
2.450000000000000178e+00 -5.118104000000000269e+03 1.605000000000000000e+02 1.095000000000000001e-01
0.000000000000000000e+00 -5.120554000000000087e+03 1.610000000000000000e+02 1.095000000000000001e-01
1.899999999999999953e-02 -5.122903000000000247e+03 1.615000000000000000e+02 1.095000000000000001e-01
0.000000000000000000e+00 -5.122921999999999571e+03 1.620000000000000000e+02 1.095000000000000001e-01
2.209000000000000075e+00 -5.119304000000000087e+03 1.625000000000000000e+02 1.134000000000000008e-01
0.000000000000000000e+00 -5.121512999999999920e+03 1.630000000000000000e+02 1.134000000000000008e-01
8.000000000000000444e-01 -5.122122000000000298e+03 1.635000000000000000e+02 1.134000000000000008e-01
0.000000000000000000e+00 -5.122921999999999571e+03 1.640000000000000000e+02 1.134000000000000008e-01
2.209000000000000075e+00 -5.119304000000000087e+03 1.645000000000000000e+02 1.141999999999999960e-01
0.000000000000000000e+00 -5.121512999999999920e+03 1.650000000000000000e+02 1.141999999999999960e-01
8.000000000000000444e-01 -5.122122000000000298e+03 1.655000000000000000e+02 1.141999999999999960e-01
0.000000000000000000e+00 -5.122921999999999571e+03 1.660000000000000000e+02 1.141999999999999960e-01
2.646999999999999797e+00 -5.117951000000000022e+03 1.665000000000000000e+02 1.142999999999999988e-01
0.000000000000000000e+00 -5.120596999999999753e+03 1.670000000000000000e+02 1.142999999999999988e-01
2.780000000000000249e-01 -5.122667000000000371e+03 1.675000000000000000e+02 1.142999999999999988e-01
0.000000000000000000e+00 -5.122944999999999709e+03 1.680000000000000000e+02 1.142999999999999988e-01
2.205999999999999961e+00 -5.119322000000000116e+03 1.685000000000000000e+02 1.152999999999999997e-01
0.000000000000000000e+00 -5.121528000000000247e+03 1.690000000000000000e+02 1.152999999999999997e-01
7.890000000000000346e-01 -5.122154999999999745e+03 1.695000000000000000e+02 1.152999999999999997e-01
0.000000000000000000e+00 -5.122944999999999709e+03 1.700000000000000000e+02 1.152999999999999997e-01
2.205999999999999961e+00 -5.119322000000000116e+03 1.705000000000000000e+02 1.174000000000000044e-01
0.000000000000000000e+00 -5.121528000000000247e+03 1.710000000000000000e+02 1.174000000000000044e-01
7.890000000000000346e-01 -5.122155999999999949e+03 1.715000000000000000e+02 1.174000000000000044e-01
0.000000000000000000e+00 -5.122944999999999709e+03 1.720000000000000000e+02 1.174000000000000044e-01
2.390000000000000124e+00 -5.118256000000000313e+03 1.725000000000000000e+02 1.280000000000000027e-01
0.000000000000000000e+00 -5.120645999999999731e+03 1.730000000000000000e+02 1.280000000000000027e-01
9.400000000000000022e-02 -5.120989999999999782e+03 1.735000000000000000e+02 1.280000000000000027e-01
0.000000000000000000e+00 -5.121085000000000036e+03 1.740000000000000000e+02 1.280000000000000027e-01
4.540000000000000147e-01 -5.120766999999999825e+03 1.745000000000000000e+02 1.280000000000000027e-01
0.000000000000000000e+00 -5.121221999999999753e+03 1.750000000000000000e+02 1.280000000000000027e-01
5.649999999999999467e-01 -5.122363999999999578e+03 1.755000000000000000e+02 1.280000000000000027e-01
0.000000000000000000e+00 -5.122930000000000291e+03 1.760000000000000000e+02 1.280000000000000027e-01
2.282999999999999918e+00 -5.118939000000000306e+03 1.765000000000000000e+02 1.295000000000000040e-01
0.000000000000000000e+00 -5.121221999999999753e+03 1.770000000000000000e+02 1.295000000000000040e-01
5.769999999999999574e-01 -5.122380000000000109e+03 1.775000000000000000e+02 1.295000000000000040e-01
0.000000000000000000e+00 -5.122957000000000335e+03 1.780000000000000000e+02 1.295000000000000040e-01
2.205999999999999961e+00 -5.119336000000000240e+03 1.785000000000000000e+02 1.401000000000000023e-01
0.000000000000000000e+00 -5.121542000000000371e+03 1.790000000000000000e+02 1.401000000000000023e-01
7.910000000000000364e-01 -5.122166000000000167e+03 1.795000000000000000e+02 1.401000000000000023e-01
0.000000000000000000e+00 -5.122957000000000335e+03 1.800000000000000000e+02 1.401000000000000023e-01
2.205999999999999961e+00 -5.119336000000000240e+03 1.805000000000000000e+02 1.413999999999999979e-01
0.000000000000000000e+00 -5.121542000000000371e+03 1.810000000000000000e+02 1.413999999999999979e-01
7.910000000000000364e-01 -5.122166000000000167e+03 1.815000000000000000e+02 1.413999999999999979e-01
0.000000000000000000e+00 -5.122957000000000335e+03 1.820000000000000000e+02 1.413999999999999979e-01
2.427000000000000046e+00 -5.118171000000000276e+03 1.825000000000000000e+02 1.474999999999999922e-01
0.000000000000000000e+00 -5.120597999999999956e+03 1.830000000000000000e+02 1.474999999999999922e-01
2.000000000000000042e-02 -5.122938000000000102e+03 1.835000000000000000e+02 1.474999999999999922e-01
0.000000000000000000e+00 -5.122957999999999629e+03 1.840000000000000000e+02 1.474999999999999922e-01
2.275999999999999801e+00 -5.119173999999999978e+03 1.845000000000000000e+02 1.502000000000000002e-01
0.000000000000000000e+00 -5.121449999999999818e+03 1.850000000000000000e+02 1.502000000000000002e-01
9.409999999999999476e-01 -5.121604999999999563e+03 1.855000000000000000e+02 1.502000000000000002e-01
0.000000000000000000e+00 -5.122545000000000073e+03 1.860000000000000000e+02 1.502000000000000002e-01
1.838999999999999968e+00 -5.120520999999999731e+03 1.865000000000000000e+02 1.502999999999999892e-01
0.000000000000000000e+00 -5.122359999999999673e+03 1.870000000000000000e+02 1.502999999999999892e-01
1.852000000000000091e+00 -5.118805000000000291e+03 1.875000000000000000e+02 1.502999999999999892e-01
0.000000000000000000e+00 -5.120657000000000153e+03 1.880000000000000000e+02 1.502999999999999892e-01
4.000000000000000083e-03 -5.122546000000000276e+03 1.885000000000000000e+02 1.502999999999999892e-01
0.000000000000000000e+00 -5.122550000000000182e+03 1.890000000000000000e+02 1.502999999999999892e-01
1.858000000000000096e+00 -5.120506999999999607e+03 1.895000000000000000e+02 1.504000000000000059e-01
0.000000000000000000e+00 -5.122364999999999782e+03 1.900000000000000000e+02 1.504000000000000059e-01
1.842000000000000082e+00 -5.120613000000000284e+03 1.905000000000000000e+02 1.504999999999999949e-01
0.000000000000000000e+00 -5.122454999999999927e+03 1.910000000000000000e+02 1.504999999999999949e-01
1.967000000000000082e+00 -5.118976999999999862e+03 1.915000000000000000e+02 1.506000000000000116e-01
0.000000000000000000e+00 -5.120944000000000415e+03 1.920000000000000000e+02 1.506000000000000116e-01
7.590000000000000080e-01 -5.121399999999999636e+03 1.925000000000000000e+02 1.506000000000000116e-01
0.000000000000000000e+00 -5.122158999999999651e+03 1.930000000000000000e+02 1.506000000000000116e-01
1.975000000000000089e+00 -5.118970000000000255e+03 1.935000000000000000e+02 1.514000000000000068e-01
0.000000000000000000e+00 -5.120944000000000415e+03 1.940000000000000000e+02 1.514000000000000068e-01
1.145999999999999908e+00 -5.121046999999999571e+03 1.945000000000000000e+02 1.514000000000000068e-01
0.000000000000000000e+00 -5.122193000000000211e+03 1.950000000000000000e+02 1.514000000000000068e-01
2.004999999999999893e+00 -5.118327000000000226e+03 1.955000000000000000e+02 1.514000000000000068e-01
0.000000000000000000e+00 -5.120332999999999629e+03 1.960000000000000000e+02 1.514000000000000068e-01
1.570000000000000007e-01 -5.122126000000000204e+03 1.965000000000000000e+02 1.514000000000000068e-01
0.000000000000000000e+00 -5.122283000000000357e+03 1.970000000000000000e+02 1.514000000000000068e-01
2.158999999999999808e+00 -5.118386999999999716e+03 1.975000000000000000e+02 1.516000000000000125e-01
0.000000000000000000e+00 -5.120546999999999571e+03 1.980000000000000000e+02 1.516000000000000125e-01
3.200000000000000067e-02 -5.122315999999999804e+03 1.985000000000000000e+02 1.516000000000000125e-01
0.000000000000000000e+00 -5.122346999999999753e+03 1.990000000000000000e+02 1.516000000000000125e-01
1.764999999999999902e+00 -5.120662999999999556e+03 1.995000000000000000e+02 1.516000000000000125e-01
0.000000000000000000e+00 -5.122427999999999884e+03 2.000000000000000000e+02 1.516000000000000125e-01
1.949999999999999956e+00 -5.120399999999999636e+03 2.005000000000000000e+02 1.516000000000000125e-01
0.000000000000000000e+00 -5.122350000000000364e+03 2.010000000000000000e+02 1.516000000000000125e-01
1.794000000000000039e+00 -5.120636000000000422e+03 2.015000000000000000e+02 1.517000000000000015e-01
0.000000000000000000e+00 -5.122430000000000291e+03 2.020000000000000000e+02 1.517000000000000015e-01
1.961000000000000076e+00 -5.120389000000000124e+03 2.025000000000000000e+02 1.517000000000000015e-01
0.000000000000000000e+00 -5.122350000000000364e+03 2.030000000000000000e+02 1.517000000000000015e-01
1.794999999999999929e+00 -5.120636999999999716e+03 2.035000000000000000e+02 1.517999999999999905e-01
0.000000000000000000e+00 -5.122431999999999789e+03 2.040000000000000000e+02 1.517999999999999905e-01
1.971000000000000085e+00 -5.120378999999999905e+03 2.045000000000000000e+02 1.517999999999999905e-01
0.000000000000000000e+00 -5.122350000000000364e+03 2.050000000000000000e+02 1.517999999999999905e-01
1.800000000000000044e+00 -5.120630000000000109e+03 2.055000000000000000e+02 1.519000000000000072e-01
0.000000000000000000e+00 -5.122430000000000291e+03 2.060000000000000000e+02 1.519000000000000072e-01
1.879999999999999893e+00 -5.120470000000000255e+03 2.065000000000000000e+02 1.519999999999999962e-01
0.000000000000000000e+00 -5.122350000000000364e+03 2.070000000000000000e+02 1.519999999999999962e-01
1.800000000000000044e+00 -5.120628999999999905e+03 2.075000000000000000e+02 1.519999999999999962e-01
0.000000000000000000e+00 -5.122429000000000087e+03 2.080000000000000000e+02 1.519999999999999962e-01
1.923000000000000043e+00 -5.120426999999999680e+03 2.085000000000000000e+02 1.521000000000000130e-01
0.000000000000000000e+00 -5.122350000000000364e+03 2.090000000000000000e+02 1.521000000000000130e-01
1.790999999999999925e+00 -5.120639000000000124e+03 2.095000000000000000e+02 1.521000000000000130e-01
0.000000000000000000e+00 -5.122430000000000291e+03 2.100000000000000000e+02 1.521000000000000130e-01
1.961000000000000076e+00 -5.120389000000000124e+03 2.105000000000000000e+02 1.522000000000000020e-01
0.000000000000000000e+00 -5.122350000000000364e+03 2.110000000000000000e+02 1.522000000000000020e-01
1.794000000000000039e+00 -5.120637999999999920e+03 2.115000000000000000e+02 1.522000000000000020e-01
0.000000000000000000e+00 -5.122431999999999789e+03 2.120000000000000000e+02 1.522000000000000020e-01
1.875999999999999890e+00 -5.120474000000000160e+03 2.125000000000000000e+02 1.522999999999999909e-01
0.000000000000000000e+00 -5.122350000000000364e+03 2.130000000000000000e+02 1.522999999999999909e-01
1.794000000000000039e+00 -5.120637999999999920e+03 2.135000000000000000e+02 1.522999999999999909e-01
0.000000000000000000e+00 -5.122431999999999789e+03 2.140000000000000000e+02 1.522999999999999909e-01
1.875999999999999890e+00 -5.120474000000000160e+03 2.145000000000000000e+02 1.522999999999999909e-01
0.000000000000000000e+00 -5.122350000000000364e+03 2.150000000000000000e+02 1.522999999999999909e-01
1.794000000000000039e+00 -5.120637999999999920e+03 2.155000000000000000e+02 1.524000000000000077e-01
0.000000000000000000e+00 -5.122431999999999789e+03 2.160000000000000000e+02 1.524000000000000077e-01
1.875999999999999890e+00 -5.120474000000000160e+03 2.165000000000000000e+02 1.529000000000000081e-01
0.000000000000000000e+00 -5.122350000000000364e+03 2.170000000000000000e+02 1.529000000000000081e-01
1.945999999999999952e+00 -5.120484000000000378e+03 2.175000000000000000e+02 1.529000000000000081e-01
0.000000000000000000e+00 -5.122430000000000291e+03 2.180000000000000000e+02 1.529000000000000081e-01
1.925999999999999934e+00 -5.120423999999999978e+03 2.185000000000000000e+02 1.529999999999999971e-01
0.000000000000000000e+00 -5.122350000000000364e+03 2.190000000000000000e+02 1.529999999999999971e-01
1.792999999999999927e+00 -5.120639000000000124e+03 2.195000000000000000e+02 1.529999999999999971e-01
0.000000000000000000e+00 -5.122432999999999993e+03 2.200000000000000000e+02 1.529999999999999971e-01
1.875999999999999890e+00 -5.120474000000000160e+03 2.205000000000000000e+02 1.532000000000000028e-01
0.000000000000000000e+00 -5.122350000000000364e+03 2.210000000000000000e+02 1.532000000000000028e-01
1.792999999999999927e+00 -5.120639000000000124e+03 2.215000000000000000e+02 1.534000000000000086e-01
0.000000000000000000e+00 -5.122432999999999993e+03 2.220000000000000000e+02 1.534000000000000086e-01
2.197999999999999954e+00 -5.118780999999999949e+03 2.225000000000000000e+02 1.534999999999999976e-01
0.000000000000000000e+00 -5.120978000000000065e+03 2.230000000000000000e+02 1.534999999999999976e-01
7.439999999999999947e-01 -5.121689000000000306e+03 2.235000000000000000e+02 1.534999999999999976e-01
0.000000000000000000e+00 -5.122431999999999789e+03 2.240000000000000000e+02 1.534999999999999976e-01
1.969000000000000083e+00 -5.120381000000000313e+03 2.245000000000000000e+02 1.535999999999999865e-01
0.000000000000000000e+00 -5.122350000000000364e+03 2.250000000000000000e+02 1.535999999999999865e-01
1.794999999999999929e+00 -5.120636000000000422e+03 2.255000000000000000e+02 1.537000000000000033e-01
0.000000000000000000e+00 -5.122430999999999585e+03 2.260000000000000000e+02 1.537000000000000033e-01
1.877000000000000002e+00 -5.120472999999999956e+03 2.265000000000000000e+02 1.539000000000000090e-01
0.000000000000000000e+00 -5.122350000000000364e+03 2.270000000000000000e+02 1.539000000000000090e-01
1.794999999999999929e+00 -5.120634000000000015e+03 2.275000000000000000e+02 1.539000000000000090e-01
0.000000000000000000e+00 -5.122429000000000087e+03 2.280000000000000000e+02 1.539000000000000090e-01
1.875000000000000000e+00 -5.120475000000000364e+03 2.285000000000000000e+02 1.542000000000000037e-01
0.000000000000000000e+00 -5.122350000000000364e+03 2.290000000000000000e+02 1.542000000000000037e-01
1.794999999999999929e+00 -5.120636999999999716e+03 2.295000000000000000e+02 1.542000000000000037e-01
0.000000000000000000e+00 -5.122432999999999993e+03 2.300000000000000000e+02 1.542000000000000037e-01
1.975999999999999979e+00 -5.120373999999999796e+03 2.305000000000000000e+02 1.542999999999999927e-01
0.000000000000000000e+00 -5.122350000000000364e+03 2.310000000000000000e+02 1.542999999999999927e-01
1.963999999999999968e+00 -5.119444000000000415e+03 2.315000000000000000e+02 1.544000000000000095e-01
0.000000000000000000e+00 -5.121408000000000357e+03 2.320000000000000000e+02 1.544000000000000095e-01
7.790000000000000258e-01 -5.122104999999999563e+03 2.325000000000000000e+02 1.544000000000000095e-01
0.000000000000000000e+00 -5.122884000000000015e+03 2.330000000000000000e+02 1.544000000000000095e-01
2.221999999999999975e+00 -5.119242000000000189e+03 2.335000000000000000e+02 1.559000000000000108e-01
0.000000000000000000e+00 -5.121463999999999942e+03 2.340000000000000000e+02 1.559000000000000108e-01
8.030000000000000471e-01 -5.122081000000000131e+03 2.345000000000000000e+02 1.559000000000000108e-01
0.000000000000000000e+00 -5.122884000000000015e+03 2.350000000000000000e+02 1.559000000000000108e-01
2.222999999999999865e+00 -5.119242000000000189e+03 2.355000000000000000e+02 1.668000000000000038e-01
0.000000000000000000e+00 -5.121463999999999942e+03 2.360000000000000000e+02 1.668000000000000038e-01
8.030000000000000471e-01 -5.122081000000000131e+03 2.365000000000000000e+02 1.668000000000000038e-01
0.000000000000000000e+00 -5.122884000000000015e+03 2.370000000000000000e+02 1.668000000000000038e-01
2.259999999999999787e+00 -5.119146999999999935e+03 2.375000000000000000e+02 1.678999999999999937e-01
0.000000000000000000e+00 -5.121407000000000153e+03 2.380000000000000000e+02 1.678999999999999937e-01
7.830000000000000293e-01 -5.122100999999999658e+03 2.385000000000000000e+02 1.678999999999999937e-01
0.000000000000000000e+00 -5.122884000000000015e+03 2.390000000000000000e+02 1.678999999999999937e-01
2.217999999999999972e+00 -5.119248999999999796e+03 2.395000000000000000e+02 1.691000000000000003e-01
0.000000000000000000e+00 -5.121466999999999643e+03 2.400000000000000000e+02 1.691000000000000003e-01
8.010000000000000453e-01 -5.122082999999999629e+03 2.405000000000000000e+02 1.691000000000000003e-01
0.000000000000000000e+00 -5.122884000000000015e+03 2.410000000000000000e+02 1.691000000000000003e-01
2.274999999999999911e+00 -5.118595000000000255e+03 2.415000000000000000e+02 1.696000000000000008e-01
0.000000000000000000e+00 -5.120869999999999891e+03 2.420000000000000000e+02 1.696000000000000008e-01
2.600000000000000089e-01 -5.122619999999999891e+03 2.425000000000000000e+02 1.696000000000000008e-01
0.000000000000000000e+00 -5.122880000000000109e+03 2.430000000000000000e+02 1.696000000000000008e-01
2.305000000000000160e+00 -5.118850000000000364e+03 2.435000000000000000e+02 1.764000000000000012e-01
0.000000000000000000e+00 -5.121154999999999745e+03 2.440000000000000000e+02 1.764000000000000012e-01
5.819999999999999618e-01 -5.122326000000000022e+03 2.445000000000000000e+02 1.764000000000000012e-01
0.000000000000000000e+00 -5.122908000000000357e+03 2.450000000000000000e+02 1.764000000000000012e-01
2.436999999999999833e+00 -5.118609000000000378e+03 2.455000000000000000e+02 1.841000000000000136e-01
0.000000000000000000e+00 -5.121046000000000276e+03 2.460000000000000000e+02 1.841000000000000136e-01
7.319999999999999840e-01 -5.119867000000000189e+03 2.465000000000000000e+02 1.841000000000000136e-01
0.000000000000000000e+00 -5.120599000000000160e+03 2.470000000000000000e+02 1.841000000000000136e-01
3.320000000000000173e-01 -5.122617000000000189e+03 2.475000000000000000e+02 1.841000000000000136e-01
0.000000000000000000e+00 -5.122948000000000320e+03 2.480000000000000000e+02 1.841000000000000136e-01
2.214999999999999858e+00 -5.119274999999999636e+03 2.485000000000000000e+02 1.847000000000000031e-01
0.000000000000000000e+00 -5.121489999999999782e+03 2.490000000000000000e+02 1.847000000000000031e-01
7.500000000000000000e-01 -5.122216000000000349e+03 2.495000000000000000e+02 1.847000000000000031e-01
0.000000000000000000e+00 -5.122965000000000146e+03 2.500000000000000000e+02 1.847000000000000031e-01
2.225000000000000089e+00 -5.119265000000000327e+03 2.505000000000000000e+02 1.880000000000000004e-01
0.000000000000000000e+00 -5.121489999999999782e+03 2.510000000000000000e+02 1.880000000000000004e-01
7.500000000000000000e-01 -5.122216000000000349e+03 2.515000000000000000e+02 1.880000000000000004e-01
0.000000000000000000e+00 -5.122965000000000146e+03 2.520000000000000000e+02 1.880000000000000004e-01
2.322999999999999954e+00 -5.118881000000000313e+03 2.525000000000000000e+02 1.887000000000000066e-01
0.000000000000000000e+00 -5.121203999999999724e+03 2.530000000000000000e+02 1.887000000000000066e-01
5.779999999999999583e-01 -5.122371000000000095e+03 2.535000000000000000e+02 1.887000000000000066e-01
0.000000000000000000e+00 -5.122948999999999614e+03 2.540000000000000000e+02 1.887000000000000066e-01
2.358999999999999986e+00 -5.118304000000000087e+03 2.545000000000000000e+02 1.904000000000000137e-01
0.000000000000000000e+00 -5.120662999999999556e+03 2.550000000000000000e+02 1.904000000000000137e-01
7.299999999999999545e-02 -5.122877000000000407e+03 2.555000000000000000e+02 1.904000000000000137e-01
0.000000000000000000e+00 -5.122949999999999818e+03 2.560000000000000000e+02 1.904000000000000137e-01
2.208000000000000185e+00 -5.119331000000000131e+03 2.565000000000000000e+02 1.910999999999999921e-01
0.000000000000000000e+00 -5.121537999999999556e+03 2.570000000000000000e+02 1.910999999999999921e-01
7.960000000000000409e-01 -5.122154000000000451e+03 2.575000000000000000e+02 1.910999999999999921e-01
0.000000000000000000e+00 -5.122949999999999818e+03 2.580000000000000000e+02 1.910999999999999921e-01
2.225999999999999979e+00 -5.119256999999999607e+03 2.585000000000000000e+02 1.913999999999999868e-01
0.000000000000000000e+00 -5.121483000000000175e+03 2.590000000000000000e+02 1.913999999999999868e-01
7.600000000000000089e-01 -5.122189999999999600e+03 2.595000000000000000e+02 1.913999999999999868e-01
0.000000000000000000e+00 -5.122949999999999818e+03 2.600000000000000000e+02 1.913999999999999868e-01
2.208000000000000185e+00 -5.119331000000000131e+03 2.605000000000000000e+02 1.938999999999999890e-01
0.000000000000000000e+00 -5.121537999999999556e+03 2.610000000000000000e+02 1.938999999999999890e-01
7.960000000000000409e-01 -5.122154000000000451e+03 2.615000000000000000e+02 1.938999999999999890e-01
0.000000000000000000e+00 -5.122949999999999818e+03 2.620000000000000000e+02 1.938999999999999890e-01
2.327999999999999847e+00 -5.118751000000000204e+03 2.625000000000000000e+02 1.965000000000000080e-01
0.000000000000000000e+00 -5.121078999999999724e+03 2.630000000000000000e+02 1.965000000000000080e-01
3.340000000000000191e-01 -5.122597999999999956e+03 2.635000000000000000e+02 1.965000000000000080e-01
0.000000000000000000e+00 -5.122931999999999789e+03 2.640000000000000000e+02 1.965000000000000080e-01
2.226999999999999869e+00 -5.119239999999999782e+03 2.645000000000000000e+02 1.967000000000000137e-01
0.000000000000000000e+00 -5.121466999999999643e+03 2.650000000000000000e+02 1.967000000000000137e-01
7.620000000000000107e-01 -5.122170000000000073e+03 2.655000000000000000e+02 1.967000000000000137e-01
0.000000000000000000e+00 -5.122931999999999789e+03 2.660000000000000000e+02 1.967000000000000137e-01
2.217000000000000082e+00 -5.118863999999999578e+03 2.665000000000000000e+02 1.986999999999999877e-01
0.000000000000000000e+00 -5.121081000000000131e+03 2.670000000000000000e+02 1.986999999999999877e-01
3.350000000000000200e-01 -5.121103000000000065e+03 2.675000000000000000e+02 1.986999999999999877e-01
0.000000000000000000e+00 -5.121439000000000306e+03 2.680000000000000000e+02 1.986999999999999877e-01
5.310000000000000275e-01 -5.122399999999999636e+03 2.685000000000000000e+02 1.986999999999999877e-01
0.000000000000000000e+00 -5.122931999999999789e+03 2.690000000000000000e+02 1.986999999999999877e-01
2.217000000000000082e+00 -5.118863999999999578e+03 2.695000000000000000e+02 1.988999999999999935e-01
0.000000000000000000e+00 -5.121081000000000131e+03 2.700000000000000000e+02 1.988999999999999935e-01
5.280000000000000249e-01 -5.120118000000000393e+03 2.705000000000000000e+02 1.988999999999999935e-01
0.000000000000000000e+00 -5.120645999999999731e+03 2.710000000000000000e+02 1.988999999999999935e-01
8.999999999999999667e-02 -5.122858000000000175e+03 2.715000000000000000e+02 1.988999999999999935e-01
0.000000000000000000e+00 -5.122948999999999614e+03 2.720000000000000000e+02 1.988999999999999935e-01
2.206999999999999851e+00 -5.119328000000000429e+03 2.725000000000000000e+02 2.053000000000000103e-01
0.000000000000000000e+00 -5.121534999999999854e+03 2.730000000000000000e+02 2.053000000000000103e-01
7.940000000000000391e-01 -5.122154999999999745e+03 2.735000000000000000e+02 2.053000000000000103e-01
0.000000000000000000e+00 -5.122948999999999614e+03 2.740000000000000000e+02 2.053000000000000103e-01
2.228000000000000203e+00 -5.119256000000000313e+03 2.745000000000000000e+02 2.073000000000000120e-01
0.000000000000000000e+00 -5.121484000000000378e+03 2.750000000000000000e+02 2.073000000000000120e-01
7.640000000000000124e-01 -5.122185000000000400e+03 2.755000000000000000e+02 2.073000000000000120e-01
0.000000000000000000e+00 -5.122948999999999614e+03 2.760000000000000000e+02 2.073000000000000120e-01
2.326999999999999957e+00 -5.118411000000000058e+03 2.765000000000000000e+02 2.129999999999999949e-01
0.000000000000000000e+00 -5.120738999999999578e+03 2.770000000000000000e+02 2.129999999999999949e-01
1.170000000000000068e-01 -5.122832000000000335e+03 2.775000000000000000e+02 2.129999999999999949e-01
0.000000000000000000e+00 -5.122948999999999614e+03 2.780000000000000000e+02 2.129999999999999949e-01
2.641000000000000014e+00 -5.117921999999999571e+03 2.785000000000000000e+02 2.147999999999999909e-01
0.000000000000000000e+00 -5.120564000000000306e+03 2.790000000000000000e+02 2.147999999999999909e-01
3.180000000000000049e-01 -5.122631000000000313e+03 2.795000000000000000e+02 2.147999999999999909e-01
0.000000000000000000e+00 -5.122948999999999614e+03 2.800000000000000000e+02 2.147999999999999909e-01
2.411000000000000032e+00 -5.118667000000000371e+03 2.805000000000000000e+02 2.285000000000000087e-01
0.000000000000000000e+00 -5.121078000000000429e+03 2.810000000000000000e+02 2.285000000000000087e-01
6.059999999999999831e-01 -5.122326000000000022e+03 2.815000000000000000e+02 2.285000000000000087e-01
0.000000000000000000e+00 -5.122932999999999993e+03 2.820000000000000000e+02 2.285000000000000087e-01
2.217000000000000082e+00 -5.119225999999999658e+03 2.825000000000000000e+02 2.318999999999999950e-01
0.000000000000000000e+00 -5.121443000000000211e+03 2.830000000000000000e+02 2.318999999999999950e-01
7.269999999999999796e-01 -5.122206000000000131e+03 2.835000000000000000e+02 2.318999999999999950e-01
0.000000000000000000e+00 -5.122932999999999993e+03 2.840000000000000000e+02 2.318999999999999950e-01
2.420999999999999819e+00 -5.118613999999999578e+03 2.845000000000000000e+02 2.384000000000000008e-01
0.000000000000000000e+00 -5.121036000000000058e+03 2.850000000000000000e+02 2.384000000000000008e-01
6.560000000000000275e-01 -5.121850999999999658e+03 2.855000000000000000e+02 2.384000000000000008e-01
0.000000000000000000e+00 -5.122506999999999607e+03 2.860000000000000000e+02 2.384000000000000008e-01
1.915000000000000036e+00 -5.119145999999999731e+03 2.865000000000000000e+02 2.384999999999999898e-01
0.000000000000000000e+00 -5.121060000000000400e+03 2.870000000000000000e+02 2.384999999999999898e-01
4.390000000000000013e-01 -5.122490999999999985e+03 2.875000000000000000e+02 2.384999999999999898e-01
0.000000000000000000e+00 -5.122930000000000291e+03 2.880000000000000000e+02 2.384999999999999898e-01
2.310999999999999943e+00 -5.118350999999999658e+03 2.885000000000000000e+02 2.401000000000000079e-01
0.000000000000000000e+00 -5.120662000000000262e+03 2.890000000000000000e+02 2.401000000000000079e-01
4.000000000000000083e-02 -5.122886999999999716e+03 2.895000000000000000e+02 2.401000000000000079e-01
0.000000000000000000e+00 -5.122926999999999680e+03 2.900000000000000000e+02 2.401000000000000079e-01
2.468999999999999861e+00 -5.118617000000000189e+03 2.905000000000000000e+02 2.403000000000000136e-01
0.000000000000000000e+00 -5.121086000000000240e+03 2.910000000000000000e+02 2.403000000000000136e-01
7.550000000000000044e-01 -5.119846999999999753e+03 2.915000000000000000e+02 2.403000000000000136e-01
0.000000000000000000e+00 -5.120601999999999862e+03 2.920000000000000000e+02 2.403000000000000136e-01
2.620000000000000107e-01 -5.122689999999999600e+03 2.925000000000000000e+02 2.403000000000000136e-01
0.000000000000000000e+00 -5.122951000000000022e+03 2.930000000000000000e+02 2.403000000000000136e-01
2.358000000000000096e+00 -5.118725000000000364e+03 2.935000000000000000e+02 2.404000000000000026e-01
0.000000000000000000e+00 -5.121082999999999629e+03 2.940000000000000000e+02 2.404000000000000026e-01
3.360000000000000209e-01 -5.121113000000000284e+03 2.945000000000000000e+02 2.404000000000000026e-01
0.000000000000000000e+00 -5.121448999999999614e+03 2.950000000000000000e+02 2.404000000000000026e-01
5.340000000000000302e-01 -5.122399999999999636e+03 2.955000000000000000e+02 2.404000000000000026e-01
0.000000000000000000e+00 -5.122934000000000196e+03 2.960000000000000000e+02 2.404000000000000026e-01
2.019000000000000128e+00 -5.119430000000000291e+03 2.965000000000000000e+02 2.414000000000000035e-01
0.000000000000000000e+00 -5.121448999999999614e+03 2.970000000000000000e+02 2.414000000000000035e-01
5.340000000000000302e-01 -5.122399999999999636e+03 2.975000000000000000e+02 2.414000000000000035e-01
0.000000000000000000e+00 -5.122934000000000196e+03 2.980000000000000000e+02 2.414000000000000035e-01
2.220000000000000195e+00 -5.119256999999999607e+03 2.985000000000000000e+02 2.416999999999999982e-01
0.000000000000000000e+00 -5.121476999999999862e+03 2.990000000000000000e+02 2.416999999999999982e-01
7.620000000000000107e-01 -5.122171999999999571e+03 2.995000000000000000e+02 2.416999999999999982e-01
0.000000000000000000e+00 -5.122934000000000196e+03 3.000000000000000000e+02 2.416999999999999982e-01
2.210999999999999854e+00 -5.118873999999999796e+03 3.005000000000000000e+02 2.437999999999999889e-01
0.000000000000000000e+00 -5.121085000000000036e+03 3.010000000000000000e+02 2.437999999999999889e-01
3.360000000000000209e-01 -5.122604000000000269e+03 3.015000000000000000e+02 2.437999999999999889e-01
0.000000000000000000e+00 -5.122940999999999804e+03 3.020000000000000000e+02 2.437999999999999889e-01
2.232000000000000206e+00 -5.119220999999999549e+03 3.025000000000000000e+02 2.452999999999999903e-01
0.000000000000000000e+00 -5.121453999999999724e+03 3.030000000000000000e+02 2.452999999999999903e-01
7.449999999999999956e-01 -5.122194999999999709e+03 3.035000000000000000e+02 2.452999999999999903e-01
0.000000000000000000e+00 -5.122940999999999804e+03 3.040000000000000000e+02 2.452999999999999903e-01
2.512000000000000011e+00 -5.118420000000000073e+03 3.045000000000000000e+02 2.479000000000000092e-01
0.000000000000000000e+00 -5.120931999999999789e+03 3.050000000000000000e+02 2.479000000000000092e-01
4.159999999999999809e-01 -5.122510000000000218e+03 3.055000000000000000e+02 2.479000000000000092e-01
0.000000000000000000e+00 -5.122926999999999680e+03 3.060000000000000000e+02 2.479000000000000092e-01
2.221999999999999975e+00 -5.119252000000000407e+03 3.065000000000000000e+02 2.482000000000000040e-01
0.000000000000000000e+00 -5.121474000000000160e+03 3.070000000000000000e+02 2.482000000000000040e-01
7.540000000000000036e-01 -5.122186999999999898e+03 3.075000000000000000e+02 2.482000000000000040e-01
0.000000000000000000e+00 -5.122940999999999804e+03 3.080000000000000000e+02 2.482000000000000040e-01
2.220000000000000195e+00 -5.119253999999999905e+03 3.085000000000000000e+02 2.490999999999999881e-01
0.000000000000000000e+00 -5.121474000000000160e+03 3.090000000000000000e+02 2.490999999999999881e-01
7.540000000000000036e-01 -5.122186999999999898e+03 3.095000000000000000e+02 2.490999999999999881e-01
0.000000000000000000e+00 -5.122940999999999804e+03 3.100000000000000000e+02 2.490999999999999881e-01
2.309000000000000163e+00 -5.118775999999999840e+03 3.105000000000000000e+02 2.546999999999999820e-01
0.000000000000000000e+00 -5.121085000000000036e+03 3.110000000000000000e+02 2.546999999999999820e-01
2.969999999999999862e-01 -5.122628999999999905e+03 3.115000000000000000e+02 2.546999999999999820e-01
0.000000000000000000e+00 -5.122926999999999680e+03 3.120000000000000000e+02 2.546999999999999820e-01
2.294999999999999929e+00 -5.118795000000000073e+03 3.125000000000000000e+02 2.548000000000000265e-01
0.000000000000000000e+00 -5.121090000000000146e+03 3.130000000000000000e+02 2.548000000000000265e-01
4.560000000000000164e-01 -5.122470000000000255e+03 3.135000000000000000e+02 2.548000000000000265e-01
0.000000000000000000e+00 -5.122925000000000182e+03 3.140000000000000000e+02 2.548000000000000265e-01
2.273000000000000131e+00 -5.118975999999999658e+03 3.145000000000000000e+02 2.600999999999999979e-01
0.000000000000000000e+00 -5.121248999999999796e+03 3.150000000000000000e+02 2.600999999999999979e-01
5.959999999999999742e-01 -5.122328999999999724e+03 3.155000000000000000e+02 2.600999999999999979e-01
0.000000000000000000e+00 -5.122925000000000182e+03 3.160000000000000000e+02 2.600999999999999979e-01
2.271999999999999797e+00 -5.118951000000000022e+03 3.165000000000000000e+02 2.655000000000000138e-01
0.000000000000000000e+00 -5.121222999999999956e+03 3.170000000000000000e+02 2.655000000000000138e-01
5.699999999999999512e-01 -5.122354999999999563e+03 3.175000000000000000e+02 2.655000000000000138e-01
0.000000000000000000e+00 -5.122925000000000182e+03 3.180000000000000000e+02 2.655000000000000138e-01
2.373000000000000220e+00 -5.118231999999999971e+03 3.185000000000000000e+02 2.656999999999999917e-01
0.000000000000000000e+00 -5.120604999999999563e+03 3.190000000000000000e+02 2.656999999999999917e-01
