# t
0.000000000000000000e+00
1.510785800000000108e-11
1.695738900000000054e-11
3.440089399999999791e-11
3.473085500000000166e-11
3.784561499999999918e-11
3.873114500000000016e-11
4.692582900000000244e-11
5.470932099999999995e-11
5.732861299999999811e-11
5.983126900000000404e-11
7.219193999999999379e-11
7.346606599999999668e-11
7.391385000000000579e-11
7.400399399999999503e-11
7.405234200000000023e-11
7.461779299999999574e-11
7.563583900000000523e-11
7.906102200000000469e-11
7.939128400000000125e-11
8.261175699999999925e-11
8.276386299999999437e-11
8.519077800000000190e-11
8.582913900000000300e-11
8.855228399999999422e-11
8.906842200000000262e-11
9.010385599999999419e-11
9.052178599999999824e-11
9.105316800000000475e-11
9.107371300000000626e-11
9.117404699999999709e-11
9.146057999999999882e-11
9.267762599999999646e-11
9.315680700000000308e-11
9.352829799999999887e-11
9.373348099999999550e-11
9.918679400000000603e-11
1.001123300000000046e-10
1.014002699999999944e-10
1.017398500000000062e-10
1.041802699999999967e-10
1.044845699999999989e-10
1.095151500000000052e-10
1.122480699999999975e-10
1.167616400000000089e-10
1.177365399999999918e-10
1.207349800000000115e-10
1.211628299999999905e-10
1.220819299999999962e-10
1.222046500000000108e-10
1.234296199999999944e-10
1.244315800000000109e-10
1.260802400000000020e-10
1.264128200000000054e-10
1.276536099999999965e-10
1.302846300000000117e-10
1.365291900000000034e-10
1.369441599999999919e-10
1.376281700000000105e-10
1.380754999999999902e-10
1.387793299999999989e-10
1.396453899999999921e-10
1.413723100000000011e-10
1.430228499999999917e-10
1.501888300000000100e-10
1.510069099999999907e-10
1.514312599999999914e-10
1.528550599999999943e-10
1.543569399999999887e-10
1.544714900000000046e-10
1.576880000000000091e-10
1.578241500000000086e-10
1.595432999999999913e-10
1.596142700000000014e-10
1.631304199999999935e-10
1.649730799999999944e-10
1.673397399999999927e-10
1.680068599999999936e-10
1.699467600000000088e-10
1.700506000000000073e-10
1.700805499999999902e-10
1.709010899999999951e-10
1.725506499999999887e-10
1.728732099999999982e-10
1.742897800000000022e-10
1.743563299999999940e-10
1.754146100000000035e-10
1.761749599999999915e-10
1.765501700000000080e-10
1.853541099999999928e-10
1.883402799999999993e-10
1.883518400000000033e-10
1.884304900000000008e-10
1.884673200000000003e-10
1.890782000000000027e-10
1.911573000000000074e-10
1.923469499999999972e-10
1.961772099999999934e-10
2.023581000000000014e-10
2.556012699999999978e-10
2.567082499999999960e-10
2.572811199999999897e-10
2.604674499999999948e-10
3.188230000000000167e-10
3.190571300000000182e-10
3.221271100000000023e-10
3.248132499999999898e-10
3.578770400000000064e-10
3.585961499999999953e-10
3.735995400000000005e-10
3.741093099999999905e-10
3.745221900000000004e-10
3.746778499999999791e-10
3.844733699999999854e-10
3.847024700000000173e-10
3.879291799999999903e-10
3.914814899999999958e-10
4.037795700000000237e-10
4.039389399999999857e-10
4.264328199999999940e-10
4.295724300000000160e-10
4.366032399999999801e-10
4.372614800000000247e-10
4.637343500000000014e-10
4.643143600000000067e-10
4.862104700000000456e-10
4.903063100000000392e-10
4.970757199999999631e-10
4.971212700000000075e-10
4.993761100000000278e-10
4.996856100000000463e-10
5.135983999999999705e-10
5.157302500000000141e-10
5.176288999999999598e-10
5.183603999999999794e-10
5.184434699999999693e-10
5.192847099999999812e-10
5.193138799999999533e-10
5.200884500000000333e-10
5.209375699999999928e-10
5.222852699999999839e-10
5.439574299999999783e-10
5.444135400000000374e-10
5.447690999999999939e-10
5.465531699999999968e-10
5.465752899999999964e-10
5.468746000000000132e-10
5.546904899999999850e-10
5.569640200000000282e-10
5.601973499999999711e-10
5.612370800000000386e-10
5.629171600000000211e-10
5.631173899999999697e-10
5.632234800000000391e-10
5.633899900000000127e-10
5.634607999999999822e-10
5.646040799999999713e-10
5.646370399999999728e-10
5.655729200000000231e-10
5.825578399999999963e-10
5.826964900000000432e-10
5.913281800000000238e-10
5.933462699999999518e-10
5.962981799999999560e-10
5.974365499999999928e-10
5.985327599999999906e-10
5.992371199999999822e-10
6.092279900000000151e-10
6.126407100000000257e-10
6.259394900000000148e-10
6.266635499999999789e-10
6.349077999999999527e-10
6.361351200000000134e-10
6.362410199999999603e-10
6.371301699999999830e-10
6.371364399999999964e-10
6.376768599999999858e-10
6.500976000000000195e-10
6.521359200000000064e-10
6.525857699999999932e-10
6.531010200000000447e-10
6.658528300000000245e-10
6.666416199999999638e-10
6.669053699999999775e-10
6.675663400000000342e-10
6.737358899999999842e-10
6.738675800000000459e-10
7.013972000000000147e-10
7.027064700000000391e-10
7.160110700000000016e-10
7.162969999999999719e-10
7.203152899999999568e-10
7.226167000000000158e-10
7.368937999999999974e-10
7.393588000000000504e-10
7.609302599999999978e-10
7.618818500000000309e-10
7.665695799999999600e-10
7.665741299999999629e-10
7.975064999999999901e-10
7.984499700000000404e-10
7.987337099999999744e-10
8.008321900000000513e-10
8.157803799999999862e-10
8.179321499999999484e-10
8.554373800000000075e-10
8.555057900000000392e-10
8.768563100000000123e-10
8.776947299999999731e-10
8.823466000000000103e-10
8.839842499999999917e-10
9.287924500000000107e-10
9.291836500000000166e-10
9.366918899999999394e-10
9.403983100000001016e-10
9.505168899999999407e-10
9.514437599999999727e-10
9.531013899999999332e-10
9.532571100000000242e-10
9.558639400000000210e-10
9.558972999999999433e-10
9.675855200000000665e-10
9.677287300000000574e-10
9.866197300000000907e-10
9.874080299999999152e-10
9.877046900000000178e-10
9.878986100000000849e-10
1.012992700000000069e-09
1.013519199999999984e-09
1.013690800000000091e-09
1.014163600000000053e-09
1.036843399999999956e-09
1.036846200000000021e-09
1.036959900000000076e-09
1.036972800000000053e-09
1.037622200000000061e-09
1.038959300000000085e-09
1.040366800000000010e-09
1.042865599999999981e-09
1.086228000000000067e-09
1.088680599999999993e-09
1.111106199999999928e-09
1.111306799999999974e-09
1.118540799999999993e-09
1.119050200000000041e-09
1.119359499999999995e-09
1.119643800000000046e-09
1.121519900000000041e-09
1.121711300000000049e-09
1.121881400000000092e-09
1.126290199999999904e-09
1.157715700000000087e-09
1.158183799999999997e-09
1.213138900000000074e-09
1.214995199999999961e-09
1.215150600000000074e-09
1.219788800000000014e-09
1.220495699999999946e-09
1.221438799999999899e-09
1.222362400000000047e-09
1.225968299999999930e-09
1.226852900000000053e-09
1.229004700000000046e-09
1.230005000000000035e-09
1.232661600000000056e-09
1.233026499999999950e-09
1.233335899999999937e-09
1.234842700000000083e-09
1.236339499999999937e-09
1.237782799999999900e-09
1.239623999999999937e-09
1.241540000000000037e-09
1.242450499999999938e-09
1.242805499999999984e-09
1.244077200000000047e-09
1.246241599999999921e-09
1.246441399999999918e-09
1.247499100000000006e-09
1.249252399999999941e-09
1.250399800000000085e-09
1.254729099999999991e-09
1.255662300000000097e-09
1.256265199999999964e-09
1.257086100000000048e-09
1.260725699999999920e-09
1.262657400000000061e-09
1.264037599999999969e-09
1.264075500000000057e-09
1.268663800000000013e-09
1.269116200000000089e-09
1.269203299999999936e-09
1.269342299999999992e-09
1.271525799999999956e-09
1.272635599999999902e-09
1.275150500000000042e-09
1.275427500000000040e-09
1.278788199999999929e-09
1.278936299999999990e-09
1.280431100000000033e-09
1.280949500000000055e-09
1.285741899999999931e-09
1.286234999999999953e-09
1.287056500000000021e-09
1.287985500000000029e-09
1.288726599999999904e-09
1.290580199999999964e-09
1.290723200000000054e-09
1.290783600000000075e-09
1.291250700000000081e-09
1.291984699999999967e-09
1.292203700000000088e-09
1.292332999999999946e-09
1.293219299999999991e-09
1.293329999999999917e-09
1.293532499999999948e-09
1.294730699999999949e-09
1.294767300000000036e-09
1.294924799999999991e-09
1.297560999999999920e-09
1.298307300000000005e-09
1.299680599999999988e-09
1.299834600000000068e-09
1.305908099999999903e-09
1.306395000000000016e-09
1.312906099999999965e-09
1.314258400000000078e-09
1.317786299999999912e-09
1.318050000000000013e-09
1.318793000000000080e-09
1.319656199999999999e-09
1.321267499999999956e-09
1.321654899999999991e-09
1.322062400000000023e-09
1.322573600000000025e-09
1.323736900000000068e-09
1.323814999999999941e-09
1.323899499999999994e-09
1.324179099999999994e-09
1.325096299999999963e-09
1.325157700000000096e-09
1.325724700000000101e-09
1.332370900000000102e-09
1.332677899999999944e-09
1.364841799999999968e-09
1.364913400000000044e-09
1.378465499999999907e-09
1.379417600000000040e-09
1.409545999999999922e-09
1.410097700000000012e-09
1.417618899999999971e-09
1.417856899999999945e-09
1.428812300000000062e-09
1.429170599999999920e-09
1.445898400000000049e-09
1.449154699999999953e-09
1.449358800000000080e-09
1.449449000000000089e-09
1.458032200000000060e-09
1.459009200000000066e-09
1.466463100000000079e-09
1.467288499999999942e-09
1.467453600000000045e-09
1.468618399999999946e-09
1.468715199999999991e-09
1.470343499999999990e-09
1.471093299999999950e-09
1.476382700000000058e-09
1.476486299999999995e-09
1.479846100000000011e-09
1.480626999999999958e-09
1.483235800000000045e-09
1.483892699999999962e-09
1.487716199999999934e-09
1.488693000000000083e-09
1.490742399999999900e-09
1.491577299999999897e-09
1.496500200000000014e-09
1.496960200000000031e-09
1.501740299999999916e-09
1.501752900000000004e-09
1.503095900000000048e-09
1.504157599999999963e-09
1.504300999999999973e-09
1.504568799999999934e-09
1.508404099999999944e-09
1.508804000000000035e-09
1.509936299999999916e-09
1.509946300000000001e-09
1.514188099999999932e-09
1.514235200000000057e-09
1.517915400000000050e-09
1.518105400000000026e-09
1.518870699999999963e-09
1.521146899999999906e-09
1.526253899999999979e-09
1.527346299999999962e-09
1.533182500000000046e-09
1.534415200000000084e-09
1.534690900000000082e-09
1.535871500000000056e-09
1.537605000000000089e-09
1.537950299999999939e-09
1.539712899999999943e-09
1.539891399999999975e-09
1.544378599999999963e-09
1.544555400000000074e-09
1.544920899999999952e-09
1.545862500000000047e-09
1.546502800000000050e-09
1.546670700000000012e-09
1.549753199999999934e-09
1.550983899999999955e-09
1.552505500000000063e-09
1.552719099999999910e-09
1.555565899999999971e-09
1.555571799999999990e-09
1.556541300000000087e-09
1.557271100000000082e-09
1.562340499999999957e-09
1.562623299999999943e-09
1.564003199999999962e-09
1.564184500000000059e-09
1.568850600000000000e-09
1.570906999999999981e-09
1.580996599999999971e-09
1.582222099999999989e-09
1.583199599999999947e-09
1.583344100000000101e-09
1.585031599999999947e-09
1.585878099999999919e-09
1.589162400000000063e-09
1.590610200000000013e-09
1.591619999999999928e-09
1.592359800000000009e-09
1.594219700000000010e-09
1.594471700000000103e-09
1.598327500000000031e-09
1.598481200000000016e-09
1.599027199999999944e-09
1.599181300000000056e-09
1.599403999999999909e-09
1.604114599999999973e-09
1.605250800000000063e-09
1.605500699999999901e-09
1.606364999999999963e-09
1.606735499999999988e-09
1.612436999999999940e-09
1.612753499999999915e-09
1.613113599999999933e-09
1.613164600000000061e-09
1.613993899999999927e-09
1.615984700000000089e-09
1.617607399999999958e-09
1.618730899999999928e-09
1.618913299999999962e-09
1.619077100000000065e-09
1.621732099999999990e-09
1.622355899999999902e-09
1.625831799999999911e-09
1.626963000000000061e-09
1.628158299999999965e-09
1.630870599999999958e-09
1.632878600000000020e-09
1.633375799999999901e-09
1.635955999999999970e-09
1.637494300000000025e-09
1.642264600000000095e-09
1.642267700000000049e-09
1.645794999999999899e-09
1.646073999999999914e-09
1.646651300000000100e-09
1.648814100000000083e-09
1.651522799999999962e-09
1.651537200000000003e-09
1.653133300000000078e-09
1.653169899999999958e-09
1.656498800000000049e-09
1.656735799999999911e-09
1.659623499999999982e-09
1.659927499999999901e-09
1.662330900000000067e-09
1.664756899999999992e-09
1.665035699999999944e-09
1.665086000000000055e-09
1.666439200000000041e-09
1.666575099999999935e-09
1.666651799999999983e-09
1.667790099999999915e-09
1.667790099999999915e-09
1.669086600000000025e-09
1.670182900000000010e-09
1.670285600000000075e-09
1.674489099999999997e-09
1.675563899999999953e-09
1.676933999999999950e-09
1.679661600000000064e-09
1.680131200000000039e-09
1.680385600000000071e-09
1.688078900000000090e-09
1.688226600000000023e-09
1.688504300000000038e-09
1.688776599999999985e-09
1.691763199999999943e-09
1.693396900000000009e-09
1.694250800000000065e-09
1.694252499999999987e-09
1.694968300000000068e-09
1.695455799999999959e-09
1.696373099999999960e-09
1.697596100000000008e-09
1.699101800000000011e-09
1.699185700000000079e-09
1.699959899999999958e-09
1.700976000000000021e-09
1.701348099999999935e-09
1.701537400000000101e-09
1.703231600000000014e-09
1.703634600000000059e-09
1.704216600000000089e-09
1.705253300000000101e-09
1.705346299999999968e-09
1.706710900000000073e-09
1.707998999999999987e-09
1.708190500000000027e-09
1.708528500000000032e-09
1.708911599999999937e-09
1.710430999999999964e-09
1.711181900000000067e-09
1.711857200000000060e-09
1.713356799999999979e-09
1.715789499999999972e-09
1.716076000000000103e-09
1.716200199999999990e-09
1.717822100000000017e-09
1.718469799999999897e-09
1.719055500000000072e-09
1.719597900000000093e-09
1.720708300000000023e-09
1.721088799999999927e-09
1.724236800000000048e-09
1.727391899999999952e-09
1.729572799999999915e-09
1.734779699999999987e-09
1.735219900000000103e-09
1.735451599999999930e-09
1.735740600000000031e-09
1.739748699999999911e-09
1.740069999999999969e-09
1.741262999999999966e-09
1.747800600000000091e-09
1.748871500000000044e-09
1.749518400000000082e-09
1.751012900000000030e-09
1.751089999999999999e-09
1.752060600000000033e-09
1.752731400000000038e-09
1.753848700000000100e-09
1.753993399999999904e-09
1.755118100000000050e-09
1.756020899999999978e-09
1.756704300000000071e-09
1.759151300000000073e-09
1.760767300000000081e-09
1.761972899999999959e-09
1.764045599999999966e-09
1.764852699999999993e-09
1.766683600000000055e-09
1.766895899999999902e-09
1.767204899999999968e-09
1.767528399999999899e-09
1.768203700000000099e-09
1.769055499999999899e-09
1.769959800000000098e-09
1.770778400000000069e-09
1.770858100000000039e-09
1.771229300000000080e-09
1.771257100000000050e-09
1.771571499999999976e-09
1.773706299999999926e-09
1.773784899999999959e-09
1.773937299999999943e-09
1.773998999999999966e-09
1.776739099999999928e-09
1.777329700000000011e-09
1.778008300000000021e-09
1.778829000000000041e-09
1.781692199999999953e-09
1.784256200000000028e-09
1.786514899999999976e-09
1.786611800000000053e-09
1.790491499999999948e-09
1.791815100000000011e-09
1.793239800000000043e-09
1.793821800000000072e-09
1.796847400000000054e-09
1.797025399999999927e-09
1.797374599999999986e-09
1.797421799999999936e-09
1.798067299999999942e-09
1.799582400000000045e-09
1.801294099999999954e-09
1.801696199999999919e-09
1.804848599999999995e-09
1.806435000000000080e-09
1.808380099999999943e-09
1.809526900000000103e-09
1.813354100000000013e-09
1.813470799999999991e-09
1.813807700000000058e-09
1.814958699999999902e-09
1.817879399999999946e-09
1.819784400000000055e-09
1.820526500000000041e-09
1.820674600000000102e-09
1.820983300000000072e-09
1.821301200000000080e-09
1.822862799999999910e-09
1.823373999999999912e-09
1.826221100000000068e-09
1.826443500000000032e-09
1.827370999999999976e-09
1.827538000000000064e-09
1.827736099999999933e-09
1.828532099999999938e-09
1.830088100000000051e-09
1.830165499999999908e-09
1.831010700000000087e-09
1.831464299999999925e-09
1.832166000000000061e-09
1.832258299999999912e-09
1.832727200000000077e-09
1.834377699999999916e-09
1.835568500000000039e-09
1.835934400000000045e-09
1.845330700000000095e-09
1.845885499999999933e-09
1.850278699999999942e-09
1.850830799999999953e-09
1.853412400000000055e-09
1.853604500000000079e-09
1.859656099999999964e-09
1.859712800000000047e-09
1.860540100000000102e-09
1.861269800000000065e-09
1.868853500000000096e-09
1.869546300000000083e-09
1.870704199999999852e-09
1.871384600000000023e-09
1.872439400000000014e-09
1.873100699999999886e-09
1.873760099999999980e-09
1.874417799999999946e-09
1.874451800000000031e-09
1.875616199999999804e-09
1.875968800000000120e-09
1.878024399999999845e-09
1.878665000000000150e-09
1.879128499999999835e-09
1.897431200000000105e-09
1.897560499999999964e-09
1.900541400000000172e-09
1.902145599999999934e-09
1.902672700000000040e-09
1.902930699999999979e-09
1.903569300000000060e-09
1.904250199999999976e-09
1.904480699999999834e-09
1.904861800000000136e-09
1.909824099999999991e-09
1.910453099999999907e-09
1.917548400000000173e-09
1.919482400000000014e-09
1.927710499999999906e-09
1.928323300000000034e-09
1.930553800000000092e-09
1.930908899999999964e-09
1.931020199999999874e-09
1.931848199999999946e-09
1.933294699999999896e-09
1.933887300000000203e-09
1.936186999999999985e-09
1.936371500000000069e-09
1.938250100000000034e-09
1.939302099999999959e-09
1.948894999999999814e-09
1.950096399999999801e-09
1.955041099999999836e-09
1.955144600000000156e-09
1.956031800000000074e-09
1.956945600000000199e-09
1.957945299999999997e-09
1.959468299999999930e-09
1.960405999999999816e-09
1.961098799999999804e-09
1.961181099999999983e-09
1.962674499999999993e-09
1.965937599999999996e-09
1.966420999999999821e-09
1.968601500000000070e-09
1.968673899999999988e-09
1.970015700000000063e-09
1.970085900000000107e-09
1.970207399999999960e-09
1.970245400000000079e-09
1.972093499999999834e-09
1.974474299999999827e-09
1.976594699999999943e-09
1.977294700000000157e-09
1.982788299999999804e-09
1.983289099999999799e-09
1.983289699999999990e-09
1.984422500000000030e-09
1.989704199999999958e-09
1.989776399999999813e-09
1.990117799999999867e-09
1.990201999999999824e-09
1.994646099999999929e-09
1.995278600000000133e-09
1.998160000000000056e-09
1.998728300000000062e-09
2.001522499999999899e-09
2.001781300000000092e-09
2.002467900000000171e-09
2.004686799999999840e-09
2.005182000000000118e-09
2.005370000000000076e-09
2.006188800000000110e-09
2.006471199999999969e-09
2.008066699999999852e-09
2.008445499999999834e-09
2.008711499999999842e-09
2.011026900000000080e-09
2.017324800000000102e-09
2.018470999999999864e-09
2.020165399999999841e-09
2.021604100000000199e-09
2.022549700000000122e-09
2.023259799999999834e-09
2.023556300000000051e-09
2.024391199999999841e-09
2.024619599999999856e-09
2.024706799999999943e-09
2.026698900000000106e-09
2.026996599999999878e-09
2.031015999999999845e-09
2.031513199999999933e-09
2.031652500000000083e-09
2.032224800000000123e-09
2.036361200000000162e-09
2.036519100000000038e-09
2.037059000000000089e-09
2.037065199999999998e-09
2.037264300000000186e-09
2.038052900000000106e-09
2.038181999999999900e-09
2.038572799999999985e-09
2.043354000000000014e-09
2.045758899999999831e-09
2.047020099999999856e-09
2.047226000000000143e-09
2.051355500000000051e-09
2.052241099999999873e-09
2.053270600000000071e-09
2.054447500000000106e-09
2.056609999999999994e-09
2.058210200000000135e-09
2.059317599999999936e-09
2.059796099999999854e-09
2.061990700000000048e-09
2.062428400000000194e-09
2.063655800000000198e-09
2.063977000000000016e-09
2.064105299999999969e-09
2.065120899999999872e-09
2.067460099999999839e-09
2.067478900000000041e-09
2.069251700000000195e-09
2.069282500000000087e-09
2.073282900000000200e-09
2.074072399999999994e-09
2.074859300000000199e-09
2.075782099999999885e-09
2.075934300000000012e-09
2.075983399999999947e-09
2.077290300000000064e-09
2.078218899999999944e-09
2.079125300000000193e-09
2.079734299999999937e-09
2.079828500000000187e-09
2.080979599999999856e-09
2.081121399999999976e-09
2.081369600000000100e-09
2.082405300000000206e-09
2.083535599999999862e-09
2.085608700000000203e-09
2.087336199999999979e-09
2.091665100000000170e-09
2.092370800000000134e-09
2.095017800000000197e-09
2.095183700000000142e-09
2.096343500000000103e-09
2.096389299999999814e-09
2.097811399999999843e-09
2.098703800000000178e-09
2.103481800000000014e-09
2.104382200000000004e-09
2.105328999999999896e-09
2.105688399999999898e-09
2.106597699999999830e-09
2.107521100000000120e-09
2.108763599999999974e-09
2.109323200000000101e-09
2.117006400000000003e-09
2.118227300000000002e-09
2.118337099999999848e-09
2.119432399999999928e-09
2.121142499999999947e-09
2.121336300000000100e-09
2.124715100000000175e-09
2.126089799999999984e-09
2.127229500000000156e-09
2.127321600000000149e-09
2.129590900000000168e-09
2.130133200000000157e-09
2.130768299999999949e-09
2.131041699999999833e-09
2.131485300000000206e-09
2.132674099999999899e-09
2.139291900000000153e-09
2.139436699999999989e-09
2.139534400000000114e-09
2.140704900000000177e-09
2.143425300000000064e-09
2.144179300000000121e-09
2.144274100000000149e-09
2.145570000000000068e-09
2.149849100000000101e-09
2.150206799999999974e-09
2.151621099999999999e-09
2.151776499999999905e-09
2.152349300000000104e-09
2.152467100000000019e-09
2.153834800000000078e-09
2.155425099999999958e-09
2.155542200000000063e-09
2.157162299999999930e-09
2.157302099999999827e-09
2.158510499999999977e-09
2.159793499999999920e-09
2.160826800000000089e-09
2.167260299999999909e-09
2.169175199999999865e-09
2.169564299999999822e-09
2.169793999999999838e-09
2.172542800000000092e-09
2.172776600000000175e-09
2.181369100000000009e-09
2.181886000000000172e-09
2.185484299999999908e-09
2.185647400000000200e-09
2.188633399999999967e-09
2.189392199999999900e-09
2.191272700000000057e-09
2.191486099999999840e-09
2.191583699999999933e-09
2.192228099999999795e-09
2.197634500000000183e-09
2.198554300000000153e-09
2.201375199999999816e-09
2.204490699999999918e-09
2.205236899999999970e-09
2.205862600000000075e-09
2.209430099999999918e-09
2.209601199999999866e-09
2.212236199999999826e-09
2.215527999999999879e-09
2.216274299999999964e-09
2.218668400000000060e-09
2.221646799999999885e-09
2.221808400000000113e-09
2.223791699999999953e-09
2.224234900000000198e-09
2.225167999999999858e-09
2.225188599999999807e-09
2.225542200000000028e-09
2.229135000000000078e-09
2.231730399999999823e-09
2.231925299999999913e-09
2.232407899999999896e-09
2.233540200000000190e-09
2.237087300000000148e-09
2.240045799999999833e-09
2.240180300000000108e-09
2.242553999999999905e-09
2.244824100000000179e-09
2.245344400000000186e-09
2.246183500000000074e-09
2.247771400000000016e-09
2.251166800000000006e-09
2.251785700000000011e-09
2.254495499999999827e-09
2.256265599999999947e-09
2.259178299999999922e-09
2.260162200000000060e-09
2.261556299999999849e-09
2.263343700000000107e-09
2.267820699999999946e-09
2.267876700000000013e-09
2.268250400000000024e-09
2.269639699999999937e-09
2.272282399999999871e-09
2.273556599999999903e-09
2.274575700000000095e-09
2.274948799999999914e-09
2.276130200000000144e-09
2.276443599999999958e-09
2.276871000000000129e-09
2.277112599999999803e-09
2.278123899999999990e-09
2.278379800000000086e-09
2.283647500000000101e-09
2.284540000000000054e-09
2.285534599999999880e-09
2.287689100000000113e-09
2.288838900000000195e-09
2.289476599999999989e-09
2.293528900000000103e-09
2.294924900000000085e-09
2.295168099999999855e-09
2.295419400000000139e-09
2.297887999999999996e-09
2.298019799999999824e-09
2.298687700000000146e-09
2.302507500000000178e-09
2.302718299999999960e-09
2.302878200000000060e-09
2.305970300000000147e-09
2.306048599999999878e-09
2.313895100000000136e-09
2.314106300000000045e-09
2.314414399999999824e-09
2.314800700000000129e-09
2.316780700000000157e-09
2.317524399999999827e-09
2.319342299999999881e-09
2.320166600000000014e-09
2.320769399999999850e-09
2.322138299999999879e-09
2.327621699999999996e-09
2.327981999999999871e-09
2.329577999999999914e-09
2.330911999999999984e-09
2.330974800000000151e-09
2.332040900000000022e-09
2.335956099999999859e-09
2.338463099999999963e-09
2.340712000000000095e-09
2.345293500000000159e-09
2.346311900000000127e-09
2.346368600000000003e-09
2.353133800000000095e-09
2.355086300000000042e-09
2.359905100000000063e-09
2.361085399999999941e-09
2.362644699999999866e-09
2.363735100000000038e-09
2.367477599999999832e-09
2.367712300000000201e-09
2.374321400000000163e-09
2.375478500000000091e-09
2.376375100000000110e-09
2.376538700000000149e-09
2.377253899999999832e-09
2.378270400000000022e-09
2.378970599999999887e-09
2.379577699999999853e-09
2.382918100000000095e-09
2.384061999999999951e-09
2.384815000000000103e-09
2.386071499999999870e-09
2.388872799999999903e-09
2.389851900000000165e-09
2.390349800000000062e-09
2.391967900000000119e-09
2.392609900000000043e-09
2.392689000000000029e-09
2.392744900000000064e-09
2.392782400000000023e-09
2.393043200000000027e-09
2.393111100000000165e-09
2.393713299999999810e-09
2.393938299999999982e-09
2.394256300000000022e-09
2.394361600000000088e-09
2.394430100000000003e-09
2.394460200000000086e-09
2.394734499999999843e-09
2.396305100000000061e-09
2.396457999999999998e-09
2.397851600000000041e-09
2.400463300000000019e-09
