# t	msd	err
2.000000000000031868e-14 1.247747145814661618e-01 7.112676626291218607e-02
1.400000000000006151e-13 1.209316748197020175e-02 8.551160731192324060e-03
2.300000000000004336e-13 1.912143642684720479e-01 7.924184862779559690e-02
9.099999999999999595e-13 2.419196340460172401e-02 3.106348231464236558e-09
1.033333333333160169e-12 1.253124151194865733e-02 5.713150947493873463e-03
2.389999999999978709e-12 2.061068664215686963e-01 4.088149915584823185e-02
4.150000000000000694e-12 2.444889299753524592e-01 7.204020330124881466e-02
7.547499999999998687e-12 5.569824748922478364e-01 5.477698050528887093e-03
9.999999999999207757e-12 6.380472488053016977e-02 1.896841869117990229e-02
1.999999999999620862e-11 3.068093905895286078e-01 5.313480892057528132e-02
3.714285714285766729e-11 1.530021709161331622e-01 3.433340604480520503e-02
6.333333333333457512e-11 3.022669770208648576e-01 3.860750198915494785e-02
1.124999999999985258e-10 4.105327720527007784e-02 1.026331928312686909e-02
1.976470588235277363e-10 4.185324220017741514e-02 7.219612941087712350e-03
3.799999999999995150e-10 9.108017394176154413e-02 1.629352778708790389e-02
6.128636363636353141e-10 2.234114620423473807e-01 1.722863283080269120e-02
9.861818181818146635e-10 2.346562606251963445e-01 1.873231706449709350e-02
2.141999999999997773e-09 5.465588114659822999e-02 7.729508499389936040e-03
3.174749999999999196e-09 2.459467595160366726e-01 1.978082667125652741e-02
5.425604545454542200e-09 1.457172765647382073e-01 2.024247854116869097e-02
1.053075220588234328e-08 3.080454018521937010e-01 1.264366701315947257e-02
1.677818421052630566e-08 2.565139210150103599e-01 1.001331834037186286e-02
3.193835833333326565e-08 3.307128911201610011e-01 9.759237452467406024e-03
5.787179743243238393e-08 6.460045199783086556e-01 1.075334128852469331e-02
2.820243843999999922e-06 3.964609705048944277e-01 2.421155973769536368e-02
4.537599999999997010e-06 2.157239854365570753e-01 3.250880311673627621e-02
8.697878603750000846e-06 4.345014735512052195e-01 2.283816547164829736e-02
1.234424384400000394e-05 7.601263215001492490e-01 1.923499822615940338e-02
2.404999999999996117e-05 3.395556103700130279e-01 9.196739752933418000e-02
4.687076923076949873e-05 3.446720220200981677e-01 6.443906565764298544e-02
8.980472428255813276e-05 8.468902905124486846e-01 1.949018951759176610e-02
1.363169384247706582e-04 1.184761964952548485e+00 3.073538451894557155e-02
2.307504772774081315e-04 1.940600716181723362e+00 2.277415142029357367e-02
3.342748797219301953e-04 1.591366790038713397e+00 6.937408246600113015e-02
7.385080000000037110e-04 3.240145871832396662e-01 4.875160202970742207e-02
1.021254674218838830e-03 1.673724293343400449e+00 1.581487866358182171e-01
2.159208930131238224e-03 1.482247111701883835e+00 1.368095752987130986e-01
3.699939000705762017e-03 1.946603110091936539e+00 8.519792520769903232e-02
6.359661901627551225e-03 1.939212524895725487e+00 9.352769452466806743e-02
1.022392727309105742e-02 4.107201856184145683e+00 4.427557646959588006e-02
2.004630552633952095e-02 4.599283734543625712e+00 4.525451267815776280e-02
3.486439757119777494e-02 4.910432584086898977e+00 3.365186443485482237e-02
6.019225127658878877e-02 5.820336145443592457e+00 3.041039056115089900e-02
1.051861111841163599e-01 6.533112020443954115e+00 2.150615902157250112e-02
1.848171147191770836e-01 7.755915397526448984e+00 1.777488375722724098e-02
3.238759669412132891e-01 8.580135261438151417e+00 1.454955181864763664e-02
5.673308762520093973e-01 8.847506757499850494e+00 1.235948664584678690e-02
9.905203241500630806e-01 1.024363273736712010e+01 1.183917568775401212e-02
1.732581187109347054e+00 1.237314620358731254e+01 1.126961899305030206e-02
2.996741810852138421e+00 1.685753157088832310e+01 1.045085516352849478e-02
5.374142050867805054e+00 1.646132514962323512e+01 6.902801901972880141e-03
8.984828628303011655e+00 2.001220883746110601e+01 5.570003267822508548e-03
1.709955290776370518e+01 2.657877889244050706e+01 5.533384124008135924e-03
2.703733946811523126e+01 2.686170661176667096e+01 3.743038618498058506e-03
