# t
0.000000000000000000e+00
2.739319499999999897e-13
7.908352800000000326e-13
1.068923900000000084e-12
1.103778700000000025e-12
1.438798900000000060e-12
1.525501199999999999e-12
5.520547299999999995e-12
2.288058000000000145e-11
3.866193100000000202e-11
4.374899100000000317e-11
4.457931800000000321e-11
1.131063899999999977e-04
1.131064300000000005e-04
1.170484900000000019e-04
1.170484900000000019e-04
1.464128400000000115e-04
1.464128400000000115e-04
1.583942400000000049e-04
1.583942800000000077e-04
1.858918999999999947e-04
1.858919100000000089e-04
1.860776400000000049e-04
1.860776400000000049e-04
2.245485700000000048e-04
2.245485900000000062e-04
2.557288600000000214e-04
2.557289000000000242e-04
2.557289000000000242e-04
2.609886099999999772e-04
2.609886300000000057e-04
3.228443000000000220e-04
3.228443099999999820e-04
3.426780999999999946e-04
3.426780999999999946e-04
3.446501699999999732e-04
3.446501699999999732e-04
3.852050700000000005e-04
3.852050700000000005e-04
4.328432600000000209e-04
4.328432799999999952e-04
4.806618000000000132e-04
4.806618000000000132e-04
9.051563300000000419e-04
9.051563300000000419e-04
9.051563400000000020e-04
9.051563400000000020e-04
9.926236999999999214e-03
9.926236999999999214e-03
1.069453899999999943e-02
1.069453899999999943e-02
1.457217899999999934e-02
1.457217899999999934e-02
1.554427599999999923e-02
1.554427599999999923e-02
1.554427599999999923e-02
1.998495200000000027e-02
1.998495200000000027e-02
2.522184699999999863e-02
2.522184699999999863e-02
2.526352000000000111e-02
3.436543300000000078e-02
3.436543300000000078e-02
3.436543300000000078e-02
3.436543300000000078e-02
3.436543300000000078e-02
3.436543300000000078e-02
3.436636800000000130e-02
3.436636800000000130e-02
3.825175399999999892e-02
3.825175399999999892e-02
3.826584300000000077e-02
3.826584300000000077e-02
3.829072499999999768e-02
3.829072499999999768e-02
3.830328799999999784e-02
3.830328799999999784e-02
3.841711300000000273e-02
3.841711300000000273e-02
4.308186600000000338e-02
4.308186600000000338e-02
4.399351499999999693e-02
4.399351499999999693e-02
5.690821900000000294e-02
5.690821900000000294e-02
7.735685900000000004e-02
7.735685900000000004e-02
7.889710399999999568e-02
7.889710399999999568e-02
8.050092600000000043e-02
8.050092600000000043e-02
9.610292600000000518e-02
9.610292600000000518e-02
9.610292600000000518e-02
1.042542300000000033e-01
1.042542300000000033e-01
1.148275299999999971e-01
1.148275299999999971e-01
1.179268900000000064e-01
1.179268900000000064e-01
1.179268900000000064e-01
1.359096300000000035e-01
1.359096300000000035e-01
1.439154599999999951e-01
1.439154599999999951e-01
1.534646799999999922e-01
1.534646799999999922e-01
1.536101199999999889e-01
1.536101199999999889e-01
1.536101199999999889e-01
1.536216800000000104e-01
1.536216800000000104e-01
1.536794300000000058e-01
1.536794300000000058e-01
1.724154599999999926e-01
1.724154599999999926e-01
1.858530200000000077e-01
1.858530200000000077e-01
2.453166599999999919e-01
2.453166599999999919e-01
2.580559900000000129e-01
3.006623199999999829e-01
3.006623199999999829e-01
3.006623199999999829e-01
3.028802400000000228e-01
3.028802400000000228e-01
3.030198800000000192e-01
3.030198800000000192e-01
3.030198800000000192e-01
3.361156200000000038e-01
3.361156200000000038e-01
3.365188000000000068e-01
3.365188000000000068e-01
3.382383400000000262e-01
3.382383400000000262e-01
3.516509700000000072e-01
3.516509700000000072e-01
3.645578199999999769e-01
3.645578199999999769e-01
3.730554200000000264e-01
3.730554200000000264e-01
3.750925700000000140e-01
3.750925700000000140e-01
3.956161599999999945e-01
3.956161599999999945e-01
3.964213699999999951e-01
3.964213699999999951e-01
4.011430999999999747e-01
4.011430999999999747e-01
4.011697599999999864e-01
4.011697599999999864e-01
4.193198799999999782e-01
4.193198799999999782e-01
4.218671999999999978e-01
4.419825700000000190e-01
4.419825700000000190e-01
4.545298300000000236e-01
4.545298300000000236e-01
4.545298300000000236e-01
4.791698999999999820e-01
4.791698999999999820e-01
4.882750799999999725e-01
4.882750799999999725e-01
4.882750799999999725e-01
4.882750799999999725e-01
5.006597400000000198e-01
5.006597400000000198e-01
5.016076299999999710e-01
5.022072800000000337e-01
5.022072800000000337e-01
5.022072800000000337e-01
5.022072800000000337e-01
5.210976099999999889e-01
5.210976099999999889e-01
5.282838199999999595e-01
5.282838199999999595e-01
5.348643199999999487e-01
5.348643199999999487e-01
5.607921999999999629e-01
5.607921999999999629e-01
5.629341100000000431e-01
5.629341100000000431e-01
5.776687299999999636e-01
5.776687299999999636e-01
5.889251500000000084e-01
5.889251500000000084e-01
5.939744999999999608e-01
5.939744999999999608e-01
6.004796000000000022e-01
6.004796000000000022e-01
6.054044100000000039e-01
6.054044100000000039e-01
6.130754000000000481e-01
6.130754000000000481e-01
6.221577099999999749e-01
6.221577099999999749e-01
6.287493600000000349e-01
6.287493600000000349e-01
6.502407100000000550e-01
6.502407100000000550e-01
6.508793299999999782e-01
6.508793299999999782e-01
6.750142199999999981e-01
6.750142199999999981e-01
6.845543699999999676e-01
6.845543699999999676e-01
6.850896499999999945e-01
6.850896499999999945e-01
6.878271700000000433e-01
6.878271700000000433e-01
6.878271700000000433e-01
6.878271700000000433e-01
6.887491900000000111e-01
6.887491900000000111e-01
6.887491900000000111e-01
6.887743800000000194e-01
6.887743800000000194e-01
6.887743800000000194e-01
6.887743800000000194e-01
6.926291799999999554e-01
6.926291799999999554e-01
6.931204899999999780e-01
6.931204899999999780e-01
6.933576099999999576e-01
6.933576099999999576e-01
6.941906300000000307e-01
6.941906300000000307e-01
6.941906300000000307e-01
6.942007300000000436e-01
6.942007300000000436e-01
6.972765300000000055e-01
6.972765300000000055e-01
7.028293500000000193e-01
7.028293500000000193e-01
7.028293500000000193e-01
7.053658400000000217e-01
7.053658400000000217e-01
7.085994799999999483e-01
7.085994799999999483e-01
7.096306199999999897e-01
7.096306199999999897e-01
7.156833200000000117e-01
7.156833200000000117e-01
7.158780099999999535e-01
7.158780099999999535e-01
7.224414700000000300e-01
7.224414700000000300e-01
7.514136000000000148e-01
7.514136000000000148e-01
7.527472699999999683e-01
7.527472699999999683e-01
7.558962700000000368e-01
7.558962700000000368e-01
7.580153499999999767e-01
7.580153499999999767e-01
7.621065900000000282e-01
7.621065900000000282e-01
7.684863600000000350e-01
7.684863600000000350e-01
7.718462000000000378e-01
7.718462000000000378e-01
7.791444899999999674e-01
7.791444899999999674e-01
7.888737700000000297e-01
7.888737700000000297e-01
7.934238500000000416e-01
7.934238500000000416e-01
7.947975000000000456e-01
7.947975000000000456e-01
7.982925699999999791e-01
7.982925699999999791e-01
7.990686599999999862e-01
7.990686599999999862e-01
8.039733799999999597e-01
8.039733799999999597e-01
8.109973600000000005e-01
8.109973600000000005e-01
8.149639699999999820e-01
8.149639699999999820e-01
8.171930600000000267e-01
8.171930600000000267e-01
8.262766000000000277e-01
8.262766000000000277e-01
8.321992000000000278e-01
8.321992000000000278e-01
8.509467699999999635e-01
8.509467699999999635e-01
8.562764699999999563e-01
8.562764699999999563e-01
8.755835400000000490e-01
8.755835400000000490e-01
8.831480499999999623e-01
8.831480499999999623e-01
8.836406599999999667e-01
8.836406599999999667e-01
8.843377300000000441e-01
8.843377300000000441e-01
8.884561800000000398e-01
8.884561800000000398e-01
8.917321999999999749e-01
8.917321999999999749e-01
8.989710499999999938e-01
8.989710499999999938e-01
8.990271600000000474e-01
8.990271600000000474e-01
8.994934799999999564e-01
8.994934799999999564e-01
8.995911699999999955e-01
8.995911699999999955e-01
9.010178599999999483e-01
9.010178599999999483e-01
9.012466700000000275e-01
9.012466700000000275e-01
9.013874600000000292e-01
9.013874600000000292e-01
9.020734799999999831e-01
9.020734799999999831e-01
9.027839199999999620e-01
9.027839199999999620e-01
9.030019900000000321e-01
9.030019900000000321e-01
9.069324899999999801e-01
9.069324899999999801e-01
9.069515900000000297e-01
9.069515900000000297e-01
9.070072700000000321e-01
9.070072700000000321e-01
9.077081000000000177e-01
9.077081000000000177e-01
9.079192299999999660e-01
9.079192299999999660e-01
9.116133699999999784e-01
9.116133699999999784e-01
9.257325100000000084e-01
9.257325100000000084e-01
9.292567900000000547e-01
9.292567900000000547e-01
9.332747300000000523e-01
9.332747300000000523e-01
9.332875400000000266e-01
9.332875400000000266e-01
9.332875400000000266e-01
9.332875400000000266e-01
9.342072300000000551e-01
9.342072300000000551e-01
9.398797500000000138e-01
9.398797500000000138e-01
9.431978199999999646e-01
9.431978199999999646e-01
9.613404300000000235e-01
9.613404300000000235e-01
9.643901900000000360e-01
9.643901900000000360e-01
9.674289999999999834e-01
9.674289999999999834e-01
9.677083100000000160e-01
9.677083100000000160e-01
9.847113699999999747e-01
9.847113699999999747e-01
9.863431299999999569e-01
9.863431299999999569e-01
9.929981100000000449e-01
9.929981100000000449e-01
9.929981100000000449e-01
9.929981100000000449e-01
9.929981100000000449e-01
9.988761099999999837e-01
9.988761099999999837e-01
1.003624999999999989e+00
1.003624999999999989e+00
1.006664299999999956e+00
1.006664299999999956e+00
1.016751100000000019e+00
1.016751100000000019e+00
1.023281099999999944e+00
1.023281099999999944e+00
1.024540900000000088e+00
1.024540900000000088e+00
1.028830099999999970e+00
1.028830099999999970e+00
1.035030399999999906e+00
1.035030399999999906e+00
1.038014900000000074e+00
1.038014900000000074e+00
1.039542200000000083e+00
1.039542200000000083e+00
1.044700200000000079e+00
1.044700200000000079e+00
1.056763200000000014e+00
1.056763200000000014e+00
1.057575600000000060e+00
1.057575600000000060e+00
1.058846699999999919e+00
1.058846699999999919e+00
1.060518800000000095e+00
1.060518800000000095e+00
1.061897400000000102e+00
1.061897400000000102e+00
1.063998400000000011e+00
1.063998400000000011e+00
1.068179599999999896e+00
1.068179599999999896e+00
1.070587900000000037e+00
1.070587900000000037e+00
1.070588199999999990e+00
1.070588199999999990e+00
1.076849500000000015e+00
1.076849500000000015e+00
1.077319700000000102e+00
1.077319700000000102e+00
1.079467200000000071e+00
1.079467200000000071e+00
1.079467200000000071e+00
1.083175599999999905e+00
1.083175599999999905e+00
1.091550299999999973e+00
1.091550299999999973e+00
1.091723500000000069e+00
1.091723500000000069e+00
1.102033500000000110e+00
1.102033500000000110e+00
1.104802800000000085e+00
1.104802800000000085e+00
1.109917000000000042e+00
1.109917000000000042e+00
1.112598900000000057e+00
1.112598900000000057e+00
1.116106299999999996e+00
1.116106299999999996e+00
1.117444399999999893e+00
1.117444399999999893e+00
1.127924399999999938e+00
1.127924399999999938e+00
1.130148900000000012e+00
1.130148900000000012e+00
1.130804600000000049e+00
1.130804600000000049e+00
1.134990900000000025e+00
1.134990900000000025e+00
1.140500300000000022e+00
1.140500300000000022e+00
1.143336200000000025e+00
1.143336200000000025e+00
1.153551800000000016e+00
1.153551800000000016e+00
1.165733799999999931e+00
1.165733799999999931e+00
1.166157399999999900e+00
1.166157399999999900e+00
1.166177199999999914e+00
1.166177199999999914e+00
1.168011399999999922e+00
1.168011399999999922e+00
1.188190999999999997e+00
1.189144800000000002e+00
1.189144800000000002e+00
1.189144800000000002e+00
1.189323399999999920e+00
1.189323399999999920e+00
1.189542499999999947e+00
1.202007000000000048e+00
1.202007000000000048e+00
1.202483399999999980e+00
1.202483399999999980e+00
1.206202599999999903e+00
1.206202599999999903e+00
1.207873999999999892e+00
1.207873999999999892e+00
1.208699699999999932e+00
1.208699699999999932e+00
1.224510999999999905e+00
1.224510999999999905e+00
1.224586100000000011e+00
1.224586100000000011e+00
1.224644700000000030e+00
1.224644700000000030e+00
1.228299299999999983e+00
1.228299299999999983e+00
1.240679199999999982e+00
1.240679199999999982e+00
1.254334700000000025e+00
1.254334700000000025e+00
1.263422000000000045e+00
1.263422000000000045e+00
1.277996300000000085e+00
1.277996300000000085e+00
1.281001099999999893e+00
1.281001099999999893e+00
1.285781700000000027e+00
1.290884799999999943e+00
1.290884799999999943e+00
1.290884799999999943e+00
1.303112100000000106e+00
1.303112100000000106e+00
1.312976799999999944e+00
1.312976799999999944e+00
1.355026199999999958e+00
1.355026199999999958e+00
1.357559799999999983e+00
1.357559799999999983e+00
1.358237600000000045e+00
1.358237600000000045e+00
1.360517799999999999e+00
1.360517799999999999e+00
1.362998500000000002e+00
1.362998500000000002e+00
1.364497300000000024e+00
1.364497300000000024e+00
1.366045399999999965e+00
1.366045399999999965e+00
1.375163300000000088e+00
1.375163300000000088e+00
1.376983499999999916e+00
1.376983499999999916e+00
1.389744300000000043e+00
1.389744300000000043e+00
1.389744300000000043e+00
1.398254600000000014e+00
1.398254600000000014e+00
1.398254600000000014e+00
1.400921000000000083e+00
1.400921000000000083e+00
1.403760099999999955e+00
1.403760099999999955e+00
1.403841799999999918e+00
1.403841799999999918e+00
1.403841799999999918e+00
1.404228699999999996e+00
1.404228699999999996e+00
1.404228699999999996e+00
1.404228699999999996e+00
1.404538700000000029e+00
1.404538700000000029e+00
1.405602100000000076e+00
1.405602100000000076e+00
1.407081999999999944e+00
1.407081999999999944e+00
1.407092599999999916e+00
1.407092599999999916e+00
1.408498400000000039e+00
1.408498400000000039e+00
1.410199800000000003e+00
1.410199800000000003e+00
1.425330500000000056e+00
1.425330500000000056e+00
1.434317199999999959e+00
1.434317199999999959e+00
1.436585599999999907e+00
1.436585599999999907e+00
1.446127699999999905e+00
1.446127699999999905e+00
1.447668399999999966e+00
1.447668399999999966e+00
1.447953800000000069e+00
1.447953800000000069e+00
1.447953800000000069e+00
1.447992900000000027e+00
1.447992900000000027e+00
1.448582400000000048e+00
1.448582400000000048e+00
1.448582400000000048e+00
1.461566799999999944e+00
1.461566799999999944e+00
1.470995300000000006e+00
1.470995300000000006e+00
1.489691600000000005e+00
1.489691600000000005e+00
1.552734899999999918e+00
1.552734899999999918e+00
1.561440500000000009e+00
1.561440500000000009e+00
1.651626199999999933e+00
1.651626199999999933e+00
1.658029500000000045e+00
1.658029500000000045e+00
1.672142400000000029e+00
1.672142400000000029e+00
1.733684699999999967e+00
1.733684699999999967e+00
1.736835799999999930e+00
1.736835799999999930e+00
1.736859500000000001e+00
1.736859500000000001e+00
1.736926699999999935e+00
1.736926699999999935e+00
1.736926699999999935e+00
1.736952100000000110e+00
1.736952100000000110e+00
1.737964800000000087e+00
1.737964800000000087e+00
1.739724300000000001e+00
1.739724300000000001e+00
1.740594500000000044e+00
1.740594500000000044e+00
1.749029799999999968e+00
1.749029799999999968e+00
1.749029799999999968e+00
1.749029799999999968e+00
1.751692299999999980e+00
1.751692299999999980e+00
1.819108900000000029e+00
1.819108900000000029e+00
1.823037800000000042e+00
1.823037800000000042e+00
1.840314199999999900e+00
1.840314199999999900e+00
1.840930799999999978e+00
1.840930799999999978e+00
1.841023099999999912e+00
1.841023099999999912e+00
1.847674599999999945e+00
1.847674599999999945e+00
1.847950200000000098e+00
1.847950200000000098e+00
1.863653100000000062e+00
1.863653100000000062e+00
1.863653100000000062e+00
1.863653100000000062e+00
1.863653100000000062e+00
1.863653100000000062e+00
2.105533599999999783e+00
2.105533599999999783e+00
2.238197599999999898e+00
2.238197599999999898e+00
2.840613600000000183e+00
2.840613600000000183e+00
2.990031199999999778e+00
2.990031199999999778e+00
3.101386900000000058e+00
3.101386900000000058e+00
3.198512000000000022e+00
3.198512000000000022e+00
3.266560500000000200e+00
3.271803699999999981e+00
3.271803699999999981e+00
3.271803699999999981e+00
3.587007100000000115e+00
3.587007100000000115e+00
3.647755599999999987e+00
3.647755599999999987e+00
3.650110199999999860e+00
3.650110199999999860e+00
3.936174700000000026e+00
3.936174700000000026e+00
3.999023199999999889e+00
3.999023199999999889e+00
4.099066200000000215e+00
4.099066200000000215e+00
4.383369400000000304e+00
4.383369400000000304e+00
4.517674799999999991e+00
4.517674799999999991e+00
4.681197599999999959e+00
4.681197599999999959e+00
4.681293700000000335e+00
4.681293700000000335e+00
4.874632300000000029e+00
4.874632300000000029e+00
4.884980500000000170e+00
4.884980500000000170e+00
5.084465299999999743e+00
5.084465299999999743e+00
5.284090100000000234e+00
5.284090100000000234e+00
5.377664799999999801e+00
5.377664799999999801e+00
5.548535600000000123e+00
5.548535600000000123e+00
5.922954700000000017e+00
5.922954700000000017e+00
6.035120400000000274e+00
6.035120400000000274e+00
6.508356400000000264e+00
6.508356400000000264e+00
6.538788199999999939e+00
6.538788199999999939e+00
6.741482699999999717e+00
6.741482699999999717e+00
6.781619100000000344e+00
6.781619100000000344e+00
6.781619100000000344e+00
6.781619100000000344e+00
6.781619100000000344e+00
7.126817499999999583e+00
7.126817499999999583e+00
7.369076899999999597e+00
7.369076899999999597e+00
7.600848199999999721e+00
7.600848199999999721e+00
7.718751499999999766e+00
7.718751499999999766e+00
7.957930199999999843e+00
7.957930199999999843e+00
8.067353000000000662e+00
8.067353000000000662e+00
8.747393799999999331e+00
8.747393799999999331e+00
8.954714199999999735e+00
8.954714199999999735e+00
8.987952699999999240e+00
8.987952699999999240e+00
9.048236700000000354e+00
9.048236700000000354e+00
9.248852199999999968e+00
9.248852199999999968e+00
9.464916499999999289e+00
9.464916499999999289e+00
9.720411000000000357e+00
9.720411000000000357e+00
9.828334899999999763e+00
9.828334899999999763e+00
1.019048500000000068e+01
1.019048500000000068e+01
1.021427000000000085e+01
1.021427000000000085e+01
1.058423600000000064e+01
1.058423600000000064e+01
1.068218000000000067e+01
1.068218000000000067e+01
1.073150900000000085e+01
1.073150900000000085e+01
1.076761499999999927e+01
1.076761499999999927e+01
1.077646700000000024e+01
1.077646700000000024e+01
1.080730600000000052e+01
1.080730600000000052e+01
1.084676499999999955e+01
1.084676499999999955e+01
1.100242100000000001e+01
1.100242100000000001e+01
1.115925099999999937e+01
1.115925099999999937e+01
1.132524399999999964e+01
1.132524399999999964e+01
1.140609500000000054e+01
1.140609500000000054e+01
1.148693500000000078e+01
1.148693500000000078e+01
1.151605099999999915e+01
1.151605099999999915e+01
1.169093900000000019e+01
1.169093900000000019e+01
1.170214200000000027e+01
1.170214200000000027e+01
1.199828199999999967e+01
1.199828199999999967e+01
1.213756599999999963e+01
1.213756599999999963e+01
1.223370399999999947e+01
1.223370399999999947e+01
1.240523400000000009e+01
1.240523400000000009e+01
1.259573400000000021e+01
1.259573400000000021e+01
1.288911200000000079e+01
1.288911200000000079e+01
1.289619300000000024e+01
1.289619300000000024e+01
1.289689199999999936e+01
1.289689199999999936e+01
1.289689800000000020e+01
1.289689800000000020e+01
1.289689800000000020e+01
1.289689800000000020e+01
1.324847699999999939e+01
1.324847699999999939e+01
1.333351799999999976e+01
1.333351799999999976e+01
1.352692799999999984e+01
1.352692799999999984e+01
1.367356200000000044e+01
1.367356200000000044e+01
1.372064600000000034e+01
1.372064600000000034e+01
1.387201800000000063e+01
1.387201800000000063e+01
1.393395899999999976e+01
1.393395899999999976e+01
1.397426800000000036e+01
1.397426800000000036e+01
1.400202499999999972e+01
1.400202499999999972e+01
1.415292900000000031e+01
1.415292900000000031e+01
1.419823300000000010e+01
1.419823300000000010e+01
1.462342600000000026e+01
1.462342600000000026e+01
1.466368699999999947e+01
1.466368699999999947e+01
1.469223999999999997e+01
1.469223999999999997e+01
1.476589300000000016e+01
1.476589300000000016e+01
1.490748199999999990e+01
1.490748199999999990e+01
1.498106800000000050e+01
1.498106800000000050e+01
1.501740799999999965e+01
1.501740799999999965e+01
1.553799099999999989e+01
1.553799099999999989e+01
1.558600200000000058e+01
1.558600200000000058e+01
1.562715700000000041e+01
1.562715700000000041e+01
1.654566099999999906e+01
1.654566099999999906e+01
1.654892900000000111e+01
1.654892900000000111e+01
1.668548099999999934e+01
1.668548099999999934e+01
1.670866600000000091e+01
1.670866600000000091e+01
1.671767799999999937e+01
1.671767799999999937e+01
1.679818699999999865e+01
1.679818699999999865e+01
1.720711999999999975e+01
1.720711999999999975e+01
1.732909300000000030e+01
1.732909300000000030e+01
1.738439699999999988e+01
1.738439699999999988e+01
1.743990600000000057e+01
1.743990600000000057e+01
1.781919100000000000e+01
1.781919100000000000e+01
1.782092499999999902e+01
1.782092499999999902e+01
1.782092499999999902e+01
1.782092499999999902e+01
1.782092499999999902e+01
1.782092499999999902e+01
1.782092499999999902e+01
1.799912899999999993e+01
1.799912899999999993e+01
1.807010000000000005e+01
1.807010000000000005e+01
1.830615799999999993e+01
1.830615799999999993e+01
1.830624699999999905e+01
1.830624699999999905e+01
1.830624699999999905e+01
1.830975899999999967e+01
1.830975899999999967e+01
1.832547399999999982e+01
1.832547399999999982e+01
1.832581100000000163e+01
1.832581100000000163e+01
1.833021499999999904e+01
1.833021499999999904e+01
1.833022800000000174e+01
1.833022800000000174e+01
1.833073699999999917e+01
1.833073699999999917e+01
1.833387099999999847e+01
1.833387099999999847e+01
1.833451700000000173e+01
1.833451700000000173e+01
1.833469099999999941e+01
1.833469099999999941e+01
1.834858099999999936e+01
1.834858099999999936e+01
1.835817400000000177e+01
1.835817400000000177e+01
1.836193400000000153e+01
1.836193400000000153e+01
1.836877000000000137e+01
1.836877000000000137e+01
1.837224499999999949e+01
1.837224499999999949e+01
1.838670499999999919e+01
1.838670499999999919e+01
1.839018199999999936e+01
1.839018199999999936e+01
1.839138600000000068e+01
1.839138600000000068e+01
1.839509500000000131e+01
1.839509500000000131e+01
1.839530699999999896e+01
1.839530699999999896e+01
1.839580199999999977e+01
1.839580199999999977e+01
1.840099400000000074e+01
1.840099400000000074e+01
1.840124799999999894e+01
1.840124799999999894e+01
1.840330399999999855e+01
1.840330399999999855e+01
1.841002999999999901e+01
1.841002999999999901e+01
1.841211600000000104e+01
1.841211600000000104e+01
1.841422199999999876e+01
1.841422199999999876e+01
1.843269700000000100e+01
1.843269700000000100e+01
1.843514800000000164e+01
1.843514800000000164e+01
1.844103600000000043e+01
1.844103600000000043e+01
1.844117599999999868e+01
1.844117599999999868e+01
1.844728100000000026e+01
1.844728100000000026e+01
1.845482700000000165e+01
1.845482700000000165e+01
1.845794400000000124e+01
1.845794400000000124e+01
1.846967300000000023e+01
1.846967300000000023e+01
1.846993399999999852e+01
1.846993399999999852e+01
1.847563099999999991e+01
1.847563099999999991e+01
1.848173800000000000e+01
1.848173800000000000e+01
1.849003400000000141e+01
1.849003400000000141e+01
1.849543399999999949e+01
1.849543399999999949e+01
1.849775100000000094e+01
1.849775100000000094e+01
1.849791099999999844e+01
1.849791099999999844e+01
1.849955500000000086e+01
1.849955500000000086e+01
1.850212199999999996e+01
1.850212199999999996e+01
1.850541300000000078e+01
1.850541300000000078e+01
1.851421099999999953e+01
1.851421099999999953e+01
1.851727599999999896e+01
1.851727599999999896e+01
1.852004900000000021e+01
1.852004900000000021e+01
1.852151299999999878e+01
1.852151299999999878e+01
1.852832300000000032e+01
1.852832300000000032e+01
1.852994599999999892e+01
1.852994599999999892e+01
1.853086899999999915e+01
1.853086899999999915e+01
1.853747699999999909e+01
1.853747699999999909e+01
1.853835400000000178e+01
1.853835400000000178e+01
1.854161600000000121e+01
1.854161600000000121e+01
1.854384399999999999e+01
1.854384399999999999e+01
1.854437100000000171e+01
1.854437100000000171e+01
1.855091799999999935e+01
1.855091799999999935e+01
1.855091900000000038e+01
1.855091900000000038e+01
1.855092000000000141e+01
1.855092000000000141e+01
1.855165399999999920e+01
1.855165399999999920e+01
1.855482399999999998e+01
1.855482399999999998e+01
1.856280200000000136e+01
1.856280200000000136e+01
1.856832700000000003e+01
1.856832700000000003e+01
1.856932899999999975e+01
1.856932899999999975e+01
1.857003500000000074e+01
1.857003500000000074e+01
1.857708200000000076e+01
1.857708200000000076e+01
1.858154800000000151e+01
1.858154800000000151e+01
1.858251599999999826e+01
1.858251599999999826e+01
1.858362299999999934e+01
1.858362299999999934e+01
1.859043899999999994e+01
1.859043899999999994e+01
1.859264299999999892e+01
1.859264299999999892e+01
1.859718200000000010e+01
1.859718200000000010e+01
1.859719799999999879e+01
1.859719799999999879e+01
1.860014100000000070e+01
1.860014100000000070e+01
1.861475300000000033e+01
1.861475300000000033e+01
1.863080899999999929e+01
1.863080899999999929e+01
1.864857900000000157e+01
1.864857900000000157e+01
1.865046999999999855e+01
1.865046999999999855e+01
1.865262399999999943e+01
1.865262399999999943e+01
1.865508099999999914e+01
1.865508099999999914e+01
1.865879899999999836e+01
1.865879899999999836e+01
1.866199699999999950e+01
1.866199699999999950e+01
1.866271700000000067e+01
1.866271700000000067e+01
1.866917400000000171e+01
1.866917400000000171e+01
1.867929900000000032e+01
1.867929900000000032e+01
1.868590100000000120e+01
1.868590100000000120e+01
1.869869999999999877e+01
1.869869999999999877e+01
1.870958900000000114e+01
1.870958900000000114e+01
1.871224099999999879e+01
1.871224099999999879e+01
1.871594899999999839e+01
1.871594899999999839e+01
1.871943399999999968e+01
1.871943399999999968e+01
1.872026899999999827e+01
1.872026899999999827e+01
1.872138899999999850e+01
1.872138899999999850e+01
1.873148199999999974e+01
1.873148199999999974e+01
1.873392399999999824e+01
1.873392399999999824e+01
1.874403300000000172e+01
1.874403300000000172e+01
1.875994199999999879e+01
1.875994199999999879e+01
1.877077099999999987e+01
1.877077099999999987e+01
1.877077099999999987e+01
1.877515700000000010e+01
1.877515700000000010e+01
1.877614799999999917e+01
1.877614799999999917e+01
1.877614799999999917e+01
1.877614799999999917e+01
1.878008799999999923e+01
1.878008799999999923e+01
1.878008799999999923e+01
1.878137100000000004e+01
1.878137100000000004e+01
1.878271700000000166e+01
1.878271700000000166e+01
1.878271700000000166e+01
1.878272600000000025e+01
1.878272600000000025e+01
1.878475600000000156e+01
1.878475600000000156e+01
1.878475600000000156e+01
1.878485600000000133e+01
1.878485600000000133e+01
1.878586200000000161e+01
1.878586200000000161e+01
1.878729299999999824e+01
1.878729299999999824e+01
1.879217799999999983e+01
1.879217799999999983e+01
1.879243900000000167e+01
1.879243900000000167e+01
1.879978699999999847e+01
1.879978699999999847e+01
1.881611600000000095e+01
1.896153299999999930e+01
1.896153299999999930e+01
1.896153299999999930e+01
1.900141700000000000e+01
1.900141700000000000e+01
1.902092800000000139e+01
1.902092800000000139e+01
1.909079099999999940e+01
1.909079099999999940e+01
1.910340000000000060e+01
1.910340000000000060e+01
1.910340000000000060e+01
1.911158700000000010e+01
1.911158700000000010e+01
1.913086300000000151e+01
1.913086300000000151e+01
1.913596499999999878e+01
1.913596499999999878e+01
1.913811000000000107e+01
1.913811000000000107e+01
1.916986400000000046e+01
1.916986400000000046e+01
1.919880099999999956e+01
1.919880099999999956e+01
1.920175100000000157e+01
1.920175100000000157e+01
1.922546000000000177e+01
1.922546000000000177e+01
1.925920800000000099e+01
1.925920800000000099e+01
1.931653199999999870e+01
1.931653199999999870e+01
1.935240100000000041e+01
1.935240100000000041e+01
1.936104699999999923e+01
1.936104699999999923e+01
1.936104699999999923e+01
1.937484099999999998e+01
1.937484099999999998e+01
1.943270100000000156e+01
1.943270100000000156e+01
1.945858700000000141e+01
1.945858700000000141e+01
1.955750600000000006e+01
1.955750600000000006e+01
1.955750600000000006e+01
1.961263999999999896e+01
1.961263999999999896e+01
1.961668799999999990e+01
1.961668799999999990e+01
1.961668799999999990e+01
1.964504200000000012e+01
1.964504200000000012e+01
1.975372199999999978e+01
1.975372199999999978e+01
1.986740800000000107e+01
1.986740800000000107e+01
1.988181900000000013e+01
1.988181900000000013e+01
1.988622200000000007e+01
1.988622200000000007e+01
1.992665699999999873e+01
1.992665699999999873e+01
1.992772300000000030e+01
1.992772300000000030e+01
1.993605000000000160e+01
1.993605000000000160e+01
1.994329899999999967e+01
1.994329899999999967e+01
1.994329899999999967e+01
1.994329899999999967e+01
1.994876100000000108e+01
1.994876100000000108e+01
1.995194400000000101e+01
1.995194400000000101e+01
1.996966899999999967e+01
1.996966899999999967e+01
1.996977800000000158e+01
1.996977800000000158e+01
1.997859499999999855e+01
1.997859499999999855e+01
1.998098500000000044e+01
1.998098500000000044e+01
1.998098500000000044e+01
1.998098500000000044e+01
1.998152100000000075e+01
1.998152100000000075e+01
1.998507299999999987e+01
1.998507299999999987e+01
1.998562000000000083e+01
1.998562000000000083e+01
2.000086100000000044e+01
2.000086100000000044e+01
2.000845199999999835e+01
2.000845199999999835e+01
2.001527700000000110e+01
2.001527700000000110e+01
2.001899299999999826e+01
2.001899299999999826e+01
2.003317200000000042e+01
2.003317200000000042e+01
2.003606500000000068e+01
2.003606500000000068e+01
2.004867600000000039e+01
2.004867600000000039e+01
2.005038100000000156e+01
2.005038100000000156e+01
2.006194199999999839e+01
2.006194199999999839e+01
2.006461799999999940e+01
2.006461799999999940e+01
2.006571999999999889e+01
2.006571999999999889e+01
2.007374199999999931e+01
2.007374199999999931e+01
2.008082800000000034e+01
2.008082800000000034e+01
2.008240299999999934e+01
2.008240299999999934e+01
2.008834099999999978e+01
2.008834099999999978e+01
2.008893600000000035e+01
2.008893600000000035e+01
2.009836400000000012e+01
2.009836400000000012e+01
2.009836400000000012e+01
2.010308600000000112e+01
2.010308600000000112e+01
2.010308600000000112e+01
2.011481699999999861e+01
2.011481699999999861e+01
2.012449399999999855e+01
2.012449399999999855e+01
2.013138500000000164e+01
2.013138500000000164e+01
2.014241200000000021e+01
2.014241200000000021e+01
2.014241200000000021e+01
2.014256900000000172e+01
2.014256900000000172e+01
2.014637400000000156e+01
2.014637400000000156e+01
2.014704599999999957e+01
2.014704599999999957e+01
2.014751599999999954e+01
2.014751599999999954e+01
2.015124099999999885e+01
2.015124099999999885e+01
2.015228199999999958e+01
2.015228199999999958e+01
2.015441600000000122e+01
2.015441600000000122e+01
2.015653700000000015e+01
2.015653700000000015e+01
2.015653700000000015e+01
2.015681700000000021e+01
2.015681700000000021e+01
2.015919999999999845e+01
2.015919999999999845e+01
2.015936999999999912e+01
2.015936999999999912e+01
2.016089200000000048e+01
2.016089200000000048e+01
2.016575399999999973e+01
2.016575399999999973e+01
2.016575399999999973e+01
2.016905699999999868e+01
2.016905699999999868e+01
2.017042100000000104e+01
2.017042100000000104e+01
2.017042100000000104e+01
2.017989199999999883e+01
2.017989199999999883e+01
2.018105999999999867e+01
2.018105999999999867e+01
2.018105999999999867e+01
2.018137099999999862e+01
2.018137099999999862e+01
2.018920900000000174e+01
2.018920900000000174e+01
2.019093799999999916e+01
2.019093799999999916e+01
2.019361200000000167e+01
2.019361200000000167e+01
2.019420900000000074e+01
2.019420900000000074e+01
2.019571499999999986e+01
2.019571499999999986e+01
2.019571499999999986e+01
2.019571499999999986e+01
2.019750900000000016e+01
2.019750900000000016e+01
2.020005000000000095e+01
2.020005000000000095e+01
2.020744499999999988e+01
2.020744499999999988e+01
2.021164999999999878e+01
2.021164999999999878e+01
2.021444999999999936e+01
2.021444999999999936e+01
2.021961100000000044e+01
2.021961100000000044e+01
2.022435899999999975e+01
2.022435899999999975e+01
2.022435899999999975e+01
2.022848099999999860e+01
2.022848099999999860e+01
2.023554700000000039e+01
2.023554700000000039e+01
2.023554700000000039e+01
2.023556900000000169e+01
2.023556900000000169e+01
2.031182000000000087e+01
2.031182000000000087e+01
2.049106600000000000e+01
2.049106600000000000e+01
2.064825300000000041e+01
2.064825300000000041e+01
2.064825300000000041e+01
2.073356700000000075e+01
2.073356700000000075e+01
2.073356800000000177e+01
2.073356800000000177e+01
2.073356800000000177e+01
2.073356800000000177e+01
2.073356800000000177e+01
2.073356800000000177e+01
2.073356800000000177e+01
2.073356800000000177e+01
2.095376900000000120e+01
2.095376900000000120e+01
2.115172499999999900e+01
2.115172499999999900e+01
2.122108499999999864e+01
2.122108499999999864e+01
2.122404300000000177e+01
2.122404300000000177e+01
2.122941799999999901e+01
2.122941799999999901e+01
2.145382800000000145e+01
2.145382800000000145e+01
2.159556800000000010e+01
2.159556800000000010e+01
2.167097100000000154e+01
2.167097100000000154e+01
2.194676000000000116e+01
2.194676000000000116e+01
2.198845800000000139e+01
2.198845800000000139e+01
2.202149199999999851e+01
2.202149199999999851e+01
2.203753899999999888e+01
