# t	msd	err
8.699999999999993221e-14 1.371913573303064071e-01 0.000000000000000000e+00
8.300000000000051471e-13 2.111719762212737606e-01 2.634178031930877167e-09
4.038499999999999806e-12 1.801104129283826183e-01 4.932120781447004582e-02
5.505000000000001282e-12 2.221632328172034598e-01 4.154889252747406142e-02
1.975066666666666342e-11 2.033666844004231866e-01 4.551632508593552590e-02
3.695639999999999710e-11 3.303640743681316994e-01 6.270959198633893616e-02
4.268250000000001003e-11 6.181210269368011545e-01 8.077073790690231236e-02
2.000000000000048349e-07 2.009809628275438520e-01 7.102345733911327730e-02
1.999999999999994827e-06 2.471571724380929869e-01 8.934118315538538968e-02
4.740000000000012216e-06 2.498029422658154530e-01 5.564018677386890765e-02
1.100000000000152607e-05 3.667919231515803791e-01 1.018319014393455624e-01
2.455000000000006141e-05 4.362974860871352556e-01 6.132449947060104184e-02
4.050000000000004253e-05 4.274933635849207381e-01 5.584179045699466659e-02
7.532790697674422936e-05 4.698037653707363703e-01 3.750095684819848563e-02
1.246565521850479647e-04 9.080125426194083360e-01 1.452201786574178199e-01
2.194142776870229225e-04 1.636639815998345293e+00 2.226694786608370003e-01
3.901845124983788216e-04 1.901284479896491852e+00 1.944728564253879188e-01
6.910735632183816028e-04 1.964451052678978682e+00 4.157851960054547713e-01
1.031906047567899025e-03 6.423236982138156748e+00 6.290492337255699784e-01
2.031203007518796004e-03 6.560257473852307619e+00 6.489762868406581120e-01
3.673932960893860553e-03 7.455593884363105772e+00 4.210541714752516484e-01
6.460345847554047061e-03 8.197081629966971761e+00 3.927531021780062415e-01
1.068238251308684106e-02 5.316864831926670476e+00 1.548038797129325517e-01
2.026845948876216177e-02 7.358783020571226352e+00 1.603303476402282712e-01
3.584931553781148944e-02 9.738121612381835490e+00 1.473128560226358297e-01
6.416643639562555346e-02 1.111266412540202353e+01 1.067942217081637168e-01
1.117415891688086499e-01 1.318512285865943134e+01 8.776816495264244677e-02
1.938047145742023969e-01 1.730983161472091325e+01 7.433660638346401006e-02
3.368983292074468894e-01 2.120846207661995564e+01 6.499022909315176066e-02
5.958613460657712357e-01 2.255422224450077096e+01 6.200720970689488354e-02
1.017723922907608047e+00 2.190091349956897560e+01 4.050040749853150296e-02
1.682190662583706864e+00 2.423988920510873868e+01 4.468662509593055582e-02
3.203661174427178349e+00 2.152607135781761727e+01 6.970912231722151131e-02
5.668538835604914006e+00 2.036736911655014381e+01 5.760096142571412975e-02
9.958682223659167221e+00 2.250670597132873851e+01 4.297683400741975773e-02
1.783308201618989131e+01 3.268719605187666133e+01 1.887554125650463960e-02
