# AtomId eventId barrier
4.000000000000000000e+00 6.293300000000000000e+05 6.929830000000000156e-01
4.000000000000000000e+00 6.293300000000000000e+05 6.929720000000000324e-01
4.000000000000000000e+00 6.293300000000000000e+05 6.840490000000000181e-01
5.200000000000000000e+01 5.060000000000000000e+03 5.682059999999999889e-01
5.200000000000000000e+01 5.060000000000000000e+03 5.649110000000000520e-01
1.430000000000000000e+02 1.058155000000000000e+06 1.710599999999999898e-01
9.000000000000000000e+00 1.023624000000000000e+06 5.980969999999999898e-01
9.000000000000000000e+00 1.188970000000000000e+06 6.498469999999999525e-01
1.300000000000000000e+01 1.545200000000000000e+04 9.366399999999999726e-02
5.600000000000000000e+01 7.575100000000000000e+05 1.334299999999999931e-01
1.340000000000000000e+02 6.480800000000000000e+05 9.511659999999999560e-01
1.430000000000000000e+02 6.495360000000000000e+05 1.618690000000000129e-01
9.000000000000000000e+00 1.023624000000000000e+06 6.553909999999999458e-01
9.000000000000000000e+00 1.188970000000000000e+06 6.911899999999999711e-01
1.300000000000000000e+01 1.220869000000000000e+06 3.118139999999999801e-01
5.600000000000000000e+01 1.167623000000000000e+06 2.981770000000000254e-01
5.600000000000000000e+01 1.167623000000000000e+06 2.822689999999999921e-01
1.830000000000000000e+02 1.220869000000000000e+06 9.036900000000000488e-02
9.000000000000000000e+00 1.023624000000000000e+06 6.552940000000000431e-01
9.000000000000000000e+00 1.188970000000000000e+06 6.912509999999999488e-01
1.300000000000000000e+01 1.220869000000000000e+06 3.120640000000000081e-01
5.600000000000000000e+01 1.167623000000000000e+06 2.981770000000000254e-01
9.000000000000000000e+00 1.023624000000000000e+06 5.982359999999999900e-01
9.000000000000000000e+00 1.188970000000000000e+06 6.499810000000000310e-01
1.300000000000000000e+01 1.545200000000000000e+04 9.411400000000000321e-02
5.600000000000000000e+01 7.575100000000000000e+05 1.336110000000000075e-01
1.340000000000000000e+02 6.480800000000000000e+05 9.515780000000000349e-01
1.300000000000000000e+01 1.220869000000000000e+06 2.839869999999999894e-01
1.300000000000000000e+01 8.285420000000000000e+05 2.437970000000000137e-01
5.600000000000000000e+01 4.900060000000000000e+05 2.974550000000000249e-01
1.340000000000000000e+02 6.480800000000000000e+05 9.481969999999999565e-01
1.910000000000000000e+02 7.589440000000000000e+05 1.905389999999999862e-01
9.000000000000000000e+00 1.096018000000000000e+06 4.112560000000000104e-01
1.300000000000000000e+01 1.590570000000000000e+05 8.469799999999999551e-02
1.300000000000000000e+01 1.220869000000000000e+06 3.341700000000000226e-01
5.200000000000000000e+01 8.549400000000000000e+04 4.082359999999999878e-01
5.200000000000000000e+01 9.046750000000000000e+05 5.829069999999999530e-01
5.600000000000000000e+01 1.590570000000000000e+05 2.994029999999999747e-01
5.600000000000000000e+01 1.220869000000000000e+06 3.453519999999999923e-01
5.900000000000000000e+01 4.319080000000000000e+05 2.923999999999999863e-02
1.430000000000000000e+02 1.590570000000000000e+05 3.364409999999999901e-01
1.430000000000000000e+02 1.220869000000000000e+06 2.957500000000000129e-01
1.830000000000000000e+02 1.590570000000000000e+05 3.174109999999999987e-01
1.830000000000000000e+02 1.220869000000000000e+06 2.652689999999999770e-01
1.300000000000000000e+01 1.590570000000000000e+05 2.443950000000000011e-01
1.300000000000000000e+01 1.220869000000000000e+06 2.840539999999999732e-01
5.600000000000000000e+01 1.590570000000000000e+05 2.578570000000000029e-01
5.600000000000000000e+01 1.220869000000000000e+06 2.970309999999999895e-01
1.340000000000000000e+02 6.480800000000000000e+05 9.471089999999999787e-01
1.910000000000000000e+02 3.913430000000000000e+05 1.901970000000000049e-01
1.300000000000000000e+01 1.590570000000000000e+05 2.453609999999999958e-01
1.300000000000000000e+01 1.220869000000000000e+06 2.833209999999999895e-01
5.200000000000000000e+01 4.324650000000000000e+05 4.949830000000000063e-01
5.600000000000000000e+01 1.590570000000000000e+05 2.603809999999999736e-01
5.600000000000000000e+01 1.220869000000000000e+06 2.978600000000000136e-01
1.340000000000000000e+02 6.480800000000000000e+05 9.403139999999999832e-01
1.430000000000000000e+02 1.220869000000000000e+06 1.339049999999999963e-01
1.910000000000000000e+02 7.589440000000000000e+05 1.883100000000000052e-01
9.000000000000000000e+00 1.174024000000000000e+06 6.259069999999999911e-01
5.600000000000000000e+01 5.093800000000000000e+04 2.968660000000000188e-01
5.600000000000000000e+01 1.167623000000000000e+06 2.966190000000000215e-01
9.000000000000000000e+00 1.174024000000000000e+06 6.202609999999999513e-01
1.300000000000000000e+01 1.590570000000000000e+05 3.519900000000000251e-01
1.300000000000000000e+01 1.220869000000000000e+06 3.120160000000000156e-01
5.600000000000000000e+01 5.093800000000000000e+04 2.981400000000000161e-01
5.600000000000000000e+01 1.167623000000000000e+06 2.981190000000000229e-01
9.000000000000000000e+00 1.023624000000000000e+06 5.981969999999999787e-01
9.000000000000000000e+00 1.188970000000000000e+06 6.499759999999999982e-01
1.300000000000000000e+01 1.545200000000000000e+04 9.417599999999999583e-02
5.600000000000000000e+01 7.575100000000000000e+05 1.336150000000000115e-01
1.340000000000000000e+02 6.480800000000000000e+05 9.515190000000000037e-01
1.910000000000000000e+02 7.589440000000000000e+05 2.112850000000000006e-01
9.000000000000000000e+00 1.174024000000000000e+06 6.202940000000000120e-01
1.300000000000000000e+01 1.220869000000000000e+06 3.120280000000000276e-01
1.300000000000000000e+01 1.590570000000000000e+05 3.519519999999999871e-01
5.600000000000000000e+01 5.093800000000000000e+04 2.981500000000000261e-01
5.600000000000000000e+01 1.167623000000000000e+06 2.981269999999999754e-01
5.600000000000000000e+01 5.093800000000000000e+04 2.823120000000000074e-01
1.830000000000000000e+02 1.220869000000000000e+06 9.009000000000000341e-02
9.000000000000000000e+00 1.023624000000000000e+06 6.554529999999999523e-01
9.000000000000000000e+00 1.188970000000000000e+06 6.911439999999999806e-01
1.300000000000000000e+01 1.590570000000000000e+05 3.517879999999999896e-01
1.300000000000000000e+01 1.220869000000000000e+06 3.119489999999999763e-01
5.600000000000000000e+01 5.093800000000000000e+04 2.981300000000000061e-01
5.600000000000000000e+01 1.167623000000000000e+06 2.981119999999999881e-01
5.600000000000000000e+01 5.093800000000000000e+04 2.823069999999999746e-01
1.830000000000000000e+02 1.220869000000000000e+06 9.048200000000000687e-02
9.000000000000000000e+00 1.023624000000000000e+06 6.552249999999999464e-01
9.000000000000000000e+00 1.188970000000000000e+06 6.909830000000000139e-01
1.300000000000000000e+01 1.590570000000000000e+05 3.517370000000000219e-01
1.300000000000000000e+01 1.220869000000000000e+06 3.119199999999999751e-01
5.600000000000000000e+01 5.093800000000000000e+04 2.980820000000000136e-01
5.600000000000000000e+01 1.167623000000000000e+06 2.980650000000000244e-01
5.600000000000000000e+01 5.093800000000000000e+04 2.823129999999999806e-01
1.830000000000000000e+02 8.285420000000000000e+05 2.418019999999999892e-01
9.000000000000000000e+00 1.023624000000000000e+06 6.552529999999999744e-01
9.000000000000000000e+00 1.188970000000000000e+06 6.910640000000000116e-01
1.300000000000000000e+01 1.590570000000000000e+05 3.517279999999999851e-01
1.300000000000000000e+01 1.220869000000000000e+06 3.119179999999999731e-01
5.600000000000000000e+01 5.093800000000000000e+04 2.980820000000000136e-01
5.600000000000000000e+01 1.167623000000000000e+06 2.980639999999999956e-01
1.300000000000000000e+01 1.590570000000000000e+05 2.443019999999999914e-01
1.300000000000000000e+01 8.951410000000000000e+05 4.971119999999999983e-01
5.200000000000000000e+01 4.324650000000000000e+05 4.943730000000000069e-01
5.600000000000000000e+01 5.471040000000000000e+05 2.977409999999999779e-01
5.600000000000000000e+01 1.220869000000000000e+06 2.973680000000000212e-01
5.600000000000000000e+01 8.951410000000000000e+05 5.145769999999999511e-01
1.340000000000000000e+02 6.480800000000000000e+05 9.483150000000000190e-01
1.910000000000000000e+02 7.589440000000000000e+05 1.905429999999999902e-01
