# t
0.000000000000000000e+00
8.533581399999999595e-02
8.533581399999999595e-02
1.793225900000000039e-01
1.793225900000000039e-01
2.090599499999999944e-01
2.090599499999999944e-01
4.609681299999999760e-01
4.609681299999999760e-01
5.039384199999999980e-01
5.039384199999999980e-01
6.095630600000000454e-01
6.095630600000000454e-01
6.485932599999999493e-01
6.485932599999999493e-01
8.769654199999999955e-01
8.769654199999999955e-01
8.769654199999999955e-01
8.769654199999999955e-01
9.721503900000000309e-01
9.721503900000000309e-01
1.166769799999999968e+00
1.166769799999999968e+00
1.172612800000000011e+00
1.172612800000000011e+00
1.174676599999999960e+00
1.174676599999999960e+00
1.260625600000000013e+00
1.260625600000000013e+00
1.260625600000000013e+00
1.314995899999999995e+00
1.314995899999999995e+00
1.334131900000000037e+00
1.334131900000000037e+00
1.611988900000000058e+00
1.611988900000000058e+00
1.633791500000000063e+00
1.633791500000000063e+00
1.655311600000000105e+00
1.655311600000000105e+00
1.681327599999999922e+00
1.681327599999999922e+00
1.681327599999999922e+00
1.681327599999999922e+00
1.702734100000000028e+00
1.702734100000000028e+00
1.785319099999999937e+00
1.785319099999999937e+00
1.847505200000000070e+00
1.847505200000000070e+00
1.869732399999999961e+00
1.869732399999999961e+00
1.880792800000000042e+00
1.880792800000000042e+00
1.936354300000000084e+00
1.936354300000000084e+00
1.940527600000000019e+00
1.940527600000000019e+00
1.972186100000000053e+00
1.972186100000000053e+00
1.991776299999999944e+00
1.991776299999999944e+00
2.057197500000000012e+00
2.057197500000000012e+00
2.129247799999999913e+00
2.129247799999999913e+00
2.181800099999999798e+00
2.181800099999999798e+00
2.289413600000000049e+00
2.289413600000000049e+00
2.309184199999999798e+00
2.309184199999999798e+00
2.309184199999999798e+00
2.389575100000000063e+00
2.389575100000000063e+00
2.395963200000000182e+00
2.395963200000000182e+00
2.401541400000000159e+00
2.401541400000000159e+00
2.401541400000000159e+00
2.404511499999999913e+00
2.404511499999999913e+00
2.427628200000000014e+00
2.427628200000000014e+00
2.427628200000000014e+00
2.427628200000000014e+00
2.428252300000000030e+00
2.428252300000000030e+00
2.466427499999999995e+00
2.466427499999999995e+00
2.495658300000000107e+00
2.495658300000000107e+00
2.521097699999999886e+00
2.521097699999999886e+00
2.557280299999999951e+00
2.557280299999999951e+00
2.563987299999999969e+00
2.563987299999999969e+00
2.563987299999999969e+00
2.632806400000000213e+00
2.632806400000000213e+00
2.654058399999999818e+00
2.654058399999999818e+00
2.654058399999999818e+00
2.654058399999999818e+00
2.676591199999999837e+00
2.676591199999999837e+00
2.681830499999999784e+00
2.681830499999999784e+00
2.698034600000000172e+00
2.698034600000000172e+00
2.704195799999999927e+00
2.704195799999999927e+00
2.732221599999999917e+00
2.732221599999999917e+00
2.736223499999999920e+00
2.736223499999999920e+00
2.747693599999999847e+00
2.747693599999999847e+00
2.775703899999999891e+00
2.775703899999999891e+00
2.799166599999999949e+00
2.799166599999999949e+00
2.799166599999999949e+00
2.821228699999999812e+00
2.821228699999999812e+00
2.834611499999999840e+00
2.834611499999999840e+00
2.850766099999999970e+00
2.850766099999999970e+00
2.871158700000000064e+00
2.871158700000000064e+00
2.889480299999999779e+00
2.889480299999999779e+00
2.899144999999999861e+00
2.899144999999999861e+00
2.944471300000000014e+00
2.944471300000000014e+00
2.944471300000000014e+00
2.944471300000000014e+00
3.035120099999999876e+00
3.035120099999999876e+00
3.054004799999999964e+00
3.054004799999999964e+00
3.135498899999999978e+00
3.135498899999999978e+00
3.168220600000000164e+00
3.168220600000000164e+00
3.194726399999999966e+00
3.194726399999999966e+00
3.242657100000000181e+00
3.242657100000000181e+00
3.337084899999999799e+00
3.337084899999999799e+00
3.401598200000000016e+00
3.401598200000000016e+00
3.402683600000000030e+00
3.402683600000000030e+00
3.411786999999999903e+00
3.411786999999999903e+00
3.442334999999999923e+00
3.442334999999999923e+00
3.513848400000000094e+00
3.513848400000000094e+00
3.545745999999999842e+00
3.545745999999999842e+00
3.561247999999999969e+00
3.561247999999999969e+00
3.608312300000000139e+00
3.608312300000000139e+00
3.619390500000000177e+00
3.619390500000000177e+00
3.690587700000000027e+00
3.690587700000000027e+00
3.701660799999999973e+00
3.701660799999999973e+00
3.701660799999999973e+00
3.710773099999999936e+00
3.710773099999999936e+00
3.710773099999999936e+00
3.722839599999999916e+00
3.722839599999999916e+00
3.727815000000000101e+00
3.727815000000000101e+00
3.800734199999999952e+00
3.800734199999999952e+00
3.851482299999999803e+00
3.851482299999999803e+00
3.868578700000000037e+00
3.868578700000000037e+00
3.871967199999999831e+00
3.871967199999999831e+00
3.871967199999999831e+00
3.884808899999999898e+00
3.884808899999999898e+00
3.885441500000000214e+00
3.885441500000000214e+00
3.885441500000000214e+00
3.903392999999999891e+00
3.903392999999999891e+00
3.903392999999999891e+00
3.903392999999999891e+00
3.945596699999999846e+00
3.945596699999999846e+00
3.945596699999999846e+00
