# t	msd	err
1.000000000000015934e-14 3.849046836850680831e-02 3.327543926904123607e-06
2.357142857143044855e-14 3.300422567335224711e-02 3.601067027977054597e-03
4.411764705882489687e-14 3.657883170034091636e-02 4.094727801095424634e-03
8.400000000000004597e-14 3.660040514915851445e-02 6.532737229053002526e-03
1.448888888888889727e-13 2.997286268109324373e-02 2.388335382784173393e-03
2.491666666666666988e-13 2.258847215983214932e-02 2.390364879139354488e-03
4.578977272727272986e-13 2.281551272655552368e-02 1.740326368618989221e-03
8.101915708812261034e-13 2.477651309010039590e-02 2.128248538418323933e-03
1.432960526315789380e-12 2.876921651658819606e-02 2.338353970202458783e-03
2.629818181818181554e-12 2.965178733040487596e-02 1.803787140335466176e-03
4.727489539748952845e-12 3.481861865745875667e-02 1.553810119914798447e-03
8.447594202898555125e-12 3.579693392282646408e-02 1.268073844381377522e-03
1.499536651807824610e-11 3.434016870436235047e-02 9.250855783997418086e-04
2.679027045187300324e-11 3.885350275982560331e-02 8.714580176508016952e-04
4.610302105786766880e-11 4.229589457644886835e-02 9.513865440598296601e-04
6.903704397394127860e-11 6.098487063783068068e-02 2.855609573430937121e-03
2.000000000000048614e-07 5.168025342894604357e-01 7.544668279259644783e-02
9.550089502242162148e-07 1.894492639986935789e-01 2.827227163858480035e-03
1.899999999999937763e-06 1.377065932167530204e-01 2.503365293695178698e-02
3.600000000000023554e-06 1.841153948581880362e-01 2.530613010885705838e-02
6.083333333333309535e-06 1.553710667187620798e-01 1.891100411699208825e-02
9.936842105263348518e-06 1.608614582000643112e-01 1.384228849512572981e-02
1.780277777777772977e-05 2.084067706385184238e-01 1.458042520352697581e-02
3.275321100917433600e-05 2.439402410704610003e-01 1.496280054441853462e-02
5.669703703703697368e-05 1.795982579377934096e-01 9.757428926646485520e-03
1.012994535519121125e-04 1.920022787796442365e-01 8.015620678821507028e-03
1.845751824817515525e-04 4.043488828848338379e-01 5.433911277715743754e-02
3.641528787935094445e-04 8.603910551323621370e-01 9.803234555229207309e-03
6.415482119985197905e-04 2.224816601802974247e+00 1.744734738828958645e-02
1.004874173133980461e-03 1.946810662586343721e+00 1.300129856846667618e-02
1.961362986497199815e-03 3.793413244527807926e-01 1.356605704111256069e-02
3.405126969292371266e-03 4.679349213681061048e-01 1.291243311484776939e-02
5.720614480189849423e-03 3.251863729940708492e+00 9.860565440623417915e-03
9.957857748730208555e-03 3.421732013690701901e+00 3.352216894722209045e-02
1.986620607137894179e-02 3.803756924485478752e+00 4.053733229844291158e-02
3.517604597477490963e-02 4.829444112881746243e+00 2.879268994836546580e-02
6.460936366948555332e-02 5.770193744050373219e+00 2.464840377544694205e-02
1.140751079692370329e-01 6.413029264294124232e+00 1.931092608551706127e-02
2.032578791257927120e-01 8.511819401239971938e+00 1.734257986719306074e-02
3.620967425177944454e-01 1.065542522683438165e+01 1.616704925850990029e-02
6.397215718932361961e-01 1.459543245801544309e+01 1.920962677052595602e-02
1.160952623632113712e+00 2.060260913599766397e+01 2.257013657492737760e-02
2.055798514900106344e+00 3.052183950100660326e+01 2.380900575297374352e-02
3.716773814410788024e+00 3.649543880441459720e+01 2.745832017442291495e-02
6.571058611386588311e+00 2.997844382780091976e+01 2.146968583871222691e-02
1.225511128975715458e+01 4.790293875992984596e+01 1.509746818025517814e-02
2.190227215731330190e+01 5.255824095640331706e+01 1.519968952837310629e-02
3.724839148093634122e+01 5.042178029507355319e+01 9.069891418559674831e-03
6.064427198582625778e+01 8.247972158376740026e+01 9.320612819338059893e-03
