# t
0.000000000000000000e+00
4.011454300000000147e-14
1.711995000000000068e-13
2.822995599999999971e-13
4.743013399999999945e-12
4.796378799999999919e-12
5.938172199999999988e-12
6.398629900000000113e-12
6.632373399999999884e-12
1.437664699999999962e-11
1.594159699999999973e-11
2.371460899999999871e-08
2.371479699999999908e-08
3.436109300000000227e-04
3.436109300000000227e-04
4.645458899999999861e-04
4.645458899999999861e-04
8.547169000000000294e-04
8.547169099999999894e-04
8.547169099999999894e-04
1.010524899999999931e-03
1.010524899999999931e-03
3.912149999999999656e-03
3.912149999999999656e-03
4.801278800000000242e-03
4.801278800000000242e-03
1.149881200000000062e-02
1.149881200000000062e-02
1.327737000000000014e-02
1.327737000000000014e-02
1.332403199999999954e-02
1.332403199999999954e-02
1.808319300000000088e-02
1.808319300000000088e-02
2.233916400000000163e-02
2.233916400000000163e-02
2.271690599999999852e-02
2.271690599999999852e-02
2.271998000000000073e-02
2.271998000000000073e-02
2.272187599999999849e-02
2.272187599999999849e-02
2.272187599999999849e-02
2.272205999999999879e-02
2.272205999999999879e-02
2.662470700000000093e-02
2.662470700000000093e-02
3.540934099999999696e-02
3.540934099999999696e-02
4.109954600000000069e-02
4.109954600000000069e-02
4.625659700000000346e-02
4.625659700000000346e-02
4.913697699999999835e-02
4.913697699999999835e-02
5.581524999999999681e-02
5.581524999999999681e-02
6.662673099999999460e-02
6.662673099999999460e-02
7.391664800000000146e-02
7.391664800000000146e-02
7.391664800000000146e-02
7.961078900000000125e-02
7.961078900000000125e-02
7.963776300000000030e-02
7.963776300000000030e-02
8.127543499999999310e-02
8.127543499999999310e-02
8.485507999999999940e-02
8.485507999999999940e-02
1.014233999999999969e-01
1.014233999999999969e-01
1.156549099999999997e-01
1.156549099999999997e-01
1.202438299999999960e-01
1.202438299999999960e-01
1.283727799999999919e-01
1.283727799999999919e-01
1.314477599999999968e-01
1.314477599999999968e-01
1.337432100000000013e-01
1.337432100000000013e-01
1.383212900000000134e-01
1.383212900000000134e-01
1.432789100000000093e-01
1.432789100000000093e-01
1.432789100000000093e-01
1.489714799999999895e-01
1.489714799999999895e-01
1.587841899999999917e-01
1.587841899999999917e-01
1.594468199999999891e-01
1.594468199999999891e-01
1.594468199999999891e-01
1.594468199999999891e-01
1.704313199999999973e-01
1.704313199999999973e-01
1.704313199999999973e-01
1.704313199999999973e-01
1.808300700000000094e-01
1.808300700000000094e-01
1.808306500000000094e-01
1.808306500000000094e-01
1.808314400000000099e-01
1.808314400000000099e-01
1.808319300000000018e-01
1.808319300000000018e-01
1.811182799999999926e-01
1.811182799999999926e-01
1.859822299999999984e-01
1.859822299999999984e-01
1.869115199999999977e-01
1.869115199999999977e-01
1.991590599999999989e-01
1.991590599999999989e-01
1.998805200000000060e-01
1.998805200000000060e-01
2.041886099999999926e-01
2.041886099999999926e-01
2.046391399999999972e-01
2.046391399999999972e-01
2.103087999999999902e-01
2.103087999999999902e-01
2.136697200000000074e-01
2.136697200000000074e-01
2.136697200000000074e-01
2.136697200000000074e-01
2.163456300000000110e-01
2.163456300000000110e-01
2.268238399999999988e-01
2.268238399999999988e-01
2.275906500000000054e-01
2.275906500000000054e-01
2.286920299999999906e-01
2.286920299999999906e-01
2.315881599999999874e-01
2.315881599999999874e-01
2.334816600000000075e-01
2.334816600000000075e-01
2.352495699999999912e-01
2.352495699999999912e-01
2.482240599999999964e-01
2.482240599999999964e-01
2.501604900000000131e-01
2.501604900000000131e-01
2.516336599999999812e-01
2.516336599999999812e-01
2.595658800000000266e-01
2.595658800000000266e-01
2.649583099999999747e-01
2.649583099999999747e-01
2.679191300000000053e-01
2.679191300000000053e-01
2.748554899999999801e-01
2.748554899999999801e-01
2.758408500000000263e-01
2.758408500000000263e-01
2.838609200000000166e-01
2.838609200000000166e-01
2.853499600000000136e-01
2.853499600000000136e-01
2.853803599999999996e-01
2.853803599999999996e-01
2.858656600000000214e-01
2.858656600000000214e-01
2.921816500000000150e-01
2.921816500000000150e-01
2.921816500000000150e-01
2.948691399999999740e-01
2.948691399999999740e-01
2.948691399999999740e-01
2.948691399999999740e-01
3.027625600000000139e-01
3.027625600000000139e-01
3.176074600000000081e-01
3.176074600000000081e-01
3.187407899999999961e-01
3.187407899999999961e-01
3.254967300000000119e-01
3.254967300000000119e-01
3.401824099999999906e-01
3.401824099999999906e-01
3.428358400000000028e-01
3.428358400000000028e-01
3.462163300000000166e-01
3.462163300000000166e-01
3.462556500000000259e-01
3.462556500000000259e-01
3.504089799999999810e-01
3.504089799999999810e-01
3.568923399999999746e-01
3.568923399999999746e-01
3.568923399999999746e-01
3.568923399999999746e-01
3.568923399999999746e-01
3.568923399999999746e-01
3.581801600000000252e-01
3.581801600000000252e-01
3.643229000000000051e-01
3.643229000000000051e-01
3.660067499999999918e-01
3.660067499999999918e-01
3.660067499999999918e-01
3.660067499999999918e-01
3.673805299999999829e-01
3.673805299999999829e-01
3.675747999999999793e-01
3.675747999999999793e-01
3.793994900000000059e-01
3.793994900000000059e-01
3.927693800000000013e-01
3.927693800000000013e-01
3.941409499999999899e-01
3.941409499999999899e-01
3.971798000000000273e-01
3.971798000000000273e-01
3.971798000000000273e-01
3.981271200000000010e-01
3.981271200000000010e-01
3.981271200000000010e-01
3.981271200000000010e-01
4.054128300000000018e-01
4.054128300000000018e-01
4.157507599999999970e-01
4.157507599999999970e-01
4.176271799999999867e-01
4.176271799999999867e-01
4.223349599999999815e-01
4.223349599999999815e-01
4.223349599999999815e-01
4.223349599999999815e-01
4.232778500000000110e-01
4.232778500000000110e-01
4.299004000000000159e-01
4.299004000000000159e-01
4.317433199999999860e-01
4.317433199999999860e-01
4.336479500000000042e-01
4.336479500000000042e-01
4.360727600000000037e-01
4.360727600000000037e-01
4.369559299999999924e-01
4.369559299999999924e-01
4.411610000000000253e-01
4.411610000000000253e-01
4.505718799999999802e-01
4.505718799999999802e-01
4.548135200000000267e-01
4.548135200000000267e-01
4.616097200000000011e-01
4.616097200000000011e-01
4.639440799999999809e-01
4.639440799999999809e-01
4.666658000000000195e-01
4.666658000000000195e-01
4.683399899999999838e-01
4.683399899999999838e-01
4.701473899999999984e-01
4.701473899999999984e-01
4.768571300000000179e-01
4.768571300000000179e-01
4.797469100000000264e-01
4.797469100000000264e-01
4.808063799999999777e-01
4.808063799999999777e-01
4.906963699999999928e-01
4.906963699999999928e-01
4.985277900000000262e-01
4.985277900000000262e-01
5.024037700000000273e-01
5.024037700000000273e-01
5.029132600000000286e-01
5.029132600000000286e-01
5.076254300000000441e-01
5.076254300000000441e-01
5.080816599999999905e-01
5.080816599999999905e-01
5.142505600000000232e-01
5.142505600000000232e-01
5.176978899999999939e-01
5.176978899999999939e-01
5.185117799999999777e-01
5.185117799999999777e-01
5.190791500000000447e-01
5.190791500000000447e-01
5.193986000000000436e-01
5.193986000000000436e-01
5.217855700000000319e-01
5.217855700000000319e-01
5.217855700000000319e-01
5.217855700000000319e-01
5.250513100000000488e-01
5.250513100000000488e-01
5.264765000000000139e-01
5.264765000000000139e-01
5.264765000000000139e-01
5.287530200000000180e-01
5.287530200000000180e-01
5.392553100000000432e-01
5.392553100000000432e-01
5.410562899999999953e-01
5.410562899999999953e-01
5.449136799999999559e-01
5.449136799999999559e-01
5.637706799999999685e-01
5.637706799999999685e-01
5.687743299999999946e-01
5.687743299999999946e-01
5.696531900000000315e-01
5.696531900000000315e-01
5.749910200000000193e-01
5.749910200000000193e-01
5.912258700000000422e-01
5.912258700000000422e-01
6.011372499999999564e-01
6.011372499999999564e-01
6.017134699999999725e-01
6.017134699999999725e-01
6.036708299999999916e-01
6.036708299999999916e-01
6.075558599999999476e-01
6.075558599999999476e-01
6.102077599999999880e-01
6.102077599999999880e-01
6.162557800000000308e-01
6.162557800000000308e-01
6.173349999999999671e-01
6.173349999999999671e-01
6.294831899999999703e-01
6.294831899999999703e-01
6.405671099999999951e-01
6.405671099999999951e-01
6.462399800000000472e-01
6.462399800000000472e-01
6.500031200000000453e-01
6.500031200000000453e-01
6.520023799999999925e-01
6.520023799999999925e-01
6.541374300000000197e-01
6.541374300000000197e-01
6.541374300000000197e-01
6.541374300000000197e-01
6.611907599999999885e-01
6.611907599999999885e-01
6.624782200000000065e-01
6.624782200000000065e-01
6.624782200000000065e-01
6.644492600000000415e-01
6.644492600000000415e-01
6.707284100000000526e-01
6.707284100000000526e-01
6.934185499999999669e-01
6.934185499999999669e-01
6.971533800000000447e-01
6.971533800000000447e-01
7.018574199999999541e-01
7.018574199999999541e-01
7.061526799999999771e-01
7.061526799999999771e-01
7.171976799999999486e-01
7.171976799999999486e-01
7.171976799999999486e-01
7.500578399999999757e-01
7.500578399999999757e-01
7.562593800000000366e-01
7.562593800000000366e-01
7.636595299999999753e-01
7.636595299999999753e-01
7.667291200000000417e-01
7.667291200000000417e-01
7.667291200000000417e-01
7.667291200000000417e-01
7.731058200000000546e-01
7.731058200000000546e-01
7.739874799999999500e-01
7.739874799999999500e-01
7.852223000000000397e-01
7.852223000000000397e-01
7.929758399999999874e-01
7.929758399999999874e-01
8.011127599999999793e-01
8.011127599999999793e-01
8.129073700000000180e-01
8.129073700000000180e-01
8.178606899999999458e-01
8.178606899999999458e-01
8.226901699999999984e-01
8.226901699999999984e-01
8.350779999999999870e-01
8.350779999999999870e-01
8.460327199999999603e-01
8.460327199999999603e-01
8.474117700000000086e-01
8.474117700000000086e-01
8.497975300000000232e-01
8.497975300000000232e-01
8.497975300000000232e-01
8.518036100000000443e-01
8.518036100000000443e-01
8.518036100000000443e-01
8.546836500000000170e-01
8.546836500000000170e-01
8.584159900000000176e-01
8.584159900000000176e-01
8.591222099999999973e-01
8.591222099999999973e-01
8.664985800000000182e-01
8.664985800000000182e-01
8.780666400000000094e-01
8.780666400000000094e-01
8.888444300000000187e-01
8.888444300000000187e-01
8.903851699999999481e-01
8.903851699999999481e-01
8.937247799999999964e-01
8.937247799999999964e-01
9.540777999999999759e-01
9.540777999999999759e-01
9.581536099999999889e-01
9.581536099999999889e-01
9.637935600000000491e-01
9.637935600000000491e-01
9.656225899999999474e-01
9.656225899999999474e-01
9.836383400000000554e-01
9.836383400000000554e-01
9.836383400000000554e-01
9.878956599999999533e-01
9.878956599999999533e-01
9.960511199999999565e-01
9.960511199999999565e-01
9.995339600000000546e-01
9.995339600000000546e-01
1.025524099999999939e+00
1.025524099999999939e+00
1.029669799999999968e+00
1.029669799999999968e+00
1.036773600000000073e+00
1.036773600000000073e+00
1.039958900000000019e+00
1.039958900000000019e+00
1.042970600000000081e+00
1.042970600000000081e+00
1.046113099999999907e+00
1.046113099999999907e+00
1.046113099999999907e+00
1.050599700000000025e+00
1.050599700000000025e+00
1.050815199999999949e+00
1.050815199999999949e+00
1.079104800000000086e+00
1.079104800000000086e+00
1.098353499999999983e+00
1.098353499999999983e+00
1.113185899999999950e+00
1.113185899999999950e+00
1.113242000000000065e+00
1.113242000000000065e+00
1.120073300000000049e+00
1.120073300000000049e+00
1.122959899999999900e+00
1.122959899999999900e+00
1.150757000000000030e+00
1.150757000000000030e+00
1.165656900000000107e+00
1.165656900000000107e+00
1.166717800000000027e+00
1.166717800000000027e+00
1.168851400000000096e+00
1.168851400000000096e+00
1.169519799999999998e+00
1.169519799999999998e+00
1.169600699999999938e+00
1.169600699999999938e+00
1.190752199999999927e+00
1.190752199999999927e+00
1.192851600000000012e+00
1.192851600000000012e+00
1.194624499999999978e+00
1.194624499999999978e+00
1.198910700000000107e+00
1.198910700000000107e+00
1.201622500000000038e+00
1.201622500000000038e+00
1.206373899999999999e+00
1.206373899999999999e+00
1.206576799999999894e+00
1.206576799999999894e+00
1.240942400000000001e+00
1.240942400000000001e+00
1.241935599999999917e+00
1.241935599999999917e+00
1.246613200000000088e+00
1.246613200000000088e+00
1.249263000000000012e+00
1.249263000000000012e+00
1.249321399999999915e+00
1.249321399999999915e+00
1.260474899999999954e+00
1.260474899999999954e+00
1.261589400000000083e+00
1.261589400000000083e+00
1.262297699999999967e+00
1.262297699999999967e+00
1.269579500000000083e+00
1.269579500000000083e+00
1.269909900000000036e+00
1.269909900000000036e+00
1.269910899999999954e+00
1.269910899999999954e+00
1.269910899999999954e+00
1.269944600000000090e+00
1.269944600000000090e+00
1.269944600000000090e+00
1.269944600000000090e+00
1.278790199999999988e+00
1.278790199999999988e+00
1.283534799999999976e+00
1.283534799999999976e+00
1.283534799999999976e+00
1.286343500000000084e+00
1.286343500000000084e+00
1.293544900000000109e+00
1.293544900000000109e+00
1.297923299999999891e+00
1.297923299999999891e+00
1.309601999999999933e+00
1.309601999999999933e+00
1.310127499999999889e+00
1.310127499999999889e+00
1.347644800000000087e+00
1.347644800000000087e+00
1.372733500000000051e+00
1.372733500000000051e+00
1.373132900000000101e+00
1.373132900000000101e+00
1.373132900000000101e+00
1.385562500000000030e+00
1.385562500000000030e+00
1.389088700000000065e+00
1.389088700000000065e+00
1.393409799999999921e+00
1.393409799999999921e+00
1.402197899999999997e+00
1.402197899999999997e+00
1.408025499999999930e+00
1.408025499999999930e+00
1.411022699999999963e+00
1.411022699999999963e+00
1.411808399999999963e+00
1.411808399999999963e+00
1.411862399999999962e+00
1.411862399999999962e+00
1.428691799999999956e+00
1.428691799999999956e+00
1.435974199999999978e+00
1.435974199999999978e+00
1.436583699999999908e+00
1.436583699999999908e+00
1.443150099999999991e+00
1.443150099999999991e+00
1.446143500000000026e+00
1.446143500000000026e+00
1.448208699999999904e+00
1.448208699999999904e+00
1.450742100000000034e+00
1.450742100000000034e+00
1.450742100000000034e+00
1.450757400000000086e+00
1.450757400000000086e+00
1.463862599999999903e+00
1.463862599999999903e+00
1.463862599999999903e+00
1.463862599999999903e+00
1.464083699999999988e+00
1.464083699999999988e+00
1.464111500000000010e+00
1.464111500000000010e+00
1.464111500000000010e+00
1.464111500000000010e+00
1.478898199999999941e+00
1.478898199999999941e+00
1.488615199999999916e+00
1.488615199999999916e+00
1.496264199999999933e+00
1.496264199999999933e+00
1.498910200000000081e+00
1.498910200000000081e+00
1.499646599999999941e+00
1.499646599999999941e+00
1.499698500000000045e+00
1.499698500000000045e+00
1.504685599999999956e+00
1.504685599999999956e+00
1.504715000000000025e+00
1.504715000000000025e+00
1.510758599999999952e+00
1.510758599999999952e+00
1.511387899999999895e+00
1.511387899999999895e+00
1.517406699999999997e+00
1.517406699999999997e+00
1.518758000000000052e+00
1.518758000000000052e+00
1.533548899999999993e+00
1.533548899999999993e+00
1.533648899999999982e+00
1.533648899999999982e+00
1.535453799999999980e+00
1.535453799999999980e+00
1.541845799999999933e+00
1.541845799999999933e+00
1.544819500000000012e+00
1.544819500000000012e+00
1.546005300000000027e+00
1.546005300000000027e+00
1.546555300000000077e+00
1.546555300000000077e+00
1.549504699999999957e+00
1.549504699999999957e+00
1.549727300000000030e+00
1.549727300000000030e+00
1.549880799999999947e+00
1.549880799999999947e+00
1.567425099999999905e+00
1.567425099999999905e+00
1.567590000000000039e+00
1.567590000000000039e+00
1.567644400000000049e+00
1.567644400000000049e+00
1.567644400000000049e+00
1.567644400000000049e+00
1.574010799999999932e+00
1.574010799999999932e+00
1.574634199999999984e+00
1.574634199999999984e+00
1.575253400000000026e+00
1.575253400000000026e+00
1.579585500000000087e+00
1.579585500000000087e+00
1.592789599999999917e+00
1.592789599999999917e+00
1.594073000000000073e+00
1.594073000000000073e+00
1.596438000000000024e+00
1.596438000000000024e+00
1.609586299999999914e+00
1.609586299999999914e+00
1.644158500000000078e+00
1.644158500000000078e+00
1.654643800000000109e+00
1.654643800000000109e+00
1.656055400000000066e+00
1.656055400000000066e+00
1.657848999999999906e+00
1.657848999999999906e+00
1.659028900000000029e+00
1.659028900000000029e+00
1.666394300000000106e+00
1.666394300000000106e+00
1.668564900000000017e+00
1.668564900000000017e+00
1.672816899999999940e+00
1.672816899999999940e+00
1.674807900000000016e+00
1.674807900000000016e+00
1.675598499999999991e+00
1.675598499999999991e+00
1.677665600000000090e+00
1.677665600000000090e+00
1.689559800000000056e+00
1.689559800000000056e+00
1.690523699999999963e+00
1.690523699999999963e+00
1.690692899999999943e+00
1.690692899999999943e+00
1.694857099999999894e+00
1.694857099999999894e+00
1.702996600000000083e+00
1.702996600000000083e+00
1.709364700000000070e+00
1.709364700000000070e+00
1.717540499999999914e+00
1.717540499999999914e+00
1.730993699999999968e+00
1.730993699999999968e+00
1.732099800000000078e+00
1.732099800000000078e+00
1.732744599999999968e+00
1.732744599999999968e+00
1.737270499999999940e+00
1.737270499999999940e+00
1.742199999999999971e+00
1.742199999999999971e+00
1.746357200000000054e+00
1.746357200000000054e+00
1.748095100000000013e+00
1.748095100000000013e+00
1.749652699999999950e+00
1.749652699999999950e+00
1.751069999999999904e+00
1.751069999999999904e+00
1.751603100000000079e+00
1.751603100000000079e+00
1.753406100000000079e+00
1.753406100000000079e+00
1.754798199999999975e+00
1.754798199999999975e+00
1.755162399999999900e+00
1.755162399999999900e+00
1.755393800000000004e+00
1.755393800000000004e+00
1.758041699999999929e+00
1.758041699999999929e+00
1.773342900000000055e+00
1.773342900000000055e+00
1.774581900000000045e+00
1.774581900000000045e+00
1.791459700000000099e+00
1.791459700000000099e+00
1.798962699999999915e+00
1.798962699999999915e+00
1.806420600000000043e+00
1.806420600000000043e+00
1.806655700000000087e+00
1.806655700000000087e+00
1.810680800000000090e+00
1.810680800000000090e+00
1.811949299999999985e+00
1.811949299999999985e+00
1.815409499999999898e+00
1.815409499999999898e+00
1.821809000000000012e+00
1.821809000000000012e+00
1.826801200000000014e+00
1.826801200000000014e+00
1.828656700000000024e+00
1.828656700000000024e+00
1.830146499999999898e+00
1.830146499999999898e+00
1.830715599999999998e+00
1.830715599999999998e+00
1.838700199999999896e+00
1.838700199999999896e+00
1.840251199999999976e+00
1.840251199999999976e+00
1.842986800000000036e+00
1.842986800000000036e+00
1.849016400000000004e+00
1.849016400000000004e+00
1.853997799999999918e+00
1.853997799999999918e+00
1.857523400000000047e+00
1.857523400000000047e+00
1.862000700000000064e+00
1.862000700000000064e+00
1.870008300000000068e+00
1.870008300000000068e+00
1.884140200000000043e+00
1.884140200000000043e+00
1.886687900000000084e+00
1.886687900000000084e+00
1.887360099999999985e+00
1.887360099999999985e+00
1.887627900000000025e+00
1.887627900000000025e+00
1.892362399999999889e+00
1.892362399999999889e+00
1.893392399999999975e+00
1.893392399999999975e+00
1.893413599999999919e+00
1.893413599999999919e+00
1.896706000000000003e+00
1.896706000000000003e+00
1.897205400000000042e+00
1.897205400000000042e+00
1.898938900000000096e+00
1.898938900000000096e+00
1.899528700000000070e+00
1.899528700000000070e+00
1.918306199999999961e+00
1.918306199999999961e+00
1.920713200000000009e+00
1.920713200000000009e+00
1.931896400000000069e+00
1.931896400000000069e+00
1.933877899999999928e+00
1.933877899999999928e+00
1.936396800000000029e+00
1.936396800000000029e+00
1.937909600000000010e+00
1.937909600000000010e+00
1.938497499999999985e+00
1.938497499999999985e+00
1.953447099999999992e+00
1.953447099999999992e+00
1.957645000000000080e+00
1.957645000000000080e+00
1.958785299999999951e+00
1.958785299999999951e+00
1.963044400000000023e+00
1.963044400000000023e+00
1.966494100000000023e+00
1.966494100000000023e+00
1.974019900000000050e+00
1.974019900000000050e+00
1.977554000000000034e+00
1.977554000000000034e+00
1.986307100000000103e+00
1.986307100000000103e+00
1.987394499999999953e+00
1.987394499999999953e+00
1.989604699999999893e+00
1.989604699999999893e+00
1.992120200000000008e+00
1.992120200000000008e+00
1.999672399999999906e+00
1.999672399999999906e+00
2.003041500000000141e+00
2.003041500000000141e+00
2.020388899999999932e+00
2.020388899999999932e+00
2.022346100000000035e+00
2.022346100000000035e+00
2.028609200000000001e+00
2.028609200000000001e+00
2.042137199999999986e+00
2.042137199999999986e+00
2.044163199999999847e+00
2.044163199999999847e+00
2.051800899999999928e+00
2.051800899999999928e+00
2.053748699999999872e+00
2.053748699999999872e+00
2.063049799999999934e+00
2.063049799999999934e+00
2.078876800000000191e+00
2.078876800000000191e+00
2.088919000000000192e+00
2.088919000000000192e+00
2.089820099999999847e+00
2.089820099999999847e+00
2.093822799999999873e+00
2.093822799999999873e+00
2.097353000000000023e+00
2.097353000000000023e+00
2.107689199999999818e+00
2.107689199999999818e+00
2.116886099999999882e+00
2.116886099999999882e+00
2.127050699999999850e+00
2.127050699999999850e+00
2.127469899999999914e+00
2.127469899999999914e+00
2.127598100000000159e+00
2.165058399999999939e+00
2.165058399999999939e+00
2.173113299999999803e+00
2.173113299999999803e+00
2.175082000000000182e+00
2.175082000000000182e+00
2.177913300000000163e+00
2.177913300000000163e+00
2.181737000000000037e+00
2.181737000000000037e+00
2.192165699999999884e+00
2.192165699999999884e+00
2.197995900000000002e+00
2.197995900000000002e+00
2.198397299999999888e+00
2.198397299999999888e+00
2.199707000000000079e+00
2.199707000000000079e+00
2.204201299999999808e+00
2.204201299999999808e+00
2.216434200000000132e+00
2.216434200000000132e+00
2.228500400000000159e+00
2.228500400000000159e+00
2.230862300000000076e+00
2.230862300000000076e+00
2.245455399999999990e+00
2.245455399999999990e+00
2.264636100000000152e+00
2.264636100000000152e+00
2.265158399999999794e+00
2.265158399999999794e+00
2.274447299999999839e+00
2.274447299999999839e+00
2.281135599999999819e+00
2.281135599999999819e+00
2.281159199999999831e+00
2.281159199999999831e+00
2.281219999999999803e+00
2.281219999999999803e+00
2.282175300000000018e+00
2.282175300000000018e+00
2.289712300000000145e+00
2.289712300000000145e+00
2.303394500000000011e+00
2.303394500000000011e+00
2.310350600000000032e+00
2.310350600000000032e+00
2.314113299999999818e+00
2.314113299999999818e+00
2.321290799999999876e+00
2.321290799999999876e+00
2.343893099999999841e+00
2.343893099999999841e+00
2.350462199999999946e+00
2.350462199999999946e+00
2.351240300000000172e+00
2.351240300000000172e+00
2.353202800000000039e+00
2.353202800000000039e+00
2.353601199999999949e+00
2.353601199999999949e+00
2.353801199999999927e+00
2.353801199999999927e+00
2.357061100000000131e+00
2.357061100000000131e+00
2.357249599999999834e+00
2.357249599999999834e+00
2.362620699999999907e+00
2.362620699999999907e+00
2.367278999999999911e+00
2.367278999999999911e+00
2.368844000000000172e+00
2.368844000000000172e+00
2.369179700000000111e+00
2.369179700000000111e+00
2.369179700000000111e+00
2.369179700000000111e+00
2.374359199999999781e+00
2.374359199999999781e+00
2.375177700000000058e+00
2.375177700000000058e+00
2.379193100000000172e+00
2.379193100000000172e+00
2.390135200000000015e+00
2.390135200000000015e+00
2.400024699999999900e+00
2.400024699999999900e+00
2.420493899999999865e+00
2.420493899999999865e+00
2.432939600000000091e+00
2.432939600000000091e+00
2.433002699999999852e+00
2.433002699999999852e+00
2.433931700000000031e+00
2.433931700000000031e+00
2.438713100000000189e+00
2.438713100000000189e+00
2.442814700000000006e+00
2.442814700000000006e+00
2.447045800000000160e+00
2.447045800000000160e+00
2.448084199999999822e+00
2.448084199999999822e+00
2.452798200000000151e+00
2.452798200000000151e+00
2.454894400000000143e+00
2.454894400000000143e+00
2.455423300000000086e+00
2.455423300000000086e+00
2.465853000000000073e+00
2.465853000000000073e+00
2.473274799999999995e+00
2.473274799999999995e+00
2.477968399999999960e+00
