# t	msd	err
2.330000000000003198e-13 3.571233567184710356e-02 0.000000000000000000e+00
4.609999999999997522e-13 1.261625377885347565e-01 0.000000000000000000e+00
9.179999999999999254e-13 2.218419932346537005e-01 4.436229521377670765e-02
1.666333333333332864e-12 2.493372715682029561e-01 9.635397849970527007e-02
8.943714285714284388e-12 5.357332863255207522e-01 1.114404288809583421e-01
1.114399999999999533e-11 9.813064906333011095e-01 nan
2.370098583333333097e-08 6.148058623172216741e-01 1.108434503076704408e-01
3.500000000000117600e-05 2.706655702589910728e-01 7.343042518279654929e-02
1.069666666666593146e-04 2.387529069484485011e-01 5.574535224945381673e-02
1.737799999999910890e-04 1.846449381840066795e-01 6.162088395986277389e-02
3.481047664348485972e-04 4.363877860912930284e-01 5.121805008418240518e-02
5.379694363198426815e-04 1.193397247975832576e+00 3.905533454065944210e-01
9.697754840165894808e-04 6.584481020870750489e-01 1.310318134586514471e-01
1.839206798866871440e-03 1.174533127003797084e+00 1.975359563152018216e-01
2.965378873239454122e-03 1.502931376141688702e+00 2.119627163864803432e-01
4.909882580459990799e-03 1.504952629363160321e+00 1.257768112351394796e-01
8.530160828402346893e-03 2.162651263922384715e+00 1.242010476274503367e-01
1.457828351591651181e-02 2.280541217122549646e+00 8.882522046106874902e-02
2.474403573325686945e-02 2.361087836078478386e+00 7.049770952742301366e-02
4.312196666908241216e-02 3.052310976805299170e+00 5.945825812108702924e-02
7.487804704853157078e-02 3.662105428661147855e+00 4.601660607096944716e-02
1.294160199073950412e-01 4.182932517463362920e+00 3.651605631582027778e-02
2.220161497330774836e-01 5.268296342535156107e+00 2.867394223219590574e-02
3.821661016551441969e-01 7.146007949013988281e+00 2.442757923133464376e-02
6.557103598292669533e-01 8.903061894859011005e+00 2.065649997123566312e-02
1.133986705540586559e+00 1.376936795388732193e+01 1.949940247524473841e-02
1.807430476713249190e+00 1.775450996532797632e+01 2.497414475789462920e-02
