# t
0.000000000000000000e+00
3.984854899999999804e-14
4.406489000000000168e-13
5.487822299999999728e-11
2.943504600000000204e-03
2.943504600000000204e-03
9.305620299999999359e-03
9.305620299999999359e-03
9.542565200000000317e-03
9.542565200000000317e-03
1.071972499999999939e-02
1.071972499999999939e-02
1.071972499999999939e-02
1.199327799999999958e-02
1.199327799999999958e-02
1.219947799999999971e-02
1.219947799999999971e-02
1.255224899999999970e-02
1.255224899999999970e-02
1.261149800000000050e-02
1.261149800000000050e-02
1.433871700000000082e-02
1.433871700000000082e-02
1.524635899999999926e-02
1.524635899999999926e-02
1.588423099999999866e-02
1.588423099999999866e-02
1.937508699999999917e-02
1.937508699999999917e-02
1.979944700000000127e-02
1.979944700000000127e-02
2.362735800000000108e-02
2.362735800000000108e-02
2.625264500000000154e-02
2.625264500000000154e-02
2.625264500000000154e-02
3.194824699999999906e-02
3.194824699999999906e-02
3.821587500000000331e-02
3.821587500000000331e-02
4.151492700000000008e-02
4.151492700000000008e-02
4.151492700000000008e-02
4.205688099999999735e-02
4.205688099999999735e-02
4.354298699999999828e-02
4.354298699999999828e-02
5.225392599999999915e-02
5.225392599999999915e-02
5.225392599999999915e-02
5.845636800000000161e-02
5.845636800000000161e-02
6.344310499999999964e-02
6.344310499999999964e-02
6.584096600000000077e-02
6.584096600000000077e-02
6.674897500000000206e-02
6.674897500000000206e-02
7.411508699999999616e-02
7.411508699999999616e-02
7.412079000000000584e-02
7.412079000000000584e-02
7.431652299999999545e-02
7.431652299999999545e-02
7.912948999999999677e-02
7.912949099999999625e-02
7.912949099999999625e-02
7.912949099999999625e-02
8.473858500000000515e-02
8.473858500000000515e-02
8.574783699999999342e-02
8.574783699999999342e-02
8.913479500000000277e-02
8.913479500000000277e-02
9.284438100000000360e-02
9.284438100000000360e-02
9.369805100000000442e-02
9.369805200000000389e-02
9.456967900000000371e-02
9.456967900000000371e-02
9.989993299999999632e-02
9.989993299999999632e-02
1.017836200000000052e-01
1.017836200000000052e-01
1.033558700000000025e-01
1.033558700000000025e-01
1.036378500000000036e-01
1.036378500000000036e-01
1.045915500000000053e-01
1.045915500000000053e-01
1.092342899999999978e-01
1.092342899999999978e-01
1.138104600000000022e-01
1.138104600000000022e-01
1.155276400000000009e-01
1.155276400000000009e-01
1.163939799999999941e-01
1.163939799999999941e-01
1.163939799999999941e-01
1.163939799999999941e-01
1.163939799999999941e-01
1.195222900000000033e-01
1.195222900000000033e-01
1.195222900000000033e-01
1.196420200000000017e-01
1.196420200000000017e-01
1.211023100000000047e-01
1.211023100000000047e-01
1.265433400000000042e-01
1.265433400000000042e-01
1.282240299999999888e-01
1.282240299999999888e-01
1.288447400000000131e-01
1.288447400000000131e-01
1.292846199999999890e-01
1.292846199999999890e-01
1.296915899999999955e-01
1.296915899999999955e-01
1.298627599999999938e-01
1.298627599999999938e-01
1.326343000000000105e-01
1.326343000000000105e-01
1.339817500000000106e-01
1.339817500000000106e-01
1.507102800000000020e-01
1.507102800000000020e-01
1.508930300000000113e-01
1.508930300000000113e-01
1.521203000000000138e-01
1.521203000000000138e-01
1.538940400000000097e-01
1.538940400000000097e-01
1.562446899999999916e-01
1.562446899999999916e-01
1.609108900000000009e-01
1.609108900000000009e-01
1.706391800000000014e-01
1.706391800000000014e-01
1.723469599999999935e-01
1.723469599999999935e-01
1.727689500000000045e-01
1.727689500000000045e-01
1.727689500000000045e-01
1.727689500000000045e-01
1.772759999999999891e-01
1.772759999999999891e-01
1.774484899999999865e-01
1.774484899999999865e-01
1.831822999999999924e-01
1.831822999999999924e-01
1.831822999999999924e-01
1.869117700000000049e-01
1.869117700000000049e-01
1.899833599999999900e-01
1.899833599999999900e-01
1.910706199999999966e-01
1.910706199999999966e-01
1.947344500000000034e-01
1.947344500000000034e-01
1.954310200000000108e-01
1.954310200000000108e-01
1.954310200000000108e-01
1.994287200000000038e-01
1.994287200000000038e-01
2.050553800000000093e-01
2.050553800000000093e-01
2.120339900000000055e-01
2.120339900000000055e-01
2.141358100000000098e-01
2.141358100000000098e-01
2.143227000000000049e-01
2.143227000000000049e-01
2.150556299999999976e-01
2.150556299999999976e-01
2.152205000000000090e-01
2.152205000000000090e-01
2.153173999999999921e-01
2.153173999999999921e-01
2.153487099999999987e-01
2.153487099999999987e-01
2.198066100000000134e-01
2.198066100000000134e-01
2.204479799999999878e-01
2.204479799999999878e-01
2.204479799999999878e-01
2.204479799999999878e-01
2.208118099999999973e-01
2.208118099999999973e-01
2.212813799999999997e-01
2.212813799999999997e-01
2.232844800000000074e-01
2.232844800000000074e-01
2.232844800000000074e-01
2.241541499999999965e-01
2.241541499999999965e-01
2.248946599999999962e-01
2.248946599999999962e-01
2.254589100000000124e-01
2.254589100000000124e-01
2.263804700000000003e-01
2.263804700000000003e-01
2.274877499999999886e-01
2.274877499999999886e-01
2.287184300000000003e-01
2.287184300000000003e-01
2.287184300000000003e-01
2.287184300000000003e-01
2.304093399999999903e-01
2.304093399999999903e-01
2.308919799999999967e-01
2.308919799999999967e-01
2.367194499999999979e-01
2.367194499999999979e-01
2.375039899999999982e-01
2.375039899999999982e-01
2.414620000000000100e-01
2.414620000000000100e-01
2.419500699999999893e-01
2.419500699999999893e-01
2.459385000000000043e-01
2.459385000000000043e-01
2.466798000000000046e-01
2.466798000000000046e-01
2.496827899999999878e-01
2.496827899999999878e-01
2.499937399999999921e-01
2.499937399999999921e-01
2.511198499999999778e-01
2.511198499999999778e-01
2.525517500000000193e-01
2.525517500000000193e-01
2.540700399999999970e-01
2.540700399999999970e-01
2.692266099999999773e-01
2.692266099999999773e-01
2.728453499999999865e-01
2.728453499999999865e-01
2.734994099999999984e-01
2.734994099999999984e-01
2.765087299999999804e-01
2.765087299999999804e-01
2.853883700000000023e-01
2.853883700000000023e-01
2.891389300000000162e-01
2.891389300000000162e-01
2.957270499999999913e-01
2.957270499999999913e-01
3.056064800000000137e-01
3.056064800000000137e-01
3.062416800000000161e-01
3.062416800000000161e-01
3.087983300000000098e-01
3.087983300000000098e-01
3.105717900000000142e-01
3.105717900000000142e-01
3.118705900000000031e-01
3.118705900000000031e-01
3.121776600000000235e-01
3.121776600000000235e-01
3.133218199999999731e-01
3.133218199999999731e-01
3.133218199999999731e-01
3.189656399999999947e-01
3.189656399999999947e-01
3.189656399999999947e-01
3.213056799999999824e-01
3.213056799999999824e-01
3.220745600000000097e-01
3.220745600000000097e-01
3.220745600000000097e-01
3.257065299999999941e-01
3.257065299999999941e-01
3.301244700000000032e-01
3.301244700000000032e-01
3.303362799999999821e-01
3.303362799999999821e-01
3.325207900000000105e-01
3.325207900000000105e-01
3.325207900000000105e-01
3.326221799999999895e-01
3.326221799999999895e-01
3.327096900000000024e-01
3.327096900000000024e-01
3.342292700000000227e-01
3.342292700000000227e-01
3.350862000000000007e-01
3.350862000000000007e-01
3.368754500000000207e-01
3.368754500000000207e-01
3.371206199999999820e-01
3.371206199999999820e-01
3.382534200000000268e-01
3.382534200000000268e-01
3.438688699999999931e-01
3.438688699999999931e-01
3.451412899999999895e-01
3.451412899999999895e-01
3.454687399999999964e-01
3.454687399999999964e-01
3.469072400000000056e-01
3.469072400000000056e-01
3.475676300000000163e-01
3.475676300000000163e-01
3.493744699999999925e-01
3.493744699999999925e-01
3.520959900000000253e-01
3.520959900000000253e-01
3.612029500000000226e-01
3.612029500000000226e-01
3.612123899999999943e-01
3.612123899999999943e-01
3.625062900000000088e-01
3.625062900000000088e-01
3.660391000000000061e-01
3.660391000000000061e-01
3.690950499999999801e-01
3.690950499999999801e-01
3.717956199999999933e-01
3.717956199999999933e-01
3.718240800000000013e-01
3.718240800000000013e-01
3.739995500000000139e-01
3.739995500000000139e-01
3.749225999999999948e-01
3.749225999999999948e-01
3.760739499999999902e-01
3.760739499999999902e-01
3.769532899999999964e-01
3.769532899999999964e-01
3.773635399999999973e-01
3.773635399999999973e-01
3.777474900000000191e-01
3.777474900000000191e-01
3.788433800000000073e-01
3.788433800000000073e-01
3.797716500000000162e-01
3.797716500000000162e-01
3.800680200000000064e-01
3.800680200000000064e-01
3.800680200000000064e-01
3.809663500000000091e-01
3.809663500000000091e-01
3.812004099999999895e-01
3.812004099999999895e-01
3.815313200000000071e-01
3.815313200000000071e-01
3.821947900000000065e-01
3.821947900000000065e-01
3.839008500000000157e-01
3.839008500000000157e-01
3.849702099999999794e-01
3.849702099999999794e-01
3.863053300000000023e-01
3.863053300000000023e-01
3.872729699999999942e-01
3.872729699999999942e-01
3.872729699999999942e-01
3.882350700000000154e-01
3.882350700000000154e-01
3.885093499999999755e-01
3.885093499999999755e-01
3.885093499999999755e-01
3.923318900000000164e-01
3.923318900000000164e-01
4.014817500000000261e-01
4.014817500000000261e-01
4.028630200000000161e-01
4.028630200000000161e-01
4.029134699999999958e-01
4.029134699999999958e-01
4.053093999999999864e-01
4.053093999999999864e-01
4.055387999999999771e-01
4.055387999999999771e-01
4.076033800000000151e-01
4.076033800000000151e-01
4.081234699999999882e-01
4.081234699999999882e-01
4.081234699999999882e-01
4.094505500000000242e-01
4.094505500000000242e-01
4.100413099999999922e-01
4.100413099999999922e-01
4.101583599999999996e-01
4.101583699999999943e-01
4.126973999999999920e-01
4.126973999999999920e-01
4.211277099999999884e-01
4.211277099999999884e-01
4.222609600000000185e-01
4.222609600000000185e-01
4.222609600000000185e-01
4.245591400000000015e-01
4.245591400000000015e-01
4.292310599999999976e-01
4.292310599999999976e-01
4.325414799999999782e-01
4.325414799999999782e-01
4.391054799999999925e-01
4.391054799999999925e-01
4.414551700000000078e-01
4.414551700000000078e-01
4.444430200000000220e-01
4.444430200000000220e-01
4.462220900000000157e-01
4.462220900000000157e-01
4.467382100000000245e-01
4.467382100000000245e-01
4.606453500000000090e-01
4.606453500000000090e-01
4.643093799999999938e-01
4.643093799999999938e-01
4.645007099999999833e-01
4.645007099999999833e-01
4.694012799999999763e-01
4.694012799999999763e-01
4.767130500000000271e-01
4.767130500000000271e-01
4.767130500000000271e-01
4.767130500000000271e-01
4.774383799999999956e-01
4.774383799999999956e-01
4.774433100000000096e-01
4.774433100000000096e-01
4.794275399999999854e-01
4.794275399999999854e-01
4.802800099999999794e-01
4.802800099999999794e-01
4.812710000000000043e-01
4.812710000000000043e-01
4.815925400000000134e-01
4.815925400000000134e-01
4.939916999999999780e-01
4.939916999999999780e-01
4.973703600000000113e-01
4.973703600000000113e-01
5.049590099999999859e-01
5.049590099999999859e-01
5.114567300000000261e-01
5.114567300000000261e-01
5.182104899999999681e-01
5.182104899999999681e-01
5.197640300000000435e-01
5.197640300000000435e-01
5.220135399999999981e-01
5.220135399999999981e-01
5.240559099999999582e-01
5.240559099999999582e-01
5.687029900000000193e-01
5.687029900000000193e-01
5.687787499999999996e-01
5.687923099999999677e-01
5.691768099999999775e-01
5.691789000000000431e-01
5.699583599999999972e-01
5.699584899999999843e-01
5.702198000000000544e-01
5.702228900000000378e-01
5.706624999999999615e-01
5.706714600000000193e-01
5.786035999999999957e-01
5.786035999999999957e-01
5.823546899999999527e-01
5.823546899999999527e-01
6.058632400000000251e-01
6.058632400000000251e-01
6.094775900000000135e-01
6.094775900000000135e-01
6.099539400000000278e-01
6.099539400000000278e-01
6.261676999999999937e-01
6.261676999999999937e-01
6.439059599999999994e-01
6.439059599999999994e-01
6.507065199999999550e-01
6.507065199999999550e-01
6.746632000000000184e-01
6.746632000000000184e-01
6.853310200000000130e-01
6.853310200000000130e-01
6.870905800000000063e-01
6.870905800000000063e-01
7.072070900000000382e-01
7.072070900000000382e-01
7.188464199999999860e-01
7.188464199999999860e-01
7.274949600000000238e-01
7.274949600000000238e-01
7.383462600000000320e-01
7.383462600000000320e-01
7.399524499999999838e-01
7.399524499999999838e-01
7.458312700000000461e-01
7.458312700000000461e-01
7.639375400000000260e-01
7.639375400000000260e-01
7.713547800000000176e-01
7.713547800000000176e-01
7.756481800000000204e-01
7.756481800000000204e-01
7.884488099999999999e-01
7.884488099999999999e-01
7.896229700000000351e-01
7.896229700000000351e-01
7.900674300000000150e-01
7.900674300000000150e-01
7.949614600000000086e-01
7.949614600000000086e-01
7.990417699999999845e-01
7.990417699999999845e-01
8.008925399999999861e-01
8.008925399999999861e-01
8.011860899999999619e-01
8.012153899999999718e-01
8.031896899999999562e-01
8.031896899999999562e-01
8.098399200000000464e-01
8.098399200000000464e-01
8.146557800000000515e-01
8.146557800000000515e-01
8.150187399999999638e-01
8.150187500000000140e-01
8.176977500000000010e-01
8.176986800000000111e-01
8.182494500000000448e-01
8.182564900000000030e-01
8.185586999999999724e-01
8.283936400000000422e-01
8.320750099999999483e-01
8.320750099999999483e-01
8.328432399999999847e-01
8.328432399999999847e-01
8.374647899999999590e-01
8.374647899999999590e-01
8.421105800000000530e-01
8.421105800000000530e-01
8.501599899999999765e-01
8.501599899999999765e-01
8.564051200000000197e-01
8.564051200000000197e-01
8.605176500000000228e-01
8.605176500000000228e-01
8.621633699999999845e-01
8.621633699999999845e-01
8.696482899999999905e-01
8.696482899999999905e-01
8.696482899999999905e-01
8.696482899999999905e-01
8.839576700000000287e-01
8.839576700000000287e-01
8.848965100000000250e-01
8.848965199999999642e-01
8.909978600000000304e-01
8.909978600000000304e-01
8.927072499999999522e-01
8.927072499999999522e-01
8.927332599999999729e-01
8.927333200000000524e-01
8.930493499999999640e-01
8.930882100000000490e-01
8.931401399999999713e-01
8.931417400000000173e-01
8.937615599999999549e-01
8.937615800000000554e-01
8.940778999999999810e-01
8.940778999999999810e-01
8.946467399999999959e-01
8.946475299999999686e-01
8.949070999999999554e-01
8.949070999999999554e-01
8.951170499999999697e-01
8.951251099999999461e-01
8.951345099999999944e-01
8.951346799999999604e-01
8.960512000000000477e-01
8.960512000000000477e-01
8.960739199999999682e-01
8.960793700000000417e-01
8.960903999999999536e-01
8.960925899999999666e-01
8.965510599999999553e-01
8.965511299999999739e-01
8.967645100000000147e-01
8.967645600000000439e-01
8.972539899999999458e-01
8.972541400000000333e-01
8.977806699999999474e-01
8.977888899999999506e-01
8.980986699999999878e-01
8.981044599999999933e-01
8.983478999999999770e-01
8.983478999999999770e-01
8.986202100000000303e-01
8.986255199999999554e-01
8.987036999999999942e-01
8.987036999999999942e-01
9.027330199999999971e-01
9.027330199999999971e-01
9.067823999999999884e-01
9.067823999999999884e-01
9.084115900000000465e-01
9.084115900000000465e-01
9.140278800000000148e-01
9.176448600000000067e-01
9.176448600000000067e-01
9.197606200000000287e-01
9.197606200000000287e-01
9.309922099999999867e-01
9.309922099999999867e-01
9.372939500000000423e-01
9.372939500000000423e-01
9.376879799999999765e-01
9.376879799999999765e-01
9.407904799999999845e-01
9.407904799999999845e-01
9.407904799999999845e-01
9.428739900000000507e-01
9.428739900000000507e-01
9.432218100000000494e-01
9.432218100000000494e-01
9.512524300000000377e-01
9.512524300000000377e-01
9.543080800000000030e-01
9.543080800000000030e-01
9.629215700000000044e-01
9.629215700000000044e-01
9.683764500000000552e-01
9.683764500000000552e-01
9.701492499999999630e-01
9.701492499999999630e-01
9.701950400000000085e-01
9.701950400000000085e-01
9.713129200000000241e-01
9.713129200000000241e-01
9.717738099999999601e-01
9.717738099999999601e-01
9.723676399999999775e-01
9.723676399999999775e-01
9.741902599999999746e-01
9.741902599999999746e-01
9.808449099999999587e-01
9.808449099999999587e-01
9.833051299999999717e-01
9.833051400000000219e-01
9.839368099999999950e-01
9.839368099999999950e-01
9.877574399999999866e-01
9.877574399999999866e-01
9.889987900000000165e-01
9.889987900000000165e-01
9.921652399999999483e-01
9.921652399999999483e-01
9.925102399999999880e-01
9.925102399999999880e-01
1.003624000000000072e+00
1.003624000000000072e+00
1.003695999999999922e+00
1.003695999999999922e+00
1.003808800000000057e+00
1.003808800000000057e+00
1.004597799999999985e+00
1.004597799999999985e+00
1.005388500000000018e+00
1.005388500000000018e+00
1.011076800000000109e+00
1.011076800000000109e+00
1.011429300000000087e+00
1.011429300000000087e+00
1.011895599999999895e+00
1.011925399999999975e+00
1.012184600000000101e+00
1.012184600000000101e+00
1.012606700000000082e+00
1.012606700000000082e+00
1.014037300000000030e+00
1.014037300000000030e+00
1.016052500000000025e+00
1.016052500000000025e+00
1.017313499999999982e+00
1.017313499999999982e+00
1.017647200000000085e+00
1.017647200000000085e+00
1.018714700000000084e+00
1.018722200000000022e+00
1.018767100000000037e+00
1.018767100000000037e+00
1.019429700000000105e+00
1.019429799999999942e+00
1.019566500000000042e+00
1.019568500000000100e+00
1.020245099999999905e+00
1.020245400000000080e+00
1.020499100000000103e+00
1.020499800000000068e+00
1.021109000000000044e+00
1.021109199999999939e+00
1.021433100000000094e+00
1.021433100000000094e+00
1.022073199999999904e+00
1.022073500000000079e+00
1.022396499999999930e+00
1.022396499999999930e+00
1.027512299999999934e+00
1.027512299999999934e+00
1.031859400000000093e+00
1.031859400000000093e+00
1.033950799999999948e+00
1.033950799999999948e+00
1.036386999999999947e+00
1.036386999999999947e+00
1.036818999999999935e+00
1.036818999999999935e+00
1.047112400000000054e+00
1.047112400000000054e+00
1.047653500000000015e+00
1.047653500000000015e+00
1.053172500000000067e+00
1.053172500000000067e+00
1.054792799999999975e+00
1.054792799999999975e+00
1.056598099999999985e+00
1.056598099999999985e+00
1.058804199999999973e+00
1.058804199999999973e+00
1.062212399999999946e+00
1.062212399999999946e+00
1.062215600000000038e+00
1.062215600000000038e+00
1.063406599999999980e+00
1.063406599999999980e+00
1.094744799999999962e+00
1.094744799999999962e+00
1.100064200000000048e+00
1.100064200000000048e+00
1.103196400000000077e+00
1.103196400000000077e+00
1.109349499999999988e+00
1.109349499999999988e+00
1.110301900000000064e+00
1.110301900000000064e+00
1.110421899999999962e+00
1.110421899999999962e+00
1.112647600000000070e+00
1.112647600000000070e+00
1.113179399999999930e+00
1.113179399999999930e+00
1.116691600000000006e+00
1.116691600000000006e+00
1.119563199999999981e+00
1.119563199999999981e+00
1.141686200000000095e+00
1.141686200000000095e+00
1.142977099999999968e+00
1.142977099999999968e+00
1.145909700000000031e+00
1.145909700000000031e+00
1.149282899999999996e+00
1.149282899999999996e+00
1.153111800000000020e+00
1.190249300000000066e+00
1.190249300000000066e+00
1.201886100000000068e+00
1.201886100000000068e+00
1.201886100000000068e+00
1.205654999999999921e+00
1.205654999999999921e+00
1.205691499999999916e+00
1.205692100000000044e+00
1.205734000000000083e+00
1.205734300000000037e+00
1.205858799999999897e+00
1.205858899999999956e+00
1.205865500000000035e+00
1.205865900000000046e+00
1.205865900000000046e+00
1.207126900000000003e+00
1.207126900000000003e+00
1.207966400000000107e+00
1.207966400000000107e+00
1.208061599999999958e+00
1.208061599999999958e+00
1.211950499999999931e+00
1.211950499999999931e+00
1.216361100000000084e+00
1.216361100000000084e+00
1.217190500000000064e+00
1.217190500000000064e+00
1.218318100000000070e+00
1.218318100000000070e+00
1.228352600000000017e+00
1.228352600000000017e+00
1.232668600000000003e+00
1.232668600000000003e+00
1.232996200000000098e+00
1.232996200000000098e+00
1.237310399999999921e+00
1.237310399999999921e+00
1.238925099999999890e+00
1.238925099999999890e+00
1.254544199999999998e+00
1.254544199999999998e+00
1.256567599999999896e+00
1.256567599999999896e+00
1.257018500000000039e+00
1.257018500000000039e+00
1.257814699999999952e+00
1.257814699999999952e+00
1.257814699999999952e+00
1.259035399999999916e+00
1.259035399999999916e+00
1.260635900000000031e+00
1.260635900000000031e+00
1.267597400000000096e+00
1.267597400000000096e+00
1.268104499999999968e+00
1.268104499999999968e+00
1.269712600000000080e+00
1.269712600000000080e+00
1.272153700000000054e+00
1.272153700000000054e+00
1.273998100000000022e+00
1.273998100000000022e+00
1.274125399999999964e+00
1.274127199999999904e+00
1.274136600000000064e+00
1.274137000000000075e+00
1.274158700000000088e+00
1.274158799999999925e+00
1.274269499999999944e+00
1.274270900000000095e+00
1.274280000000000079e+00
1.274280000000000079e+00
1.274294100000000096e+00
1.274298099999999989e+00
1.274321999999999955e+00
1.274329999999999963e+00
1.274365200000000087e+00
1.274366799999999911e+00
1.274414900000000017e+00
1.274415199999999970e+00
1.274516800000000005e+00
1.274517099999999958e+00
1.274518400000000051e+00
1.274518400000000051e+00
1.274521299999999968e+00
1.274521400000000027e+00
1.274617799999999912e+00
1.274618500000000099e+00
1.274680899999999895e+00
1.274681399999999964e+00
1.274686399999999997e+00
1.275098300000000018e+00
1.275098300000000018e+00
1.275098300000000018e+00
1.277956700000000057e+00
1.277956700000000057e+00
1.281880200000000025e+00
1.281880200000000025e+00
1.284416999999999920e+00
1.284416999999999920e+00
1.289817599999999898e+00
1.289817599999999898e+00
1.301507600000000098e+00
1.301507600000000098e+00
1.306199099999999946e+00
1.306199099999999946e+00
1.309843599999999997e+00
1.309843599999999997e+00
1.313336800000000082e+00
1.313336800000000082e+00
1.323129299999999953e+00
1.323129299999999953e+00
1.324626899999999941e+00
1.324626899999999941e+00
1.326450099999999965e+00
1.326450099999999965e+00
1.327146299999999890e+00
1.327146299999999890e+00
1.327698299999999998e+00
1.327698299999999998e+00
1.333488000000000007e+00
1.333488000000000007e+00
1.337303399999999920e+00
1.337303399999999920e+00
1.342740100000000103e+00
1.342740100000000103e+00
1.342740100000000103e+00
1.342740100000000103e+00
1.348204100000000016e+00
1.348204100000000016e+00
1.350117800000000035e+00
1.350117800000000035e+00
1.351561199999999907e+00
1.351561199999999907e+00
1.354872499999999924e+00
1.354872499999999924e+00
1.356010500000000008e+00
1.356010500000000008e+00
1.357020099999999951e+00
1.357020099999999951e+00
1.360025899999999899e+00
1.360025899999999899e+00
1.360210399999999931e+00
1.360210399999999931e+00
1.366084899999999935e+00
1.366084899999999935e+00
1.369444300000000059e+00
1.369444300000000059e+00
1.370546800000000065e+00
1.370546800000000065e+00
1.374978899999999893e+00
1.374978899999999893e+00
1.383015300000000058e+00
1.383015300000000058e+00
1.388159099999999979e+00
1.388159099999999979e+00
1.388314400000000060e+00
1.388314400000000060e+00
1.388844299999999921e+00
1.388844299999999921e+00
1.388844299999999921e+00
1.388844299999999921e+00
1.409756900000000091e+00
1.409756900000000091e+00
1.410018699999999958e+00
1.410018699999999958e+00
1.410745499999999986e+00
1.410745499999999986e+00
1.410745499999999986e+00
1.410745499999999986e+00
1.412042100000000078e+00
1.412042100000000078e+00
1.412080599999999908e+00
1.419390300000000105e+00
1.419390300000000105e+00
1.419795799999999941e+00
1.419796599999999964e+00
1.424245699999999948e+00
1.424245699999999948e+00
1.432355000000000045e+00
1.432355000000000045e+00
1.442950299999999908e+00
1.442950299999999908e+00
1.443230800000000036e+00
1.443230800000000036e+00
1.444287000000000099e+00
1.444287000000000099e+00
1.445076299999999980e+00
1.445076299999999980e+00
1.447891400000000051e+00
1.447891400000000051e+00
1.448644000000000043e+00
1.448644000000000043e+00
1.452085899999999929e+00
1.452085899999999929e+00
1.452909000000000006e+00
1.452909000000000006e+00
1.453329400000000104e+00
1.453329400000000104e+00
1.453412499999999996e+00
1.453412499999999996e+00
1.453449500000000061e+00
1.453449500000000061e+00
1.453751999999999933e+00
1.453751999999999933e+00
1.454800499999999941e+00
1.454800499999999941e+00
1.454804299999999939e+00
1.454804299999999939e+00
1.455379399999999990e+00
1.455379399999999990e+00
1.458545100000000039e+00
1.458545100000000039e+00
1.459445799999999904e+00
1.459445799999999904e+00
1.464047000000000098e+00
1.464047000000000098e+00
1.467120299999999933e+00
1.467120299999999933e+00
1.468382000000000076e+00
1.468382000000000076e+00
1.468818399999999968e+00
1.468818399999999968e+00
1.468848200000000048e+00
1.468848200000000048e+00
1.469595100000000043e+00
1.469595100000000043e+00
1.471133100000000082e+00
1.471133100000000082e+00
1.471133100000000082e+00
1.471133100000000082e+00
1.473939000000000110e+00
1.473939000000000110e+00
