# t	msd	err
9.999999999999974136e-07 1.649061300597336022e+00 1.117897471309502004e-02
2.000000000000001180e-06 1.650716318384055192e+00 1.169332448838820634e-02
3.496418109573914413e-06 1.658249954425343065e+00 8.191983884756818060e-03
5.987640719522382233e-06 1.680837126140464655e+00 6.997232974292318629e-03
9.951892597426866167e-06 1.537680459976224601e+00 5.318489320968297976e-03
1.664622479475135879e-05 1.604454821313389568e+00 4.656775363070185178e-03
2.679159172821617119e-05 1.654440779556274110e+00 4.407461315748520750e-03
4.297059048903919263e-05 1.641247237059010988e+00 5.293074192118144353e-03
6.919777473303019230e-05 1.828222401521564899e+00 1.073310106811170735e-02
1.195921960762977521e-04 3.319271731012216176e+00 1.520366803516370185e-02
1.909921627066256151e-04 3.742347705101759736e+00 1.328710659544291538e-02
3.130117514720247730e-04 7.518651652121295825e+00 4.472539771863507339e-03
4.992277406602505614e-04 1.313322047597318765e+01 2.868604209033839489e-02
9.590608316640507466e-04 1.476992901431233385e+01 2.901600630202096076e-02
1.516020890041589993e-03 1.991881127905850235e+01 1.940815932197894819e-02
2.535893059564242862e-03 4.076355530450009468e+01 2.558097361491259991e-02
3.986181782612691765e-03 9.240552718838989676e+01 5.706603958240575453e-02
6.840164811810944129e-03 6.477950091394686183e+01 4.604352626401241738e-02
1.071447940790626677e-02 1.469798794111481186e+02 4.067979639337485770e-02
