# t	msd	err
9.999999999999447786e-15 1.146316284574226546e-01 1.334638400150177200e-02
2.454545454545508486e-14 1.124643194447777772e-01 1.000773889070990727e-02
4.382352941176354913e-14 1.470393526059902978e-01 1.699939120556388100e-02
7.889908256880711894e-14 1.803683617255732730e-01 1.165043374388051792e-02
1.463276836158188639e-13 2.191733288425206094e-01 1.239530620604981440e-02
2.787147335423201182e-13 2.516427928435943095e-01 1.054873885492883974e-02
4.992558983666064617e-13 3.543368214640422176e-01 1.039731148122782778e-02
9.097477295660966927e-13 4.626554639849398964e-01 9.735906367455722868e-03
1.651196933962267388e-12 6.219848478484094612e-01 1.162249495394421933e-02
2.998834516249527560e-12 8.005403462417914895e-01 1.305554905859692034e-02
5.403928758512300066e-12 1.399842386925786109e+00 1.536092390555694395e-02
9.720061892130859551e-12 2.499308631778240031e+00 2.241133070823266710e-02
1.812286428571414193e-11 3.979425878691673635e+00 2.009996092120850536e-02
2.960881021121427482e-11 5.026566477159847501e+00 1.812115892310497967e-02
5.267777067802540582e-11 5.534140881178318594e+00 2.036414102242040114e-02
