# Barrier Energy Step Time
0.000000000000000000e+00 -2.134612000000000080e+03 0.000000000000000000e+00 0.000000000000000000e+00
1.829999999999999960e-01 -2.136378000000000156e+03 5.000000000000000000e-01 2.779000000000000074e-13
0.000000000000000000e+00 -2.136561000000000149e+03 1.000000000000000000e+00 2.779000000000000074e-13
2.969999999999999862e-01 -2.138215999999999894e+03 1.500000000000000000e+00 3.895999999999999757e-13
0.000000000000000000e+00 -2.138514000000000124e+03 2.000000000000000000e+00 3.895999999999999757e-13
3.780000000000000027e-01 -2.140199000000000069e+03 2.500000000000000000e+00 1.656999999999999907e-12
0.000000000000000000e+00 -2.140577000000000226e+03 3.000000000000000000e+00 1.656999999999999907e-12
4.400000000000000022e-01 -2.141976000000000113e+03 3.500000000000000000e+00 8.701000000000000184e-12
0.000000000000000000e+00 -2.142416000000000167e+03 4.000000000000000000e+00 8.701000000000000184e-12
1.020000000000000018e+00 -2.141376000000000204e+03 4.500000000000000000e+00 5.941000000000000474e-10
0.000000000000000000e+00 -2.142396000000000186e+03 5.000000000000000000e+00 5.941000000000000474e-10
9.849999999999999867e-01 -2.141434999999999945e+03 5.500000000000000000e+00 6.122999999999999639e-09
0.000000000000000000e+00 -2.142418999999999869e+03 6.000000000000000000e+00 6.122999999999999639e-09
1.008999999999999897e+00 -2.141387000000000171e+03 6.500000000000000000e+00 6.621000000000000194e-09
0.000000000000000000e+00 -2.142396000000000186e+03 7.000000000000000000e+00 6.621000000000000194e-09
9.849999999999999867e-01 -2.141434999999999945e+03 7.500000000000000000e+00 2.403000000000000077e-08
0.000000000000000000e+00 -2.142418999999999869e+03 8.000000000000000000e+00 2.403000000000000077e-08
1.008999999999999897e+00 -2.141387000000000171e+03 8.500000000000000000e+00 3.022000000000000194e-08
0.000000000000000000e+00 -2.142396000000000186e+03 9.000000000000000000e+00 3.022000000000000194e-08
9.849999999999999867e-01 -2.141434999999999945e+03 9.500000000000000000e+00 5.104999999999999721e-08
0.000000000000000000e+00 -2.142418999999999869e+03 1.000000000000000000e+01 5.104999999999999721e-08
1.008999999999999897e+00 -2.141387000000000171e+03 1.050000000000000000e+01 5.275999999999999731e-08
0.000000000000000000e+00 -2.142396000000000186e+03 1.100000000000000000e+01 5.275999999999999731e-08
9.849999999999999867e-01 -2.141434999999999945e+03 1.150000000000000000e+01 6.492999999999999974e-08
0.000000000000000000e+00 -2.142418999999999869e+03 1.200000000000000000e+01 6.492999999999999974e-08
1.008999999999999897e+00 -2.141387000000000171e+03 1.250000000000000000e+01 6.976999999999999543e-08
0.000000000000000000e+00 -2.142396000000000186e+03 1.300000000000000000e+01 6.976999999999999543e-08
9.849999999999999867e-01 -2.141434999999999945e+03 1.350000000000000000e+01 7.553000000000000201e-08
0.000000000000000000e+00 -2.142418999999999869e+03 1.400000000000000000e+01 7.553000000000000201e-08
1.008999999999999897e+00 -2.141387000000000171e+03 1.450000000000000000e+01 8.059999999999999381e-08
0.000000000000000000e+00 -2.142396000000000186e+03 1.500000000000000000e+01 8.059999999999999381e-08
9.849999999999999867e-01 -2.141434999999999945e+03 1.550000000000000000e+01 1.186000000000000032e-07
0.000000000000000000e+00 -2.142420000000000073e+03 1.600000000000000000e+01 1.186000000000000032e-07
1.008999999999999897e+00 -2.141387000000000171e+03 1.650000000000000000e+01 1.246999999999999983e-07
0.000000000000000000e+00 -2.142396000000000186e+03 1.700000000000000000e+01 1.246999999999999983e-07
9.849999999999999867e-01 -2.141434999999999945e+03 1.750000000000000000e+01 1.263000000000000126e-07
0.000000000000000000e+00 -2.142420000000000073e+03 1.800000000000000000e+01 1.263000000000000126e-07
1.270999999999999908e+00 -2.141463999999999942e+03 1.850000000000000000e+01 1.305999999999999915e-07
0.000000000000000000e+00 -2.142735000000000127e+03 1.900000000000000000e+01 1.305999999999999915e-07
8.100000000000000533e-01 -2.143166000000000167e+03 1.950000000000000000e+01 1.336000000000000052e-07
0.000000000000000000e+00 -2.143976000000000113e+03 2.000000000000000000e+01 1.336000000000000052e-07
2.091000000000000192e+00 -2.140472999999999956e+03 2.050000000000000000e+01 2.915999999999999864e-05
0.000000000000000000e+00 -2.142563999999999851e+03 2.100000000000000000e+01 2.915999999999999864e-05
6.400000000000000133e-01 -2.143438999999999851e+03 2.150000000000000000e+01 2.915999999999999864e-05
0.000000000000000000e+00 -2.144079000000000178e+03 2.200000000000000000e+01 2.915999999999999864e-05
1.766999999999999904e+00 -2.140989999999999782e+03 2.250000000000000000e+01 1.604999999999999981e-04
0.000000000000000000e+00 -2.142757000000000062e+03 2.300000000000000000e+01 1.604999999999999981e-04
6.700000000000000400e-01 -2.141726999999999862e+03 2.350000000000000000e+01 1.604999999999999981e-04
0.000000000000000000e+00 -2.142398000000000138e+03 2.400000000000000000e+01 1.604999999999999981e-04
3.109999999999999987e-01 -2.142445000000000164e+03 2.450000000000000000e+01 1.604999999999999981e-04
0.000000000000000000e+00 -2.142757000000000062e+03 2.500000000000000000e+01 1.604999999999999981e-04
4.269999999999999907e-01 -2.143659999999999854e+03 2.550000000000000000e+01 1.604999999999999981e-04
0.000000000000000000e+00 -2.144085999999999785e+03 2.600000000000000000e+01 1.604999999999999981e-04
2.057999999999999829e+00 -2.140510000000000218e+03 2.650000000000000000e+01 1.701999999999999900e-04
0.000000000000000000e+00 -2.142568999999999960e+03 2.700000000000000000e+01 1.701999999999999900e-04
5.689999999999999503e-01 -2.143568999999999960e+03 2.750000000000000000e+01 1.701999999999999900e-04
0.000000000000000000e+00 -2.144137999999999920e+03 2.800000000000000000e+01 1.701999999999999900e-04
1.889999999999999902e+00 -2.140829000000000178e+03 2.850000000000000000e+01 2.396999999999999988e-04
0.000000000000000000e+00 -2.142719000000000051e+03 2.900000000000000000e+01 2.396999999999999988e-04
4.650000000000000244e-01 -2.143675999999999931e+03 2.950000000000000000e+01 2.396999999999999988e-04
0.000000000000000000e+00 -2.144141000000000076e+03 3.000000000000000000e+01 2.396999999999999988e-04
2.080999999999999961e+00 -2.140773999999999887e+03 3.050000000000000000e+01 2.605999999999999918e-04
0.000000000000000000e+00 -2.142853999999999814e+03 3.100000000000000000e+01 2.605999999999999918e-04
5.060000000000000053e-01 -2.143728000000000065e+03 3.150000000000000000e+01 2.605999999999999918e-04
0.000000000000000000e+00 -2.144233999999999924e+03 3.200000000000000000e+01 2.605999999999999918e-04
1.885999999999999899e+00 -2.140969000000000051e+03 3.250000000000000000e+01 4.426000000000000247e-04
0.000000000000000000e+00 -2.142853999999999814e+03 3.300000000000000000e+01 4.426000000000000247e-04
5.330000000000000293e-01 -2.143608000000000175e+03 3.350000000000000000e+01 4.426000000000000247e-04
0.000000000000000000e+00 -2.144141000000000076e+03 3.400000000000000000e+01 4.426000000000000247e-04
1.899000000000000021e+00 -2.140818000000000211e+03 3.450000000000000000e+01 4.464000000000000086e-04
0.000000000000000000e+00 -2.142717000000000098e+03 3.500000000000000000e+01 4.464000000000000086e-04
4.640000000000000235e-01 -2.143677999999999884e+03 3.550000000000000000e+01 4.464000000000000086e-04
0.000000000000000000e+00 -2.144141999999999825e+03 3.600000000000000000e+01 4.464000000000000086e-04
2.133999999999999897e+00 -2.140572999999999865e+03 3.650000000000000000e+01 4.776000000000000080e-04
0.000000000000000000e+00 -2.142708000000000084e+03 3.700000000000000000e+01 4.776000000000000080e-04
6.280000000000000027e-01 -2.141795000000000073e+03 3.750000000000000000e+01 4.776000000000000080e-04
0.000000000000000000e+00 -2.142422999999999774e+03 3.800000000000000000e+01 4.776000000000000080e-04
3.430000000000000271e-01 -2.142364000000000033e+03 3.850000000000000000e+01 4.776000000000000080e-04
0.000000000000000000e+00 -2.142708000000000084e+03 3.900000000000000000e+01 4.776000000000000080e-04
4.570000000000000173e-01 -2.143695000000000164e+03 3.950000000000000000e+01 4.776000000000000080e-04
0.000000000000000000e+00 -2.144152000000000044e+03 4.000000000000000000e+01 4.776000000000000080e-04
1.909000000000000030e+00 -2.140932999999999993e+03 4.050000000000000000e+01 4.782000000000000226e-04
0.000000000000000000e+00 -2.142842000000000098e+03 4.100000000000000000e+01 4.782000000000000226e-04
5.020000000000000018e-01 -2.143728999999999814e+03 4.150000000000000000e+01 4.782000000000000226e-04
0.000000000000000000e+00 -2.144231000000000222e+03 4.200000000000000000e+01 4.782000000000000226e-04
2.060000000000000053e+00 -2.140512999999999920e+03 4.250000000000000000e+01 7.165999999999999627e-04
0.000000000000000000e+00 -2.142572999999999865e+03 4.300000000000000000e+01 7.165999999999999627e-04
4.119999999999999774e-01 -2.143818999999999960e+03 4.350000000000000000e+01 7.165999999999999627e-04
0.000000000000000000e+00 -2.144231000000000222e+03 4.400000000000000000e+01 7.165999999999999627e-04
2.053999999999999826e+00 -2.140797000000000025e+03 4.450000000000000000e+01 7.182000000000000016e-04
0.000000000000000000e+00 -2.142851000000000113e+03 4.500000000000000000e+01 7.182000000000000016e-04
5.340000000000000302e-01 -2.143610999999999876e+03 4.550000000000000000e+01 7.182000000000000016e-04
0.000000000000000000e+00 -2.144144999999999982e+03 4.600000000000000000e+01 7.182000000000000016e-04
2.064000000000000057e+00 -2.140436999999999898e+03 4.650000000000000000e+01 8.084999999999999739e-04
0.000000000000000000e+00 -2.142501000000000204e+03 4.700000000000000000e+01 8.084999999999999739e-04
3.699999999999999956e-01 -2.143775999999999840e+03 4.750000000000000000e+01 8.084999999999999739e-04
0.000000000000000000e+00 -2.144146000000000186e+03 4.800000000000000000e+01 8.084999999999999739e-04
1.864999999999999991e+00 -2.140985999999999876e+03 4.850000000000000000e+01 8.553999999999999755e-04
0.000000000000000000e+00 -2.142851000000000113e+03 4.900000000000000000e+01 8.553999999999999755e-04
5.010000000000000009e-01 -2.143731999999999971e+03 4.950000000000000000e+01 8.553999999999999755e-04
0.000000000000000000e+00 -2.144233000000000175e+03 5.000000000000000000e+01 8.553999999999999755e-04
1.883999999999999897e+00 -2.140967000000000098e+03 5.050000000000000000e+01 1.304000000000000038e-03
0.000000000000000000e+00 -2.142851000000000113e+03 5.100000000000000000e+01 1.304000000000000038e-03
5.050000000000000044e-01 -2.143728000000000065e+03 5.150000000000000000e+01 1.304000000000000038e-03
0.000000000000000000e+00 -2.144233000000000175e+03 5.200000000000000000e+01 1.304000000000000038e-03
1.887000000000000011e+00 -2.140963000000000193e+03 5.250000000000000000e+01 1.358999999999999965e-03
0.000000000000000000e+00 -2.142851000000000113e+03 5.300000000000000000e+01 1.358999999999999965e-03
5.010000000000000009e-01 -2.143731999999999971e+03 5.350000000000000000e+01 1.358999999999999965e-03
0.000000000000000000e+00 -2.144233000000000175e+03 5.400000000000000000e+01 1.358999999999999965e-03
2.218999999999999861e+00 -2.140213000000000193e+03 5.450000000000000000e+01 1.378000000000000102e-03
0.000000000000000000e+00 -2.142431000000000040e+03 5.500000000000000000e+01 1.378000000000000102e-03
4.799999999999999822e-01 -2.143438999999999851e+03 5.550000000000000000e+01 1.378000000000000102e-03
0.000000000000000000e+00 -2.143918999999999869e+03 5.600000000000000000e+01 1.378000000000000102e-03
1.842000000000000082e+00 -2.140614000000000033e+03 5.650000000000000000e+01 1.394999999999999973e-03
0.000000000000000000e+00 -2.142454999999999927e+03 5.700000000000000000e+01 1.394999999999999973e-03
3.890000000000000124e-01 -2.143889000000000124e+03 5.750000000000000000e+01 1.394999999999999973e-03
0.000000000000000000e+00 -2.144278999999999996e+03 5.800000000000000000e+01 1.394999999999999973e-03
2.060999999999999943e+00 -2.140835999999999785e+03 5.850000000000000000e+01 1.438000000000000042e-03
0.000000000000000000e+00 -2.142896999999999935e+03 5.900000000000000000e+01 1.438000000000000042e-03
4.819999999999999840e-01 -2.143701000000000022e+03 5.950000000000000000e+01 1.438000000000000042e-03
0.000000000000000000e+00 -2.144182999999999993e+03 6.000000000000000000e+01 1.438000000000000042e-03
1.959000000000000075e+00 -2.140786000000000058e+03 6.050000000000000000e+01 1.476000000000000098e-03
0.000000000000000000e+00 -2.142744999999999891e+03 6.100000000000000000e+01 1.476000000000000098e-03
4.570000000000000173e-01 -2.143737000000000080e+03 6.150000000000000000e+01 1.476000000000000098e-03
0.000000000000000000e+00 -2.144193000000000211e+03 6.200000000000000000e+01 1.476000000000000098e-03
1.905000000000000027e+00 -2.140840000000000146e+03 6.250000000000000000e+01 1.544999999999999932e-03
0.000000000000000000e+00 -2.142744999999999891e+03 6.300000000000000000e+01 1.544999999999999932e-03
4.239999999999999880e-01 -2.143768999999999778e+03 6.350000000000000000e+01 1.544999999999999932e-03
0.000000000000000000e+00 -2.144193000000000211e+03 6.400000000000000000e+01 1.544999999999999932e-03
1.907000000000000028e+00 -2.140978000000000065e+03 6.450000000000000000e+01 1.605000000000000090e-03
0.000000000000000000e+00 -2.142885000000000218e+03 6.500000000000000000e+01 1.605000000000000090e-03
6.460000000000000187e-01 -2.143630999999999858e+03 6.550000000000000000e+01 1.605000000000000090e-03
0.000000000000000000e+00 -2.144277000000000044e+03 6.600000000000000000e+01 1.605000000000000090e-03
1.909999999999999920e+00 -2.140985000000000127e+03 6.650000000000000000e+01 1.631999999999999987e-03
0.000000000000000000e+00 -2.142893999999999778e+03 6.700000000000000000e+01 1.631999999999999987e-03
5.340000000000000302e-01 -2.143650999999999840e+03 6.750000000000000000e+01 1.631999999999999987e-03
0.000000000000000000e+00 -2.144184999999999945e+03 6.800000000000000000e+01 1.631999999999999987e-03
1.824000000000000066e+00 -2.141070000000000164e+03 6.850000000000000000e+01 1.673000000000000008e-03
0.000000000000000000e+00 -2.142893999999999778e+03 6.900000000000000000e+01 1.673000000000000008e-03
5.020000000000000018e-01 -2.143777000000000044e+03 6.950000000000000000e+01 1.673000000000000008e-03
0.000000000000000000e+00 -2.144278999999999996e+03 7.000000000000000000e+01 1.673000000000000008e-03
2.064000000000000057e+00 -2.140550000000000182e+03 7.050000000000000000e+01 1.709999999999999932e-03
0.000000000000000000e+00 -2.142614000000000033e+03 7.100000000000000000e+01 1.709999999999999932e-03
4.149999999999999800e-01 -2.143862999999999829e+03 7.150000000000000000e+01 1.709999999999999932e-03
0.000000000000000000e+00 -2.144277999999999793e+03 7.200000000000000000e+01 1.709999999999999932e-03
1.907999999999999918e+00 -2.140987000000000080e+03 7.250000000000000000e+01 1.975999999999999892e-03
0.000000000000000000e+00 -2.142894999999999982e+03 7.300000000000000000e+01 1.975999999999999892e-03
5.250000000000000222e-01 -2.143753000000000156e+03 7.350000000000000000e+01 1.975999999999999892e-03
0.000000000000000000e+00 -2.144277999999999793e+03 7.400000000000000000e+01 1.975999999999999892e-03
2.125000000000000000e+00 -2.140356000000000222e+03 7.450000000000000000e+01 2.485999999999999929e-03
0.000000000000000000e+00 -2.142481000000000222e+03 7.500000000000000000e+01 2.485999999999999929e-03
3.009999999999999898e-01 -2.142541999999999916e+03 7.550000000000000000e+01 2.485999999999999929e-03
0.000000000000000000e+00 -2.142842999999999847e+03 7.600000000000000000e+01 2.485999999999999929e-03
4.759999999999999787e-01 -2.143719999999999800e+03 7.650000000000000000e+01 2.485999999999999929e-03
0.000000000000000000e+00 -2.144195000000000164e+03 7.700000000000000000e+01 2.485999999999999929e-03
2.371999999999999886e+00 -2.139632000000000062e+03 7.750000000000000000e+01 2.494999999999999822e-03
0.000000000000000000e+00 -2.142003999999999905e+03 7.800000000000000000e+01 2.494999999999999822e-03
1.809999999999999942e-01 -2.144018000000000029e+03 7.850000000000000000e+01 2.494999999999999822e-03
0.000000000000000000e+00 -2.144199000000000069e+03 7.900000000000000000e+01 2.494999999999999822e-03
2.141000000000000014e+00 -2.140052999999999884e+03 7.950000000000000000e+01 2.507999999999999813e-03
0.000000000000000000e+00 -2.142193999999999960e+03 8.000000000000000000e+01 2.507999999999999813e-03
1.360000000000000098e-01 -2.144063999999999851e+03 8.050000000000000000e+01 2.507999999999999813e-03
0.000000000000000000e+00 -2.144201000000000022e+03 8.100000000000000000e+01 2.507999999999999813e-03
1.862000000000000099e+00 -2.140976999999999862e+03 8.150000000000000000e+01 2.579999999999999828e-03
0.000000000000000000e+00 -2.142840000000000146e+03 8.200000000000000000e+01 2.579999999999999828e-03
5.010000000000000009e-01 -2.143695000000000164e+03 8.250000000000000000e+01 2.579999999999999828e-03
0.000000000000000000e+00 -2.144195999999999913e+03 8.300000000000000000e+01 2.579999999999999828e-03
2.404999999999999805e+00 -2.139574000000000069e+03 8.350000000000000000e+01 2.762000000000000132e-03
0.000000000000000000e+00 -2.141978999999999814e+03 8.400000000000000000e+01 2.762000000000000132e-03
3.340000000000000191e-01 -2.143867000000000189e+03 8.450000000000000000e+01 2.762000000000000132e-03
0.000000000000000000e+00 -2.144202000000000226e+03 8.500000000000000000e+01 2.762000000000000132e-03
2.258999999999999897e+00 -2.140217000000000098e+03 8.550000000000000000e+01 2.821999999999999856e-03
0.000000000000000000e+00 -2.142474999999999909e+03 8.600000000000000000e+01 2.821999999999999856e-03
4.959999999999999964e-01 -2.142027999999999793e+03 8.650000000000000000e+01 2.821999999999999856e-03
0.000000000000000000e+00 -2.142523999999999887e+03 8.700000000000000000e+01 2.821999999999999856e-03
4.680000000000000271e-01 -2.143733000000000175e+03 8.750000000000000000e+01 2.821999999999999856e-03
0.000000000000000000e+00 -2.144201000000000022e+03 8.800000000000000000e+01 2.821999999999999856e-03
1.860999999999999988e+00 -2.140978000000000065e+03 8.850000000000000000e+01 2.863999999999999792e-03
0.000000000000000000e+00 -2.142838999999999942e+03 8.900000000000000000e+01 2.863999999999999792e-03
6.099999999999999867e-01 -2.143630000000000109e+03 8.950000000000000000e+01 2.863999999999999792e-03
0.000000000000000000e+00 -2.144240999999999985e+03 9.000000000000000000e+01 2.863999999999999792e-03
2.270000000000000018e+00 -2.140271999999999935e+03 9.050000000000000000e+01 2.919000000000000154e-03
0.000000000000000000e+00 -2.142541999999999916e+03 9.100000000000000000e+01 2.919000000000000154e-03
5.300000000000000266e-01 -2.143777999999999793e+03 9.150000000000000000e+01 2.919000000000000154e-03
0.000000000000000000e+00 -2.144306999999999789e+03 9.200000000000000000e+01 2.919000000000000154e-03
2.173999999999999932e+00 -2.140349999999999909e+03 9.250000000000000000e+01 3.171000000000000207e-03
0.000000000000000000e+00 -2.142523999999999887e+03 9.300000000000000000e+01 3.171000000000000207e-03
3.910000000000000142e-01 -2.143925000000000182e+03 9.350000000000000000e+01 3.171000000000000207e-03
0.000000000000000000e+00 -2.144315999999999804e+03 9.400000000000000000e+01 3.171000000000000207e-03
2.177000000000000046e+00 -2.140380999999999858e+03 9.450000000000000000e+01 3.216000000000000109e-03
0.000000000000000000e+00 -2.142557999999999993e+03 9.500000000000000000e+01 3.216000000000000109e-03
4.199999999999999845e-01 -2.143896999999999935e+03 9.550000000000000000e+01 3.216000000000000109e-03
0.000000000000000000e+00 -2.144317000000000007e+03 9.600000000000000000e+01 3.216000000000000109e-03
2.330999999999999961e+00 -2.139925000000000182e+03 9.650000000000000000e+01 3.219000000000000073e-03
0.000000000000000000e+00 -2.142255999999999858e+03 9.700000000000000000e+01 3.219000000000000073e-03
1.160000000000000059e-01 -2.144204000000000178e+03 9.750000000000000000e+01 3.219000000000000073e-03
0.000000000000000000e+00 -2.144320000000000164e+03 9.800000000000000000e+01 3.219000000000000073e-03
1.999000000000000110e+00 -2.140746999999999844e+03 9.850000000000000000e+01 3.245000000000000055e-03
0.000000000000000000e+00 -2.142746999999999844e+03 9.900000000000000000e+01 3.245000000000000055e-03
4.269999999999999907e-01 -2.143891999999999825e+03 9.950000000000000000e+01 3.245000000000000055e-03
0.000000000000000000e+00 -2.144318999999999960e+03 1.000000000000000000e+02 3.245000000000000055e-03
2.111000000000000210e+00 -2.140233999999999924e+03 1.005000000000000000e+02 3.246000000000000187e-03
0.000000000000000000e+00 -2.142344999999999800e+03 1.010000000000000000e+02 3.246000000000000187e-03
1.370000000000000107e-01 -2.144181000000000040e+03 1.015000000000000000e+02 3.246000000000000187e-03
0.000000000000000000e+00 -2.144318999999999960e+03 1.020000000000000000e+02 3.246000000000000187e-03
2.241999999999999993e+00 -2.140302999999999884e+03 1.025000000000000000e+02 3.321999999999999866e-03
0.000000000000000000e+00 -2.142545000000000073e+03 1.030000000000000000e+02 3.321999999999999866e-03
4.390000000000000013e-01 -2.143536999999999807e+03 1.035000000000000000e+02 3.321999999999999866e-03
0.000000000000000000e+00 -2.143976000000000113e+03 1.040000000000000000e+02 3.321999999999999866e-03
1.796000000000000041e+00 -2.140742999999999938e+03 1.045000000000000000e+02 3.322999999999999999e-03
0.000000000000000000e+00 -2.142539000000000215e+03 1.050000000000000000e+02 3.322999999999999999e-03
3.599999999999999867e-01 -2.143615999999999985e+03 1.055000000000000000e+02 3.322999999999999999e-03
0.000000000000000000e+00 -2.143976000000000113e+03 1.060000000000000000e+02 3.322999999999999999e-03
1.883999999999999897e+00 -2.140490999999999985e+03 1.065000000000000000e+02 3.369000000000000033e-03
0.000000000000000000e+00 -2.142375000000000000e+03 1.070000000000000000e+02 3.369000000000000033e-03
2.839999999999999747e-01 -2.143692000000000007e+03 1.075000000000000000e+02 3.369000000000000033e-03
0.000000000000000000e+00 -2.143976000000000113e+03 1.080000000000000000e+02 3.369000000000000033e-03
2.119000000000000217e+00 -2.142161999999999807e+03 1.085000000000000000e+02 3.374999999999999962e-03
0.000000000000000000e+00 -2.144280999999999949e+03 1.090000000000000000e+02 3.374999999999999962e-03
2.262999999999999901e+00 -2.139989000000000033e+03 1.095000000000000000e+02 3.413999999999999934e-03
0.000000000000000000e+00 -2.142251999999999953e+03 1.100000000000000000e+02 3.413999999999999934e-03
3.479999999999999760e-01 -2.143931999999999789e+03 1.105000000000000000e+02 3.413999999999999934e-03
0.000000000000000000e+00 -2.144280999999999949e+03 1.110000000000000000e+02 3.413999999999999934e-03
1.786999999999999922e+00 -2.141161999999999807e+03 1.115000000000000000e+02 3.418000000000000031e-03
0.000000000000000000e+00 -2.142949000000000069e+03 1.120000000000000000e+02 3.418000000000000031e-03
5.020000000000000018e-01 -2.143777999999999793e+03 1.125000000000000000e+02 3.418000000000000031e-03
0.000000000000000000e+00 -2.144280000000000200e+03 1.130000000000000000e+02 3.418000000000000031e-03
1.790000000000000036e+00 -2.141070000000000164e+03 1.135000000000000000e+02 3.467000000000000030e-03
0.000000000000000000e+00 -2.142860000000000127e+03 1.140000000000000000e+02 3.467000000000000030e-03
3.729999999999999982e-01 -2.142530999999999949e+03 1.145000000000000000e+02 3.467000000000000030e-03
0.000000000000000000e+00 -2.142903999999999996e+03 1.150000000000000000e+02 3.467000000000000030e-03
3.469999999999999751e-01 -2.144288000000000011e+03 1.155000000000000000e+02 3.467000000000000030e-03
0.000000000000000000e+00 -2.144635000000000218e+03 1.160000000000000000e+02 3.467000000000000030e-03
2.165999999999999925e+00 -2.140539000000000215e+03 1.165000000000000000e+02 3.514999999999999895e-03
0.000000000000000000e+00 -2.142704999999999927e+03 1.170000000000000000e+02 3.514999999999999895e-03
1.930000000000000049e-01 -2.144443999999999960e+03 1.175000000000000000e+02 3.514999999999999895e-03
0.000000000000000000e+00 -2.144637000000000171e+03 1.180000000000000000e+02 3.514999999999999895e-03
2.095000000000000195e+00 -2.140775999999999840e+03 1.185000000000000000e+02 3.942000000000000191e-03
0.000000000000000000e+00 -2.142869999999999891e+03 1.190000000000000000e+02 3.942000000000000191e-03
4.229999999999999871e-01 -2.142454999999999927e+03 1.195000000000000000e+02 3.942000000000000191e-03
0.000000000000000000e+00 -2.142876999999999953e+03 1.200000000000000000e+02 3.942000000000000191e-03
5.430000000000000382e-01 -2.144161000000000058e+03 1.205000000000000000e+02 3.942000000000000191e-03
0.000000000000000000e+00 -2.144704000000000178e+03 1.210000000000000000e+02 3.942000000000000191e-03
2.188000000000000167e+00 -2.140777999999999793e+03 1.215000000000000000e+02 4.147999999999999778e-03
0.000000000000000000e+00 -2.142965999999999894e+03 1.220000000000000000e+02 4.147999999999999778e-03
5.180000000000000160e-01 -2.142420999999999822e+03 1.225000000000000000e+02 4.147999999999999778e-03
0.000000000000000000e+00 -2.142940000000000055e+03 1.230000000000000000e+02 4.147999999999999778e-03
3.760000000000000009e-01 -2.142733999999999924e+03 1.235000000000000000e+02 4.147999999999999778e-03
0.000000000000000000e+00 -2.143110000000000127e+03 1.240000000000000000e+02 4.147999999999999778e-03
4.490000000000000102e-01 -2.144148999999999887e+03 1.245000000000000000e+02 4.147999999999999778e-03
0.000000000000000000e+00 -2.144597999999999956e+03 1.250000000000000000e+02 4.147999999999999778e-03
2.379000000000000004e+00 -2.139925000000000182e+03 1.255000000000000000e+02 4.249000000000000173e-03
0.000000000000000000e+00 -2.142302999999999884e+03 1.260000000000000000e+02 4.249000000000000173e-03
1.539999999999999980e-01 -2.144445000000000164e+03 1.265000000000000000e+02 4.249000000000000173e-03
0.000000000000000000e+00 -2.144599000000000160e+03 1.270000000000000000e+02 4.249000000000000173e-03
1.941999999999999948e+00 -2.141166999999999916e+03 1.275000000000000000e+02 4.328000000000000250e-03
0.000000000000000000e+00 -2.143108999999999924e+03 1.280000000000000000e+02 4.328000000000000250e-03
5.090000000000000080e-01 -2.144172000000000025e+03 1.285000000000000000e+02 4.328000000000000250e-03
0.000000000000000000e+00 -2.144681000000000040e+03 1.290000000000000000e+02 4.328000000000000250e-03
2.217000000000000082e+00 -2.140355000000000018e+03 1.295000000000000000e+02 4.447000000000000432e-03
0.000000000000000000e+00 -2.142572999999999865e+03 1.300000000000000000e+02 4.447000000000000432e-03
8.200000000000000344e-02 -2.144601000000000113e+03 1.305000000000000000e+02 4.447000000000000432e-03
0.000000000000000000e+00 -2.144682999999999993e+03 1.310000000000000000e+02 4.447000000000000432e-03
2.197999999999999954e+00 -2.140782000000000153e+03 1.315000000000000000e+02 4.486999999999999669e-03
0.000000000000000000e+00 -2.142980000000000018e+03 1.320000000000000000e+02 4.486999999999999669e-03
6.420000000000000151e-01 -2.142036000000000058e+03 1.325000000000000000e+02 4.486999999999999669e-03
0.000000000000000000e+00 -2.142679000000000087e+03 1.330000000000000000e+02 4.486999999999999669e-03
3.300000000000000155e-01 -2.144353000000000065e+03 1.335000000000000000e+02 4.486999999999999669e-03
0.000000000000000000e+00 -2.144682999999999993e+03 1.340000000000000000e+02 4.486999999999999669e-03
2.148000000000000131e+00 -2.140701000000000022e+03 1.345000000000000000e+02 4.867999999999999931e-03
0.000000000000000000e+00 -2.142849000000000160e+03 1.350000000000000000e+02 4.867999999999999931e-03
3.140000000000000013e-01 -2.144367999999999938e+03 1.355000000000000000e+02 4.867999999999999931e-03
0.000000000000000000e+00 -2.144682999999999993e+03 1.360000000000000000e+02 4.867999999999999931e-03
2.148000000000000131e+00 -2.140701000000000022e+03 1.365000000000000000e+02 5.087000000000000376e-03
0.000000000000000000e+00 -2.142849000000000160e+03 1.370000000000000000e+02 5.087000000000000376e-03
3.140000000000000013e-01 -2.144367999999999938e+03 1.375000000000000000e+02 5.087000000000000376e-03
0.000000000000000000e+00 -2.144682999999999993e+03 1.380000000000000000e+02 5.087000000000000376e-03
2.271999999999999797e+00 -2.140724999999999909e+03 1.385000000000000000e+02 5.335000000000000332e-03
0.000000000000000000e+00 -2.142996999999999844e+03 1.390000000000000000e+02 5.335000000000000332e-03
3.679999999999999938e-01 -2.144313999999999851e+03 1.395000000000000000e+02 5.335000000000000332e-03
0.000000000000000000e+00 -2.144682999999999993e+03 1.400000000000000000e+02 5.335000000000000332e-03
2.201999999999999957e+00 -2.140472999999999956e+03 1.405000000000000000e+02 5.484000000000000159e-03
0.000000000000000000e+00 -2.142675000000000182e+03 1.410000000000000000e+02 5.484000000000000159e-03
1.940000000000000058e-01 -2.144489000000000033e+03 1.415000000000000000e+02 5.484000000000000159e-03
0.000000000000000000e+00 -2.144682999999999993e+03 1.420000000000000000e+02 5.484000000000000159e-03
2.358999999999999986e+00 -2.140527000000000044e+03 1.425000000000000000e+02 5.597000000000000412e-03
0.000000000000000000e+00 -2.142885999999999967e+03 1.430000000000000000e+02 5.597000000000000412e-03
5.889999999999999680e-01 -2.143806999999999789e+03 1.435000000000000000e+02 5.597000000000000412e-03
0.000000000000000000e+00 -2.144396000000000186e+03 1.440000000000000000e+02 5.597000000000000412e-03
1.540000000000000036e+00 -2.143210000000000036e+03 1.445000000000000000e+02 5.597999999999999678e-03
0.000000000000000000e+00 -2.144750000000000000e+03 1.450000000000000000e+02 5.597999999999999678e-03
2.104000000000000092e+00 -2.140916000000000167e+03 1.455000000000000000e+02 5.700000000000000205e-03
0.000000000000000000e+00 -2.143019999999999982e+03 1.460000000000000000e+02 5.700000000000000205e-03
1.000000000000000021e-02 -2.144927999999999884e+03 1.465000000000000000e+02 5.700000000000000205e-03
0.000000000000000000e+00 -2.144938999999999851e+03 1.470000000000000000e+02 5.700000000000000205e-03
1.929000000000000048e+00 -2.141090999999999894e+03 1.475000000000000000e+02 5.773999999999999619e-03
0.000000000000000000e+00 -2.143019999999999982e+03 1.480000000000000000e+02 5.773999999999999619e-03
1.000000000000000021e-02 -2.144927999999999884e+03 1.485000000000000000e+02 5.773999999999999619e-03
0.000000000000000000e+00 -2.144938999999999851e+03 1.490000000000000000e+02 5.773999999999999619e-03
1.929000000000000048e+00 -2.141090999999999894e+03 1.495000000000000000e+02 5.824000000000000184e-03
0.000000000000000000e+00 -2.143019999999999982e+03 1.500000000000000000e+02 5.824000000000000184e-03
1.000000000000000021e-02 -2.144927999999999884e+03 1.505000000000000000e+02 5.824000000000000184e-03
0.000000000000000000e+00 -2.144938999999999851e+03 1.510000000000000000e+02 5.824000000000000184e-03
1.929000000000000048e+00 -2.141090999999999894e+03 1.515000000000000000e+02 5.852000000000000431e-03
0.000000000000000000e+00 -2.143019999999999982e+03 1.520000000000000000e+02 5.852000000000000431e-03
1.000000000000000021e-02 -2.144927999999999884e+03 1.525000000000000000e+02 5.852000000000000431e-03
0.000000000000000000e+00 -2.144938999999999851e+03 1.530000000000000000e+02 5.852000000000000431e-03
1.879999999999999893e+00 -2.141989999999999782e+03 1.535000000000000000e+02 5.857000000000000227e-03
0.000000000000000000e+00 -2.143869999999999891e+03 1.540000000000000000e+02 5.857000000000000227e-03
6.300000000000000044e-01 -2.144695999999999913e+03 1.545000000000000000e+02 5.857000000000000227e-03
0.000000000000000000e+00 -2.145326000000000022e+03 1.550000000000000000e+02 5.857000000000000227e-03
1.931000000000000050e+00 -2.142237000000000080e+03 1.555000000000000000e+02 5.858000000000000360e-03
0.000000000000000000e+00 -2.144168000000000120e+03 1.560000000000000000e+02 5.858000000000000360e-03
7.730000000000000204e-01 -2.144552000000000135e+03 1.565000000000000000e+02 5.858000000000000360e-03
0.000000000000000000e+00 -2.145324999999999818e+03 1.570000000000000000e+02 5.858000000000000360e-03
1.961000000000000076e+00 -2.141911000000000058e+03 1.575000000000000000e+02 6.011999999999999983e-03
0.000000000000000000e+00 -2.143871000000000095e+03 1.580000000000000000e+02 6.011999999999999983e-03
5.060000000000000053e-01 -2.144818999999999960e+03 1.585000000000000000e+02 6.011999999999999983e-03
0.000000000000000000e+00 -2.145326000000000022e+03 1.590000000000000000e+02 6.011999999999999983e-03
2.089999999999999858e+00 -2.141780000000000200e+03 1.595000000000000000e+02 6.363999999999999865e-03
0.000000000000000000e+00 -2.143869999999999891e+03 1.600000000000000000e+02 6.363999999999999865e-03
6.340000000000000080e-01 -2.144692000000000007e+03 1.605000000000000000e+02 6.363999999999999865e-03
0.000000000000000000e+00 -2.145326000000000022e+03 1.610000000000000000e+02 6.363999999999999865e-03
1.931999999999999940e+00 -2.142235999999999876e+03 1.615000000000000000e+02 6.454999999999999800e-03
0.000000000000000000e+00 -2.144168000000000120e+03 1.620000000000000000e+02 6.454999999999999800e-03
6.290000000000000036e-01 -2.144972999999999956e+03 1.625000000000000000e+02 6.454999999999999800e-03
0.000000000000000000e+00 -2.145601000000000113e+03 1.630000000000000000e+02 6.454999999999999800e-03
2.000000000000000000e+00 -2.142054000000000087e+03 1.635000000000000000e+02 6.492999999999999640e-03
0.000000000000000000e+00 -2.144054000000000087e+03 1.640000000000000000e+02 6.492999999999999640e-03
4.470000000000000084e-01 -2.145155000000000200e+03 1.645000000000000000e+02 6.492999999999999640e-03
0.000000000000000000e+00 -2.145601000000000113e+03 1.650000000000000000e+02 6.492999999999999640e-03
2.267999999999999794e+00 -2.141653999999999996e+03 1.655000000000000000e+02 6.577999999999999646e-03
0.000000000000000000e+00 -2.143922000000000025e+03 1.660000000000000000e+02 6.577999999999999646e-03
4.000000000000000222e-01 -2.145181999999999789e+03 1.665000000000000000e+02 6.577999999999999646e-03
0.000000000000000000e+00 -2.145581999999999880e+03 1.670000000000000000e+02 6.577999999999999646e-03
2.084999999999999964e+00 -2.142086999999999989e+03 1.675000000000000000e+02 6.740999999999999596e-03
0.000000000000000000e+00 -2.144172000000000025e+03 1.680000000000000000e+02 6.740999999999999596e-03
6.750000000000000444e-01 -2.144907000000000153e+03 1.685000000000000000e+02 6.740999999999999596e-03
0.000000000000000000e+00 -2.145581999999999880e+03 1.690000000000000000e+02 6.740999999999999596e-03
2.001999999999999780e+00 -2.142028999999999996e+03 1.695000000000000000e+02 6.786999999999999630e-03
0.000000000000000000e+00 -2.144030999999999949e+03 1.700000000000000000e+02 6.786999999999999630e-03
4.169999999999999818e-01 -2.145128999999999905e+03 1.705000000000000000e+02 6.786999999999999630e-03
0.000000000000000000e+00 -2.145545999999999822e+03 1.710000000000000000e+02 6.786999999999999630e-03
1.985000000000000098e+00 -2.142235000000000127e+03 1.715000000000000000e+02 6.865999999999999708e-03
0.000000000000000000e+00 -2.144219000000000051e+03 1.720000000000000000e+02 6.865999999999999708e-03
6.939999999999999503e-01 -2.143144999999999982e+03 1.725000000000000000e+02 6.865999999999999708e-03
0.000000000000000000e+00 -2.143838999999999942e+03 1.730000000000000000e+02 6.865999999999999708e-03
3.140000000000000013e-01 -2.143905999999999949e+03 1.735000000000000000e+02 6.865999999999999708e-03
0.000000000000000000e+00 -2.144219000000000051e+03 1.740000000000000000e+02 6.865999999999999708e-03
5.560000000000000497e-01 -2.144990999999999985e+03 1.745000000000000000e+02 6.865999999999999708e-03
0.000000000000000000e+00 -2.145547000000000025e+03 1.750000000000000000e+02 6.865999999999999708e-03
1.883000000000000007e+00 -2.142335999999999785e+03 1.755000000000000000e+02 6.895000000000000087e-03
0.000000000000000000e+00 -2.144219000000000051e+03 1.760000000000000000e+02 6.895000000000000087e-03
7.409999999999999920e-01 -2.144806999999999789e+03 1.765000000000000000e+02 6.895000000000000087e-03
0.000000000000000000e+00 -2.145547000000000025e+03 1.770000000000000000e+02 6.895000000000000087e-03
1.854999999999999982e+00 -2.142639999999999873e+03 1.775000000000000000e+02 6.956999999999999643e-03
0.000000000000000000e+00 -2.144494999999999891e+03 1.780000000000000000e+02 6.956999999999999643e-03
6.720000000000000417e-01 -2.144248999999999796e+03 1.785000000000000000e+02 6.956999999999999643e-03
0.000000000000000000e+00 -2.144920999999999822e+03 1.790000000000000000e+02 6.956999999999999643e-03
1.010000000000000009e+00 -2.144856999999999971e+03 1.795000000000000000e+02 6.956999999999999643e-03
0.000000000000000000e+00 -2.145867000000000189e+03 1.800000000000000000e+02 6.956999999999999643e-03
2.028999999999999915e+00 -2.142452999999999975e+03 1.805000000000000000e+02 6.969000000000000368e-03
0.000000000000000000e+00 -2.144481999999999971e+03 1.810000000000000000e+02 6.969000000000000368e-03
6.440000000000000169e-01 -2.145224000000000160e+03 1.815000000000000000e+02 6.969000000000000368e-03
0.000000000000000000e+00 -2.145867999999999938e+03 1.820000000000000000e+02 6.969000000000000368e-03
1.850999999999999979e+00 -2.143070000000000164e+03 1.825000000000000000e+02 6.982000000000000359e-03
0.000000000000000000e+00 -2.144920999999999822e+03 1.830000000000000000e+02 6.982000000000000359e-03
9.040000000000000258e-01 -2.144963999999999942e+03 1.835000000000000000e+02 6.982000000000000359e-03
0.000000000000000000e+00 -2.145867999999999938e+03 1.840000000000000000e+02 6.982000000000000359e-03
1.850999999999999979e+00 -2.143070000000000164e+03 1.845000000000000000e+02 7.041000000000000383e-03
0.000000000000000000e+00 -2.144920999999999822e+03 1.850000000000000000e+02 7.041000000000000383e-03
9.040000000000000258e-01 -2.144963999999999942e+03 1.855000000000000000e+02 7.041000000000000383e-03
0.000000000000000000e+00 -2.145867999999999938e+03 1.860000000000000000e+02 7.041000000000000383e-03
2.217000000000000082e+00 -2.142458000000000084e+03 1.865000000000000000e+02 7.060999999999999568e-03
0.000000000000000000e+00 -2.144675000000000182e+03 1.870000000000000000e+02 7.060999999999999568e-03
9.569999999999999618e-01 -2.142804999999999836e+03 1.875000000000000000e+02 7.060999999999999568e-03
0.000000000000000000e+00 -2.143762000000000171e+03 1.880000000000000000e+02 7.060999999999999568e-03
4.399999999999999745e-02 -2.144630999999999858e+03 1.885000000000000000e+02 7.060999999999999568e-03
0.000000000000000000e+00 -2.144675000000000182e+03 1.890000000000000000e+02 7.060999999999999568e-03
9.569999999999999618e-01 -2.142804000000000087e+03 1.895000000000000000e+02 7.060999999999999568e-03
0.000000000000000000e+00 -2.143762000000000171e+03 1.900000000000000000e+02 7.060999999999999568e-03
3.300000000000000155e-02 -2.144641999999999825e+03 1.905000000000000000e+02 7.060999999999999568e-03
0.000000000000000000e+00 -2.144675000000000182e+03 1.910000000000000000e+02 7.060999999999999568e-03
9.459999999999999520e-01 -2.142815999999999804e+03 1.915000000000000000e+02 7.060999999999999568e-03
0.000000000000000000e+00 -2.143762000000000171e+03 1.920000000000000000e+02 7.060999999999999568e-03
3.300000000000000155e-02 -2.144641999999999825e+03 1.925000000000000000e+02 7.060999999999999568e-03
0.000000000000000000e+00 -2.144675000000000182e+03 1.930000000000000000e+02 7.060999999999999568e-03
9.459999999999999520e-01 -2.142815999999999804e+03 1.935000000000000000e+02 7.060999999999999568e-03
0.000000000000000000e+00 -2.143762000000000171e+03 1.940000000000000000e+02 7.060999999999999568e-03
3.300000000000000155e-02 -2.144641999999999825e+03 1.945000000000000000e+02 7.060999999999999568e-03
0.000000000000000000e+00 -2.144675000000000182e+03 1.950000000000000000e+02 7.060999999999999568e-03
9.459999999999999520e-01 -2.142815999999999804e+03 1.955000000000000000e+02 7.060999999999999568e-03
0.000000000000000000e+00 -2.143762000000000171e+03 1.960000000000000000e+02 7.060999999999999568e-03
3.300000000000000155e-02 -2.144641999999999825e+03 1.965000000000000000e+02 7.060999999999999568e-03
0.000000000000000000e+00 -2.144675000000000182e+03 1.970000000000000000e+02 7.060999999999999568e-03
9.459999999999999520e-01 -2.142815999999999804e+03 1.975000000000000000e+02 7.060999999999999568e-03
0.000000000000000000e+00 -2.143762000000000171e+03 1.980000000000000000e+02 7.060999999999999568e-03
3.300000000000000155e-02 -2.144641999999999825e+03 1.985000000000000000e+02 7.060999999999999568e-03
0.000000000000000000e+00 -2.144675000000000182e+03 1.990000000000000000e+02 7.060999999999999568e-03
1.036999999999999922e+00 -2.144831000000000131e+03 1.995000000000000000e+02 7.060999999999999568e-03
0.000000000000000000e+00 -2.145867999999999938e+03 2.000000000000000000e+02 7.060999999999999568e-03
1.955999999999999961e+00 -2.142539000000000215e+03 2.005000000000000000e+02 7.107999999999999735e-03
0.000000000000000000e+00 -2.144494999999999891e+03 2.010000000000000000e+02 7.107999999999999735e-03
5.829999999999999627e-01 -2.145284999999999854e+03 2.015000000000000000e+02 7.107999999999999735e-03
0.000000000000000000e+00 -2.145867999999999938e+03 2.020000000000000000e+02 7.107999999999999735e-03
2.080999999999999961e+00 -2.142090000000000146e+03 2.025000000000000000e+02 7.145999999999999575e-03
0.000000000000000000e+00 -2.144170999999999822e+03 2.030000000000000000e+02 7.145999999999999575e-03
3.489999999999999769e-01 -2.145518999999999778e+03 2.035000000000000000e+02 7.145999999999999575e-03
0.000000000000000000e+00 -2.145867000000000189e+03 2.040000000000000000e+02 7.145999999999999575e-03
2.137999999999999901e+00 -2.141760999999999967e+03 2.045000000000000000e+02 7.192999999999999741e-03
0.000000000000000000e+00 -2.143898999999999887e+03 2.050000000000000000e+02 7.192999999999999741e-03
1.690000000000000113e-01 -2.145697999999999865e+03 2.055000000000000000e+02 7.192999999999999741e-03
0.000000000000000000e+00 -2.145867000000000189e+03 2.060000000000000000e+02 7.192999999999999741e-03
2.142999999999999794e+00 -2.141713000000000193e+03 2.065000000000000000e+02 7.274000000000000084e-03
0.000000000000000000e+00 -2.143856000000000222e+03 2.070000000000000000e+02 7.274000000000000084e-03
1.320000000000000062e-01 -2.145735999999999876e+03 2.075000000000000000e+02 7.274000000000000084e-03
0.000000000000000000e+00 -2.145867000000000189e+03 2.080000000000000000e+02 7.274000000000000084e-03
2.028999999999999915e+00 -2.142447999999999865e+03 2.085000000000000000e+02 7.280000000000000013e-03
0.000000000000000000e+00 -2.144476999999999862e+03 2.090000000000000000e+02 7.280000000000000013e-03
6.390000000000000124e-01 -2.145228000000000065e+03 2.095000000000000000e+02 7.280000000000000013e-03
0.000000000000000000e+00 -2.145867000000000189e+03 2.100000000000000000e+02 7.280000000000000013e-03
2.080999999999999961e+00 -2.141840000000000146e+03 2.105000000000000000e+02 7.296000000000000402e-03
0.000000000000000000e+00 -2.143920999999999822e+03 2.110000000000000000e+02 7.296000000000000402e-03
1.340000000000000080e-01 -2.145733000000000175e+03 2.115000000000000000e+02 7.296000000000000402e-03
0.000000000000000000e+00 -2.145867000000000189e+03 2.120000000000000000e+02 7.296000000000000402e-03
2.004000000000000004e+00 -2.142523000000000138e+03 2.125000000000000000e+02 7.301000000000000198e-03
0.000000000000000000e+00 -2.144527000000000044e+03 2.130000000000000000e+02 7.301000000000000198e-03
6.219999999999999973e-01 -2.145030999999999949e+03 2.135000000000000000e+02 7.301000000000000198e-03
0.000000000000000000e+00 -2.145652000000000044e+03 2.140000000000000000e+02 7.301000000000000198e-03
1.719999999999999973e+00 -2.142545000000000073e+03 2.145000000000000000e+02 7.309999999999999658e-03
0.000000000000000000e+00 -2.144264999999999873e+03 2.150000000000000000e+02 7.309999999999999658e-03
3.320000000000000173e-01 -2.145320000000000164e+03 2.155000000000000000e+02 7.309999999999999658e-03
0.000000000000000000e+00 -2.145652000000000044e+03 2.160000000000000000e+02 7.309999999999999658e-03
2.145000000000000018e+00 -2.141527000000000044e+03 2.165000000000000000e+02 7.322999999999999649e-03
0.000000000000000000e+00 -2.143672000000000025e+03 2.170000000000000000e+02 7.322999999999999649e-03
1.370000000000000107e-01 -2.145574999999999818e+03 2.175000000000000000e+02 7.322999999999999649e-03
0.000000000000000000e+00 -2.145711999999999989e+03 2.180000000000000000e+02 7.322999999999999649e-03
1.719999999999999973e+00 -2.142605000000000018e+03 2.185000000000000000e+02 7.326000000000000047e-03
0.000000000000000000e+00 -2.144324999999999818e+03 2.190000000000000000e+02 7.326000000000000047e-03
3.449999999999999734e-01 -2.145365999999999985e+03 2.195000000000000000e+02 7.326000000000000047e-03
0.000000000000000000e+00 -2.145711999999999989e+03 2.200000000000000000e+02 7.326000000000000047e-03
1.741999999999999993e+00 -2.142844999999999800e+03 2.205000000000000000e+02 7.328999999999999578e-03
0.000000000000000000e+00 -2.144586999999999989e+03 2.210000000000000000e+02 7.328999999999999578e-03
6.400000000000000133e-01 -2.145284999999999854e+03 2.215000000000000000e+02 7.328999999999999578e-03
0.000000000000000000e+00 -2.145925999999999931e+03 2.220000000000000000e+02 7.328999999999999578e-03
2.347999999999999865e+00 -2.141775999999999840e+03 2.225000000000000000e+02 7.403999999999999991e-03
0.000000000000000000e+00 -2.144123999999999796e+03 2.230000000000000000e+02 7.403999999999999991e-03
4.199999999999999845e-01 -2.143757999999999811e+03 2.235000000000000000e+02 7.403999999999999991e-03
0.000000000000000000e+00 -2.144177000000000135e+03 2.240000000000000000e+02 7.403999999999999991e-03
4.060000000000000275e-01 -2.145496000000000095e+03 2.245000000000000000e+02 7.403999999999999991e-03
0.000000000000000000e+00 -2.145902000000000044e+03 2.250000000000000000e+02 7.403999999999999991e-03
1.848000000000000087e+00 -2.143101000000000113e+03 2.255000000000000000e+02 7.470000000000000077e-03
0.000000000000000000e+00 -2.144949000000000069e+03 2.260000000000000000e+02 7.470000000000000077e-03
8.950000000000000178e-01 -2.145005999999999858e+03 2.265000000000000000e+02 7.470000000000000077e-03
0.000000000000000000e+00 -2.145900999999999840e+03 2.270000000000000000e+02 7.470000000000000077e-03
2.088000000000000078e+00 -2.142367999999999938e+03 2.275000000000000000e+02 7.478000000000000272e-03
0.000000000000000000e+00 -2.144456000000000131e+03 2.280000000000000000e+02 7.478000000000000272e-03
7.980000000000000426e-01 -2.144757000000000062e+03 2.285000000000000000e+02 7.478000000000000272e-03
0.000000000000000000e+00 -2.145554999999999836e+03 2.290000000000000000e+02 7.478000000000000272e-03
1.832000000000000073e+00 -2.142773000000000138e+03 2.295000000000000000e+02 7.485000000000000334e-03
0.000000000000000000e+00 -2.144605000000000018e+03 2.300000000000000000e+02 7.485000000000000334e-03
8.820000000000000062e-01 -2.144672999999999774e+03 2.305000000000000000e+02 7.485000000000000334e-03
0.000000000000000000e+00 -2.145554999999999836e+03 2.310000000000000000e+02 7.485000000000000334e-03
1.899999999999999911e+00 -2.144001000000000204e+03 2.315000000000000000e+02 7.565999999999999809e-03
0.000000000000000000e+00 -2.145900999999999840e+03 2.320000000000000000e+02 7.565999999999999809e-03
2.093999999999999861e+00 -2.142061000000000149e+03 2.325000000000000000e+02 7.568000000000000074e-03
0.000000000000000000e+00 -2.144155000000000200e+03 2.330000000000000000e+02 7.568000000000000074e-03
5.799999999999999600e-01 -2.145273999999999887e+03 2.335000000000000000e+02 7.568000000000000074e-03
0.000000000000000000e+00 -2.145853999999999814e+03 2.340000000000000000e+02 7.568000000000000074e-03
1.935999999999999943e+00 -2.142550000000000182e+03 2.345000000000000000e+02 7.630999999999999762e-03
0.000000000000000000e+00 -2.144485999999999876e+03 2.350000000000000000e+02 7.630999999999999762e-03
6.700000000000000400e-01 -2.145146000000000186e+03 2.355000000000000000e+02 7.630999999999999762e-03
0.000000000000000000e+00 -2.145815999999999804e+03 2.360000000000000000e+02 7.630999999999999762e-03
1.588999999999999968e+00 -2.144021000000000186e+03 2.365000000000000000e+02 7.636000000000000426e-03
0.000000000000000000e+00 -2.145610000000000127e+03 2.370000000000000000e+02 7.636000000000000426e-03
1.360999999999999988e+00 -2.144454999999999927e+03 2.375000000000000000e+02 7.636999999999999691e-03
0.000000000000000000e+00 -2.145815000000000055e+03 2.380000000000000000e+02 7.636999999999999691e-03
1.566000000000000059e+00 -2.144043999999999869e+03 2.385000000000000000e+02 7.640000000000000090e-03
0.000000000000000000e+00 -2.145610000000000127e+03 2.390000000000000000e+02 7.640000000000000090e-03
1.360999999999999988e+00 -2.144454999999999927e+03 2.395000000000000000e+02 7.641000000000000222e-03
0.000000000000000000e+00 -2.145815000000000055e+03 2.400000000000000000e+02 7.641000000000000222e-03
1.566000000000000059e+00 -2.144043999999999869e+03 2.405000000000000000e+02 7.642000000000000355e-03
0.000000000000000000e+00 -2.145610000000000127e+03 2.410000000000000000e+02 7.642000000000000355e-03
1.381000000000000005e+00 -2.144434999999999945e+03 2.415000000000000000e+02 7.642999999999999620e-03
0.000000000000000000e+00 -2.145815000000000055e+03 2.420000000000000000e+02 7.642999999999999620e-03
1.570000000000000062e+00 -2.144039999999999964e+03 2.425000000000000000e+02 7.655000000000000346e-03
0.000000000000000000e+00 -2.145610000000000127e+03 2.430000000000000000e+02 7.655000000000000346e-03
1.379999999999999893e+00 -2.144434999999999945e+03 2.435000000000000000e+02 7.655000000000000346e-03
0.000000000000000000e+00 -2.145815000000000055e+03 2.440000000000000000e+02 7.655000000000000346e-03
1.570000000000000062e+00 -2.144039999999999964e+03 2.445000000000000000e+02 7.662999999999999673e-03
0.000000000000000000e+00 -2.145610000000000127e+03 2.450000000000000000e+02 7.662999999999999673e-03
1.643999999999999906e+00 -2.143235999999999876e+03 2.455000000000000000e+02 7.662999999999999673e-03
0.000000000000000000e+00 -2.144880000000000109e+03 2.460000000000000000e+02 7.662999999999999673e-03
8.860000000000000098e-01 -2.144817000000000007e+03 2.465000000000000000e+02 7.662999999999999673e-03
0.000000000000000000e+00 -2.145702999999999975e+03 2.470000000000000000e+02 7.662999999999999673e-03
1.500000000000000000e+00 -2.143331000000000131e+03 2.475000000000000000e+02 7.663999999999999806e-03
0.000000000000000000e+00 -2.144831000000000131e+03 2.480000000000000000e+02 7.663999999999999806e-03
6.280000000000000027e-01 -2.145076000000000022e+03 2.485000000000000000e+02 7.663999999999999806e-03
0.000000000000000000e+00 -2.145702999999999975e+03 2.490000000000000000e+02 7.663999999999999806e-03
1.500000000000000000e+00 -2.143331000000000131e+03 2.495000000000000000e+02 7.664999999999999938e-03
0.000000000000000000e+00 -2.144831000000000131e+03 2.500000000000000000e+02 7.664999999999999938e-03
6.280000000000000027e-01 -2.145076000000000022e+03 2.505000000000000000e+02 7.664999999999999938e-03
0.000000000000000000e+00 -2.145702999999999975e+03 2.510000000000000000e+02 7.664999999999999938e-03
1.500000000000000000e+00 -2.143331000000000131e+03 2.515000000000000000e+02 7.666000000000000071e-03
0.000000000000000000e+00 -2.144831000000000131e+03 2.520000000000000000e+02 7.666000000000000071e-03
6.280000000000000027e-01 -2.145076000000000022e+03 2.525000000000000000e+02 7.666000000000000071e-03
0.000000000000000000e+00 -2.145702999999999975e+03 2.530000000000000000e+02 7.666000000000000071e-03
1.500000000000000000e+00 -2.143331000000000131e+03 2.535000000000000000e+02 7.668000000000000337e-03
0.000000000000000000e+00 -2.144831000000000131e+03 2.540000000000000000e+02 7.668000000000000337e-03
6.280000000000000027e-01 -2.145076000000000022e+03 2.545000000000000000e+02 7.668000000000000337e-03
0.000000000000000000e+00 -2.145702999999999975e+03 2.550000000000000000e+02 7.668000000000000337e-03
1.500000000000000000e+00 -2.143331000000000131e+03 2.555000000000000000e+02 7.668999999999999602e-03
0.000000000000000000e+00 -2.144831000000000131e+03 2.560000000000000000e+02 7.668999999999999602e-03
6.280000000000000027e-01 -2.145076000000000022e+03 2.565000000000000000e+02 7.668999999999999602e-03
0.000000000000000000e+00 -2.145702999999999975e+03 2.570000000000000000e+02 7.668999999999999602e-03
1.500000000000000000e+00 -2.143331000000000131e+03 2.575000000000000000e+02 7.673000000000000133e-03
0.000000000000000000e+00 -2.144831000000000131e+03 2.580000000000000000e+02 7.673000000000000133e-03
6.280000000000000027e-01 -2.145076000000000022e+03 2.585000000000000000e+02 7.673000000000000133e-03
0.000000000000000000e+00 -2.145702999999999975e+03 2.590000000000000000e+02 7.673000000000000133e-03
1.709000000000000075e+00 -2.143172000000000025e+03 2.595000000000000000e+02 7.673000000000000133e-03
0.000000000000000000e+00 -2.144880999999999858e+03 2.600000000000000000e+02 7.673000000000000133e-03
9.090000000000000302e-01 -2.144701000000000022e+03 2.605000000000000000e+02 7.673000000000000133e-03
0.000000000000000000e+00 -2.145610000000000127e+03 2.610000000000000000e+02 7.673000000000000133e-03
1.381000000000000005e+00 -2.144434999999999945e+03 2.615000000000000000e+02 7.674000000000000266e-03
0.000000000000000000e+00 -2.145815000000000055e+03 2.620000000000000000e+02 7.674000000000000266e-03
1.570000000000000062e+00 -2.144039999999999964e+03 2.625000000000000000e+02 7.688999999999999654e-03
0.000000000000000000e+00 -2.145610000000000127e+03 2.630000000000000000e+02 7.688999999999999654e-03
1.379999999999999893e+00 -2.144434999999999945e+03 2.635000000000000000e+02 7.688999999999999654e-03
0.000000000000000000e+00 -2.145815000000000055e+03 2.640000000000000000e+02 7.688999999999999654e-03
1.570000000000000062e+00 -2.144039999999999964e+03 2.645000000000000000e+02 7.694000000000000318e-03
0.000000000000000000e+00 -2.145610000000000127e+03 2.650000000000000000e+02 7.694000000000000318e-03
1.364000000000000101e+00 -2.144452000000000226e+03 2.655000000000000000e+02 7.694999999999999583e-03
0.000000000000000000e+00 -2.145815000000000055e+03 2.660000000000000000e+02 7.694999999999999583e-03
1.590000000000000080e+00 -2.144019999999999982e+03 2.665000000000000000e+02 7.709999999999999840e-03
0.000000000000000000e+00 -2.145610000000000127e+03 2.670000000000000000e+02 7.709999999999999840e-03
1.360000000000000098e+00 -2.144456000000000131e+03 2.675000000000000000e+02 7.712000000000000105e-03
0.000000000000000000e+00 -2.145815000000000055e+03 2.680000000000000000e+02 7.712000000000000105e-03
1.588999999999999968e+00 -2.144021000000000186e+03 2.685000000000000000e+02 7.713000000000000238e-03
0.000000000000000000e+00 -2.145610000000000127e+03 2.690000000000000000e+02 7.713000000000000238e-03
1.383999999999999897e+00 -2.144431999999999789e+03 2.695000000000000000e+02 7.713000000000000238e-03
0.000000000000000000e+00 -2.145815000000000055e+03 2.700000000000000000e+02 7.713000000000000238e-03
1.588999999999999968e+00 -2.144021000000000186e+03 2.705000000000000000e+02 7.713000000000000238e-03
0.000000000000000000e+00 -2.145610000000000127e+03 2.710000000000000000e+02 7.713000000000000238e-03
1.383999999999999897e+00 -2.144431999999999789e+03 2.715000000000000000e+02 7.713000000000000238e-03
0.000000000000000000e+00 -2.145815000000000055e+03 2.720000000000000000e+02 7.713000000000000238e-03
1.568999999999999950e+00 -2.144041000000000167e+03 2.725000000000000000e+02 7.719000000000000167e-03
0.000000000000000000e+00 -2.145610000000000127e+03 2.730000000000000000e+02 7.719000000000000167e-03
1.379999999999999893e+00 -2.144434999999999945e+03 2.735000000000000000e+02 7.719000000000000167e-03
0.000000000000000000e+00 -2.145815000000000055e+03 2.740000000000000000e+02 7.719000000000000167e-03
1.570000000000000062e+00 -2.144039999999999964e+03 2.745000000000000000e+02 7.735999999999999821e-03
0.000000000000000000e+00 -2.145610000000000127e+03 2.750000000000000000e+02 7.735999999999999821e-03
1.364000000000000101e+00 -2.144451000000000022e+03 2.755000000000000000e+02 7.735999999999999821e-03
0.000000000000000000e+00 -2.145815000000000055e+03 2.760000000000000000e+02 7.735999999999999821e-03
1.570000000000000062e+00 -2.144039999999999964e+03 2.765000000000000000e+02 7.740999999999999617e-03
0.000000000000000000e+00 -2.145610000000000127e+03 2.770000000000000000e+02 7.740999999999999617e-03
1.364000000000000101e+00 -2.144451000000000022e+03 2.775000000000000000e+02 7.741999999999999750e-03
0.000000000000000000e+00 -2.145815000000000055e+03 2.780000000000000000e+02 7.741999999999999750e-03
1.570000000000000062e+00 -2.144039999999999964e+03 2.785000000000000000e+02 7.741999999999999750e-03
0.000000000000000000e+00 -2.145610000000000127e+03 2.790000000000000000e+02 7.741999999999999750e-03
1.364000000000000101e+00 -2.144451000000000022e+03 2.795000000000000000e+02 7.741999999999999750e-03
0.000000000000000000e+00 -2.145815000000000055e+03 2.800000000000000000e+02 7.741999999999999750e-03
1.570000000000000062e+00 -2.144039999999999964e+03 2.805000000000000000e+02 7.744000000000000015e-03
0.000000000000000000e+00 -2.145610000000000127e+03 2.810000000000000000e+02 7.744000000000000015e-03
1.364000000000000101e+00 -2.144451000000000022e+03 2.815000000000000000e+02 7.745000000000000148e-03
0.000000000000000000e+00 -2.145815000000000055e+03 2.820000000000000000e+02 7.745000000000000148e-03
1.570000000000000062e+00 -2.144039999999999964e+03 2.825000000000000000e+02 7.752000000000000210e-03
0.000000000000000000e+00 -2.145610000000000127e+03 2.830000000000000000e+02 7.752000000000000210e-03
1.364000000000000101e+00 -2.144451000000000022e+03 2.835000000000000000e+02 7.753000000000000343e-03
0.000000000000000000e+00 -2.145815000000000055e+03 2.840000000000000000e+02 7.753000000000000343e-03
1.570000000000000062e+00 -2.144039999999999964e+03 2.845000000000000000e+02 7.762999999999999935e-03
0.000000000000000000e+00 -2.145610000000000127e+03 2.850000000000000000e+02 7.762999999999999935e-03
1.364000000000000101e+00 -2.144451000000000022e+03 2.855000000000000000e+02 7.764000000000000068e-03
0.000000000000000000e+00 -2.145815000000000055e+03 2.860000000000000000e+02 7.764000000000000068e-03
1.590000000000000080e+00 -2.144019999999999982e+03 2.865000000000000000e+02 7.766000000000000333e-03
0.000000000000000000e+00 -2.145610000000000127e+03 2.870000000000000000e+02 7.766000000000000333e-03
1.385000000000000009e+00 -2.144431000000000040e+03 2.875000000000000000e+02 7.766000000000000333e-03
0.000000000000000000e+00 -2.145815000000000055e+03 2.880000000000000000e+02 7.766000000000000333e-03
1.590000000000000080e+00 -2.144019999999999982e+03 2.885000000000000000e+02 7.769999999999999997e-03
0.000000000000000000e+00 -2.145610000000000127e+03 2.890000000000000000e+02 7.769999999999999997e-03
1.385000000000000009e+00 -2.144431000000000040e+03 2.895000000000000000e+02 7.769999999999999997e-03
0.000000000000000000e+00 -2.145815000000000055e+03 2.900000000000000000e+02 7.769999999999999997e-03
1.570000000000000062e+00 -2.144039999999999964e+03 2.905000000000000000e+02 7.792000000000000315e-03
0.000000000000000000e+00 -2.145610000000000127e+03 2.910000000000000000e+02 7.792000000000000315e-03
1.364000000000000101e+00 -2.144451000000000022e+03 2.915000000000000000e+02 7.792000000000000315e-03
0.000000000000000000e+00 -2.145815000000000055e+03 2.920000000000000000e+02 7.792000000000000315e-03
1.570000000000000062e+00 -2.144039999999999964e+03 2.925000000000000000e+02 7.800999999999999775e-03
0.000000000000000000e+00 -2.145610000000000127e+03 2.930000000000000000e+02 7.800999999999999775e-03
1.379999999999999893e+00 -2.144434999999999945e+03 2.935000000000000000e+02 7.800999999999999775e-03
0.000000000000000000e+00 -2.145815000000000055e+03 2.940000000000000000e+02 7.800999999999999775e-03
1.570000000000000062e+00 -2.144039999999999964e+03 2.945000000000000000e+02 7.803000000000000040e-03
0.000000000000000000e+00 -2.145610000000000127e+03 2.950000000000000000e+02 7.803000000000000040e-03
1.379999999999999893e+00 -2.144434999999999945e+03 2.955000000000000000e+02 7.803000000000000040e-03
0.000000000000000000e+00 -2.145815000000000055e+03 2.960000000000000000e+02 7.803000000000000040e-03
1.586000000000000076e+00 -2.144023000000000138e+03 2.965000000000000000e+02 7.811000000000000235e-03
0.000000000000000000e+00 -2.145610000000000127e+03 2.970000000000000000e+02 7.811000000000000235e-03
1.360000000000000098e+00 -2.144454999999999927e+03 2.975000000000000000e+02 7.812000000000000367e-03
0.000000000000000000e+00 -2.145815000000000055e+03 2.980000000000000000e+02 7.812000000000000367e-03
1.566000000000000059e+00 -2.144043999999999869e+03 2.985000000000000000e+02 7.816000000000000031e-03
0.000000000000000000e+00 -2.145610000000000127e+03 2.990000000000000000e+02 7.816000000000000031e-03
1.360000000000000098e+00 -2.144454999999999927e+03 2.995000000000000000e+02 7.816000000000000031e-03
0.000000000000000000e+00 -2.145815000000000055e+03 3.000000000000000000e+02 7.816000000000000031e-03
1.588999999999999968e+00 -2.144021000000000186e+03 3.005000000000000000e+02 7.825999999999999623e-03
0.000000000000000000e+00 -2.145610000000000127e+03 3.010000000000000000e+02 7.825999999999999623e-03
1.360000000000000098e+00 -2.144454999999999927e+03 3.015000000000000000e+02 7.827000000000000624e-03
0.000000000000000000e+00 -2.145815000000000055e+03 3.020000000000000000e+02 7.827000000000000624e-03
1.564999999999999947e+00 -2.144045000000000073e+03 3.025000000000000000e+02 7.835999999999999216e-03
0.000000000000000000e+00 -2.145610000000000127e+03 3.030000000000000000e+02 7.835999999999999216e-03
1.360000000000000098e+00 -2.144454999999999927e+03 3.035000000000000000e+02 7.835999999999999216e-03
0.000000000000000000e+00 -2.145815000000000055e+03 3.040000000000000000e+02 7.835999999999999216e-03
1.588999999999999968e+00 -2.144021000000000186e+03 3.045000000000000000e+02 7.839000000000000482e-03
0.000000000000000000e+00 -2.145610000000000127e+03 3.050000000000000000e+02 7.839000000000000482e-03
1.360000000000000098e+00 -2.144454999999999927e+03 3.055000000000000000e+02 7.839000000000000482e-03
0.000000000000000000e+00 -2.145815000000000055e+03 3.060000000000000000e+02 7.839000000000000482e-03
1.588999999999999968e+00 -2.144021000000000186e+03 3.065000000000000000e+02 7.842000000000000012e-03
0.000000000000000000e+00 -2.145610000000000127e+03 3.070000000000000000e+02 7.842000000000000012e-03
1.383999999999999897e+00 -2.144431999999999789e+03 3.075000000000000000e+02 7.842000000000000012e-03
0.000000000000000000e+00 -2.145815000000000055e+03 3.080000000000000000e+02 7.842000000000000012e-03
1.568999999999999950e+00 -2.144041000000000167e+03 3.085000000000000000e+02 7.856999999999999401e-03
0.000000000000000000e+00 -2.145610000000000127e+03 3.090000000000000000e+02 7.856999999999999401e-03
1.379999999999999893e+00 -2.144434999999999945e+03 3.095000000000000000e+02 7.856999999999999401e-03
0.000000000000000000e+00 -2.145815000000000055e+03 3.100000000000000000e+02 7.856999999999999401e-03
1.570000000000000062e+00 -2.144039999999999964e+03 3.105000000000000000e+02 7.860999999999999932e-03
0.000000000000000000e+00 -2.145610000000000127e+03 3.110000000000000000e+02 7.860999999999999932e-03
1.379999999999999893e+00 -2.144434999999999945e+03 3.115000000000000000e+02 7.860999999999999932e-03
0.000000000000000000e+00 -2.145815000000000055e+03 3.120000000000000000e+02 7.860999999999999932e-03
1.586000000000000076e+00 -2.144023000000000138e+03 3.125000000000000000e+02 7.860999999999999932e-03
0.000000000000000000e+00 -2.145610000000000127e+03 3.130000000000000000e+02 7.860999999999999932e-03
1.379999999999999893e+00 -2.144434999999999945e+03 3.135000000000000000e+02 7.861999999999999197e-03
0.000000000000000000e+00 -2.145815000000000055e+03 3.140000000000000000e+02 7.861999999999999197e-03
1.586000000000000076e+00 -2.144023000000000138e+03 3.145000000000000000e+02 7.863000000000000198e-03
0.000000000000000000e+00 -2.145610000000000127e+03 3.150000000000000000e+02 7.863000000000000198e-03
1.379999999999999893e+00 -2.144434999999999945e+03 3.155000000000000000e+02 7.863000000000000198e-03
0.000000000000000000e+00 -2.145815000000000055e+03 3.160000000000000000e+02 7.863000000000000198e-03
1.570000000000000062e+00 -2.144039999999999964e+03 3.165000000000000000e+02 7.868999999999999259e-03
0.000000000000000000e+00 -2.145610000000000127e+03 3.170000000000000000e+02 7.868999999999999259e-03
1.364000000000000101e+00 -2.144451000000000022e+03 3.175000000000000000e+02 7.868999999999999259e-03
0.000000000000000000e+00 -2.145815000000000055e+03 3.180000000000000000e+02 7.868999999999999259e-03
1.570000000000000062e+00 -2.144039999999999964e+03 3.185000000000000000e+02 7.879999999999999852e-03
0.000000000000000000e+00 -2.145610000000000127e+03 3.190000000000000000e+02 7.879999999999999852e-03
1.379999999999999893e+00 -2.144434999999999945e+03 3.195000000000000000e+02 7.879999999999999852e-03
0.000000000000000000e+00 -2.145815000000000055e+03 3.200000000000000000e+02 7.879999999999999852e-03
1.586000000000000076e+00 -2.144023000000000138e+03 3.205000000000000000e+02 7.886000000000000648e-03
0.000000000000000000e+00 -2.145610000000000127e+03 3.210000000000000000e+02 7.886000000000000648e-03
1.643999999999999906e+00 -2.143235999999999876e+03 3.215000000000000000e+02 7.886000000000000648e-03
0.000000000000000000e+00 -2.144880000000000109e+03 3.220000000000000000e+02 7.886000000000000648e-03
9.150000000000000355e-01 -2.144695000000000164e+03 3.225000000000000000e+02 7.886000000000000648e-03
0.000000000000000000e+00 -2.145610000000000127e+03 3.230000000000000000e+02 7.886000000000000648e-03
1.360000000000000098e+00 -2.144454999999999927e+03 3.235000000000000000e+02 7.886999999999999914e-03
0.000000000000000000e+00 -2.145815000000000055e+03 3.240000000000000000e+02 7.886999999999999914e-03
1.588999999999999968e+00 -2.144021000000000186e+03 3.245000000000000000e+02 7.889000000000000179e-03
0.000000000000000000e+00 -2.145610000000000127e+03 3.250000000000000000e+02 7.889000000000000179e-03
1.360000000000000098e+00 -2.144456000000000131e+03 3.255000000000000000e+02 7.889000000000000179e-03
0.000000000000000000e+00 -2.145815000000000055e+03 3.260000000000000000e+02 7.889000000000000179e-03
1.588999999999999968e+00 -2.144021000000000186e+03 3.265000000000000000e+02 7.894999999999999241e-03
0.000000000000000000e+00 -2.145610000000000127e+03 3.270000000000000000e+02 7.894999999999999241e-03
1.360000000000000098e+00 -2.144456000000000131e+03 3.275000000000000000e+02 7.894999999999999241e-03
0.000000000000000000e+00 -2.145815000000000055e+03 3.280000000000000000e+02 7.894999999999999241e-03
1.564999999999999947e+00 -2.144045000000000073e+03 3.285000000000000000e+02 7.898000000000000506e-03
0.000000000000000000e+00 -2.145610000000000127e+03 3.290000000000000000e+02 7.898000000000000506e-03
1.360000000000000098e+00 -2.144456000000000131e+03 3.295000000000000000e+02 7.898000000000000506e-03
0.000000000000000000e+00 -2.145815000000000055e+03 3.300000000000000000e+02 7.898000000000000506e-03
1.588999999999999968e+00 -2.144021000000000186e+03 3.305000000000000000e+02 7.898999999999999772e-03
0.000000000000000000e+00 -2.145610000000000127e+03 3.310000000000000000e+02 7.898999999999999772e-03
1.360000000000000098e+00 -2.144456000000000131e+03 3.315000000000000000e+02 7.900000000000000772e-03
0.000000000000000000e+00 -2.145815000000000055e+03 3.320000000000000000e+02 7.900000000000000772e-03
1.564999999999999947e+00 -2.144045000000000073e+03 3.325000000000000000e+02 7.905000000000000568e-03
0.000000000000000000e+00 -2.145610000000000127e+03 3.330000000000000000e+02 7.905000000000000568e-03
1.379999999999999893e+00 -2.144434999999999945e+03 3.335000000000000000e+02 7.905999999999999833e-03
0.000000000000000000e+00 -2.145815000000000055e+03 3.340000000000000000e+02 7.905999999999999833e-03
1.584999999999999964e+00 -2.144025000000000091e+03 3.345000000000000000e+02 7.910000000000000364e-03
0.000000000000000000e+00 -2.145610000000000127e+03 3.350000000000000000e+02 7.910000000000000364e-03
1.360000000000000098e+00 -2.144454999999999927e+03 3.355000000000000000e+02 7.910999999999999630e-03
0.000000000000000000e+00 -2.145815000000000055e+03 3.360000000000000000e+02 7.910999999999999630e-03
1.564999999999999947e+00 -2.144045000000000073e+03 3.365000000000000000e+02 7.912999999999999895e-03
0.000000000000000000e+00 -2.145610000000000127e+03 3.370000000000000000e+02 7.912999999999999895e-03
1.379999999999999893e+00 -2.144434999999999945e+03 3.375000000000000000e+02 7.912999999999999895e-03
0.000000000000000000e+00 -2.145815000000000055e+03 3.380000000000000000e+02 7.912999999999999895e-03
1.584999999999999964e+00 -2.144025000000000091e+03 3.385000000000000000e+02 7.913999999999999160e-03
0.000000000000000000e+00 -2.145610000000000127e+03 3.390000000000000000e+02 7.913999999999999160e-03
1.360000000000000098e+00 -2.144456000000000131e+03 3.395000000000000000e+02 7.913999999999999160e-03
0.000000000000000000e+00 -2.145815000000000055e+03 3.400000000000000000e+02 7.913999999999999160e-03
1.588999999999999968e+00 -2.144021000000000186e+03 3.405000000000000000e+02 7.915999999999999426e-03
0.000000000000000000e+00 -2.145610000000000127e+03 3.410000000000000000e+02 7.915999999999999426e-03
1.383999999999999897e+00 -2.144431999999999789e+03 3.415000000000000000e+02 7.917000000000000426e-03
0.000000000000000000e+00 -2.145815000000000055e+03 3.420000000000000000e+02 7.917000000000000426e-03
1.568999999999999950e+00 -2.144041000000000167e+03 3.425000000000000000e+02 7.920999999999999222e-03
0.000000000000000000e+00 -2.145610000000000127e+03 3.430000000000000000e+02 7.920999999999999222e-03
1.362999999999999989e+00 -2.144452999999999975e+03 3.435000000000000000e+02 7.920999999999999222e-03
0.000000000000000000e+00 -2.145815000000000055e+03 3.440000000000000000e+02 7.920999999999999222e-03
1.588999999999999968e+00 -2.144021000000000186e+03 3.445000000000000000e+02 7.948999999999999469e-03
0.000000000000000000e+00 -2.145610000000000127e+03 3.450000000000000000e+02 7.948999999999999469e-03
1.360000000000000098e+00 -2.144456000000000131e+03 3.455000000000000000e+02 7.948999999999999469e-03
0.000000000000000000e+00 -2.145815000000000055e+03 3.460000000000000000e+02 7.948999999999999469e-03
1.564999999999999947e+00 -2.144045000000000073e+03 3.465000000000000000e+02 7.955000000000000265e-03
0.000000000000000000e+00 -2.145610000000000127e+03 3.470000000000000000e+02 7.955000000000000265e-03
