# t	msd	err
9.277777777777762476e-08 2.672237831852625756e-01 3.281839035683288552e-02
1.745714285714284103e-07 1.947647643190692224e-01 4.471276183753917360e-02
3.009999999999990557e-07 1.026535898342510189e-01 1.561129473038783133e-02
5.434444444444442506e-07 1.006006053541247808e-01 1.733122901479471761e-02
9.422142857142999170e-07 8.945698834485164841e-02 8.083486149745092164e-03
1.807777777777771740e-06 1.200403841604685690e-01 9.621333094747087922e-03
3.047855555555554827e-06 1.232705938319602207e-01 6.981941673499765695e-03
5.602955357142854778e-06 1.036236576168206996e-01 5.020053799593107886e-03
9.288068750000002958e-06 1.405143804412265496e-01 5.762864383385377619e-03
1.538050387596901007e-05 1.611332803371559319e-01 6.831524349693884370e-03
2.937391304347823065e-05 1.065841852303624770e-01 1.126327762463425614e-02
5.281695774647885566e-05 1.548511628377013949e-01 9.128061110185976476e-03
9.892328706624620941e-05 3.282308019647519615e-01 2.634502338814578154e-02
1.848249794801643117e-04 3.600146206265829041e-01 1.951534739263166562e-02
2.980694700676741657e-04 2.817657753417248112e-01 8.940061965589544968e-03
5.128954206549113772e-04 2.548574887944796141e-01 9.649050849866142032e-03
9.544257626217926040e-04 7.914403256448400148e-01 2.439211161766842093e-02
1.708853189345547032e-03 6.956356883314330775e-01 1.849275081850184493e-02
2.964090935127502296e-03 6.637175651411038046e-01 1.230617250713983771e-02
5.208683438525715283e-03 1.000004138421698663e+00 1.790208937631371233e-02
9.385688493085176526e-03 1.781000600865477512e+00 1.920792208209643262e-02
1.708398687094025981e-02 3.129107734660901752e+00 2.420858112808387322e-02
2.992529895615206326e-02 4.308117027118096409e+00 2.172644550570021482e-02
5.227787232526370786e-02 5.705404437945058582e+00 1.782553219195248326e-02
9.381806562850221465e-02 7.032920748420214530e+00 1.470018097937508469e-02
1.684206327497274613e-01 8.260607067030299788e+00 9.721372008839131509e-03
2.958813037981607441e-01 1.064837120566191153e+01 1.031127385814006175e-02
5.212577713320267758e-01 1.639665957172086408e+01 7.513742563350678944e-03
9.251455039285223503e-01 2.194338915980498683e+01 7.502414899849487243e-03
1.614474208254482512e+00 2.406092296671615927e+01 7.679375430315962120e-03
3.036134973241226831e+00 2.992921900155634418e+01 9.499773888397270230e-03
4.920550335302132261e+00 3.287266624945532811e+01 7.205876988241711502e-03
9.045420272156908581e+00 3.083633624629061032e+01 8.142787160830985971e-03
1.664834842389627312e+01 2.945138232187600380e+01 4.868950283996288653e-03
2.754061469744558366e+01 3.401204819720502570e+01 3.631630913762741528e-03
