# t
0.000000000000000000e+00
6.127439299999999587e-13
6.458941399999999740e-13
7.848338699999999713e-13
1.108010700000000042e-12
2.389177700000000009e-12
2.836768200000000009e-12
2.874407300000000125e-12
3.167733200000000104e-12
3.204056499999999980e-12
3.322041499999999906e-12
3.456812599999999976e-12
3.727035700000000184e-12
3.771302099999999895e-12
4.073956299999999621e-12
4.089651999999999990e-12
4.303759599999999598e-12
4.352884700000000216e-12
4.889062599999999654e-12
5.013345799999999836e-12
5.022420799999999977e-12
5.176862600000000103e-12
5.190885600000000194e-12
5.773293600000000392e-12
5.953356900000000219e-12
6.123706599999999618e-12
6.170239299999999768e-12
6.200011300000000300e-12
6.365184200000000148e-12
6.383615899999999870e-12
6.466432700000000290e-12
6.570909400000000379e-12
7.157641299999999724e-12
7.196688200000000277e-12
7.273858100000000384e-12
7.763644499999999595e-12
7.780380399999999437e-12
7.878868400000000622e-12
7.991910000000000426e-12
8.344851999999999873e-12
8.359561099999999398e-12
9.018822500000000368e-12
9.045936800000000702e-12
9.748460099999999900e-12
9.797169600000000522e-12
9.836347299999999841e-12
9.836715600000000806e-12
1.056125799999999943e-11
1.240199200000000009e-11
1.287126000000000023e-11
1.305225700000000025e-11
1.334320400000000063e-11
1.362216699999999938e-11
1.364664100000000068e-11
1.388269499999999975e-11
1.437023400000000054e-11
1.437163800000000000e-11
1.459282399999999990e-11
1.464613600000000136e-11
1.496951800000000068e-11
1.514189600000000126e-11
1.593522199999999997e-11
1.598017000000000056e-11
1.627874500000000022e-11
1.646595999999999985e-11
1.650028299999999976e-11
1.651421399999999925e-11
1.693984999999999915e-11
1.695653599999999927e-11
1.732097099999999962e-11
1.751670300000000120e-11
1.753154999999999955e-11
1.763994199999999879e-11
1.782529600000000010e-11
1.825534500000000131e-11
1.841289699999999951e-11
1.905000199999999935e-11
1.908071700000000060e-11
1.912877299999999879e-11
1.990636500000000088e-11
2.021128100000000006e-11
2.035609599999999978e-11
2.130351999999999968e-11
2.151381500000000045e-11
2.192434500000000113e-11
2.248781399999999956e-11
2.283136899999999890e-11
2.288482800000000121e-11
2.316169700000000125e-11
2.341647999999999879e-11
2.357423699999999900e-11
2.378841599999999944e-11
2.399130399999999925e-11
2.401533999999999973e-11
2.410235699999999978e-11
2.411672800000000124e-11
2.417628800000000023e-11
2.418826399999999885e-11
2.420151399999999942e-11
2.443560299999999992e-11
2.460403500000000059e-11
2.550704599999999855e-11
2.557853900000000041e-11
2.559348699999999890e-11
2.673339899999999858e-11
2.694524600000000023e-11
2.699992599999999975e-11
2.727519999999999994e-11
2.733273399999999908e-11
2.741196300000000118e-11
2.822637899999999936e-11
2.868100499999999993e-11
2.902307800000000002e-11
2.912189500000000048e-11
2.951419999999999797e-11
2.975986400000000148e-11
2.997845600000000322e-11
3.000543000000000011e-11
3.034337399999999805e-11
3.035665500000000036e-11
3.075907600000000197e-11
3.077484299999999826e-11
3.085457099999999761e-11
3.140374099999999738e-11
3.155962600000000263e-11
3.159421400000000042e-11
3.173574399999999730e-11
3.183058599999999727e-11
3.202363299999999985e-11
3.217586500000000307e-11
3.374475599999999698e-11
3.389223899999999880e-11
3.392142600000000010e-11
3.395172499999999708e-11
3.411129100000000113e-11
3.473281600000000276e-11
3.521660700000000163e-11
3.701540300000000090e-11
3.827144300000000006e-11
3.856457299999999722e-11
3.856520800000000189e-11
3.932919799999999730e-11
3.937915700000000190e-11
4.120604799999999895e-11
4.127057700000000032e-11
4.132770299999999980e-11
4.216673000000000081e-11
4.230549100000000190e-11
4.236706599999999762e-11
4.293891000000000005e-11
4.317293399999999857e-11
4.357329399999999950e-11
4.423984500000000151e-11
4.426036099999999920e-11
4.440260099999999880e-11
4.449702500000000305e-11
4.449973200000000182e-11
4.452902099999999737e-11
4.529876800000000092e-11
4.532156699999999818e-11
4.532841500000000280e-11
4.535150099999999772e-11
4.535424599999999904e-11
4.550492699999999873e-11
4.688158700000000227e-11
4.693000300000000149e-11
4.704410599999999846e-11
4.709090700000000244e-11
4.784838800000000152e-11
4.785132499999999735e-11
4.849931499999999932e-11
4.891133699999999855e-11
4.892496800000000257e-11
4.896541100000000044e-11
4.905877199999999851e-11
4.915059600000000113e-11
4.931332300000000107e-11
4.935380099999999976e-11
4.957595599999999681e-11
5.124899499999999896e-11
5.128767700000000132e-11
5.213798399999999983e-11
5.237863900000000049e-11
5.250807300000000056e-11
5.278267300000000264e-11
5.278268000000000022e-11
5.305833100000000155e-11
5.325018700000000161e-11
5.326583800000000203e-11
5.329986000000000267e-11
5.359308500000000296e-11
5.387970400000000263e-11
5.390613200000000099e-11
5.399575800000000140e-11
5.399922800000000119e-11
5.485171100000000213e-11
5.500387299999999726e-11
5.525435799999999849e-11
5.635661300000000266e-11
5.644074799999999985e-11
5.683396299999999920e-11
5.812078400000000217e-11
5.822111499999999774e-11
5.881474100000000488e-11
5.890550399999999602e-11
5.895692999999999443e-11
5.900903399999999649e-11
6.071400100000000542e-11
6.105005999999999442e-11
6.122622700000000445e-11
6.122688200000000128e-11
6.200152999999999703e-11
6.241664600000000517e-11
6.343811899999999609e-11
6.344281199999999747e-11
6.362842699999999435e-11
6.402685800000000619e-11
6.420681399999999981e-11
6.434280399999999750e-11
6.438772699999999658e-11
6.495081100000000218e-11
6.499687899999999661e-11
6.545215299999999966e-11
6.598323799999999628e-11
6.722206999999999449e-11
6.742532199999999440e-11
6.751242300000000417e-11
6.766202200000000611e-11
6.773801399999999430e-11
6.788753599999999702e-11
6.791819800000000322e-11
6.820738600000000600e-11
6.887834800000000171e-11
6.901612700000000461e-11
6.944332299999999385e-11
6.948431500000000491e-11
6.988091200000000495e-11
7.014971499999999519e-11
7.022162800000000040e-11
7.067105299999999392e-11
7.078717599999999374e-11
7.085755199999999704e-11
7.087150100000000369e-11
7.095419499999999622e-11
7.199290899999999422e-11
7.209966299999999463e-11
7.210862200000000293e-11
7.215275099999999603e-11
7.255779600000000019e-11
7.263780599999999431e-11
7.274228399999999919e-11
7.278495500000000366e-11
7.294874299999999569e-11
7.318946900000000502e-11
7.347514299999999555e-11
7.347766799999999912e-11
7.371510300000000213e-11
7.380188700000000339e-11
7.421709799999999529e-11
7.447333699999999646e-11
7.465807299999999645e-11
7.475495299999999674e-11
7.476006999999999731e-11
7.499286800000000542e-11
7.540253500000000229e-11
7.561801100000000180e-11
7.593727499999999563e-11
7.598657899999999693e-11
7.651953800000000259e-11
7.762916899999999952e-11
7.764810800000000452e-11
7.871956999999999796e-11
7.893835500000000125e-11
7.919805100000000116e-11
7.967871399999999733e-11
7.972961899999999872e-11
8.034682800000000334e-11
8.040393899999999417e-11
8.187505099999999874e-11
8.204355600000000601e-11
8.233509799999999766e-11
8.237526899999999361e-11
8.265985599999999642e-11
8.274233099999999825e-11
8.304531100000000106e-11
8.326503899999999942e-11
8.357481899999999853e-11
8.364545400000000270e-11
8.373040999999999562e-11
8.377481500000000587e-11
8.502516400000000269e-11
8.505324900000000115e-11
8.516049599999999535e-11
8.541796600000000273e-11
8.544824999999999752e-11
8.564164000000000423e-11
8.586707100000000539e-11
8.597532300000000459e-11
8.699922600000000240e-11
8.702243900000000601e-11
8.838341800000000475e-11
8.841513199999999784e-11
8.905453100000000360e-11
8.941649099999999694e-11
8.944999999999999872e-11
8.945123899999999663e-11
8.949033299999999771e-11
8.971156000000000189e-11
8.972104799999999892e-11
9.030323799999999605e-11
9.048632199999999883e-11
9.082332300000000171e-11
9.089745500000000186e-11
9.168979799999999535e-11
9.186821000000000240e-11
9.192158499999999499e-11
9.199549499999999624e-11
9.274666200000000170e-11
9.277981500000000476e-11
9.323018499999999449e-11
9.332206700000000474e-11
9.353256599999999402e-11
9.382179200000000582e-11
9.384236899999999995e-11
9.388799299999999657e-11
9.396068399999999852e-11
9.421641700000000486e-11
9.533772500000000229e-11
9.535612599999999398e-11
9.562543700000000606e-11
9.570895400000000194e-11
9.571451599999999444e-11
9.573477299999999771e-11
9.630261099999999467e-11
9.634324699999999409e-11
9.651444999999999493e-11
9.666345500000000294e-11
9.724072199999999517e-11
9.804077199999999801e-11
9.904405699999999740e-11
9.924250900000000525e-11
9.927280399999999992e-11
1.003536499999999950e-10
1.006446699999999955e-10
1.006473399999999987e-10
1.008596299999999944e-10
1.011201500000000047e-10
1.015227899999999970e-10
1.015502799999999945e-10
1.016576599999999944e-10
1.016772599999999997e-10
1.027812799999999952e-10
1.029634899999999975e-10
1.031770599999999954e-10
1.035468299999999993e-10
1.041366999999999967e-10
1.041428900000000028e-10
1.053154700000000002e-10
1.053232900000000037e-10
1.055050399999999989e-10
1.055122100000000020e-10
1.063650899999999995e-10
1.072017199999999997e-10
1.072310699999999982e-10
1.075175300000000030e-10
1.075517299999999965e-10
1.075663000000000062e-10
1.080304500000000020e-10
1.089880100000000046e-10
1.090660899999999962e-10
1.091664100000000048e-10
1.092180800000000019e-10
1.094120499999999944e-10
1.101417699999999947e-10
1.101436600000000000e-10
1.104285000000000003e-10
1.105814599999999972e-10
1.106091900000000040e-10
1.108442199999999952e-10
1.109240100000000045e-10
1.110418999999999968e-10
1.110730300000000017e-10
1.114187199999999992e-10
1.114296100000000043e-10
1.114711800000000000e-10
1.118435200000000012e-10
1.122536100000000032e-10
1.122551100000000031e-10
1.124336099999999963e-10
1.126064999999999952e-10
1.135573700000000004e-10
1.135916899999999986e-10
1.139645500000000027e-10
1.139902300000000023e-10
1.140578399999999986e-10
1.141872899999999950e-10
1.143761100000000002e-10
1.143952800000000029e-10
1.150152200000000007e-10
1.150763000000000015e-10
1.151241500000000036e-10
1.151368200000000021e-10
1.155951199999999942e-10
1.171552700000000088e-10
1.172945099999999956e-10
1.174796799999999876e-10
1.174812000000000120e-10
1.176587100000000024e-10
1.176594399999999973e-10
1.180629399999999949e-10
1.180773299999999912e-10
1.187224100000000129e-10
1.189938999999999969e-10
1.192812200000000070e-10
1.193282800000000054e-10
1.195967500000000037e-10
1.206863999999999887e-10
1.208024000000000015e-10
1.223585800000000120e-10
1.223976900000000094e-10
1.242534199999999942e-10
1.242816499999999924e-10
1.244357899999999984e-10
1.244997900000000046e-10
1.248219399999999971e-10
1.248607500000000023e-10
1.267930199999999944e-10
1.268034900000000026e-10
1.274531999999999958e-10
1.275585499999999999e-10
1.278384099999999947e-10
1.278759800000000078e-10
1.279882599999999929e-10
1.282794100000000038e-10
1.282853799999999992e-10
1.282857400000000002e-10
1.282920699999999966e-10
1.288185100000000066e-10
1.293686599999999905e-10
1.304897599999999971e-10
1.305044900000000087e-10
1.305496499999999960e-10
1.307188799999999888e-10
1.307372999999999979e-10
1.314536599999999890e-10
1.320459899999999976e-10
1.320639499999999997e-10
1.330989099999999891e-10
1.353871999999999965e-10
1.355695799999999935e-10
1.364887100000000036e-10
1.371956699999999968e-10
1.378877999999999982e-10
1.379918400000000087e-10
1.387850300000000065e-10
1.395128700000000071e-10
1.395324200000000094e-10
1.395947199999999907e-10
1.402442900000000064e-10
1.403692899999999931e-10
1.404431500000000042e-10
1.409684299999999909e-10
1.420726499999999985e-10
1.421530099999999878e-10
1.424247599999999926e-10
1.430170699999999897e-10
1.434892900000000040e-10
1.435252400000000126e-10
1.438793700000000096e-10
1.439904400000000070e-10
1.447427800000000110e-10
1.449992900000000071e-10
1.450033400000000056e-10
1.453923899999999982e-10
1.455680400000000006e-10
1.457023400000000050e-10
1.479512700000000128e-10
1.483336899999999909e-10
1.484186899999999963e-10
1.487724400000000066e-10
1.497136700000000046e-10
1.501716000000000028e-10
1.506976999999999975e-10
1.514499699999999999e-10
1.517755599999999879e-10
1.520885199999999874e-10
1.529252499999999936e-10
1.529486200000000039e-10
1.529833800000000105e-10
1.530751999999999979e-10
1.530848599999999908e-10
1.541794699999999955e-10
1.545706200000000113e-10
1.549788099999999892e-10
1.563681400000000107e-10
1.567952599999999948e-10
1.571850599999999938e-10
1.572159800000000068e-10
1.572699100000000031e-10
1.577119199999999878e-10
1.577631599999999952e-10
1.579930500000000048e-10
1.582527600000000128e-10
1.597973600000000077e-10
1.598110600000000063e-10
1.599619900000000075e-10
1.600634400000000093e-10
1.605525499999999896e-10
1.605832500000000048e-10
1.608706100000000122e-10
1.608930700000000012e-10
1.626180299999999902e-10
1.632615000000000002e-10
1.632768699999999935e-10
1.639540200000000070e-10
1.639733600000000044e-10
1.640343700000000036e-10
1.649134000000000005e-10
1.649551300000000110e-10
1.654168600000000057e-10
1.662301000000000100e-10
1.670664699999999894e-10
1.671310899999999916e-10
1.687950599999999930e-10
1.692859799999999972e-10
1.693465599999999937e-10
1.696208499999999913e-10
1.698958700000000096e-10
1.705139399999999878e-10
1.708193699999999961e-10
1.709169400000000070e-10
1.731494800000000015e-10
1.732939599999999887e-10
1.734080700000000091e-10
1.734314399999999935e-10
1.737730700000000125e-10
1.738544099999999989e-10
1.743701600000000031e-10
1.796632100000000079e-10
1.796884999999999891e-10
1.797314299999999944e-10
1.805275799999999948e-10
1.806622700000000046e-10
1.813708000000000123e-10
1.817875000000000043e-10
1.818475099999999948e-10
1.827041299999999929e-10
1.827526299999999953e-10
1.830430900000000086e-10
1.830549299999999933e-10
1.833136099999999884e-10
1.843053199999999944e-10
1.849178699999999915e-10
1.852926599999999982e-10
1.858333500000000012e-10
1.858504700000000095e-10
1.858835500000000027e-10
1.859623099999999991e-10
1.868172600000000024e-10
1.874318900000000111e-10
1.879982600000000007e-10
1.898000899999999937e-10
1.900879500000000053e-10
1.907611000000000104e-10
1.955363900000000010e-10
1.956572100000000045e-10
1.966174299999999917e-10
1.966448999999999906e-10
1.971302999999999877e-10
1.971577199999999965e-10
1.975452099999999933e-10
1.975685899999999963e-10
1.977653700000000084e-10
1.990620200000000113e-10
1.997131599999999899e-10
1.999428099999999902e-10
2.004087700000000098e-10
2.015762100000000127e-10
2.016040599999999983e-10
2.018111199999999993e-10
2.020906800000000018e-10
2.021177599999999952e-10
2.021263900000000010e-10
2.021731800000000116e-10
2.023261400000000085e-10
2.025349800000000030e-10
2.025354800000000073e-10
2.030137200000000071e-10
2.030576099999999979e-10
2.031812100000000036e-10
2.031988100000000046e-10
2.051812099999999967e-10
2.053751999999999879e-10
2.054057500000000069e-10
2.055722399999999949e-10
2.056742799999999882e-10
2.061159200000000049e-10
2.061264300000000103e-10
2.063270300000000044e-10
2.063335600000000129e-10
2.066922500000000056e-10
2.067228700000000004e-10
2.087803600000000028e-10
2.089288600000000101e-10
2.089883200000000063e-10
2.090177299999999877e-10
2.093294799999999996e-10
2.094563899999999902e-10
2.096816999999999926e-10
2.115810900000000035e-10
2.116062100000000029e-10
2.117382400000000023e-10
2.117644999999999877e-10
2.118288400000000092e-10
2.119397099999999946e-10
2.122692899999999981e-10
2.123938300000000036e-10
2.131142500000000119e-10
2.131878100000000050e-10
2.139368600000000098e-10
2.142909399999999908e-10
2.145265899999999909e-10
2.148721399999999981e-10
2.158297200000000123e-10
2.159922099999999917e-10
2.164305700000000020e-10
2.170379199999999957e-10
2.170736599999999994e-10
2.180887600000000014e-10
2.182402899999999871e-10
2.188801600000000127e-10
2.188899200000000117e-10
2.189148499999999919e-10
2.189579699999999906e-10
2.201437999999999983e-10
2.206727899999999940e-10
2.209409900000000045e-10
2.212216000000000056e-10
2.213074599999999905e-10
2.216035500000000097e-10
2.216151099999999879e-10
2.220816999999999963e-10
2.221664000000000094e-10
2.225991999999999896e-10
2.227829399999999962e-10
2.237708900000000031e-10
2.242196000000000040e-10
2.242635900000000008e-10
2.244781399999999957e-10
2.244990100000000103e-10
2.249145699999999905e-10
2.253309299999999929e-10
2.256239500000000106e-10
2.256820300000000115e-10
2.261553700000000003e-10
2.287574900000000053e-10
2.288262899999999907e-10
2.288725399999999997e-10
2.288837800000000000e-10
2.288866799999999938e-10
2.288963699999999911e-10
2.293432399999999896e-10
2.296991200000000016e-10
2.300052899999999977e-10
2.307588100000000108e-10
2.309024900000000016e-10
2.311711799999999977e-10
2.315641100000000070e-10
2.315723399999999887e-10
2.320717799999999997e-10
2.329971800000000232e-10
2.332155800000000046e-10
2.339084300000000080e-10
2.341938299999999955e-10
2.345372599999999938e-10
2.345400700000000003e-10
2.348234000000000206e-10
2.348772000000000065e-10
2.350736500000000219e-10
2.352452700000000115e-10
2.352525700000000120e-10
2.354087900000000039e-10
2.354486800000000121e-10
2.359357899999999753e-10
2.359389800000000202e-10
2.363953699999999825e-10
2.375360099999999985e-10
2.376379900000000090e-10
2.377440100000000251e-10
2.385678000000000062e-10
2.396068900000000144e-10
2.396551999999999977e-10
2.401596700000000043e-10
2.401821099999999818e-10
2.408433400000000076e-10
2.408512900000000086e-10
2.416083900000000204e-10
2.419537499999999825e-10
2.419792800000000247e-10
2.422302999999999922e-10
2.427422800000000044e-10
2.427766100000000083e-10
2.431782800000000223e-10
2.490221499999999971e-10
2.493630400000000025e-10
2.494478200000000101e-10
2.496735099999999993e-10
2.500570699999999892e-10
2.501749200000000231e-10
2.510232299999999932e-10
2.510414900000000134e-10
2.516127000000000053e-10
2.517673700000000200e-10
2.518235600000000026e-10
2.521069499999999801e-10
2.525490100000000065e-10
2.527420800000000095e-10
2.529311900000000012e-10
2.538737200000000000e-10
2.539827900000000061e-10
2.556260300000000220e-10
2.558378500000000049e-10
2.604541499999999944e-10
2.609764000000000026e-10
2.610463500000000185e-10
2.612308799999999771e-10
2.613413799999999945e-10
2.619550700000000033e-10
2.620374299999999840e-10
2.624172500000000122e-10
2.624658900000000179e-10
2.625252199999999778e-10
2.626690599999999834e-10
2.626843400000000152e-10
2.626860200000000027e-10
2.629814899999999742e-10
2.645377500000000050e-10
2.645428199999999978e-10
2.647217299999999951e-10
2.648566799999999999e-10
2.654339300000000146e-10
2.660435700000000249e-10
2.662773299999999809e-10
2.663467999999999782e-10
2.663924599999999956e-10
2.663996600000000160e-10
2.664046899999999857e-10
2.665205800000000255e-10
2.665887899999999934e-10
2.667054099999999764e-10
2.668866699999999990e-10
2.668901800000000219e-10
2.672598099999999967e-10
2.672766699999999842e-10
2.673310700000000063e-10
2.674941500000000032e-10
2.679835299999999972e-10
2.680111399999999993e-10
2.680542100000000080e-10
2.681620700000000006e-10
2.690581800000000086e-10
2.692576999999999996e-10
2.692730200000000029e-10
2.693523299999999936e-10
2.693987700000000218e-10
2.694444600000000177e-10
2.695319599999999929e-10
2.696052599999999909e-10
2.702363799999999932e-10
2.703247099999999951e-10
2.706600300000000034e-10
2.711341899999999744e-10
2.711395400000000255e-10
2.713749900000000135e-10
2.715914599999999794e-10
2.716255799999999784e-10
2.716402600000000258e-10
2.716592200000000106e-10
2.725425300000000225e-10
2.725434299999999992e-10
2.735011900000000139e-10
2.737986199999999794e-10
2.738398199999999813e-10
2.738950199999999999e-10
2.739560599999999776e-10
2.744448900000000031e-10
2.744775299999999750e-10
2.749923999999999881e-10
2.751404200000000027e-10
2.754245700000000053e-10
2.756560200000000107e-10
2.757788300000000127e-10
2.757891999999999889e-10
2.758697299999999860e-10
2.759297799999999996e-10
2.763121999999999777e-10
2.772366900000000058e-10
2.772749699999999764e-10
2.777669700000000095e-10
2.778175700000000093e-10
2.780738300000000032e-10
2.781501400000000199e-10
2.781820499999999968e-10
2.783021199999999939e-10
2.785078699999999754e-10
2.785134600000000099e-10
2.785312400000000114e-10
2.786020499999999809e-10
2.786600600000000060e-10
2.787434000000000096e-10
2.788781900000000254e-10
2.792974999999999860e-10
2.794891899999999936e-10
2.819038400000000231e-10
2.820766699999999745e-10
2.824180100000000199e-10
2.825383499999999790e-10
2.849641900000000187e-10
2.853358300000000036e-10
2.854041599999999890e-10
2.856815600000000112e-10
2.856863499999999975e-10
2.858760900000000039e-10
2.866591699999999946e-10
2.866646599999999972e-10
2.872930100000000160e-10
2.873349199999999754e-10
2.876035099999999913e-10
2.876424400000000141e-10
2.877653799999999748e-10
2.877695399999999980e-10
2.878965800000000249e-10
2.881144100000000004e-10
2.913215600000000041e-10
2.914631899999999877e-10
2.915456699999999859e-10
2.917582200000000153e-10
2.919352199999999828e-10
2.934833200000000076e-10
2.935195300000000112e-10
2.935504000000000082e-10
2.937584900000000221e-10
2.944331799999999856e-10
2.945133399999999887e-10
2.946239100000000077e-10
2.947496999999999981e-10
2.952381100000000137e-10
2.952400899999999935e-10
2.953010199999999982e-10
2.953690499999999914e-10
2.954298100000000142e-10
2.974593999999999892e-10
2.975047099999999984e-10
2.976078599999999993e-10
2.977074199999999827e-10
2.977226400000000058e-10
2.978106499999999781e-10
2.987104499999999836e-10
2.989661099999999930e-10
2.994488100000000083e-10
2.996367099999999865e-10
3.000879299999999758e-10
3.001858800000000251e-10
3.002987799999999803e-10
3.005747399999999984e-10
3.006652300000000065e-10
3.006963999999999957e-10
3.007224899999999993e-10
3.007763800000000242e-10
3.011204199999999998e-10
3.014971799999999934e-10
3.022886900000000037e-10
3.023672400000000209e-10
3.024307499999999898e-10
3.025201099999999789e-10
3.025382100000000101e-10
3.026004600000000012e-10
3.030176800000000090e-10
3.030267599999999773e-10
3.031840800000000096e-10
3.033077400000000241e-10
3.033118999999999956e-10
3.033382399999999755e-10
3.034448900000000064e-10
3.044486200000000235e-10
3.045037200000000102e-10
3.047388099999999973e-10
3.047657899999999847e-10
3.049095300000000101e-10
3.050700600000000213e-10
3.051312300000000095e-10
3.055124999999999828e-10
3.057345900000000135e-10
3.057733099999999796e-10
3.069719499999999762e-10
3.069889999999999829e-10
3.072486999999999980e-10
3.085361600000000080e-10
3.085611899999999942e-10
3.087281600000000007e-10
3.088926700000000088e-10
3.089011100000000213e-10
3.092544700000000003e-10
3.092721099999999986e-10
3.093648599999999929e-10
3.096796500000000019e-10
3.097149000000000200e-10
3.098909300000000091e-10
3.100062800000000215e-10
3.100186099999999918e-10
3.104285399999999919e-10
3.104933400000000204e-10
3.105659300000000093e-10
3.108102400000000196e-10
3.108831100000000150e-10
3.112253200000000070e-10
3.113953799999999748e-10
3.115748000000000209e-10
3.128932900000000169e-10
3.130627500000000003e-10
3.131880100000000078e-10
3.133161100000000003e-10
3.135681400000000210e-10
3.151824300000000109e-10
3.153855699999999978e-10
3.158512700000000224e-10
3.164279900000000026e-10
3.165995200000000048e-10
3.166156900000000205e-10
3.167690000000000256e-10
3.170059600000000194e-10
3.170365500000000099e-10
3.174409800000000144e-10
3.174509199999999880e-10
3.175112500000000082e-10
3.176559000000000032e-10
3.188956799999999929e-10
3.189167099999999965e-10
3.192168700000000258e-10
3.192275900000000102e-10
3.195790599999999968e-10
3.196541099999999840e-10
3.198872899999999929e-10
3.199653799999999773e-10
3.200157100000000151e-10
3.205067099999999879e-10
3.205437999999999824e-10
3.222388899999999830e-10
3.223057000000000216e-10
3.233585300000000257e-10
3.233797799999999754e-10
3.234109299999999789e-10
3.236038399999999929e-10
3.236171300000000004e-10
3.241025900000000063e-10
3.242590700000000190e-10
3.243137200000000173e-10
3.249398299999999838e-10
3.257433100000000151e-10
3.257696599999999878e-10
3.264771099999999924e-10
3.266097200000000164e-10
3.266581199999999870e-10
3.272040500000000164e-10
3.272460999999999790e-10
3.272527399999999863e-10
3.278369700000000237e-10
3.278558600000000069e-10
3.288097599999999906e-10
3.288417899999999851e-10
3.288789900000000044e-10
3.289135400000000061e-10
3.289760799999999967e-10
3.291483599999999794e-10
3.295127299999999940e-10
3.297079199999999799e-10
3.299839900000000228e-10
3.303918599999999969e-10
3.304006400000000247e-10
3.305011900000000239e-10
3.311335500000000182e-10
3.311925400000000145e-10
3.318448799999999878e-10
3.320581600000000121e-10
3.330586299999999827e-10
3.334839000000000234e-10
3.335452000000000219e-10
3.337308300000000210e-10
3.339626600000000132e-10
3.339630900000000158e-10
3.348002400000000060e-10
3.348437199999999799e-10
3.362760999999999985e-10
3.364148700000000112e-10
3.364173599999999881e-10
3.366931299999999871e-10
3.367854100000000074e-10
3.369467899999999794e-10
3.369819099999999870e-10
3.370207700000000081e-10
3.374594199999999919e-10
3.375431100000000036e-10
3.378186999999999762e-10
3.379404500000000125e-10
3.379960899999999749e-10
3.381615999999999916e-10
3.382885800000000097e-10
3.388655999999999822e-10
3.388835700000000029e-10
3.392732500000000102e-10
3.393535400000000238e-10
3.393756200000000002e-10
3.394499800000000157e-10
3.394587799999999774e-10
3.394913699999999851e-10
3.395517999999999854e-10
3.395723899999999935e-10
3.398670199999999971e-10
3.399174500000000151e-10
3.399797899999999936e-10
3.402350000000000147e-10
3.402450099999999899e-10
3.407041599999999945e-10
3.407265099999999846e-10
3.413637200000000256e-10
3.414095500000000249e-10
3.420422399999999899e-10
3.421812100000000147e-10
3.428654700000000096e-10
3.433626099999999854e-10
3.433721300000000009e-10
3.435285500000000048e-10
3.436121800000000078e-10
3.439760799999999966e-10
3.439904500000000071e-10
3.440762799999999876e-10
3.440818299999999990e-10
3.442372300000000086e-10
3.443373799999999837e-10
3.445978999999999811e-10
3.447780199999999918e-10
3.447911500000000104e-10
3.448312800000000020e-10
3.448682399999999862e-10
3.450714000000000105e-10
3.458580600000000257e-10
3.459316199999999929e-10
3.462302499999999791e-10
3.464965100000000070e-10
3.465118599999999888e-10
3.485023400000000181e-10
3.488516900000000217e-10
3.488587100000000157e-10
3.492191900000000206e-10
3.494106900000000091e-10
3.494294999999999978e-10
3.494760900000000221e-10
3.495433300000000116e-10
3.501643300000000139e-10
3.501699800000000055e-10
3.503811599999999808e-10
3.503932999999999836e-10
3.525071899999999994e-10
3.525105700000000118e-10
3.529938199999999956e-10
3.532804499999999823e-10
3.533154299999999866e-10
3.534167300000000181e-10
3.534309299999999952e-10
3.536077100000000166e-10
3.536860999999999932e-10
3.537303599999999779e-10
3.537619999999999929e-10
3.538582600000000101e-10
3.540907100000000241e-10
3.543112199999999957e-10
3.545607699999999806e-10
3.546085499999999810e-10
3.546325200000000016e-10
3.547306199999999953e-10
3.547479099999999854e-10
3.547493499999999895e-10
3.547585399999999825e-10
3.553036600000000225e-10
3.553130199999999973e-10
3.553283800000000236e-10
3.560518900000000192e-10
3.573781300000000041e-10
3.574256700000000210e-10
3.575336299999999938e-10
3.575409900000000032e-10
3.587627300000000222e-10
3.588519699999999937e-10
3.589700799999999967e-10
3.590931600000000123e-10
3.592982900000000236e-10
3.593300599999999973e-10
3.599191500000000226e-10
3.602356699999999834e-10
3.603176199999999988e-10
3.603390899999999979e-10
3.620639199999999766e-10
3.621496899999999999e-10
3.628278400000000220e-10
3.628854500000000230e-10
3.633245699999999809e-10
3.634911099999999847e-10
3.638103700000000021e-10
3.638400500000000230e-10
3.647941000000000028e-10
3.654477099999999984e-10
3.654766000000000157e-10
3.655048000000000095e-10
3.656894200000000071e-10
3.657044199999999807e-10
3.657433099999999803e-10
3.659286600000000246e-10
3.659614900000000157e-10
3.660373300000000066e-10
3.660480399999999982e-10
3.661588300000000149e-10
3.662283700000000138e-10
3.662443199999999800e-10
3.665195400000000104e-10
3.666618800000000031e-10
3.667236100000000043e-10
3.670869100000000087e-10
3.671053500000000035e-10
3.676002000000000144e-10
3.676009900000000181e-10
3.680262199999999840e-10
3.680314500000000175e-10
3.682614499999999743e-10
3.682899500000000120e-10
3.684190999999999774e-10
3.688041599999999802e-10
3.688434300000000182e-10
3.692999499999999909e-10
3.693525600000000007e-10
3.698846799999999809e-10
3.706118400000000026e-10
3.706239000000000109e-10
3.707632700000000081e-10
3.710451200000000013e-10
3.710540000000000093e-10
3.711849100000000084e-10
3.717012200000000256e-10
3.718619599999999900e-10
3.718654000000000112e-10
3.720086299999999878e-10
3.720381399999999752e-10
3.730051800000000220e-10
3.730440299999999985e-10
3.734488900000000057e-10
3.736449200000000113e-10
3.737402500000000216e-10
3.737930499999999989e-10
3.738158999999999933e-10
3.747704299999999916e-10
3.748468100000000099e-10
3.750518399999999893e-10
3.750583100000000149e-10
3.751390099999999937e-10
3.751398699999999990e-10
3.771152899999999942e-10
3.775868099999999922e-10
3.776033699999999875e-10
3.790614999999999943e-10
3.797334500000000046e-10
3.797767899999999752e-10
3.797887799999999819e-10
3.800557199999999888e-10
3.801918100000000055e-10
3.802459199999999764e-10
3.805746499999999933e-10
3.806454700000000074e-10
3.808211100000000169e-10
3.809378299999999801e-10
3.810578099999999898e-10
3.846265399999999873e-10
3.847815500000000174e-10
3.848072699999999754e-10
3.848115700000000019e-10
3.848285699999999927e-10
3.856340900000000124e-10
3.857175200000000033e-10
3.860161300000000038e-10
3.861534700000000053e-10
3.862333200000000234e-10
3.865068899999999931e-10
3.865550200000000017e-10
3.867854099999999898e-10
3.869713000000000097e-10
3.871308599999999909e-10
3.871855099999999893e-10
3.872744600000000130e-10
3.874571800000000254e-10
3.874790200000000184e-10
3.875144099999999880e-10
3.878355400000000121e-10
3.878921500000000045e-10
3.879269700000000199e-10
3.885361599999999902e-10
3.887530600000000104e-10
3.888670899999999846e-10
3.892028900000000115e-10
3.893492600000000171e-10
3.893892500000000055e-10
3.894811200000000088e-10
3.895185600000000115e-10
3.896384100000000109e-10
3.896664299999999783e-10
3.896787099999999843e-10
3.898203400000000196e-10
3.898849100000000058e-10
3.899145300000000180e-10
3.900876899999999918e-10
3.902115600000000111e-10
3.902288099999999781e-10
3.902780500000000200e-10
3.904461800000000241e-10
3.904633599999999895e-10
3.905127800000000061e-10
3.906430699999999833e-10
3.911321200000000065e-10
3.911357699999999810e-10
3.916109900000000210e-10
3.917088200000000010e-10
3.917827299999999764e-10
3.918421899999999985e-10
3.919516299999999985e-10
3.920335900000000067e-10
3.924906799999999853e-10
3.925602899999999859e-10
3.925732000000000067e-10
3.932754500000000081e-10
3.933111999999999787e-10
3.933647200000000098e-10
3.936625300000000137e-10
3.936942600000000160e-10
3.937022599999999813e-10
3.938129799999999964e-10
3.939060600000000132e-10
3.939342099999999910e-10
3.939915199999999998e-10
3.940075299999999748e-10
3.947326899999999793e-10
3.950427600000000037e-10
3.950814900000000144e-10
3.954216299999999875e-10
3.954258999999999838e-10
3.955775599999999800e-10
3.956086399999999819e-10
3.960445099999999894e-10
3.960507600000000172e-10
3.961182999999999989e-10
3.967211699999999915e-10
3.967283499999999745e-10
3.968446000000000153e-10
3.970791800000000052e-10
3.973851099999999920e-10
3.975629299999999933e-10
3.978096800000000163e-10
3.979409299999999790e-10
3.979411899999999998e-10
3.982929900000000089e-10
3.983340899999999789e-10
3.983943799999999760e-10
3.984986799999999815e-10
3.985925300000000163e-10
3.986798600000000097e-10
3.987227800000000222e-10
3.988791400000000173e-10
3.995915300000000043e-10
3.996800600000000183e-10
4.001596599999999759e-10
4.003556400000000173e-10
4.004980500000000116e-10
4.005025400000000057e-10
4.007431299999999882e-10
4.008174700000000180e-10
4.009503799999999825e-10
4.010833099999999844e-10
4.013183199999999770e-10
4.013292500000000180e-10
4.013944000000000031e-10
4.014438900000000213e-10
4.055274799999999873e-10
4.060527099999999838e-10
4.063710599999999800e-10
4.102591899999999980e-10
4.138952399999999795e-10
4.144981200000000166e-10
4.173907999999999893e-10
4.177885199999999849e-10
4.178582500000000030e-10
4.179033099999999843e-10
4.179678900000000151e-10
4.179819699999999746e-10
4.180198000000000085e-10
4.180488400000000219e-10
4.182903000000000026e-10
4.183262000000000210e-10
4.183816299999999785e-10
4.184012400000000154e-10
4.185239800000000158e-10
4.188498099999999871e-10
4.189551100000000012e-10
4.190169700000000129e-10
4.191164500000000018e-10
4.193918199999999767e-10
4.194288799999999927e-10
4.198911200000000103e-10
4.199112800000000157e-10
4.201882800000000138e-10
4.203107500000000005e-10
4.203699200000000232e-10
4.205648700000000257e-10
4.206087999999999879e-10
4.206715200000000048e-10
4.206734600000000132e-10
4.207245899999999958e-10
4.207642999999999777e-10
4.208115100000000239e-10
4.208443500000000078e-10
4.208942200000000128e-10
4.210462200000000242e-10
4.212204500000000082e-10
4.212752400000000099e-10
4.213504700000000235e-10
4.213935100000000018e-10
4.214000900000000004e-10
4.214170500000000197e-10
4.214346100000000235e-10
4.214930300000000139e-10
4.215686899999999785e-10
4.215702099999999770e-10
4.285363700000000121e-10
4.286417999999999849e-10
4.287105100000000087e-10
4.287642900000000089e-10
4.290171500000000047e-10
4.290211399999999944e-10
4.290220400000000229e-10
4.291009200000000109e-10
4.293832399999999781e-10
4.294862899999999988e-10
4.294951899999999924e-10
4.295471300000000161e-10
4.296097699999999869e-10
4.298164000000000110e-10
4.300475999999999884e-10
4.303364800000000202e-10
4.304693899999999848e-10
4.304753799999999917e-10
4.305392999999999776e-10
4.305666300000000249e-10
4.308283800000000214e-10
4.309909799999999997e-10
4.310658699999999980e-10
4.312055600000000248e-10
4.312119599999999970e-10
4.313168599999999870e-10
4.315161499999999875e-10
4.315618700000000137e-10
4.317265099999999805e-10
4.320032600000000023e-10
4.320641800000000142e-10
4.323580200000000141e-10
4.323627800000000218e-10
4.325659399999999945e-10
4.329985599999999999e-10
4.330005100000000012e-10
4.331163800000000036e-10
4.331914199999999980e-10
4.332475899999999949e-10
4.334712800000000185e-10
4.335733600000000092e-10
4.338096999999999811e-10
4.338535099999999774e-10
4.341114999999999748e-10
4.341583600000000128e-10
4.341758299999999776e-10
4.343996999999999759e-10
4.344501299999999939e-10
4.344679099999999955e-10
4.344767499999999803e-10
4.347365600000000202e-10
4.347832199999999945e-10
4.348467799999999793e-10
4.348511099999999844e-10
4.349273499999999994e-10
4.354023599999999829e-10
4.413093099999999756e-10
4.414714899999999958e-10
4.414866199999999798e-10
4.414866300000000244e-10
4.415093600000000012e-10
4.418487699999999794e-10
4.418524499999999841e-10
4.419546699999999780e-10
4.420339300000000045e-10
4.421166100000000148e-10
4.421283800000000237e-10
4.422471600000000128e-10
4.422582399999999983e-10
4.423738399999999870e-10
4.425254000000000030e-10
4.425335299999999786e-10
4.425391200000000132e-10
4.426690900000000124e-10
4.427851599999999752e-10
4.430567099999999938e-10
4.432326499999999956e-10
4.433536599999999924e-10
4.437163999999999837e-10
4.437632399999999843e-10
4.438002599999999772e-10
4.438592899999999966e-10
4.441672299999999934e-10
4.442707599999999809e-10
4.442727099999999821e-10
4.443221700000000218e-10
4.443883900000000170e-10
4.443949800000000084e-10
4.444279200000000242e-10
4.445334700000000146e-10
4.445574100000000049e-10
4.447448900000000251e-10
4.451970500000000141e-10
4.453739500000000014e-10
4.456353800000000200e-10
4.456572100000000201e-10
4.457193399999999937e-10
4.457415399999999877e-10
4.459505799999999943e-10
4.459997700000000202e-10
4.461008599999999951e-10
4.463092099999999782e-10
4.463539100000000101e-10
4.465280599999999996e-10
4.465395400000000091e-10
4.468109199999999942e-10
4.468401000000000108e-10
4.468651499999999828e-10
4.469207999999999897e-10
4.471169400000000200e-10
4.471845200000000248e-10
4.472504700000000064e-10
4.474565699999999960e-10
4.474707100000000160e-10
4.475178400000000160e-10
4.475808299999999949e-10
4.479050000000000161e-10
4.479831799999999878e-10
4.482372100000000257e-10
4.482688000000000247e-10
4.484779599999999972e-10
4.485343599999999847e-10
4.487832299999999907e-10
4.488009499999999835e-10
4.488568500000000184e-10
4.489313299999999997e-10
4.489388300000000123e-10
4.489489500000000123e-10
4.489679399999999757e-10
4.490826399999999877e-10
4.494260200000000217e-10
4.496518699999999998e-10
4.496987800000000021e-10
4.498253699999999889e-10
4.498901000000000158e-10
4.501674600000000150e-10
4.501758199999999812e-10
4.503703899999999970e-10
4.505322599999999804e-10
4.505871400000000211e-10
4.506759699999999756e-10
4.507237199999999975e-10
4.507696299999999912e-10
4.508397499999999889e-10
4.508413200000000034e-10
4.509064200000000242e-10
4.509653400000000188e-10
4.509905999999999956e-10
4.510127600000000182e-10
4.510562800000000152e-10
4.511386800000000190e-10
4.511720200000000072e-10
4.511910499999999936e-10
4.511923900000000175e-10
4.512155900000000201e-10
4.513878199999999869e-10
4.515599600000000182e-10
4.518892300000000108e-10
4.519770899999999869e-10
4.520827699999999877e-10
4.520921300000000143e-10
4.521734700000000007e-10
4.531504199999999908e-10
4.531573200000000189e-10
4.537011699999999850e-10
4.537055199999999757e-10
4.539361099999999759e-10
4.539398900000000124e-10
4.539711300000000033e-10
4.541031000000000198e-10
4.543235700000000200e-10
4.543265300000000226e-10
4.545001999999999935e-10
4.546331299999999955e-10
4.546392500000000128e-10
4.547753600000000151e-10
4.548307500000000012e-10
4.549638000000000207e-10
4.550051799999999973e-10
4.550280399999999845e-10
4.551531699999999816e-10
4.551870300000000115e-10
4.553522199999999986e-10
4.553689700000000131e-10
4.557606499999999858e-10
4.557679800000000166e-10
4.561199400000000147e-10
4.565234599999999980e-10
4.565834099999999798e-10
4.565852199999999777e-10
4.566800999999999996e-10
4.567952799999999785e-10
4.571433000000000027e-10
4.571793799999999958e-10
4.573590999999999825e-10
4.573725900000000020e-10
4.576954999999999939e-10
4.577223800000000011e-10
4.578966199999999780e-10
4.579541100000000131e-10
4.579742100000000097e-10
4.580210600000000032e-10
4.582217700000000221e-10
4.582790599999999934e-10
4.583793100000000004e-10
4.584036199999999846e-10
4.584546599999999799e-10
4.584642699999999827e-10
4.585858900000000086e-10
4.593939000000000053e-10
4.617437300000000205e-10
4.617821900000000175e-10
4.617870400000000126e-10
4.625615100000000090e-10
4.625936299999999909e-10
4.626237300000000216e-10
4.626401299999999762e-10
4.626547199999999845e-10
4.626944300000000181e-10
4.628079400000000023e-10
4.628839199999999965e-10
4.629434700000000059e-10
4.629601700000000044e-10
4.630576399999999834e-10
4.630757899999999788e-10
4.631887499999999945e-10
4.634916800000000072e-10
4.635296800000000230e-10
4.638297400000000204e-10
4.639227900000000070e-10
4.639854199999999849e-10
4.640109600000000199e-10
4.641830900000000066e-10
4.647238500000000113e-10
4.647253100000000010e-10
4.648218999999999890e-10
4.648703299999999898e-10
4.655344099999999936e-10
4.657419199999999571e-10
4.657937499999999560e-10
4.663839500000000147e-10
4.689802900000000177e-10
4.696420299999999890e-10
4.696471999999999620e-10
4.698623800000000233e-10
4.698938300000000191e-10
4.701224400000000394e-10
4.702456000000000496e-10
4.703044199999999607e-10
4.703806499999999829e-10
4.712127899999999891e-10
4.713087899999999854e-10
4.721441799999999936e-10
4.722753300000000279e-10
4.731157899999999772e-10
4.731268500000000287e-10
4.733876500000000326e-10
4.735214199999999507e-10
4.737916400000000416e-10
4.745914200000000308e-10
4.758934999999999759e-10
4.759210799999999995e-10
4.760119499999999942e-10
4.761001800000000160e-10
4.766465000000000249e-10
4.767945999999999822e-10
4.768236399999999956e-10
4.770969600000000407e-10
4.771224700000000455e-10
4.777372899999999700e-10
4.786990300000000333e-10
4.787382800000000340e-10
4.791090500000000207e-10
4.797045199999999808e-10
4.797070299999999951e-10
4.802957800000000051e-10
4.828733099999999677e-10
4.835555700000000489e-10
4.842618199999999812e-10
4.843477899999999649e-10
4.848340800000000493e-10
4.848513099999999789e-10
4.849734600000000393e-10
4.852455199999999516e-10
4.852817999999999568e-10
4.853454299999999950e-10
4.853629299999999900e-10
4.856651900000000166e-10
4.857086299999999674e-10
4.857268699999999502e-10
4.857533599999999779e-10
4.859588600000000347e-10
4.864056799999999655e-10
4.868953599999999518e-10
4.869166699999999619e-10
4.875781700000000015e-10
4.875873799999999802e-10
4.879003599999999912e-10
4.879574599999999951e-10
4.880612999999999677e-10
4.881541499999999939e-10
4.899729799999999518e-10
4.899952100000000277e-10
4.901628999999999845e-10
4.901864200000000167e-10
4.902440300000000177e-10
4.902869599999999714e-10
4.907456700000000321e-10
4.908752500000000002e-10
4.910887399999999777e-10
4.910937200000000349e-10
4.912891399999999597e-10
4.913426100000000266e-10
4.914398099999999919e-10
4.915397200000000352e-10
4.921287499999999483e-10
4.921459000000000386e-10
4.924860600000000491e-10
4.926211400000000126e-10
4.926716300000000394e-10
4.926918700000000393e-10
4.928301400000000478e-10
4.929397800000000081e-10
4.929690199999999819e-10
4.930465300000000192e-10
4.930648599999999893e-10
4.931094499999999964e-10
4.932743599999999770e-10
4.932910600000000272e-10
4.937612000000000299e-10
4.948407799999999791e-10
4.954649800000000192e-10
4.956726300000000376e-10
4.963266799999999771e-10
4.963272300000000490e-10
4.967878700000000219e-10
4.967940700000000337e-10
4.977934999999999726e-10
4.979826800000000177e-10
4.981057099999999657e-10
4.983657199999999659e-10
4.983903100000000083e-10
4.984713299999999651e-10
4.984757899999999806e-10
4.986765399999999709e-10
4.992640599999999817e-10
4.993904300000000225e-10
4.995679099999999568e-10
4.996009399999999599e-10
4.999329999999999734e-10
4.999475999999999745e-10
5.004698400000000416e-10
5.014621600000000508e-10
5.015469900000000227e-10
5.019237599999999575e-10
5.026182300000000431e-10
5.026684600000000490e-10
5.028337099999999932e-10
5.029867000000000204e-10
5.039440099999999951e-10
5.039593899999999554e-10
5.040388499999999939e-10
5.040675399999999991e-10
5.041048399999999985e-10
5.043203899999999503e-10
5.044379599999999776e-10
5.044982700000000121e-10
5.048998700000000245e-10
5.049138099999999807e-10
5.050872599999999539e-10
5.051036499999999673e-10
5.052675199999999679e-10
5.052852200000000267e-10
5.054520800000000085e-10
5.056606199999999590e-10
5.060656299999999624e-10
5.060664800000000265e-10
5.067853500000000319e-10
5.069954899999999755e-10
5.081533400000000389e-10
5.084733900000000082e-10
5.089383600000000379e-10
5.099485599999999772e-10
5.099794999999999758e-10
5.099940900000000359e-10
5.104265100000000293e-10
5.105082100000000167e-10
5.120928599999999571e-10
5.129344600000000216e-10
5.141912999999999592e-10
5.153874500000000306e-10
5.171516300000000417e-10
5.171525500000000041e-10
5.173909100000000306e-10
5.174098799999999565e-10
5.176070700000000114e-10
5.177622999999999875e-10
5.181334300000000269e-10
5.182442099999999991e-10
5.183587400000000293e-10
5.196269200000000248e-10
5.196585100000000239e-10
5.197684200000000496e-10
5.197851899999999981e-10
5.198352800000000007e-10
5.200246799999999918e-10
5.200806500000000284e-10
5.207066500000000219e-10
5.207093200000000251e-10
5.212237999999999553e-10
5.212305700000000248e-10
5.216285299999999521e-10
5.217196700000000122e-10
5.221528499999999791e-10
5.221563099999999860e-10
5.223939599999999516e-10
5.225335400000000054e-10
5.226932999999999987e-10
5.234308299999999966e-10
5.234782899999999674e-10
5.235286500000000355e-10
5.248085599999999652e-10
5.263890400000000445e-10
5.269423999999999814e-10
5.278184600000000087e-10
5.279119100000000194e-10
5.284096399999999868e-10
5.287231699999999664e-10
5.296930399999999537e-10
5.300029299999999516e-10
5.306096400000000413e-10
5.307126299999999497e-10
5.307143600000000049e-10
5.328889600000000275e-10
5.339320900000000415e-10
5.348852599999999786e-10
5.355672699999999800e-10
5.355936300000000490e-10
5.358549699999999769e-10
5.358566899999999875e-10
5.360449400000000256e-10
5.362752699999999532e-10
5.366183599999999878e-10
5.372132999999999651e-10
5.375590700000000475e-10
5.376071300000000028e-10
5.385354299999999943e-10
5.385452600000000466e-10
5.388117099999999904e-10
5.388347099999999809e-10
5.388520600000000315e-10
5.389192800000000353e-10
5.389297900000000148e-10
5.389807699999999497e-10
5.400503399999999754e-10
5.403623500000000081e-10
5.416179899999999767e-10
5.418873999999999748e-10
5.426191600000000153e-10
5.426851700000000057e-10
5.446639800000000062e-10
5.449750800000000177e-10
5.450206099999999729e-10
5.450986399999999485e-10
5.451934800000000507e-10
5.461825999999999705e-10
5.464790099999999935e-10
5.464868600000000143e-10
5.467310999999999712e-10
5.470033800000000364e-10
5.481371599999999956e-10
5.483023199999999525e-10
5.483277500000000145e-10
5.488717599999999695e-10
5.488938000000000262e-10
5.494100699999999687e-10
5.494128700000000340e-10
5.495462800000000029e-10
5.509496500000000383e-10
5.509500700000000481e-10
5.509780100000000210e-10
5.519015500000000048e-10
5.519418000000000140e-10
5.521054900000000400e-10
5.521312800000000513e-10
5.545478499999999484e-10
5.546471799999999930e-10
5.555320200000000480e-10
5.564125300000000462e-10
5.568606499999999779e-10
5.575816499999999592e-10
5.587445299999999923e-10
5.600206300000000102e-10
5.608392099999999952e-10
5.610575699999999535e-10
5.610583800000000463e-10
5.611006000000000424e-10
5.611371399999999650e-10
5.611826700000000237e-10
5.629058499999999934e-10
5.631162200000000310e-10
5.659132499999999638e-10
5.677404800000000143e-10
5.677440800000000245e-10
5.681781700000000126e-10
5.693515199999999505e-10
5.707978800000000001e-10
5.708219500000000008e-10
5.732180399999999662e-10
5.735313600000000443e-10
5.735646799999999951e-10
5.738461999999999658e-10
5.741208000000000261e-10
5.741240300000000424e-10
5.747032699999999780e-10
5.753093099999999782e-10
5.762675299999999740e-10
5.770858999999999541e-10
5.770945300000000375e-10
5.773359500000000468e-10
5.774510500000000312e-10
5.781667899999999487e-10
5.781955499999999556e-10
5.793287000000000035e-10
5.794270899999999966e-10
5.794622100000000042e-10
5.799201999999999595e-10
5.799675600000000019e-10
5.803114600000000259e-10
5.810325399999999499e-10
5.817493100000000097e-10
5.848898899999999583e-10
5.859192000000000336e-10
5.861884399999999983e-10
5.870213799999999493e-10
5.871063599999999690e-10
5.876751800000000158e-10
5.958109799999999537e-10
5.960105099999999893e-10
5.960751400000000361e-10
5.979303399999999864e-10
5.979767399999999916e-10
5.986283700000000074e-10
5.986807699999999606e-10
5.987080699999999777e-10
5.990901600000000367e-10
5.992310700000000182e-10
5.999626400000000395e-10
6.002787599999999761e-10
6.005235399999999605e-10
6.005594499999999718e-10
6.005596900000000069e-10
6.012589500000000271e-10
6.012984899999999755e-10
6.013343900000000456e-10
6.015733999999999691e-10
6.015738199999999789e-10
6.027147999999999586e-10
6.027413799999999736e-10
6.028258800000000264e-10
6.028334799999999675e-10
6.029143499999999799e-10
6.029159900000000477e-10
6.031721900000000328e-10
6.042250200000000369e-10
6.043643800000000413e-10
6.053723400000000317e-10
6.055395899999999930e-10
6.064533799999999707e-10
6.066985799999999648e-10
6.069479799999999536e-10
6.079442699999999670e-10
6.079809800000000265e-10
6.085551000000000051e-10
6.085676299999999874e-10
6.091241200000000123e-10
6.093871199999999937e-10
6.098371499999999552e-10
6.098437600000000356e-10
6.098665399999999767e-10
6.101103199999999525e-10
6.101927400000000453e-10
6.103751700000000066e-10
6.110450500000000498e-10
6.110584600000000232e-10
6.116285599999999818e-10
6.116827799999999775e-10
6.124029299999999980e-10
6.124210499999999632e-10
6.125730000000000104e-10
6.131562099999999501e-10
6.131943900000000440e-10
6.137439899999999818e-10
6.141300299999999557e-10
6.142653099999999830e-10
6.164204099999999935e-10
6.165846499999999880e-10
6.166466199999999726e-10
6.170539400000000299e-10
6.174497100000000243e-10
6.183780499999999872e-10
6.184755200000000178e-10
6.185260300000000303e-10
6.195000199999999661e-10
6.203369899999999816e-10
6.203447399999999706e-10
6.219053700000000295e-10
6.219268999999999857e-10
6.229829400000000205e-10
6.276981099999999700e-10
6.281441299999999560e-10
6.300570400000000426e-10
6.305881599999999625e-10
6.317088199999999994e-10
6.343077600000000041e-10
6.343430000000000293e-10
6.347661800000000138e-10
6.348869500000000272e-10
6.355363700000000210e-10
6.355536299999999809e-10
6.363563399999999941e-10
6.365645000000000097e-10
6.382449600000000306e-10
6.393058600000000016e-10
6.398663400000000161e-10
6.398742699999999797e-10
6.399401199999999811e-10
6.399413199999999501e-10
6.399729799999999508e-10
6.416010400000000184e-10
6.416659299999999826e-10
6.417955500000000255e-10
6.420056899999999691e-10
6.421056500000000283e-10
6.423837200000000367e-10
6.424174900000000275e-10
6.430930399999999963e-10
6.433222899999999726e-10
6.443330700000000140e-10
6.447657000000000123e-10
6.447694200000000401e-10
6.453162900000000176e-10
6.463275899999999973e-10
6.463555200000000291e-10
6.464472599999999703e-10
6.464670300000000479e-10
6.464993699999999758e-10
6.466994100000000086e-10
6.468525800000000104e-10
6.469224900000000032e-10
6.471752299999999814e-10
6.471942799999999535e-10
6.473513400000000167e-10
6.473755100000000493e-10
6.475314100000000115e-10
6.475362400000000209e-10
6.479591299999999542e-10
6.480073399999999573e-10
6.482044600000000105e-10
6.484452300000000194e-10
6.484771200000000107e-10
6.491719500000000456e-10
6.498253100000000132e-10
6.515007600000000501e-10
6.515626800000000188e-10
6.523939699999999608e-10
6.542762999999999981e-10
6.545093900000000197e-10
6.545189399999999620e-10
6.551918999999999737e-10
6.552011000000000113e-10
6.552852799999999828e-10
6.558769699999999580e-10
6.560547899999999594e-10
6.561411599999999672e-10
6.570965999999999868e-10
6.571758700000000061e-10
6.586820600000000199e-10
6.593895600000000405e-10
6.594010900000000143e-10
6.596233499999999750e-10
6.597579200000000448e-10
6.598628399999999688e-10
6.599175900000000507e-10
6.599525499999999660e-10
6.602109500000000320e-10
6.602409899999999505e-10
6.602439300000000192e-10
6.613352799999999774e-10
6.613357899999999745e-10
6.613963800000000156e-10
6.614278100000000257e-10
6.619270600000000433e-10
6.619865799999999708e-10
6.642019999999999569e-10
6.644483399999999629e-10
6.645552200000000361e-10
6.645821999999999718e-10
6.645924700000000196e-10
6.670461300000000146e-10
6.671131999999999706e-10
6.676807700000000326e-10
6.678505100000000225e-10
6.692319800000000045e-10
6.777787700000000115e-10
6.780307000000000004e-10
6.783026000000000271e-10
6.785000899999999708e-10
6.786856899999999913e-10
6.786914599999999488e-10
6.788121399999999749e-10
6.788150399999999687e-10
6.809656300000000511e-10
6.811532400000000300e-10
6.814213899999999987e-10
6.826048100000000240e-10
6.827037600000000301e-10
6.829805099999999485e-10
6.835667299999999585e-10
6.843774699999999673e-10
6.843979300000000166e-10
6.845199199999999847e-10
6.862872999999999820e-10
6.867172099999999611e-10
6.867362300000000064e-10
6.868025799999999604e-10
6.868494800000000215e-10
6.883358299999999561e-10
6.884790300000000058e-10
6.894052500000000374e-10
6.898596300000000413e-10
6.904828299999999694e-10
6.905176499999999848e-10
6.905691799999999916e-10
6.905910399999999702e-10
6.907076400000000192e-10
6.907616699999999957e-10
6.909936599999999769e-10
6.920081800000000318e-10
6.921102899999999493e-10
6.921241099999999913e-10
6.921841900000000352e-10
6.924824000000000116e-10
6.933495499999999490e-10
6.936616499999999690e-10
6.937257200000000027e-10
6.937876500000000159e-10
6.939583799999999699e-10
6.939926000000000008e-10
6.943365200000000105e-10
6.950253699999999797e-10
6.951060299999999871e-10
6.952095800000000121e-10
6.953269900000000504e-10
6.963938199999999679e-10
6.963946099999999715e-10
6.979459800000000358e-10
6.980206799999999632e-10
6.980799800000000480e-10
6.981360500000000130e-10
6.986620900000000506e-10
6.994996399999999616e-10
7.005031600000000256e-10
7.016560300000000317e-10
7.016564099999999667e-10
7.019968400000000427e-10
7.027444200000000390e-10
7.028481399999999940e-10
7.039397200000000462e-10
7.047937600000000024e-10
7.049266900000000044e-10
7.051653199999999928e-10
7.053289799999999885e-10
7.060159600000000026e-10
7.060389700000000377e-10
7.063012000000000011e-10
7.063269799999999679e-10
7.063297199999999728e-10
7.067893899999999674e-10
7.068965000000000311e-10
7.073613700000000289e-10
7.092579900000000306e-10
7.093128100000000107e-10
7.093513700000000396e-10
7.098734100000000429e-10
7.106239199999999599e-10
7.111533899999999742e-10
7.112140199999999866e-10
7.116689799999999894e-10
7.117063800000000207e-10
7.127796699999999708e-10
7.136163399999999941e-10
7.137476300000000316e-10
7.137614499999999703e-10
7.142764099999999707e-10
7.143077699999999792e-10
7.144268500000000122e-10
7.144689800000000211e-10
7.144740000000000497e-10
7.145184400000000090e-10
7.150809099999999962e-10
7.150930699999999847e-10
7.157488699999999650e-10
7.166581199999999844e-10
7.172745299999999608e-10
7.173453699999999605e-10
7.178795600000000112e-10
7.178914099999999629e-10
7.182310099999999604e-10
7.182641000000000240e-10
7.184310899999999645e-10
7.193182800000000448e-10
7.193536599999999699e-10
7.201314300000000360e-10
7.201381400000000449e-10
7.201610299999999590e-10
7.204272300000000299e-10
7.204292700000000185e-10
7.211065399999999979e-10
7.211847400000000070e-10
7.240654600000000032e-10
7.245699300000000098e-10
7.251668199999999883e-10
7.251798099999999519e-10
7.254207600000000388e-10
7.254491700000000375e-10
7.259084999999999650e-10
7.261048199999999700e-10
7.261360000000000038e-10
7.264782800000000491e-10
7.267226299999999791e-10
7.267462299999999540e-10
7.269587900000000280e-10
7.270286199999999746e-10
7.272157100000000152e-10
7.283199500000000084e-10
7.290617300000000170e-10
7.292285199999999972e-10
7.299267999999999945e-10
7.302180400000000444e-10
7.308374299999999574e-10
7.308845099999999932e-10
7.313683300000000347e-10
7.326962199999999768e-10
7.327243200000000421e-10
7.328609800000000130e-10
7.330201099999999915e-10
7.330795800000000064e-10
7.334465700000000083e-10
7.335190499999999724e-10
7.336931900000000208e-10
7.337903199999999845e-10
7.338298100000000203e-10
7.339855600000000381e-10
7.368297099999999780e-10
7.368934600000000338e-10
7.369321100000000500e-10
7.369353599999999486e-10
7.371627500000000143e-10
7.373105699999999651e-10
7.381503499999999872e-10
7.382199099999999718e-10
7.384761799999999586e-10
7.384825399999999594e-10
7.390339899999999699e-10
7.392352000000000448e-10
7.397124100000000057e-10
7.400040400000000353e-10
7.400374499999999734e-10
7.419946999999999875e-10
7.420733099999999619e-10
7.421164500000000238e-10
7.422255299999999711e-10
