# t	msd	err
1.000000000000500610e-15 3.584628785514458738e-01 0.000000000000000000e+00
9.928571428569878865e-15 6.665164495193327543e-01 1.100759592531300735e-01
1.525000000000016221e-14 3.585667554074749575e-01 4.886495693871002570e-04
2.564999999999949186e-14 5.505507278146909433e-01 6.228706898335700098e-02
4.738000000000100576e-14 5.782857034478648961e-01 6.084224471852270333e-02
9.912297734627777576e-14 8.879043835059590606e+00 1.784533687440703842e+00
1.550588235294118375e-13 4.598468583245965968e-01 4.170785028450450099e-02
2.508549575070819066e-13 7.329383792292885502e+00 1.172290358044740133e+00
5.007767857142868720e-13 5.866914466288615237e+00 8.565729441365304009e-01
8.964663589992713161e-13 7.426988712778683777e+00 7.676133951935288913e-01
1.598330489777909393e-12 5.603684340753079418e+00 5.105198553347687351e-01
2.891929548989112509e-12 6.651847572954709520e+00 4.032469965861396055e-01
5.237027983928156567e-12 8.065086533215875875e+00 3.384864918254275601e-01
9.431124680170569268e-12 8.694451150694826325e+00 2.488453277032296740e-01
1.694350459677916113e-11 1.006818370449358291e+01 1.824656989034775523e-01
3.060849638479284285e-11 1.125091130700963582e+01 1.176754929852971837e-01
5.506626697893426290e-11 1.591468628158345489e+01 7.621890859379992778e-02
9.892913155262163165e-11 2.595869608233203607e+01 7.283306144963452855e-02
1.783594949416027720e-10 4.645533335472133984e+01 5.972353087676098016e-02
3.140769566509577349e-10 8.553043284112828815e+01 4.586868205175033408e-02
5.242315008739778601e-10 1.241951066976600515e+02 5.849757433782856036e-02
