# t	msd	err
9.941176470586159802e-04 1.761017605267912245e+01 5.801095692621569988e+00
1.979999999999852971e-03 1.272136520407758375e+01 3.916053251206751185e+00
3.513793103448281489e-03 1.901105254752321372e+01 3.433748124905496635e+00
5.396923076923122904e-03 1.488636158793361730e+01 2.554483986220581482e+00
9.943940548780427421e-03 9.724883087406253068e+00 2.816803053999038520e-01
1.438591549295772758e-02 1.569094509734951259e+01 1.441302480053219259e+00
2.041895413171523899e-02 1.201428874761981191e+01 2.904684657025554673e-01
3.552179300291545549e-02 1.573475731881047324e+01 2.276461996998825899e-01
6.497397266620336120e-02 2.019840686471331992e+01 1.579732647059348682e-01
1.096804459871674881e-01 2.894142094159773393e+01 1.561580425869429356e-01
1.799520315439737672e-01 4.115502685124341298e+01 1.368871456251916918e-01
2.947687369850597316e-01 5.942422658530784929e+01 1.304641660064474185e-01
4.855193152093377762e-01 8.820540375473839845e+01 1.356332106125645032e-01
8.052073616277020118e-01 1.334388885860227845e+02 1.578146948571869657e-01
1.328623315694171136e+00 1.977978885767375914e+02 1.910891420797955764e-01
2.194524068505018466e+00 3.165325668327454878e+02 2.703620782506503395e-01
3.620210259229837746e+00 5.109764327266660189e+02 3.759921933201447186e-01
5.975741367829670914e+00 8.372633205687172904e+02 4.698343496946755238e-01
9.853931140196666050e+00 1.445263348380869957e+03 5.697657112765464049e-01
1.624511269268784730e+01 2.725856554904220957e+03 8.432257170284349623e-01
2.670158577149419443e+01 5.895060872372249833e+03 1.476444258130755749e+00
4.369569431723417807e+01 1.294937432911091128e+04 2.265662036114388656e+00
6.683208994439503670e+01 2.436571807574936247e+04 2.534645183700420912e+00
