# t	msd	err
9.999999999999758672e-12 2.268809937191779980e-01 3.715622777966859358e-02
2.272727272727217821e-11 5.575317025525542425e-01 5.120425448685848868e-02
3.999999999999903469e-11 1.031368810695971305e+00 2.107342425544701733e-08
1.004217391304372677e-04 4.786363983209285244e+00 1.261214450579594359e+00
1.979069767441899222e-04 1.233908152952491344e+00 5.003827283061683673e-01
3.276745341614886080e-04 8.145500399301738303e-01 2.735185317219374079e-01
5.870613861386058405e-04 1.004799003086634501e+00 2.656954091770286630e-01
1.004578800817682461e-03 3.884158551952428429e+00 2.038224312866270815e-01
1.935432270915688055e-03 3.420704042887861895e+00 2.058043907046727405e-01
3.403724622531929551e-03 5.649723237820004407e+00 1.935767643021372997e-01
5.970753790068370620e-03 5.463513719624964793e+00 1.487174883715048357e-01
1.022323467425532290e-02 3.103254511670219262e+00 4.748087319875468615e-02
1.952582646161733423e-02 3.759346428927363259e+00 4.274345364008550613e-02
3.477260221507190441e-02 5.004930192666315669e+00 3.942241424558859397e-02
6.279840368168038145e-02 4.960529277806929649e+00 2.569068727054988135e-02
1.112459185426785957e-01 8.150413784692437602e+00 2.281696383379610074e-02
1.949439358721151150e-01 1.551554085999803689e+01 2.699991244156772427e-02
3.511791986648064023e-01 2.158980585339478253e+01 2.355056638379169481e-02
6.479210929265210028e-01 2.714663311504035548e+01 1.880337241287137126e-02
1.141129365977280541e+00 3.352620867039588148e+01 1.517610584813882876e-02
1.997443903638849383e+00 3.569143610949739553e+01 1.631470686541310056e-02
3.771443801067925428e+00 3.917593755878689166e+01 1.303068575488727267e-02
6.297041386220706194e+00 4.276266924713295481e+01 1.425012771235598628e-02
1.199211846323356312e+01 3.133420831870317258e+01 1.410521257821077332e-02
2.142576356207013788e+01 3.268935346141550724e+01 1.105863747308865122e-02
3.807320778976778541e+01 3.451807561049251660e+01 8.751811524141355284e-03
7.392238456720291140e+01 6.091227741819665908e+01 6.693149513580188593e-03
