# t	msd	err
1.000000000000111856e-04 9.413281297248374813e+00 4.087638768436451464e+00
2.000000000000334843e-04 3.232658630062132943e-01 1.149636509093745762e-01
4.166666666666716807e-04 8.386550230268246864e+00 3.580077111741130746e+00
6.933333333333199008e-04 1.096246591954051475e+01 3.487278208628882492e+00
1.013871635610803096e-03 7.140649738100378840e+00 5.841921054422304360e-01
2.000972053462918288e-03 1.035684592458393105e+01 7.849441103223190330e-01
3.592352941176474041e-03 1.309470924280259396e+01 6.759142033785158210e-01
6.036238244514108807e-03 1.135023561991084229e+01 3.876174729152526699e-01
1.013370026821642546e-02 1.155332890831794934e+01 1.526795470630251950e-01
1.936557914881983922e-02 1.297288564609615236e+01 1.409625845167846170e-01
3.391804949434235744e-02 1.544341425856677930e+01 1.140211220411739557e-01
5.818661421487580226e-02 1.816167269446559018e+01 9.662423909780094855e-02
9.856518658665239241e-02 2.281797449507786268e+01 8.033238961983396598e-02
1.648559171252756972e-01 2.741245701376687549e+01 6.578305941562426207e-02
2.846828477027374960e-01 3.482492992829323697e+01 5.271765623011057111e-02
4.933986410858434701e-01 4.560389105844559055e+01 4.668965672549636042e-02
8.490577949469926278e-01 5.683762609447609293e+01 3.745185991465166397e-02
1.462708593144629088e+00 7.396960051373878287e+01 3.346941942868186803e-02
2.532082934308208522e+00 9.245027232783191096e+01 2.929600615966836824e-02
4.333822351052387667e+00 1.178812508177637994e+02 3.178963284366728703e-02
7.414326094064684902e+00 1.325218859051878724e+02 4.334048645287130047e-02
1.338086720298897880e+01 1.130114691752137475e+02 2.385640026597857580e-02
2.096804803691108887e+01 1.440972934667582877e+02 2.306636057752071631e-02
