# t	msd	err
3.999999999999837019e-05 1.160675862099901812e+00 2.713896381717587625e-01
6.666666666666857264e-04 1.685819244131202543e+00 3.400505930863122472e-01
1.000000000000138582e-03 5.919327145698945358e+00 1.486646788922587836e+00
2.038709677419301737e-03 4.712094026520698087e+00 1.732229769999817481e+00
3.503206106870175932e-03 7.499177553621948711e+00 1.217704684049262243e+00
6.451162790697724178e-03 9.827745973199668583e+00 1.078632555862852227e+00
1.006192875062723348e-02 1.547031215697277773e+01 2.254320595520650505e-01
1.998747123045141461e-02 2.146067834040140099e+01 2.489089201527264761e-01
3.498388653661318320e-02 2.669348773899339733e+01 1.955326045694589787e-01
5.978263464539615435e-02 3.455236989349566556e+01 1.714918957266441113e-01
9.976639049895763556e-02 4.325182911921076823e+01 1.447098998920247348e-01
1.696000767683022437e-01 5.490099551202053618e+01 1.194091610652901342e-01
2.892203206956087680e-01 6.972573374331466312e+01 1.071508364859622836e-01
4.940313651874568279e-01 9.082680021463524156e+01 1.097097502486916454e-01
8.450592932552354331e-01 1.086556890740460233e+02 1.145115041915188148e-01
1.455165047237645837e+00 1.193915994283249802e+02 1.021683180502073046e-01
2.482110228114259520e+00 1.608198216667858276e+02 1.017679538686450946e-01
4.267222026707283788e+00 2.110948899036061164e+02 1.077225580702821650e-01
7.322073663526430742e+00 2.887676247989696776e+02 1.030326708426240467e-01
1.242639762616017940e+01 4.287334400426392449e+02 1.061298812059591895e-01
2.120762397850005954e+01 7.315047261438381838e+02 1.307189910343038997e-01
3.569583976973083139e+01 1.292272834812957626e+03 1.549463671739946258e-01
5.644195706747410668e+01 1.774472129577416808e+03 2.018940848237168184e-01
