# t
0.000000000000000000e+00
1.213242000000000082e-13
7.400256399999999349e-12
1.152664399999999933e-11
2.605558000000000097e-07
2.605590100000000072e-07
4.778034999999999943e-07
4.827309399999999510e-07
6.357570799999999658e-07
6.358305700000000525e-07
6.421289800000000521e-07
6.421422500000000139e-07
7.630417900000000168e-07
7.631130899999999944e-07
7.918797600000000502e-07
7.918906199999999518e-07
7.918908700000000117e-07
7.920897900000000265e-07
8.826768500000000216e-07
8.827634099999999800e-07
9.454820300000000250e-07
9.455535299999999869e-07
1.223703999999999931e-06
1.223858900000000035e-06
1.431486900000000099e-06
1.431521200000000008e-06
1.445395899999999910e-06
1.445460100000000073e-06
1.445460299999999951e-06
1.445594399999999989e-06
1.482429299999999969e-06
1.482648700000000054e-06
1.938310799999999934e-06
1.938315099999999862e-06
1.938315799999999861e-06
1.938386799999999915e-06
2.000384300000000163e-06
2.000390999999999903e-06
2.031646999999999981e-06
2.032166600000000178e-06
2.032166700000000118e-06
2.032219899999999977e-06
2.224065600000000169e-06
2.224202300000000109e-06
2.239940800000000128e-06
2.239946099999999872e-06
2.335568499999999795e-06
2.335681099999999981e-06
2.335681500000000162e-06
2.335759999999999893e-06
2.350730100000000131e-06
2.350764099999999799e-06
2.704449100000000124e-06
2.704575900000000151e-06
2.704575900000000151e-06
2.704581400000000197e-06
2.755066000000000008e-06
2.755092099999999818e-06
2.928210000000000040e-06
2.928264800000000197e-06
2.968622500000000138e-06
2.968628000000000184e-06
3.244738300000000057e-06
3.244759800000000121e-06
3.244760099999999938e-06
3.244780700000000126e-06
3.244780800000000065e-06
3.244806699999999997e-06
3.269906099999999918e-06
3.270172000000000121e-06
3.363068500000000122e-06
3.363179400000000070e-06
3.363179400000000070e-06
3.363454000000000069e-06
3.363454000000000069e-06
3.364055099999999869e-06
3.558474000000000025e-06
3.558841000000000203e-06
3.589999100000000056e-06
3.590581199999999967e-06
3.627586699999999828e-06
3.628218799999999849e-06
3.637858299999999861e-06
3.637948600000000045e-06
3.637949300000000043e-06
3.637969199999999809e-06
3.637969300000000172e-06
3.638053700000000130e-06
3.647508600000000086e-06
3.647527199999999794e-06
3.675586799999999986e-06
3.675597499999999836e-06
3.675597600000000199e-06
3.675629999999999992e-06
3.706124200000000091e-06
3.706606400000000145e-06
4.047420699999999695e-06
4.047828500000000068e-06
4.157368200000000052e-06
4.157421299999999971e-06
4.157421399999999911e-06
4.157422400000000150e-06
4.157422500000000089e-06
4.157497800000000071e-06
4.266602600000000057e-06
4.266721199999999985e-06
4.368417000000000225e-06
4.368646299999999800e-06
4.368646399999999739e-06
4.368656399999999592e-06
4.486048300000000205e-06
4.486088299999999615e-06
4.640809399999999898e-06
4.640826199999999853e-06
4.677718399999999954e-06
4.677873599999999664e-06
4.698540899999999702e-06
4.698726099999999817e-06
4.698726299999999696e-06
4.698942299999999729e-06
4.698942399999999668e-06
4.698974199999999826e-06
4.722397000000000011e-06
4.722496199999999869e-06
4.722496299999999809e-06
4.722548500000000275e-06
4.722548600000000215e-06
4.722735899999999900e-06
4.725976599999999972e-06
4.726065600000000100e-06
4.726065799999999978e-06
4.726079799999999941e-06
4.726079999999999820e-06
4.726096400000000018e-06
4.838354699999999702e-06
4.838463199999999838e-06
4.866436500000000379e-06
4.866785300000000182e-06
4.960445500000000278e-06
4.960497699999999898e-06
4.968248199999999647e-06
4.968433900000000305e-06
5.169124399999999768e-06
5.169143500000000020e-06
5.169143699999999899e-06
5.169237499999999651e-06
5.385629399999999655e-06
5.386300899999999874e-06
5.386301099999999752e-06
5.386411700000000306e-06
5.392059199999999815e-06
5.392092200000000090e-06
5.548235300000000239e-06
5.548620699999999823e-06
5.549940000000000263e-06
5.549969300000000246e-06
5.555529500000000288e-06
5.555594800000000418e-06
5.690761500000000317e-06
5.691070699999999620e-06
5.691070800000000406e-06
5.691433899999999989e-06
5.784534099999999874e-06
5.784628100000000351e-06
5.784628300000000230e-06
5.784673399999999929e-06
5.784673599999999808e-06
5.784941099999999886e-06
5.899583600000000034e-06
5.899804099999999874e-06
5.899804099999999874e-06
5.900156000000000333e-06
5.900156000000000333e-06
5.900166100000000125e-06
6.115397900000000357e-06
6.115620100000000011e-06
6.284122700000000290e-06
6.284201499999999840e-06
6.290906600000000420e-06
6.290925799999999765e-06
6.323195999999999759e-06
6.323388700000000399e-06
6.342042899999999777e-06
6.342232299999999881e-06
6.342232299999999881e-06
6.342303599999999752e-06
6.403793500000000134e-06
6.403944799999999673e-06
6.567795899999999985e-06
6.567952800000000357e-06
6.567952900000000296e-06
6.567994499999999581e-06
6.567994700000000306e-06
6.568213700000000210e-06
6.568213800000000150e-06
6.568328100000000149e-06
6.591658000000000036e-06
6.591681899999999912e-06
6.591682099999999791e-06
6.591775699999999664e-06
6.591775799999999603e-06
6.592089299999999681e-06
6.602912699999999825e-06
6.603117499999999888e-06
6.637699300000000418e-06
6.637750599999999738e-06
6.780734700000000238e-06
6.780756800000000361e-06
6.780757499999999935e-06
6.780948200000000096e-06
6.783790699999999891e-06
6.783963100000000161e-06
6.786886799999999741e-06
6.787003599999999916e-06
6.920864900000000247e-06
6.920872899999999621e-06
7.014429400000000052e-06
7.014481000000000036e-06
7.014481099999999976e-06
7.014516900000000244e-06
7.014518200000000301e-06
7.014744500000000004e-06
7.014744799999999822e-06
7.014766300000000310e-06
7.203602699999999998e-06
7.203632499999999677e-06
7.347210000000000421e-06
7.347323999999999756e-06
7.469082599999999760e-06
7.469126300000000310e-06
7.479741300000000038e-06
7.479853600000000406e-06
7.603971499999999911e-06
7.604014200000000222e-06
7.604014300000000161e-06
7.604579800000000418e-06
7.608194899999999983e-06
7.608296300000000199e-06
7.608297199999999652e-06
7.608359799999999728e-06
7.673444899999999909e-06
7.673650300000000454e-06
7.681074200000000463e-06
7.681102999999999903e-06
7.681104800000000503e-06
7.681142999999999313e-06
7.720038299999999374e-06
7.720312100000000706e-06
7.720312100000000706e-06
7.720323500000000555e-06
7.856426700000000577e-06
7.856500999999999473e-06
8.054770700000000384e-06
8.054774000000000073e-06
8.117920699999999940e-06
8.117964600000000369e-06
8.127570399999999259e-06
8.127919900000000331e-06
8.127920200000000148e-06
8.128422599999999786e-06
8.182114300000000606e-06
8.182198800000000080e-06
8.182199099999999897e-06
8.182597999999999749e-06
8.312544700000000400e-06
8.312550400000000324e-06
8.391210200000000807e-06
8.391254299999999420e-06
8.391254299999999420e-06
8.391348899999999533e-06
8.391349099999999411e-06
8.391570200000000580e-06
8.391570800000000216e-06
8.391688699999999722e-06
8.653903000000000143e-06
8.654381199999999240e-06
8.654381500000000752e-06
8.654448500000000696e-06
9.144977499999999807e-06
9.145364100000000356e-06
9.145364699999999992e-06
9.145486500000000516e-06
9.145486600000000456e-06
9.145507399999999674e-06
9.145507799999999431e-06
9.145800199999999625e-06
9.145800399999999504e-06
9.146027700000000294e-06
9.146027800000000233e-06
9.146276399999999938e-06
9.146276599999999816e-06
9.146374499999999617e-06
9.146375199999999192e-06
9.146500900000000735e-06
9.146500900000000735e-06
9.146503399999999216e-06
9.164816199999999377e-06
9.164829499999999765e-06
9.201843599999999482e-06
9.201848499999999893e-06
9.210381700000000050e-06
9.210419399999999164e-06
9.225572300000000128e-06
9.225575599999999817e-06
9.242657199999999366e-06
9.242671099999999389e-06
9.257512000000000211e-06
9.257512200000000090e-06
1.088351000000000077e-05
1.088351000000000077e-05
1.107202200000000022e-05
1.107202200000000022e-05
1.107206999999999986e-05
1.107206999999999986e-05
1.118743499999999972e-05
1.118743499999999972e-05
1.123063400000000019e-05
1.123064299999999980e-05
1.134926300000000037e-05
1.134955999999999946e-05
1.136128499999999976e-05
1.157345899999999974e-05
1.157402799999999957e-05
1.192675399999999989e-05
1.192676899999999924e-05
1.199280500000000011e-05
1.199281000000000046e-05
1.234814900000000028e-05
1.234816000000000037e-05
1.263964799999999971e-05
1.263968000000000059e-05
1.296220199999999980e-05
1.296220700000000015e-05
1.298504899999999921e-05
1.298505300000000017e-05
1.308450599999999957e-05
1.308450599999999957e-05
1.308450599999999957e-05
1.308450599999999957e-05
1.308450700000000066e-05
1.308450700000000066e-05
1.308450700000000066e-05
1.308450700000000066e-05
1.308450800000000005e-05
1.308450800000000005e-05
1.308450800000000005e-05
1.308450800000000005e-05
1.308450800000000005e-05
1.308450899999999944e-05
1.308450899999999944e-05
1.308451000000000053e-05
1.308451000000000053e-05
1.308451099999999992e-05
1.308451099999999992e-05
1.339048200000000072e-05
1.339060500000000052e-05
1.385995199999999981e-05
1.386001099999999953e-05
1.537592500000000136e-05
1.537594800000000094e-05
1.593530400000000067e-05
1.593547399999999901e-05
1.593847899999999916e-05
1.593847999999999855e-05
1.595938199999999912e-05
1.595938199999999912e-05
1.596180699999999935e-05
1.596181000000000092e-05
1.598846999999999907e-05
1.598846999999999907e-05
1.602848300000000095e-05
1.602848300000000095e-05
1.610358999999999874e-05
1.610358999999999874e-05
1.613112500000000050e-05
1.613112900000000146e-05
1.617589499999999838e-05
1.617589999999999873e-05
1.619432699999999895e-05
1.619433199999999930e-05
1.620890599999999968e-05
1.620890799999999846e-05
1.621651199999999914e-05
1.621725100000000070e-05
1.634904700000000075e-05
1.634904800000000014e-05
1.635016399999999960e-05
1.635016899999999995e-05
1.635179600000000061e-05
1.635180000000000157e-05
1.636042999999999880e-05
1.636051500000000136e-05
1.662170000000000046e-05
1.662187900000000010e-05
1.664604399999999990e-05
1.664604499999999929e-05
1.670369199999999877e-05
1.670369300000000155e-05
1.679520399999999899e-05
1.679520499999999838e-05
1.692182099999999859e-05
1.692182099999999859e-05
1.710001199999999839e-05
1.710001400000000057e-05
1.710186900000000158e-05
1.710187000000000098e-05
1.714868900000000057e-05
1.714868900000000057e-05
1.716397899999999954e-05
1.716397899999999954e-05
1.717921600000000022e-05
1.717921600000000022e-05
1.717954599999999959e-05
1.717954699999999898e-05
1.724679899999999953e-05
1.724679999999999893e-05
1.725330699999999876e-05
1.725330900000000093e-05
1.739089999999999980e-05
1.739090300000000136e-05
9.186131399999999643e-04
9.186131399999999643e-04
1.281185800000000062e-03
1.281185800000000062e-03
1.431888899999999958e-03
5.287179399999999627e-03
5.287179399999999627e-03
9.110437199999999944e-03
9.110437199999999944e-03
9.110437199999999944e-03
9.110437199999999944e-03
9.110437199999999944e-03
9.110437199999999944e-03
9.110437199999999944e-03
9.110437199999999944e-03
9.110437199999999944e-03
9.110437199999999944e-03
9.110437199999999944e-03
9.110437199999999944e-03
9.110437199999999944e-03
9.110437199999999944e-03
9.110437199999999944e-03
9.110437199999999944e-03
9.110437199999999944e-03
9.110437199999999944e-03
9.110437199999999944e-03
9.110437199999999944e-03
9.110437199999999944e-03
9.110437199999999944e-03
9.110437199999999944e-03
9.110437199999999944e-03
9.110437199999999944e-03
9.110437199999999944e-03
9.110437199999999944e-03
9.110437199999999944e-03
9.110437199999999944e-03
9.110437199999999944e-03
9.110437199999999944e-03
9.110437199999999944e-03
9.110437199999999944e-03
9.110437199999999944e-03
9.110437199999999944e-03
9.110437199999999944e-03
9.110437199999999944e-03
9.110437199999999944e-03
9.306081500000000506e-03
9.306081500000000506e-03
9.306081500000000506e-03
9.306081500000000506e-03
9.306081500000000506e-03
9.306081500000000506e-03
9.306081500000000506e-03
9.306081500000000506e-03
9.306081500000000506e-03
9.306081500000000506e-03
9.306081500000000506e-03
9.306081500000000506e-03
9.306081500000000506e-03
9.306081500000000506e-03
9.306081500000000506e-03
9.306081500000000506e-03
9.306081500000000506e-03
9.306081500000000506e-03
9.306081500000000506e-03
9.306081500000000506e-03
9.306081500000000506e-03
9.306081500000000506e-03
9.306081500000000506e-03
9.306081500000000506e-03
9.306081500000000506e-03
9.306081500000000506e-03
9.306081500000000506e-03
9.306081500000000506e-03
9.306081500000000506e-03
9.306081500000000506e-03
9.306081500000000506e-03
9.306081500000000506e-03
9.306081500000000506e-03
9.306081500000000506e-03
9.306081500000000506e-03
9.306081500000000506e-03
9.306081500000000506e-03
9.306081500000000506e-03
9.306081500000000506e-03
9.306081500000000506e-03
9.306081500000000506e-03
9.306081500000000506e-03
9.306081500000000506e-03
9.306081500000000506e-03
9.306081500000000506e-03
9.306081500000000506e-03
9.306081500000000506e-03
9.306081500000000506e-03
9.306081500000000506e-03
9.306081500000000506e-03
9.306081500000000506e-03
9.306081500000000506e-03
9.306081500000000506e-03
9.306081500000000506e-03
9.306081500000000506e-03
9.306081500000000506e-03
9.306081500000000506e-03
9.306081500000000506e-03
9.306081500000000506e-03
9.306081500000000506e-03
9.306081500000000506e-03
9.306081500000000506e-03
9.306081500000000506e-03
9.306081500000000506e-03
9.306081500000000506e-03
9.306081500000000506e-03
9.306081500000000506e-03
9.306081500000000506e-03
9.306081500000000506e-03
9.306081500000000506e-03
9.306081500000000506e-03
9.306081500000000506e-03
9.306081500000000506e-03
9.306081500000000506e-03
9.306081600000000106e-03
9.306081600000000106e-03
9.306081600000000106e-03
9.306081600000000106e-03
9.306081600000000106e-03
9.306081600000000106e-03
9.306081600000000106e-03
9.306081600000000106e-03
9.306081600000000106e-03
9.306081600000000106e-03
9.306081600000000106e-03
9.306081600000000106e-03
9.306081600000000106e-03
9.306081600000000106e-03
9.306081600000000106e-03
9.306081600000000106e-03
9.306081600000000106e-03
9.306081600000000106e-03
9.306081600000000106e-03
9.306081600000000106e-03
9.306081600000000106e-03
9.306081600000000106e-03
9.306081600000000106e-03
9.306081600000000106e-03
9.306081600000000106e-03
9.306081600000000106e-03
9.306081600000000106e-03
9.306081600000000106e-03
9.306081600000000106e-03
9.306081600000000106e-03
9.306081600000000106e-03
9.306081600000000106e-03
9.306081600000000106e-03
9.306081600000000106e-03
9.306081600000000106e-03
9.306081600000000106e-03
9.306081600000000106e-03
9.306081600000000106e-03
9.306081600000000106e-03
9.306081600000000106e-03
9.306081600000000106e-03
9.306081600000000106e-03
9.306081600000000106e-03
9.306081600000000106e-03
9.311081900000000439e-03
9.311081900000000439e-03
9.311081900000000439e-03
9.311081900000000439e-03
9.311081900000000439e-03
9.311081900000000439e-03
9.311081900000000439e-03
9.311081900000000439e-03
9.311081900000000439e-03
9.311081900000000439e-03
9.311081900000000439e-03
9.311081900000000439e-03
9.311081900000000439e-03
9.311081900000000439e-03
9.311081900000000439e-03
9.311081900000000439e-03
9.311081900000000439e-03
9.311081900000000439e-03
9.311081900000000439e-03
9.311081900000000439e-03
9.311081900000000439e-03
9.311081900000000439e-03
9.311081900000000439e-03
9.311081900000000439e-03
9.311081900000000439e-03
9.311081900000000439e-03
9.311081900000000439e-03
9.311081900000000439e-03
9.311081900000000439e-03
9.311081900000000439e-03
9.311081900000000439e-03
9.311081900000000439e-03
9.311081900000000439e-03
9.311081900000000439e-03
9.311081900000000439e-03
9.311081900000000439e-03
9.311081900000000439e-03
9.311081900000000439e-03
9.311081900000000439e-03
9.311081900000000439e-03
9.311081900000000439e-03
9.311081900000000439e-03
9.311081900000000439e-03
9.311081900000000439e-03
9.311081900000000439e-03
9.311081900000000439e-03
9.311081900000000439e-03
9.311081900000000439e-03
9.311081900000000439e-03
9.311081900000000439e-03
9.311081900000000439e-03
9.311081900000000439e-03
9.311081900000000439e-03
9.311081900000000439e-03
9.311081900000000439e-03
9.311081900000000439e-03
9.311081900000000439e-03
9.311081900000000439e-03
9.311081900000000439e-03
9.311081900000000439e-03
9.311081900000000439e-03
9.311081900000000439e-03
9.311081900000000439e-03
9.311081900000000439e-03
9.311081900000000439e-03
9.311081900000000439e-03
9.311081900000000439e-03
9.311081900000000439e-03
9.311081900000000439e-03
9.311081900000000439e-03
9.311081900000000439e-03
9.311081900000000439e-03
9.311081900000000439e-03
9.311081900000000439e-03
9.311081900000000439e-03
9.311081900000000439e-03
9.311081900000000439e-03
9.311081900000000439e-03
9.311081900000000439e-03
9.311081900000000439e-03
9.311082000000000039e-03
9.311082000000000039e-03
9.311082000000000039e-03
9.311082000000000039e-03
9.311082000000000039e-03
9.311082000000000039e-03
9.311082000000000039e-03
9.311082000000000039e-03
9.311082000000000039e-03
9.311082000000000039e-03
9.311082000000000039e-03
9.311082000000000039e-03
9.311082000000000039e-03
9.311082000000000039e-03
9.311082000000000039e-03
9.311082000000000039e-03
9.311082000000000039e-03
9.311082000000000039e-03
9.311082000000000039e-03
9.311082000000000039e-03
9.311082000000000039e-03
9.311082000000000039e-03
9.311082000000000039e-03
9.311082000000000039e-03
9.311082000000000039e-03
9.311082000000000039e-03
9.311082000000000039e-03
9.311082000000000039e-03
9.311082000000000039e-03
9.311082000000000039e-03
9.311082000000000039e-03
9.311082000000000039e-03
9.311082000000000039e-03
9.311082000000000039e-03
9.311082000000000039e-03
9.311082000000000039e-03
9.311082000000000039e-03
9.311082000000000039e-03
9.311082000000000039e-03
9.311082000000000039e-03
9.311082000000000039e-03
9.311082000000000039e-03
9.311082000000000039e-03
9.311082000000000039e-03
9.311082000000000039e-03
9.311082000000000039e-03
9.311082000000000039e-03
9.311082000000000039e-03
9.311082000000000039e-03
9.311082000000000039e-03
9.311082000000000039e-03
9.311082000000000039e-03
9.311082000000000039e-03
9.311082000000000039e-03
9.311082000000000039e-03
9.311082000000000039e-03
9.311082000000000039e-03
9.311082000000000039e-03
9.311082000000000039e-03
9.311082000000000039e-03
9.311082000000000039e-03
9.311082000000000039e-03
9.311082000000000039e-03
9.311082000000000039e-03
9.311082000000000039e-03
9.311082000000000039e-03
9.311082000000000039e-03
9.311082000000000039e-03
9.311082000000000039e-03
9.311082000000000039e-03
9.311082000000000039e-03
9.311082000000000039e-03
9.311082000000000039e-03
9.311082000000000039e-03
9.311082000000000039e-03
9.311082000000000039e-03
9.311082000000000039e-03
9.311082000000000039e-03
9.311082000000000039e-03
9.311082000000000039e-03
9.311082000000000039e-03
9.311082000000000039e-03
9.311082000000000039e-03
9.311082000000000039e-03
9.311082000000000039e-03
9.311082000000000039e-03
9.311082000000000039e-03
9.311082000000000039e-03
9.311082000000000039e-03
9.311082000000000039e-03
9.311082000000000039e-03
9.311082000000000039e-03
9.311082000000000039e-03
9.311082000000000039e-03
9.311082000000000039e-03
9.311082000000000039e-03
9.311082000000000039e-03
9.311082000000000039e-03
9.311082000000000039e-03
9.311082000000000039e-03
9.311082000000000039e-03
9.311082000000000039e-03
9.311082000000000039e-03
9.311082000000000039e-03
9.311082000000000039e-03
9.311082000000000039e-03
9.311082000000000039e-03
9.311082000000000039e-03
9.311082000000000039e-03
9.311082000000000039e-03
9.311082000000000039e-03
9.311082000000000039e-03
9.311082000000000039e-03
9.311082000000000039e-03
9.311082000000000039e-03
9.311082000000000039e-03
9.311082000000000039e-03
9.311082000000000039e-03
9.311082000000000039e-03
9.311082000000000039e-03
9.311082000000000039e-03
9.311082000000000039e-03
9.311082000000000039e-03
9.311082000000000039e-03
9.311082000000000039e-03
9.311082000000000039e-03
9.311082000000000039e-03
9.311082000000000039e-03
9.311082000000000039e-03
9.311082000000000039e-03
9.311082000000000039e-03
9.311082000000000039e-03
9.311082000000000039e-03
9.311082000000000039e-03
9.311082000000000039e-03
9.311082000000000039e-03
9.311082000000000039e-03
9.311082000000000039e-03
9.311082000000000039e-03
9.311082000000000039e-03
9.311082000000000039e-03
9.311082000000000039e-03
9.311082000000000039e-03
9.311082000000000039e-03
9.311082099999999639e-03
9.311082099999999639e-03
9.311082099999999639e-03
9.311082099999999639e-03
9.311082099999999639e-03
9.311082099999999639e-03
9.311082099999999639e-03
9.311082099999999639e-03
9.311082099999999639e-03
9.311082099999999639e-03
9.311082099999999639e-03
9.311082099999999639e-03
9.311082099999999639e-03
9.311082099999999639e-03
9.311082099999999639e-03
9.311082099999999639e-03
9.311082099999999639e-03
9.311082099999999639e-03
9.311082099999999639e-03
9.311082099999999639e-03
9.311082099999999639e-03
9.311082099999999639e-03
9.311082099999999639e-03
9.311082099999999639e-03
9.311082099999999639e-03
9.311082099999999639e-03
9.311082099999999639e-03
9.311082099999999639e-03
9.311082099999999639e-03
9.311082099999999639e-03
9.380543099999999468e-03
9.380543099999999468e-03
9.423198100000000285e-03
9.423198100000000285e-03
9.468943199999999699e-03
9.468943199999999699e-03
9.468943900000000372e-03
9.470323399999999378e-03
9.470323399999999378e-03
9.480150499999999425e-03
9.480150499999999425e-03
9.484144899999999781e-03
9.484145600000000453e-03
9.485811999999999716e-03
9.485812200000000652e-03
9.486361999999999919e-03
9.486362200000000855e-03
9.487271000000000246e-03
9.487272999999999193e-03
9.487459499999999907e-03
9.487459599999999507e-03
9.487903599999999993e-03
9.487903799999999194e-03
9.488389800000000124e-03
9.488390100000000660e-03
9.489137200000000855e-03
9.489137300000000455e-03
9.490102800000000532e-03
9.490102900000000133e-03
9.490188099999999696e-03
9.490188099999999696e-03
9.490360499999999505e-03
9.490360600000000840e-03
9.490410700000000144e-03
9.490410799999999744e-03
9.490574599999999222e-03
9.490574599999999222e-03
9.490648799999999372e-03
9.490649099999999908e-03
9.491063100000000571e-03
9.491063299999999772e-03
9.491265500000000202e-03
9.491265500000000202e-03
9.491383500000000542e-03
9.491383600000000142e-03
9.491441700000000439e-03
9.491442200000000176e-03
9.491987800000000614e-03
9.491988099999999415e-03
9.492026699999999567e-03
9.492028899999999450e-03
9.492957099999999385e-03
9.492957200000000720e-03
9.500718599999999348e-03
9.500719700000000156e-03
9.500966799999999851e-03
9.500967199999999988e-03
9.501183099999999451e-03
9.501183499999999588e-03
9.501590699999999667e-03
9.501590799999999268e-03
9.501755500000000354e-03
9.501756300000000627e-03
9.501831599999999850e-03
9.501831599999999850e-03
9.502038900000000718e-03
9.502038900000000718e-03
9.502504700000000831e-03
9.502504800000000432e-03
9.505851699999999863e-03
9.505851799999999463e-03
9.506534900000000385e-03
9.506535599999999323e-03
9.526800900000000072e-03
9.526801200000000608e-03
9.528724199999999769e-03
9.528724599999999906e-03
9.546603900000000600e-03
9.546604199999999402e-03
9.546743200000000831e-03
9.546743599999999233e-03
9.553099199999999860e-03
9.553099299999999461e-03
9.553103400000000425e-03
9.553103500000000026e-03
9.553557799999999253e-03
9.553558000000000189e-03
9.553721600000000466e-03
9.553721700000000067e-03
9.553956400000000737e-03
9.553956799999999139e-03
9.567687300000000603e-03
9.567687999999999540e-03
9.572977700000000548e-03
9.572978200000000285e-03
9.573482100000000813e-03
9.573482499999999215e-03
9.573738400000000176e-03
9.573739200000000449e-03
9.577573600000000020e-03
9.577573799999999221e-03
9.577645600000000287e-03
9.577645699999999887e-03
9.578681000000000348e-03
9.578681299999999149e-03
9.579458399999999166e-03
9.579458399999999166e-03
9.581403100000000089e-03
9.581403800000000762e-03
9.585425200000000784e-03
9.585425399999999985e-03
9.585785399999999581e-03
9.585785499999999182e-03
9.586249200000000747e-03
9.586249700000000484e-03
9.593358800000000020e-03
9.593358999999999220e-03
9.599385699999999147e-03
9.599385900000000083e-03
9.602585099999999887e-03
9.602585400000000423e-03
9.603169800000000214e-03
9.603170399999999551e-03
9.603187699999999813e-03
9.603188500000000086e-03
9.620970799999999795e-03
9.620971600000000068e-03
9.620996600000000787e-03
9.620997200000000124e-03
9.621220899999999646e-03
9.621221100000000581e-03
9.628502400000000724e-03
9.628503099999999662e-03
9.630737000000000325e-03
9.630737099999999926e-03
9.630957600000000091e-03
9.630958400000000363e-03
9.631259700000000326e-03
9.631259799999999927e-03
9.631589600000000501e-03
9.631589799999999701e-03
9.631641099999999414e-03
9.631641099999999414e-03
9.631726599999999514e-03
9.631726900000000050e-03
9.631997200000000717e-03
9.631997600000000853e-03
9.653353700000000606e-03
9.653354200000000343e-03
9.670243999999999715e-03
9.670244099999999315e-03
9.670545799999999415e-03
9.670545900000000750e-03
9.670944699999999700e-03
9.670944799999999300e-03
9.671289600000000652e-03
9.671289899999999454e-03
9.672303199999999351e-03
9.672303800000000423e-03
9.672827199999999362e-03
9.672827300000000697e-03
9.673111899999999735e-03
9.673111899999999735e-03
9.673683900000000502e-03
9.673683900000000502e-03
9.673963600000000038e-03
9.673963900000000574e-03
9.673991700000000513e-03
9.673991700000000513e-03
9.674518899999999880e-03
9.674518999999999480e-03
9.674545499999999409e-03
9.674545499999999409e-03
9.674653599999999409e-03
9.674653700000000744e-03
9.676175299999999202e-03
9.676175400000000537e-03
9.676198500000000174e-03
9.676198500000000174e-03
9.676379500000000314e-03
9.676379599999999914e-03
9.676519399999999882e-03
9.676519899999999619e-03
9.676555700000000551e-03
9.676557599999999898e-03
9.677594499999999170e-03
9.677594499999999170e-03
9.677679499999999532e-03
9.677680600000000341e-03
9.678001300000000848e-03
9.678001300000000848e-03
9.678868000000000194e-03
9.678869300000000203e-03
9.680598199999999529e-03
9.680598599999999665e-03
9.682324200000000033e-03
9.682325099999999907e-03
9.682510599999999412e-03
9.682510599999999412e-03
9.682642499999999722e-03
9.682642499999999722e-03
9.682830499999999646e-03
9.682830800000000182e-03
9.682830800000000182e-03
9.682832299999999393e-03
9.682962800000000092e-03
9.682963100000000628e-03
9.683036699999999705e-03
9.683036699999999705e-03
9.683396299999999166e-03
9.683397300000000374e-03
9.687610100000000612e-03
9.687610399999999414e-03
9.701052599999999276e-03
9.701053299999999949e-03
9.704835599999999535e-03
9.704836600000000743e-03
9.727164599999999287e-03
9.727165799999999696e-03
9.727256999999999570e-03
9.727257300000000106e-03
9.735183999999999158e-03
9.735184299999999694e-03
9.735765900000000264e-03
9.735767299999999874e-03
9.760219199999999734e-03
9.760219199999999734e-03
9.760219599999999870e-03
9.767759900000000731e-03
9.767760599999999668e-03
9.768169499999999894e-03
9.768169599999999494e-03
9.779919099999999366e-03
9.779919700000000438e-03
9.779927299999999560e-03
9.779927399999999160e-03
9.780109699999999309e-03
9.780110999999999319e-03
9.780446499999999668e-03
9.780446599999999269e-03
9.780506499999999312e-03
9.780506600000000647e-03
9.780652399999999191e-03
9.780653000000000263e-03
9.780794599999999978e-03
9.780794699999999578e-03
9.780969299999999270e-03
9.780969299999999270e-03
9.781393600000000410e-03
9.781393600000000410e-03
9.782349299999999748e-03
9.782349500000000683e-03
9.782668499999999309e-03
9.782668600000000644e-03
9.783147100000000318e-03
9.783147199999999918e-03
9.784457700000000549e-03
9.784457800000000149e-03
9.784786700000000850e-03
9.784786800000000451e-03
9.784843499999999403e-03
9.784843499999999403e-03
9.785430300000000012e-03
9.785430300000000012e-03
9.785517000000000520e-03
9.785517199999999721e-03
9.785876799999999182e-03
9.785878799999999864e-03
9.786881199999999947e-03
9.786881500000000483e-03
9.788708000000000131e-03
9.788708599999999468e-03
9.795170699999999550e-03
9.795172700000000232e-03
9.795377900000000818e-03
9.795378199999999619e-03
9.795396300000000153e-03
9.795396799999999890e-03
9.803725900000000854e-03
9.803726299999999255e-03
9.816582199999999980e-03
9.816582500000000516e-03
9.817131899999999647e-03
9.817131999999999248e-03
9.823776200000000278e-03
9.823776700000000014e-03
9.824072200000000601e-03
9.824072300000000202e-03
9.832812599999999140e-03
9.832812999999999276e-03
9.833896599999999294e-03
9.833896700000000629e-03
9.834462900000000285e-03
9.834462900000000285e-03
9.834813799999999814e-03
9.834813799999999814e-03
9.835002000000000674e-03
9.835002100000000275e-03
9.835007800000000050e-03
9.835007899999999650e-03
9.835253400000000534e-03
9.835253500000000135e-03
9.835683600000000651e-03
9.835684100000000388e-03
9.853095299999999751e-03
9.853095399999999351e-03
9.859396299999999974e-03
9.859397299999999448e-03
9.859955099999999709e-03
9.859955800000000381e-03
9.861281899999999392e-03
9.861282600000000065e-03
9.862364599999999537e-03
9.862365200000000609e-03
9.865309200000000125e-03
9.865309900000000798e-03
9.865344300000000385e-03
9.865344399999999986e-03
9.865431900000000767e-03
9.865432099999999968e-03
9.865585099999999233e-03
9.865585099999999233e-03
9.865748599999999910e-03
9.865748800000000845e-03
9.866056600000000856e-03
9.866056600000000856e-03
9.866101599999999722e-03
9.866101699999999322e-03
9.866297899999999441e-03
9.866298100000000376e-03
9.866378800000000573e-03
9.866380900000000856e-03
9.868577300000000441e-03
9.868577999999999378e-03
9.877059299999999334e-03
9.877060499999999743e-03
9.877123300000000342e-03
9.877123399999999942e-03
9.877590400000000465e-03
9.877590599999999665e-03
9.877746099999999349e-03
9.877746200000000684e-03
9.877746200000000684e-03
9.877746899999999622e-03
9.880274300000000190e-03
9.880275000000000862e-03
9.899245900000000833e-03
9.899246100000000034e-03
9.900476599999999405e-03
9.900476800000000341e-03
9.900631999999999489e-03
9.900632100000000824e-03
9.901296299999999204e-03
9.901296299999999204e-03
9.901755999999999405e-03
9.901756200000000341e-03
9.901846100000000206e-03
9.901846199999999806e-03
9.901856100000000147e-03
9.901856199999999747e-03
9.902298500000000087e-03
9.902298599999999687e-03
9.902369399999999544e-03
9.902369899999999281e-03
9.902546800000000191e-03
9.902547600000000463e-03
9.902646699999999996e-03
9.902646699999999996e-03
9.902998999999999136e-03
9.902998999999999136e-03
9.903133700000000400e-03
9.903134600000000273e-03
9.903969999999999788e-03
9.903969999999999788e-03
9.904395200000000801e-03
9.904395999999999339e-03
9.905252999999999280e-03
9.905254199999999690e-03
9.908584600000000867e-03
9.908585699999999941e-03
9.908764900000000334e-03
9.908767400000000752e-03
9.915103600000000836e-03
9.915103800000000037e-03
9.915409599999999365e-03
9.915410200000000437e-03
9.916819999999999802e-03
9.916821600000000347e-03
9.926287299999999453e-03
9.926288499999999862e-03
9.926542800000000277e-03
9.926542899999999878e-03
9.927212600000000567e-03
9.927213100000000304e-03
9.927632000000000470e-03
9.927632100000000070e-03
9.927877800000000155e-03
9.927877899999999756e-03
9.928275900000000168e-03
9.928276499999999505e-03
9.935569899999999871e-03
9.935571000000000680e-03
9.935600299999999829e-03
9.935600299999999829e-03
9.944651400000000668e-03
9.944653399999999616e-03
9.945723999999999537e-03
9.945724200000000473e-03
9.945732900000000404e-03
9.945733000000000004e-03
9.945950300000000813e-03
9.945950599999999614e-03
9.951886599999999403e-03
9.951886800000000338e-03
9.952147300000000266e-03
9.952147300000000266e-03
9.952385700000000029e-03
9.952385799999999630e-03
9.952466099999999691e-03
9.952466499999999827e-03
9.952479400000000323e-03
9.952479400000000323e-03
9.952483800000000089e-03
9.952483899999999689e-03
9.952534000000000727e-03
9.952534100000000328e-03
9.952658799999999917e-03
9.952658899999999517e-03
9.953011100000000791e-03
9.953012199999999865e-03
9.953036099999999775e-03
9.953036099999999775e-03
9.953727000000000755e-03
9.953727100000000355e-03
9.953758099999999651e-03
9.953758700000000723e-03
9.953889999999999960e-03
9.953889999999999960e-03
9.954195500000000488e-03
9.954195500000000488e-03
9.954257600000000414e-03
9.954257600000000414e-03
9.954301000000000468e-03
9.954301000000000468e-03
9.954411300000000351e-03
9.954411599999999152e-03
9.954432699999999842e-03
9.954432799999999443e-03
9.954764099999999227e-03
9.954764200000000562e-03
9.954830600000000654e-03
9.954830600000000654e-03
9.954967900000000203e-03
9.954968700000000476e-03
9.961325999999999514e-03
9.961326499999999251e-03
9.961405399999999702e-03
9.961405399999999702e-03
9.961459100000000233e-03
9.961459100000000233e-03
9.961724599999999263e-03
9.961724999999999400e-03
9.962121699999999802e-03
9.962121799999999402e-03
9.962447399999999412e-03
9.962447600000000347e-03
9.963208299999999976e-03
9.963208299999999976e-03
9.963242400000000762e-03
9.963243800000000372e-03
9.978802999999999632e-03
9.978804100000000440e-03
9.980140099999999792e-03
9.980140199999999392e-03
9.980242800000000553e-03
9.980242900000000153e-03
9.980553600000000719e-03
9.980553700000000319e-03
9.980596600000000637e-03
9.980596700000000238e-03
9.980731899999999504e-03
9.980731899999999504e-03
9.981080599999999151e-03
9.981080599999999151e-03
9.981097899999999412e-03
9.981099099999999821e-03
9.981981600000000218e-03
9.981981900000000754e-03
9.982196699999999409e-03
9.982196800000000744e-03
9.987752600000000119e-03
9.987753199999999457e-03
9.988152199999999342e-03
9.988152300000000677e-03
9.988172300000000559e-03
9.988172300000000559e-03
9.988785899999999898e-03
9.988786399999999635e-03
9.988786399999999635e-03
9.988786600000000571e-03
9.989310799999999782e-03
9.989312000000000191e-03
9.990425799999999232e-03
9.990428600000000187e-03
9.990525000000000100e-03
9.990525400000000236e-03
9.990749300000000693e-03
9.990749400000000294e-03
1.000542999999999919e-02
1.000542999999999919e-02
1.001674500000000051e-02
1.001674599999999998e-02
1.004852300000000018e-02
1.004852300000000018e-02
1.004862800000000042e-02
1.004862899999999989e-02
1.004897499999999992e-02
1.004897499999999992e-02
1.004939200000000074e-02
1.004939300000000021e-02
1.004965900000000072e-02
1.004966000000000019e-02
1.004993900000000079e-02
1.004994000000000026e-02
1.005014199999999976e-02
1.005014199999999976e-02
1.005182699999999929e-02
1.005182699999999929e-02
1.005188599999999946e-02
1.005188599999999946e-02
1.005226399999999999e-02
1.005226799999999962e-02
1.005494499999999916e-02
1.005494600000000037e-02
1.005505699999999919e-02
1.005505899999999987e-02
1.005895400000000016e-02
1.005895499999999963e-02
1.005912999999999946e-02
1.005912999999999946e-02
1.005947400000000054e-02
1.005947400000000054e-02
1.005949199999999974e-02
1.005949199999999974e-02
1.005953000000000055e-02
1.005953100000000003e-02
1.005969699999999939e-02
1.005969699999999939e-02
1.005996699999999952e-02
1.005996699999999952e-02
1.005999399999999919e-02
1.005999399999999919e-02
1.006011000000000058e-02
1.006011000000000058e-02
1.006028800000000056e-02
1.006028800000000056e-02
1.006053600000000013e-02
1.006053699999999961e-02
1.006053699999999961e-02
1.006078900000000054e-02
1.006079000000000001e-02
1.006121599999999956e-02
1.006121599999999956e-02
1.006158400000000015e-02
1.006158499999999963e-02
1.006275799999999977e-02
1.006275799999999977e-02
1.006275799999999977e-02
1.006275799999999977e-02
1.006275799999999977e-02
1.006275799999999977e-02
1.006275799999999977e-02
1.006275799999999977e-02
1.006275799999999977e-02
1.006275799999999977e-02
1.006275799999999977e-02
1.006275799999999977e-02
1.006275799999999977e-02
1.006275799999999977e-02
1.006275799999999977e-02
1.006275799999999977e-02
1.006275799999999977e-02
1.006275799999999977e-02
1.006275799999999977e-02
1.006275799999999977e-02
1.006275799999999977e-02
1.006275799999999977e-02
1.006275799999999977e-02
1.006275799999999977e-02
1.006275799999999977e-02
1.006275799999999977e-02
1.006275799999999977e-02
1.006275799999999977e-02
1.006275799999999977e-02
1.006275799999999977e-02
1.006275799999999977e-02
1.006275799999999977e-02
1.006275799999999977e-02
1.006275799999999977e-02
1.006275799999999977e-02
1.006275799999999977e-02
1.006275799999999977e-02
1.006275799999999977e-02
1.006275799999999977e-02
1.006275799999999977e-02
1.006275799999999977e-02
1.006275799999999977e-02
1.006275799999999977e-02
1.006275799999999977e-02
1.006275799999999977e-02
1.006275799999999977e-02
1.006275799999999977e-02
1.006275799999999977e-02
1.006275799999999977e-02
1.006275799999999977e-02
1.006275799999999977e-02
1.006275799999999977e-02
1.006275799999999977e-02
1.006275799999999977e-02
1.006275799999999977e-02
1.006275799999999977e-02
1.006275799999999977e-02
1.006275799999999977e-02
1.006275799999999977e-02
1.006275799999999977e-02
1.006275799999999977e-02
1.006275799999999977e-02
1.006275799999999977e-02
1.006275799999999977e-02
1.006275799999999977e-02
1.006275799999999977e-02
1.006275799999999977e-02
1.006275799999999977e-02
1.006275799999999977e-02
1.006275799999999977e-02
1.006275799999999977e-02
1.006275799999999977e-02
1.006275799999999977e-02
1.006275799999999977e-02
1.006275799999999977e-02
1.006275799999999977e-02
1.006275799999999977e-02
1.006275799999999977e-02
1.006275799999999977e-02
1.006275799999999977e-02
1.006386700000000065e-02
1.006386800000000012e-02
1.006419799999999989e-02
1.006419799999999989e-02
1.006436500000000046e-02
1.006436500000000046e-02
1.008439199999999931e-02
1.008439799999999963e-02
1.008537999999999969e-02
1.008538099999999917e-02
1.010054099999999934e-02
1.010054300000000002e-02
1.010363700000000038e-02
1.010363799999999986e-02
1.010483099999999988e-02
1.010483300000000056e-02
1.011050399999999932e-02
1.011050500000000053e-02
1.011070000000000024e-02
1.011070000000000024e-02
1.011071699999999997e-02
1.011071699999999997e-02
1.011078200000000045e-02
1.011078200000000045e-02
1.011085299999999951e-02
1.011085299999999951e-02
1.011087599999999954e-02
1.011087599999999954e-02
1.011098300000000047e-02
1.011098499999999942e-02
1.011428399999999943e-02
1.011428399999999943e-02
1.011491699999999931e-02
1.011491699999999931e-02
1.011497199999999985e-02
1.011497199999999985e-02
1.011505600000000074e-02
1.011505600000000074e-02
1.011537000000000026e-02
1.011537000000000026e-02
1.011869599999999994e-02
1.011869800000000062e-02
1.012379300000000072e-02
1.012379400000000020e-02
1.012568600000000006e-02
1.012568600000000006e-02
1.012584899999999927e-02
1.012584899999999927e-02
1.012588799999999956e-02
1.012588799999999956e-02
1.012591399999999975e-02
1.012591399999999975e-02
1.012597800000000076e-02
1.012597800000000076e-02
1.012672199999999946e-02
1.012672199999999946e-02
1.012692299999999948e-02
1.012692400000000069e-02
1.012702000000000047e-02
1.012702000000000047e-02
1.012735799999999950e-02
1.012735799999999950e-02
1.012864100000000073e-02
1.012864100000000073e-02
1.012875499999999970e-02
1.012875499999999970e-02
1.013016700000000068e-02
1.013016800000000016e-02
1.013176200000000075e-02
1.013176200000000075e-02
1.013212099999999914e-02
1.013212099999999914e-02
1.013255700000000037e-02
1.013255700000000037e-02
1.014111499999999916e-02
1.014111699999999984e-02
1.014111699999999984e-02
1.014111699999999984e-02
1.014123500000000018e-02
1.014123599999999965e-02
1.014164199999999932e-02
1.014164199999999932e-02
1.014200200000000066e-02
1.014200300000000013e-02
1.014206100000000083e-02
1.014206100000000083e-02
1.014718199999999938e-02
1.014718199999999938e-02
1.015719099999999944e-02
1.015719300000000012e-02
1.015785299999999967e-02
1.015785299999999967e-02
1.015977300000000041e-02
1.015977399999999989e-02
1.015990800000000048e-02
1.015990800000000048e-02
1.016011200000000066e-02
1.016011200000000066e-02
1.016012099999999939e-02
1.016012099999999939e-02
1.016037200000000085e-02
1.016037200000000085e-02
1.016300399999999979e-02
1.016300600000000047e-02
1.017673000000000015e-02
1.017673099999999962e-02
1.017726400000000010e-02
1.017726499999999958e-02
1.019044099999999974e-02
1.019044099999999974e-02
1.019953699999999984e-02
1.019953699999999984e-02
1.020028299999999923e-02
1.020028299999999923e-02
1.020083700000000079e-02
1.020083700000000079e-02
1.020089400000000028e-02
1.020089400000000028e-02
1.020099099999999953e-02
1.020099200000000074e-02
1.020119000000000060e-02
1.020119000000000060e-02
1.020124900000000077e-02
1.020125000000000025e-02
1.020531400000000005e-02
1.020531400000000005e-02
1.020569799999999916e-02
1.020569799999999916e-02
1.020598699999999970e-02
1.020598699999999970e-02
1.020618700000000025e-02
1.020618700000000025e-02
1.020637599999999964e-02
1.020637599999999964e-02
1.020639599999999952e-02
1.020639599999999952e-02
1.020681000000000019e-02
1.020681099999999966e-02
1.020688699999999956e-02
1.020688699999999956e-02
1.020698599999999949e-02
1.020698599999999949e-02
1.020704199999999950e-02
1.020704199999999950e-02
1.020740000000000015e-02
1.020740000000000015e-02
1.020740300000000031e-02
1.020740300000000031e-02
1.020785899999999968e-02
1.020785899999999968e-02
1.020819700000000045e-02
1.020819700000000045e-02
1.020831099999999943e-02
1.020831099999999943e-02
1.020837699999999938e-02
1.020837800000000059e-02
1.020862200000000053e-02
1.020862300000000000e-02
1.020873899999999966e-02
1.020873899999999966e-02
1.021066600000000019e-02
1.021066799999999913e-02
1.022950400000000037e-02
1.022950499999999985e-02
1.023036899999999957e-02
1.023037199999999973e-02
1.023040100000000008e-02
1.023040100000000008e-02
1.023076600000000051e-02
1.023076699999999999e-02
1.023110900000000038e-02
1.023110900000000038e-02
1.023110900000000038e-02
1.023110900000000038e-02
1.023116200000000024e-02
1.023116200000000024e-02
1.023122100000000041e-02
1.023122199999999989e-02
1.023122500000000004e-02
1.023122500000000004e-02
1.024669599999999958e-02
1.024669599999999958e-02
1.024775699999999970e-02
1.024775900000000038e-02
1.024923500000000064e-02
1.024923500000000064e-02
1.025704600000000057e-02
1.025704600000000057e-02
1.026286000000000039e-02
1.026286000000000039e-02
1.026348799999999943e-02
1.026348799999999943e-02
1.026348900000000064e-02
1.026348900000000064e-02
1.026354699999999960e-02
1.026354699999999960e-02
1.026394400000000054e-02
1.026394400000000054e-02
1.026410999999999990e-02
1.026411099999999937e-02
1.026422100000000046e-02
1.026422100000000046e-02
1.026424599999999944e-02
1.026424700000000065e-02
1.026434799999999953e-02
1.026434799999999953e-02
1.026457100000000011e-02
1.026457100000000011e-02
1.026457100000000011e-02
1.026478299999999955e-02
1.026478400000000075e-02
1.027126599999999938e-02
1.027126700000000059e-02
1.028255299999999983e-02
1.028255399999999931e-02
1.028306399999999975e-02
1.028306399999999975e-02
1.028308600000000031e-02
1.028308600000000031e-02
1.028310099999999935e-02
1.028310099999999935e-02
1.028321400000000059e-02
1.028321400000000059e-02
1.028329000000000049e-02
1.028329000000000049e-02
1.028334900000000066e-02
1.028334900000000066e-02
1.028349500000000014e-02
1.028349599999999961e-02
1.028662800000000078e-02
1.028662900000000026e-02
1.028822499999999980e-02
1.028822499999999980e-02
1.028833600000000036e-02
1.028833600000000036e-02
1.028838600000000006e-02
1.028838600000000006e-02
1.028901699999999926e-02
1.028901699999999926e-02
1.028934899999999972e-02
1.028934899999999972e-02
1.028950699999999982e-02
1.028950900000000050e-02
1.028964199999999989e-02
1.028964199999999989e-02
1.028991700000000085e-02
1.028991700000000085e-02
1.028999599999999917e-02
1.028999700000000038e-02
1.029013099999999924e-02
1.029013099999999924e-02
1.029818899999999926e-02
1.029818899999999926e-02
1.030825099999999918e-02
1.030825099999999918e-02
1.033072500000000067e-02
1.033072500000000067e-02
1.033072500000000067e-02
1.033072500000000067e-02
1.033072500000000067e-02
1.033072500000000067e-02
1.033072500000000067e-02
1.033072500000000067e-02
1.033072500000000067e-02
1.033072500000000067e-02
1.033072500000000067e-02
1.033072500000000067e-02
1.033072500000000067e-02
1.033072500000000067e-02
1.033072500000000067e-02
1.033072500000000067e-02
1.033072500000000067e-02
1.033072500000000067e-02
1.033072500000000067e-02
1.033072500000000067e-02
1.033072500000000067e-02
1.033072500000000067e-02
1.033072500000000067e-02
1.033072500000000067e-02
1.033072500000000067e-02
1.033072500000000067e-02
1.033072500000000067e-02
1.033072500000000067e-02
1.033072500000000067e-02
1.033072500000000067e-02
1.033072500000000067e-02
1.033072500000000067e-02
1.033072500000000067e-02
1.033072500000000067e-02
1.033072500000000067e-02
1.033072500000000067e-02
1.033072500000000067e-02
1.033072500000000067e-02
1.033072500000000067e-02
1.033072500000000067e-02
1.033072500000000067e-02
1.033072500000000067e-02
1.033072500000000067e-02
1.033072500000000067e-02
1.033072500000000067e-02
1.033072500000000067e-02
1.033072500000000067e-02
1.033072500000000067e-02
1.033072500000000067e-02
1.033072500000000067e-02
1.033072500000000067e-02
1.033072500000000067e-02
1.033072500000000067e-02
1.033072500000000067e-02
1.033072500000000067e-02
1.033072500000000067e-02
1.033072500000000067e-02
1.033072500000000067e-02
1.033072500000000067e-02
1.033072500000000067e-02
1.033072500000000067e-02
1.033072500000000067e-02
1.033072500000000067e-02
1.033072500000000067e-02
1.033072500000000067e-02
1.033072500000000067e-02
1.033072500000000067e-02
1.033072500000000067e-02
1.033072500000000067e-02
1.033072500000000067e-02
1.033072500000000067e-02
1.033072500000000067e-02
1.033072500000000067e-02
1.033072500000000067e-02
1.033072500000000067e-02
1.033072500000000067e-02
1.033072500000000067e-02
1.033072500000000067e-02
1.033072500000000067e-02
1.033072500000000067e-02
1.033072500000000067e-02
1.033072500000000067e-02
1.033072500000000067e-02
1.033072500000000067e-02
1.033072500000000067e-02
1.033072500000000067e-02
1.033072500000000067e-02
1.033072500000000067e-02
1.033072500000000067e-02
1.033072500000000067e-02
1.033072500000000067e-02
1.033072500000000067e-02
1.033072500000000067e-02
1.033072500000000067e-02
1.033072500000000067e-02
1.033072500000000067e-02
1.033072500000000067e-02
1.033072500000000067e-02
1.033072500000000067e-02
1.033072500000000067e-02
1.033072500000000067e-02
1.033072500000000067e-02
1.033072500000000067e-02
1.033072500000000067e-02
1.033072500000000067e-02
1.033072500000000067e-02
1.033072500000000067e-02
1.033072500000000067e-02
1.033072500000000067e-02
1.033072500000000067e-02
1.033072500000000067e-02
1.033072500000000067e-02
1.033072500000000067e-02
1.033072500000000067e-02
1.033072500000000067e-02
1.033072500000000067e-02
1.033072500000000067e-02
1.033072500000000067e-02
1.033072500000000067e-02
1.033072500000000067e-02
1.033072500000000067e-02
1.033072500000000067e-02
1.033072500000000067e-02
1.033072500000000067e-02
1.033072500000000067e-02
1.033072500000000067e-02
1.033072500000000067e-02
1.033072500000000067e-02
1.033072500000000067e-02
1.033072500000000067e-02
1.033072500000000067e-02
1.033072500000000067e-02
1.033072500000000067e-02
1.033072500000000067e-02
1.033072500000000067e-02
1.033072500000000067e-02
1.033072500000000067e-02
1.033072500000000067e-02
1.033072500000000067e-02
1.033072500000000067e-02
1.033072500000000067e-02
1.033072500000000067e-02
1.033072500000000067e-02
1.033072500000000067e-02
1.033072500000000067e-02
1.033072500000000067e-02
1.033072500000000067e-02
1.033072500000000067e-02
1.033072500000000067e-02
1.033072500000000067e-02
1.033072500000000067e-02
1.033072500000000067e-02
1.033072500000000067e-02
1.033072500000000067e-02
1.033072500000000067e-02
1.033072500000000067e-02
1.033072500000000067e-02
1.033072500000000067e-02
1.033072500000000067e-02
1.033072500000000067e-02
1.033072500000000067e-02
1.033072500000000067e-02
1.033072500000000067e-02
1.033072500000000067e-02
1.033072500000000067e-02
1.033072500000000067e-02
1.033072500000000067e-02
1.033072500000000067e-02
1.033072500000000067e-02
1.033072500000000067e-02
1.033072500000000067e-02
1.033072500000000067e-02
1.033072500000000067e-02
1.033072500000000067e-02
1.033072500000000067e-02
1.033072500000000067e-02
1.033072500000000067e-02
1.033072500000000067e-02
1.033072500000000067e-02
1.033072500000000067e-02
1.033072500000000067e-02
1.033072500000000067e-02
1.033072500000000067e-02
1.033072500000000067e-02
1.033072500000000067e-02
1.033072500000000067e-02
1.033072500000000067e-02
1.033072500000000067e-02
1.033072500000000067e-02
1.033072500000000067e-02
1.033072500000000067e-02
1.033072500000000067e-02
1.033072500000000067e-02
1.033072500000000067e-02
1.033072500000000067e-02
1.033072500000000067e-02
1.033072500000000067e-02
1.033072500000000067e-02
1.033072500000000067e-02
1.033072500000000067e-02
1.033072500000000067e-02
1.033072500000000067e-02
1.033072500000000067e-02
1.033072500000000067e-02
1.033072500000000067e-02
1.033072500000000067e-02
1.033072500000000067e-02
1.033072500000000067e-02
1.033072500000000067e-02
1.033072500000000067e-02
1.033072500000000067e-02
1.033072500000000067e-02
1.034362599999999986e-02
1.034362599999999986e-02
1.034794399999999955e-02
1.034794399999999955e-02
1.034915800000000066e-02
1.034915800000000066e-02
1.035045700000000041e-02
1.035045700000000041e-02
1.035055200000000071e-02
1.035055200000000071e-02
1.035071199999999976e-02
1.035071299999999923e-02
1.038066799999999915e-02
1.038066900000000035e-02
1.038990100000000000e-02
1.038990100000000000e-02
1.039014000000000083e-02
1.039014000000000083e-02
1.039032900000000023e-02
1.039032900000000023e-02
1.039092200000000035e-02
1.039092200000000035e-02
1.039115099999999951e-02
1.039115099999999951e-02
1.039183999999999941e-02
1.039183999999999941e-02
1.039276499999999999e-02
1.039276499999999999e-02
1.039279100000000018e-02
1.039279100000000018e-02
1.039349000000000002e-02
1.039349000000000002e-02
1.039510199999999981e-02
1.039510199999999981e-02
1.039535999999999932e-02
1.039535999999999932e-02
1.049201900000000000e-02
1.049201900000000000e-02
1.049201900000000000e-02
1.049207199999999986e-02
1.049207199999999986e-02
1.049219000000000020e-02
1.049219000000000020e-02
1.049242899999999930e-02
1.049242899999999930e-02
1.052198600000000053e-02
1.052198700000000001e-02
1.052206900000000021e-02
1.052206900000000021e-02
1.052280499999999966e-02
1.052280600000000087e-02
1.052292900000000031e-02
1.052292900000000031e-02
1.052293800000000078e-02
1.052293800000000078e-02
1.052298699999999927e-02
1.052298699999999927e-02
1.052322200000000048e-02
1.052322200000000048e-02
1.052332500000000004e-02
1.052332500000000004e-02
1.052354800000000062e-02
1.052354800000000062e-02
1.052399099999999990e-02
1.052399099999999990e-02
1.052452400000000038e-02
1.052452400000000038e-02
1.052489099999999976e-02
1.052489099999999976e-02
1.052553300000000011e-02
1.052553300000000011e-02
1.052559599999999991e-02
1.052559599999999991e-02
1.052575700000000017e-02
1.052575700000000017e-02
1.052579399999999978e-02
1.052579399999999978e-02
1.052579399999999978e-02
1.052579499999999925e-02
1.053927300000000004e-02
1.053927300000000004e-02
1.053930500000000055e-02
1.053930500000000055e-02
1.057678599999999948e-02
1.057678599999999948e-02
1.057832400000000006e-02
1.057832400000000006e-02
1.060985799999999979e-02
1.060985799999999979e-02
1.061009599999999942e-02
1.061009599999999942e-02
1.061060299999999970e-02
1.061060299999999970e-02
1.061186800000000000e-02
1.061186800000000000e-02
1.063296300000000048e-02
1.063296399999999996e-02
1.063306099999999921e-02
1.063306099999999921e-02
1.063324799999999966e-02
1.063324799999999966e-02
1.063336999999999963e-02
1.063336999999999963e-02
1.063358900000000058e-02
1.063358900000000058e-02
1.063422500000000062e-02
1.063422500000000062e-02
1.063567099999999932e-02
1.063567099999999932e-02
1.063609299999999924e-02
1.063609299999999924e-02
1.063810599999999960e-02
1.063810700000000081e-02
1.063836899999999995e-02
1.063836899999999995e-02
1.063841299999999934e-02
1.063841299999999934e-02
1.063866999999999938e-02
1.063866999999999938e-02
1.065569700000000043e-02
1.065569700000000043e-02
1.065580399999999962e-02
1.065580399999999962e-02
1.068908300000000026e-02
1.068908300000000026e-02
1.069542199999999957e-02
1.069542199999999957e-02
1.069579099999999963e-02
1.069579099999999963e-02
1.069661700000000028e-02
1.069661700000000028e-02
1.069687400000000031e-02
1.069687499999999979e-02
1.069687499999999979e-02
1.069687499999999979e-02
1.081238300000000006e-02
1.081238300000000006e-02
1.081247599999999968e-02
1.081247599999999968e-02
1.081306200000000002e-02
1.081306299999999949e-02
1.081306299999999949e-02
1.081306299999999949e-02
1.081335599999999966e-02
1.081335599999999966e-02
1.081375799999999970e-02
1.081375799999999970e-02
1.081509899999999989e-02
1.081509899999999989e-02
1.081516000000000075e-02
1.081516000000000075e-02
1.081675600000000029e-02
1.081675600000000029e-02
1.081687599999999957e-02
1.081687599999999957e-02
1.081744699999999913e-02
1.081744699999999913e-02
1.081760600000000044e-02
1.081760600000000044e-02
1.081796600000000004e-02
1.081796600000000004e-02
1.081823300000000002e-02
1.081823300000000002e-02
1.081834500000000004e-02
1.081834500000000004e-02
1.081841700000000031e-02
1.081841700000000031e-02
1.081843199999999935e-02
1.081843199999999935e-02
1.081848300000000027e-02
1.081848300000000027e-02
1.081988400000000010e-02
1.081988400000000010e-02
1.082031699999999944e-02
1.082031699999999944e-02
1.082031699999999944e-02
1.082031900000000012e-02
1.082055699999999974e-02
1.082055699999999974e-02
1.082104099999999999e-02
1.082104099999999999e-02
1.082129599999999935e-02
1.082129599999999935e-02
1.082130000000000071e-02
1.082130000000000071e-02
1.082178800000000059e-02
1.082178800000000059e-02
1.082201900000000043e-02
1.082201900000000043e-02
1.082212999999999925e-02
1.082212999999999925e-02
1.082257600000000042e-02
1.082257600000000042e-02
1.082262900000000028e-02
1.082262900000000028e-02
1.082283300000000045e-02
1.082283300000000045e-02
1.087875200000000021e-02
1.087875200000000021e-02
1.133126599999999956e-02
1.133126599999999956e-02
1.152664999999999940e-02
1.152665100000000060e-02
1.229553100000000017e-02
1.229553100000000017e-02
1.231880999999999948e-02
1.231880999999999948e-02
1.244959799999999922e-02
1.244959799999999922e-02
1.253155400000000030e-02
1.253155400000000030e-02
1.270767199999999972e-02
1.270767199999999972e-02
1.290034399999999935e-02
1.290034399999999935e-02
1.292963299999999940e-02
1.292963299999999940e-02
1.305533799999999967e-02
1.305533799999999967e-02
1.313112699999999938e-02
1.313112699999999938e-02
1.345211500000000060e-02
1.345211500000000060e-02
1.345211500000000060e-02
1.345211500000000060e-02
1.345211500000000060e-02
1.345211500000000060e-02
1.393809499999999930e-02
1.393809499999999930e-02
1.408514899999999993e-02
1.408514899999999993e-02
1.421650999999999991e-02
1.421650999999999991e-02
1.430439699999999995e-02
1.430439699999999995e-02
1.435409900000000037e-02
1.435409900000000037e-02
1.440550699999999969e-02
1.440550699999999969e-02
1.458119100000000029e-02
1.458119199999999976e-02
1.465882400000000085e-02
1.465882400000000085e-02
1.467408299999999922e-02
1.467408299999999922e-02
1.501819000000000071e-02
1.501819000000000071e-02
1.503379799999999926e-02
1.503379799999999926e-02
1.518163500000000062e-02
1.518163500000000062e-02
1.518883300000000054e-02
1.518883300000000054e-02
1.519300799999999917e-02
1.519300799999999917e-02
1.533682100000000048e-02
1.533682100000000048e-02
1.556497100000000036e-02
1.556497100000000036e-02
1.560581100000000068e-02
1.560581100000000068e-02
1.563591799999999865e-02
1.563591799999999865e-02
1.590552699999999917e-02
1.590552699999999917e-02
1.602526400000000087e-02
1.602526400000000087e-02
1.618022400000000000e-02
1.618022400000000000e-02
1.626174899999999895e-02
1.626174899999999895e-02
1.642120899999999911e-02
1.642120899999999911e-02
1.676881499999999942e-02
1.676881499999999942e-02
1.717027600000000168e-02
1.717027600000000168e-02
1.728168899999999938e-02
1.728168899999999938e-02
1.728975899999999830e-02
1.728975899999999830e-02
1.731699199999999980e-02
1.731699199999999980e-02
1.733975399999999889e-02
1.733975399999999889e-02
1.743379600000000140e-02
1.743379600000000140e-02
1.749001799999999954e-02
1.749001799999999954e-02
1.755679500000000004e-02
1.755679500000000004e-02
1.759208099999999900e-02
1.759208099999999900e-02
1.768798599999999929e-02
1.768798699999999877e-02
1.772674299999999967e-02
1.772674299999999967e-02
1.785160800000000145e-02
1.785160800000000145e-02
1.804899100000000034e-02
1.804899100000000034e-02
1.813840499999999981e-02
1.813840499999999981e-02
1.826298399999999947e-02
1.826298399999999947e-02
1.829300400000000160e-02
1.829300400000000160e-02
1.833046500000000065e-02
1.833046500000000065e-02
1.846234999999999890e-02
1.846234999999999890e-02
1.865261199999999897e-02
1.865261199999999897e-02
1.902522099999999841e-02
1.902522099999999841e-02
1.922968200000000141e-02
1.922968200000000141e-02
1.937408100000000133e-02
1.937408100000000133e-02
1.945209999999999995e-02
1.945209999999999995e-02
1.957441799999999968e-02
1.957441799999999968e-02
1.963674300000000164e-02
1.963674300000000164e-02
1.976140700000000167e-02
1.976140700000000167e-02
1.987059399999999837e-02
1.987059399999999837e-02
1.995814400000000058e-02
1.995814400000000058e-02
2.004387499999999919e-02
2.004387499999999919e-02
2.010605299999999873e-02
2.010605299999999873e-02
2.011234799999999864e-02
2.011234799999999864e-02
2.017900099999999849e-02
2.017900099999999849e-02
2.031962199999999899e-02
2.031962199999999899e-02
2.033466899999999966e-02
2.033466899999999966e-02
2.038511700000000121e-02
2.038511700000000121e-02
2.046556899999999943e-02
2.046556899999999943e-02
2.058273099999999994e-02
2.058273199999999942e-02
2.074033000000000126e-02
2.074033000000000126e-02
2.079687699999999834e-02
2.079687699999999834e-02
2.080685800000000099e-02
2.080685800000000099e-02
2.096898499999999901e-02
2.096898499999999901e-02
2.097251799999999902e-02
2.097251799999999902e-02
2.097379200000000152e-02
2.097379200000000152e-02
2.115532100000000124e-02
2.115532100000000124e-02
2.115532100000000124e-02
2.115532100000000124e-02
2.115532100000000124e-02
2.115532100000000124e-02
2.115532100000000124e-02
2.115532100000000124e-02
2.115532100000000124e-02
2.115532100000000124e-02
2.115532100000000124e-02
2.115532100000000124e-02
2.115532100000000124e-02
2.115532100000000124e-02
2.115532100000000124e-02
2.115532100000000124e-02
2.115532100000000124e-02
2.115532100000000124e-02
2.115532100000000124e-02
2.115532100000000124e-02
2.115532100000000124e-02
2.115532100000000124e-02
2.115532100000000124e-02
2.115532100000000124e-02
2.115532100000000124e-02
2.115532100000000124e-02
2.115532100000000124e-02
2.115532100000000124e-02
2.115532100000000124e-02
2.115532100000000124e-02
2.115532100000000124e-02
2.115532100000000124e-02
2.115532100000000124e-02
2.115532100000000124e-02
2.115532100000000124e-02
2.115532100000000124e-02
2.115532100000000124e-02
2.115532100000000124e-02
2.115532100000000124e-02
2.115532100000000124e-02
2.115532100000000124e-02
2.115532100000000124e-02
2.115532100000000124e-02
2.115532100000000124e-02
2.115532100000000124e-02
2.115532100000000124e-02
2.115532100000000124e-02
2.115532100000000124e-02
2.115532100000000124e-02
2.115532100000000124e-02
2.115532100000000124e-02
2.115532100000000124e-02
2.115532100000000124e-02
2.115532100000000124e-02
2.115532100000000124e-02
2.115532100000000124e-02
2.115532100000000124e-02
2.115532100000000124e-02
2.115532100000000124e-02
2.115532100000000124e-02
2.115532100000000124e-02
2.115532100000000124e-02
2.115532100000000124e-02
2.115532100000000124e-02
2.115532100000000124e-02
2.115532100000000124e-02
2.115532100000000124e-02
2.115532100000000124e-02
2.115532100000000124e-02
2.115532100000000124e-02
2.115532100000000124e-02
2.115532100000000124e-02
2.115532100000000124e-02
2.115532100000000124e-02
2.115532100000000124e-02
2.115532100000000124e-02
2.115532100000000124e-02
2.115532100000000124e-02
2.115532100000000124e-02
2.115532100000000124e-02
2.115532100000000124e-02
2.115532100000000124e-02
2.115532100000000124e-02
2.115532100000000124e-02
2.115532100000000124e-02
2.115532100000000124e-02
2.115532100000000124e-02
2.115532100000000124e-02
2.115532100000000124e-02
2.115532100000000124e-02
2.115532100000000124e-02
2.115532100000000124e-02
2.115532100000000124e-02
2.115532100000000124e-02
2.115532100000000124e-02
2.115532100000000124e-02
2.115532100000000124e-02
2.115532100000000124e-02
2.115532100000000124e-02
2.115532100000000124e-02
2.115532100000000124e-02
2.115532100000000124e-02
2.115532100000000124e-02
2.115532100000000124e-02
2.115532100000000124e-02
2.115532100000000124e-02
2.115532100000000124e-02
2.115532100000000124e-02
2.115532100000000124e-02
2.115532100000000124e-02
2.115532100000000124e-02
2.115532100000000124e-02
2.115532100000000124e-02
2.115532100000000124e-02
2.115532100000000124e-02
2.115532100000000124e-02
2.115532100000000124e-02
2.115532100000000124e-02
2.115532100000000124e-02
2.115532100000000124e-02
2.115532100000000124e-02
2.115532100000000124e-02
2.115532100000000124e-02
2.115532100000000124e-02
2.115532100000000124e-02
2.115532100000000124e-02
2.115532100000000124e-02
2.115532100000000124e-02
2.115532100000000124e-02
2.115532100000000124e-02
2.115532100000000124e-02
2.115532100000000124e-02
2.115532100000000124e-02
2.115532100000000124e-02
2.115532100000000124e-02
2.115532100000000124e-02
2.115532100000000124e-02
2.115532100000000124e-02
2.115532100000000124e-02
2.115532100000000124e-02
2.115532100000000124e-02
2.115532100000000124e-02
2.115532100000000124e-02
2.115532100000000124e-02
2.115532100000000124e-02
2.115532100000000124e-02
2.115532100000000124e-02
2.115532100000000124e-02
2.115532100000000124e-02
2.115532100000000124e-02
2.115532100000000124e-02
2.115532100000000124e-02
2.115532100000000124e-02
2.115532100000000124e-02
2.115532100000000124e-02
2.115532100000000124e-02
2.115532100000000124e-02
2.119770899999999861e-02
2.119770899999999861e-02
2.136668099999999848e-02
2.136668099999999848e-02
2.136668099999999848e-02
2.136668099999999848e-02
2.136668099999999848e-02
2.136668099999999848e-02
2.136668099999999848e-02
2.136668099999999848e-02
2.136668099999999848e-02
2.136668099999999848e-02
2.136668099999999848e-02
2.136668099999999848e-02
2.136668099999999848e-02
2.136668099999999848e-02
2.136668099999999848e-02
2.136668099999999848e-02
2.136668099999999848e-02
2.136668099999999848e-02
2.136668099999999848e-02
2.136668099999999848e-02
2.136668099999999848e-02
2.136668099999999848e-02
2.136668099999999848e-02
2.136668099999999848e-02
2.136668099999999848e-02
2.136668099999999848e-02
2.136668099999999848e-02
2.136668099999999848e-02
2.136668099999999848e-02
2.136668099999999848e-02
2.136668099999999848e-02
2.136668099999999848e-02
2.143358899999999942e-02
2.143358899999999942e-02
2.162849299999999864e-02
2.162849299999999864e-02
2.167637999999999857e-02
2.167637999999999857e-02
2.198865300000000036e-02
2.198865300000000036e-02
2.198865300000000036e-02
2.198865300000000036e-02
2.198865300000000036e-02
2.198865300000000036e-02
2.198865300000000036e-02
2.198865300000000036e-02
2.198865300000000036e-02
2.198865300000000036e-02
2.198865300000000036e-02
2.198865300000000036e-02
2.198865300000000036e-02
2.198865300000000036e-02
2.198865300000000036e-02
2.198865300000000036e-02
2.198865300000000036e-02
2.198865300000000036e-02
2.198865300000000036e-02
2.198865300000000036e-02
2.198865300000000036e-02
2.198865300000000036e-02
2.198865300000000036e-02
2.198865300000000036e-02
2.198865300000000036e-02
2.198865300000000036e-02
2.198865300000000036e-02
2.198865300000000036e-02
2.198865300000000036e-02
2.198865300000000036e-02
2.198865300000000036e-02
2.198865300000000036e-02
2.198865300000000036e-02
2.198865300000000036e-02
2.198865300000000036e-02
2.198865300000000036e-02
2.198865300000000036e-02
2.198865300000000036e-02
2.198865300000000036e-02
2.198865300000000036e-02
2.198865300000000036e-02
2.198865300000000036e-02
2.198865300000000036e-02
2.198865300000000036e-02
2.198865300000000036e-02
2.198865300000000036e-02
2.198865300000000036e-02
2.198865300000000036e-02
2.198865300000000036e-02
2.198865300000000036e-02
2.198865300000000036e-02
2.198865300000000036e-02
2.198865300000000036e-02
2.198865300000000036e-02
2.198865300000000036e-02
2.198865300000000036e-02
2.198865300000000036e-02
2.198865300000000036e-02
2.198865300000000036e-02
2.198865300000000036e-02
2.198865300000000036e-02
2.198865300000000036e-02
2.198865300000000036e-02
2.198865300000000036e-02
2.198865300000000036e-02
2.198865300000000036e-02
2.198865300000000036e-02
2.198865300000000036e-02
2.198865300000000036e-02
2.198865300000000036e-02
2.198865300000000036e-02
2.198865300000000036e-02
2.198865300000000036e-02
2.198865300000000036e-02
2.198865300000000036e-02
2.198865300000000036e-02
2.198865300000000036e-02
2.198865300000000036e-02
2.198865300000000036e-02
2.198865300000000036e-02
2.198865300000000036e-02
2.198865300000000036e-02
2.198865300000000036e-02
2.198865300000000036e-02
2.198865300000000036e-02
2.198865300000000036e-02
2.198865300000000036e-02
2.198865300000000036e-02
2.198865300000000036e-02
2.198865300000000036e-02
2.198865300000000036e-02
2.198865300000000036e-02
2.198865300000000036e-02
2.198865300000000036e-02
2.198865300000000036e-02
2.198865300000000036e-02
2.198865300000000036e-02
2.198865300000000036e-02
2.198865300000000036e-02
2.198865300000000036e-02
2.198865300000000036e-02
2.198865300000000036e-02
2.198865300000000036e-02
2.198865300000000036e-02
2.198865300000000036e-02
2.198865300000000036e-02
2.198865300000000036e-02
2.198865300000000036e-02
2.198865300000000036e-02
2.198865300000000036e-02
2.198865300000000036e-02
2.198865300000000036e-02
2.198865300000000036e-02
2.198865300000000036e-02
2.198865300000000036e-02
2.198865300000000036e-02
2.198865300000000036e-02
2.198865300000000036e-02
2.198865300000000036e-02
2.198865300000000036e-02
2.198865300000000036e-02
2.198865300000000036e-02
2.198865300000000036e-02
2.198865300000000036e-02
2.198865300000000036e-02
2.198865300000000036e-02
2.198865300000000036e-02
2.198865300000000036e-02
2.198865300000000036e-02
2.198865300000000036e-02
2.198865300000000036e-02
2.198865300000000036e-02
2.198865300000000036e-02
2.198865300000000036e-02
2.198865300000000036e-02
2.198865300000000036e-02
2.198865300000000036e-02
2.198865300000000036e-02
2.198865300000000036e-02
2.198865300000000036e-02
2.198865300000000036e-02
2.198865300000000036e-02
2.198865300000000036e-02
2.198865300000000036e-02
2.198865300000000036e-02
2.198865300000000036e-02
2.198865300000000036e-02
2.198865300000000036e-02
2.198865300000000036e-02
2.198865300000000036e-02
2.198865300000000036e-02
2.198865300000000036e-02
2.198865300000000036e-02
2.198865300000000036e-02
2.198865300000000036e-02
2.198865300000000036e-02
2.198865300000000036e-02
2.198865300000000036e-02
2.198865300000000036e-02
2.198865300000000036e-02
2.198865300000000036e-02
2.198865300000000036e-02
2.198865300000000036e-02
2.198865300000000036e-02
2.198865300000000036e-02
2.198865300000000036e-02
2.198865300000000036e-02
2.198865300000000036e-02
2.198865300000000036e-02
2.198865300000000036e-02
2.198865300000000036e-02
2.198865300000000036e-02
2.198865300000000036e-02
2.198865300000000036e-02
2.198865300000000036e-02
2.198865300000000036e-02
2.198865300000000036e-02
2.198865300000000036e-02
2.198865300000000036e-02
2.198865300000000036e-02
2.198865300000000036e-02
2.198865300000000036e-02
2.198865300000000036e-02
2.198865300000000036e-02
2.198865300000000036e-02
2.198865300000000036e-02
2.198865300000000036e-02
2.198865300000000036e-02
2.198865300000000036e-02
2.198865300000000036e-02
2.198865300000000036e-02
2.198865300000000036e-02
2.198865300000000036e-02
2.198865300000000036e-02
2.198865300000000036e-02
2.198865300000000036e-02
2.198865300000000036e-02
2.198865300000000036e-02
2.198865300000000036e-02
2.198865300000000036e-02
2.198865300000000036e-02
2.198865300000000036e-02
2.198865300000000036e-02
2.198865300000000036e-02
2.198865300000000036e-02
2.198865300000000036e-02
2.198865300000000036e-02
2.198865300000000036e-02
2.198865300000000036e-02
2.198865300000000036e-02
2.198865300000000036e-02
2.198865300000000036e-02
2.198865300000000036e-02
2.198865300000000036e-02
2.198865300000000036e-02
2.198865300000000036e-02
2.198865300000000036e-02
2.198865300000000036e-02
2.198865300000000036e-02
2.198865300000000036e-02
2.198865300000000036e-02
2.198865300000000036e-02
2.198865300000000036e-02
2.198865300000000036e-02
2.198865300000000036e-02
2.198865300000000036e-02
2.198865300000000036e-02
2.198865300000000036e-02
2.198865300000000036e-02
2.198865300000000036e-02
2.198865300000000036e-02
2.198865300000000036e-02
2.198865300000000036e-02
2.198865300000000036e-02
2.198865300000000036e-02
2.198865300000000036e-02
2.198865300000000036e-02
2.198865300000000036e-02
2.198865300000000036e-02
2.198865300000000036e-02
2.198865300000000036e-02
2.198865300000000036e-02
2.198865300000000036e-02
2.198865300000000036e-02
2.198865300000000036e-02
2.198865300000000036e-02
2.198865300000000036e-02
2.198865300000000036e-02
2.198865300000000036e-02
2.198865300000000036e-02
2.198865300000000036e-02
2.198865300000000036e-02
2.198865300000000036e-02
2.198865300000000036e-02
2.198865300000000036e-02
2.198865300000000036e-02
2.198865300000000036e-02
2.198865300000000036e-02
2.198865300000000036e-02
2.198865300000000036e-02
2.198865300000000036e-02
2.198865300000000036e-02
2.198865300000000036e-02
2.198865300000000036e-02
2.198865300000000036e-02
2.198865300000000036e-02
2.198865300000000036e-02
2.198865300000000036e-02
2.198865300000000036e-02
2.198865300000000036e-02
2.198865300000000036e-02
2.198865300000000036e-02
2.198865300000000036e-02
2.198865300000000036e-02
2.198865300000000036e-02
2.198865300000000036e-02
2.198865300000000036e-02
2.198865300000000036e-02
2.198865300000000036e-02
2.198865300000000036e-02
2.198865300000000036e-02
2.198865300000000036e-02
2.198865300000000036e-02
2.198865300000000036e-02
2.198865300000000036e-02
2.198865300000000036e-02
2.198865300000000036e-02
2.198865300000000036e-02
2.198865300000000036e-02
2.198865300000000036e-02
2.198865300000000036e-02
2.198865300000000036e-02
2.198865300000000036e-02
2.198865300000000036e-02
2.198865300000000036e-02
2.198865300000000036e-02
2.198865300000000036e-02
2.198865300000000036e-02
2.198865300000000036e-02
2.198865300000000036e-02
2.198865300000000036e-02
2.198865300000000036e-02
2.198865300000000036e-02
2.198865300000000036e-02
2.198865300000000036e-02
2.198865300000000036e-02
2.198865300000000036e-02
2.198865300000000036e-02
2.198865300000000036e-02
2.198865300000000036e-02
2.198865300000000036e-02
2.198865300000000036e-02
2.198865300000000036e-02
2.198865300000000036e-02
2.198865300000000036e-02
2.198865300000000036e-02
2.198865300000000036e-02
2.198865300000000036e-02
2.198865300000000036e-02
2.198865300000000036e-02
2.198865300000000036e-02
2.198865300000000036e-02
2.198865300000000036e-02
2.198865300000000036e-02
2.198865300000000036e-02
2.198865300000000036e-02
2.198865300000000036e-02
2.198865300000000036e-02
2.198865300000000036e-02
2.198865300000000036e-02
2.198865300000000036e-02
2.198865300000000036e-02
2.198865300000000036e-02
2.198865300000000036e-02
2.198865300000000036e-02
2.198865300000000036e-02
2.198865300000000036e-02
2.198865300000000036e-02
2.198865300000000036e-02
2.198865300000000036e-02
2.198865300000000036e-02
2.198865300000000036e-02
2.198865300000000036e-02
2.198865300000000036e-02
2.198865300000000036e-02
2.198865300000000036e-02
2.198865300000000036e-02
2.198865300000000036e-02
2.198865300000000036e-02
2.198865300000000036e-02
2.198865300000000036e-02
2.198865300000000036e-02
2.198865300000000036e-02
2.198865300000000036e-02
2.198865300000000036e-02
2.198865300000000036e-02
2.198865300000000036e-02
2.198865300000000036e-02
2.198865300000000036e-02
2.198865300000000036e-02
2.198865300000000036e-02
2.198865300000000036e-02
2.198865300000000036e-02
2.198865300000000036e-02
2.198865300000000036e-02
2.198865300000000036e-02
2.198865300000000036e-02
2.198865300000000036e-02
2.198865300000000036e-02
2.198865300000000036e-02
2.198865300000000036e-02
2.198865300000000036e-02
2.198865300000000036e-02
2.198865300000000036e-02
2.198865300000000036e-02
2.198865300000000036e-02
2.198865300000000036e-02
2.198865300000000036e-02
2.198865300000000036e-02
2.198865300000000036e-02
2.198865300000000036e-02
2.198865300000000036e-02
2.198865300000000036e-02
2.198865300000000036e-02
2.198865300000000036e-02
2.198865300000000036e-02
2.198865300000000036e-02
2.198865300000000036e-02
2.198865300000000036e-02
2.198865300000000036e-02
2.198865300000000036e-02
2.198865300000000036e-02
2.198865300000000036e-02
2.198865300000000036e-02
2.198865300000000036e-02
2.198865300000000036e-02
2.198865300000000036e-02
2.198865300000000036e-02
2.198865300000000036e-02
2.198865300000000036e-02
2.198865300000000036e-02
2.198865300000000036e-02
2.198865300000000036e-02
2.198865300000000036e-02
2.198865300000000036e-02
2.198865300000000036e-02
2.198865300000000036e-02
2.198865300000000036e-02
2.198865300000000036e-02
2.198865300000000036e-02
2.198865300000000036e-02
2.198865300000000036e-02
2.198865300000000036e-02
2.198865300000000036e-02
2.198865300000000036e-02
2.198865300000000036e-02
2.198865300000000036e-02
2.198865300000000036e-02
2.198865300000000036e-02
2.198865300000000036e-02
2.198865300000000036e-02
2.198865300000000036e-02
2.198865300000000036e-02
2.198865300000000036e-02
2.198865300000000036e-02
2.198865300000000036e-02
2.198865300000000036e-02
2.198865300000000036e-02
2.198865300000000036e-02
2.198865300000000036e-02
2.198865300000000036e-02
2.198865300000000036e-02
2.198865300000000036e-02
2.198865300000000036e-02
2.198865300000000036e-02
2.198865300000000036e-02
2.198865300000000036e-02
2.198865300000000036e-02
2.198865300000000036e-02
2.198865300000000036e-02
2.198865300000000036e-02
2.198865300000000036e-02
2.198865300000000036e-02
2.198865300000000036e-02
2.198865300000000036e-02
2.198865300000000036e-02
2.198865300000000036e-02
2.198865300000000036e-02
2.198865300000000036e-02
2.198865300000000036e-02
2.198865300000000036e-02
2.198865300000000036e-02
2.198865300000000036e-02
2.198865300000000036e-02
2.198865300000000036e-02
2.198865300000000036e-02
2.198865300000000036e-02
2.198865300000000036e-02
2.198865300000000036e-02
2.198865300000000036e-02
2.198865300000000036e-02
2.198865300000000036e-02
2.198865300000000036e-02
2.198865300000000036e-02
2.198865300000000036e-02
2.198865300000000036e-02
2.198865300000000036e-02
2.198865300000000036e-02
2.198865300000000036e-02
2.198865300000000036e-02
2.198865300000000036e-02
2.198865300000000036e-02
2.198865300000000036e-02
2.198865300000000036e-02
2.198865300000000036e-02
2.198865300000000036e-02
2.198865300000000036e-02
2.198865300000000036e-02
2.198865300000000036e-02
2.198865300000000036e-02
2.198865300000000036e-02
2.198865300000000036e-02
2.198865300000000036e-02
2.198865300000000036e-02
2.198865300000000036e-02
2.198865300000000036e-02
2.198865300000000036e-02
2.198865300000000036e-02
2.198865300000000036e-02
2.198865300000000036e-02
2.198865300000000036e-02
2.198865300000000036e-02
2.198865300000000036e-02
2.198865300000000036e-02
2.198865300000000036e-02
2.198865300000000036e-02
2.198865300000000036e-02
2.198865300000000036e-02
2.198865300000000036e-02
2.198865300000000036e-02
2.198865300000000036e-02
2.198865300000000036e-02
2.198865300000000036e-02
2.198865300000000036e-02
2.198865300000000036e-02
2.198865300000000036e-02
2.198865300000000036e-02
2.198865300000000036e-02
2.198865300000000036e-02
2.198865300000000036e-02
2.198865300000000036e-02
2.198865300000000036e-02
2.198865300000000036e-02
2.198865300000000036e-02
2.198865300000000036e-02
2.198865300000000036e-02
2.198865300000000036e-02
2.198865300000000036e-02
2.198865300000000036e-02
2.198865300000000036e-02
2.198865300000000036e-02
2.198865300000000036e-02
2.198865300000000036e-02
2.198865300000000036e-02
2.198865300000000036e-02
2.198865300000000036e-02
2.198865300000000036e-02
2.198865300000000036e-02
2.198865300000000036e-02
2.198865300000000036e-02
2.198865300000000036e-02
2.198865300000000036e-02
2.198865300000000036e-02
2.198865300000000036e-02
2.198865300000000036e-02
2.198865300000000036e-02
2.198865300000000036e-02
2.198865300000000036e-02
2.198865300000000036e-02
2.198865300000000036e-02
2.198865300000000036e-02
2.198865300000000036e-02
2.198865300000000036e-02
2.198865300000000036e-02
2.198865300000000036e-02
2.198865300000000036e-02
2.198865300000000036e-02
2.198865300000000036e-02
2.198865300000000036e-02
2.198865300000000036e-02
2.198865300000000036e-02
2.198865300000000036e-02
2.198865300000000036e-02
2.198865300000000036e-02
2.198865300000000036e-02
2.198865300000000036e-02
2.198865300000000036e-02
2.198865300000000036e-02
2.198865300000000036e-02
2.198865300000000036e-02
2.198865300000000036e-02
2.198865300000000036e-02
2.198865300000000036e-02
