# t	msd	err
9.999999999998633707e-10 2.167384320140695597e-01 3.082458217365602327e-02
1.004516518181914797e-06 1.672704131032963781e-01 4.575400322711046380e-02
2.400000000000049866e-06 2.104170979126371577e-01 2.853555984672641321e-02
4.430434782608628891e-06 2.710410484941012665e-01 3.589212193176891802e-02
7.331578947368493426e-06 2.553845746025889540e-01 3.185906552170168077e-02
1.136483516483597672e-05 3.607484000325897333e-01 3.329286113756641657e-02
1.847462686567267508e-05 4.348807035616194527e-01 5.813692709175213857e-02
3.661111111111147397e-05 3.007786793009077919e-01 4.285382699740964557e-02
5.989861751152130890e-05 5.621007798450726733e-01 2.554035239015174999e-02
1.010691823899352311e-04 5.156803423038412992e-01 2.894208765987404258e-02
1.876128770400005527e-04 7.474402025509627734e-01 5.070456276273673651e-02
3.022234567901234230e-04 6.880567014263803127e-01 5.302312610867702947e-02
5.223769119769127844e-04 7.369848045743466747e-01 3.085133838327629857e-02
8.787901509792973766e-04 9.912186578398314296e-01 3.191842053910123184e-02
1.576539724228499502e-03 1.277798713262544128e+00 2.813722252823662798e-02
2.581014153057941719e-03 1.603125936970699161e+00 2.290417367290118952e-02
4.423310568656265047e-03 2.487964798426479884e+00 2.839211515168936148e-02
7.835489717566371942e-03 4.102857642876258204e+00 4.196697074436188390e-02
1.364016842490373312e-02 5.417649728685067778e+00 4.306299471043112392e-02
2.256316257366254574e-02 7.750406085911428100e+00 4.121416331284509516e-02
3.980076123524034504e-02 1.193848751721243495e+01 3.309301936791006482e-02
6.675197799773412155e-02 2.066182143050856723e+01 4.067197026224651790e-02
1.104986033010366686e-01 3.464293823266611838e+01 4.138647894768961860e-02
