# t	msd	err
5.659999999999996631e-05 1.044203902639233850e-01 5.221017915608248267e-02
1.152444444444629726e-04 3.446760147892005688e-01 5.470532879006490684e-02
2.444444444444236666e-04 2.329746125269003820e-01 4.737626114662418786e-02
4.777777777777560218e-04 4.867754468599745366e-01 8.807180771610721715e-02
8.064285714285800025e-04 5.544271932706166695e+00 9.903797660897647459e-01
1.025118411000799793e-03 3.122296284771507224e+00 2.080868218945687576e-01
2.047134670487035617e-03 2.785819372676040295e+00 1.880665412019823790e-01
3.950407443054206567e-03 3.586925643458351409e+00 1.396915603113609017e-01
7.040825301204797770e-03 3.218677186657056044e+00 1.269030645521481981e-01
1.021225365652633256e-02 2.505848541887440994e+00 3.132978882586080760e-02
2.041848933150433587e-02 6.459616850363115503e+00 5.657579368166529982e-02
3.562721827923476942e-02 8.331872695859704692e+00 4.787894959070918000e-02
6.564344297724342137e-02 8.696894559124260127e+00 3.742554317377105172e-02
1.191434729870242543e-01 9.015896815350339821e+00 2.880091308927543517e-02
2.089537070967086574e-01 1.102441594334792363e+01 2.476024892857462550e-02
3.635575495182092887e-01 1.551866163585227909e+01 2.022449792068355470e-02
6.447712156873143252e-01 2.139221773314492481e+01 1.746775991618299342e-02
1.118879421246179229e+00 2.652184358554961818e+01 1.502105563515994738e-02
1.990199581725083933e+00 3.309508349270052463e+01 1.296606213484167817e-02
3.432224600546881721e+00 4.100863066771238152e+01 1.018667581540187543e-02
6.157080924109370912e+00 5.667827419772169151e+01 1.143597370768604897e-02
1.032867693312895874e+01 6.623476189529404223e+01 1.013309166387047454e-02
1.661347348803557367e+01 1.092868194902286803e+02 1.837649899857816960e-02
