# t
0.000000000000000000e+00
1.410467599999999924e-13
7.365893299999999511e-13
1.052993700000000055e-12
1.155219400000000057e-12
1.503429599999999958e-12
1.543775000000000053e-12
1.762130499999999971e-12
1.781484099999999942e-12
1.833021200000000086e-12
1.976136400000000041e-12
2.195291199999999914e-12
2.225694400000000097e-12
2.372330500000000137e-12
2.383956100000000043e-12
2.446953699999999903e-12
2.461117799999999859e-12
2.470251299999999842e-12
2.479124900000000044e-12
2.489809100000000157e-12
2.496634099999999979e-12
2.544353599999999814e-12
2.583033899999999980e-12
2.588787099999999859e-12
2.652995299999999816e-12
2.702853700000000055e-12
2.761169699999999864e-12
2.780664599999999816e-12
2.789075399999999835e-12
2.806365099999999884e-12
2.832063600000000009e-12
2.843941599999999810e-12
2.868524400000000095e-12
2.907546700000000181e-12
3.205491299999999848e-12
3.375012299999999889e-12
3.378514000000000199e-12
3.436234200000000193e-12
3.450051599999999940e-12
3.465712999999999896e-12
3.479930299999999866e-12
3.579464000000000064e-12
3.639305000000000112e-12
3.693336800000000266e-12
3.717373000000000058e-12
3.873103099999999897e-12
3.875956299999999859e-12
3.896016600000000252e-12
3.982015099999999625e-12
3.996545899999999622e-12
4.090372900000000127e-12
4.107559600000000091e-12
4.144933899999999616e-12
4.175910199999999838e-12
4.290215300000000386e-12
4.333728199999999721e-12
4.335018199999999608e-12
4.595683099999999833e-12
4.599634799999999803e-12
4.666467199999999602e-12
4.730261999999999620e-12
4.734146999999999861e-12
4.767582699999999708e-12
4.791241799999999918e-12
4.815332899999999898e-12
4.902592799999999611e-12
4.940330799999999869e-12
5.039785500000000104e-12
5.082376200000000229e-12
5.335013700000000019e-12
5.350453799999999858e-12
5.458038700000000093e-12
5.471448299999999903e-12
5.519900299999999705e-12
5.570438099999999955e-12
5.657824199999999818e-12
5.715650899999999899e-12
5.758345500000000225e-12
5.894785700000000110e-12
5.926480399999999834e-12
6.117979199999999688e-12
6.203671500000000018e-12
6.252682899999999624e-12
6.270311300000000111e-12
6.297094900000000183e-12
6.308729999999999918e-12
6.312782099999999684e-12
6.351529200000000041e-12
6.358543000000000203e-12
6.363231900000000025e-12
6.378320399999999653e-12
6.634886900000000042e-12
6.697115299999999753e-12
6.744232000000000176e-12
6.818847900000000171e-12
6.926845100000000114e-12
6.934669999999999975e-12
6.954360999999999633e-12
6.987871000000000366e-12
6.987886599999999678e-12
7.050568799999999627e-12
7.297830699999999813e-12
7.405316399999999330e-12
7.548102300000000639e-12
7.571952000000000207e-12
7.615236099999999942e-12
7.616425800000000090e-12
7.671220399999999526e-12
